0.18664699246684038,-0.0831457588679372
0.32035532651840637,0.1888476873871855
-1.36993329880466,-0.6723423641659363
-0.744052692502138,-0.42654804826352855
0.25983577863732715,0.012786858460221678
-1.6715610391908085,-0.743561207301783
0.3899046453938173,0.3694279144130324
-1.2380766990892647,-0.6606614754580247
-0.8276882351656796,-0.37969224659980605
-0.7590349230491376,-0.3075388967636569
-0.08869994428221689,-0.046876277251008
0.8744136142762482,0.3892883724443877
0.28058954831830696,0.15322224937765974
-0.23014879724157594,-0.0653081322771725
-0.5992349627110659,-0.3099854222074852
-1.3694019191870712,-0.4726539100263434
-2.4980148243762836,-1.218707029048973
0.016096907382585623,0.034246830139841644
1.6850461185873278,0.7153693747771847
2.1358367076147062,1.080857088257059
0.898909565242217,0.3755389170360979
-0.22897716312041871,-0.08889057618409812
-1.258476719135272,-0.6642652100675275
-1.9309322739713042,-0.9086241404982436
-1.1849440579236588,-0.70261330790254
-0.7454290485036457,-0.5331861697044807
-0.43507416825335704,-0.32124712301025493
-0.4942893582183249,-0.2875328850674525
-1.086397218511633,-0.4808383959636928
0.31950403044625175,0.17181509733791178
-0.1055020842278949,-0.12119292544899868
0.07208326920429245,-0.004614965881832925
0.044213948339744256,-0.06731404409573878
0.3734112734242059,0.14669774126245172
1.8733521613744752,1.1464181819404533
0.5688070759484889,0.24279650125578395
-0.31302653825482446,-0.10569508461361471
-0.3988373598060395,-0.32462185643988106
0.21177709717995946,0.036868244275410744
0.3891952124988136,0.22251707021871442
0.8233725816014222,0.3705355349689692
-1.1070768006309588,-0.599674822158717
-0.8818776115558515,-0.6195180474627813
-1.241243750818001,-0.5178287860400071
0.2148316266088126,0.004562509337543985
0.49336936920051366,0.3339082461101288
2.5542785888699693,1.3126116468418108
1.1715768900457568,0.5118571467540803
1.1498798500291585,0.627954210376795
2.0776641673574163,0.9622848014550931
0.996137316434858,0.5289506343476315
0.5456066145378613,0.43829075537903006
0.6856253044523455,0.33090905889084343
-0.35890564863646146,-0.08680658403254649
0.25561793212473843,0.21058869651061043
-0.3195002307735971,-0.11076058268419571
1.041478691609721,0.5861408653613804
0.8045299080912258,0.41877405499907594
-0.4116939841292114,-0.2836020467113276
-0.6106899181246729,-0.19261945401664665
-1.0082444569098752,-0.5661991438405819
-1.2598440226705012,-0.4994081219619201
-0.9277695907578214,-0.6386852103174269
0.4809534465722577,0.2562156210577617
1.112802470256119,0.4301919848122231
-0.5210662615049111,-0.2243840580620428
-1.162223302088082,-0.7993547052781977
0.9774513307478975,0.5402952354962312
-1.3653106642066415,-0.6802031054546933
-0.8988537833641841,-0.5534881421775066
-0.3667143532463231,-0.20014485089882145
-0.7199762788674151,-0.27216934090136496
-0.9786024151931272,-0.44530787072383055
-0.23107857060450288,-0.2141793588222089
-0.00023797189701238453,-0.09081374854337484
1.1596473806776737,0.474321311341216
0.6680542267577796,0.17440040709136992
1.260844117734763,0.41149769094803523
-0.16509883921838608,-0.15888661593726097
-1.1906020145603446,-0.6473219157365477
-1.2810336286633999,-0.5087441554834715
-2.035555328575462,-1.0654957900142832
0.047336518881450185,-0.028499758110573398
-0.748644051839796,-0.406961628154569
-1.2001497820764784,-0.6787056105255137
0.43017102524159023,-0.00031540081869885217
-0.9586187615617636,-0.4588249502081813
-2.269163267883174,-1.0557833885957406
-1.0011162341065571,-0.48972563733330465
0.12288523237433824,0.06591879705526217
-1.6662955624793017,-0.8266404487507347
-0.18196697195898548,-0.258146958416906
-1.3542507061249514,-0.7092597377022164
0.9472519719110102,0.5196227940473193
1.3745121782738894,0.772441629410634
0.8005257034281956,0.25072834958807694
1.2532204781655039,0.839396887180919
-0.8368056603861195,-0.3323944052217255
-1.6019865318974913,-0.850620517349599
-0.7048039766411438,-0.3260402912583327
-0.36402706866355417,-0.2154995657040277
-0.38403964777945343,-0.23022729483821736
-0.28204576266434045,-0.24169605664267585
-0.5383961949336254,-0.33042245598662623
-1.1621363400994453,-0.6275045154356418
-0.6295350046845676,-0.30398922177786564
-1.3093263419744616,-0.5252344541594419
-0.41428969602953236,-0.08465800888947532
1.559281089210581,0.7910586482791142
0.5876067744931837,0.17801491027894076
-0.1803027977108953,-0.12306016630847827
0.27759046161726264,0.1752027409875976
0.9802774416048377,0.4262217561893745
1.6924809089033874,0.8631632678354034
-0.31660716355419793,-0.08383285038651622
-1.0890233926098156,-0.6661447930272588
-0.2657192304707089,0.08481072716509691
0.2327849794098736,0.1720878491454641
-0.5222726981409712,-0.11138574975016052
-0.002880726514983334,-0.09972301603028946
1.3554966881404868,0.5606392462577932
1.1257729099169147,0.5427074240353597
-0.6778762909247052,-0.38088697913586866
0.0627453206004473,0.016121807888488077
1.183152611092398,0.6874233618399288
-0.3115447255619297,-0.22654410763981853
-0.8256549653457141,-0.4787099268307213
-0.7163750093421484,-0.30934168846562976
-1.7513155528209503,-0.7946071658103975
1.7112434287297345,0.6346426315077424
0.24051348759681673,0.029744897428726658
1.9593516387184728,1.050084730004547
-0.40869279804803615,-0.26378742604391137
-0.4935034264284152,-0.17811339662605924
-0.594872997767664,-0.35375728568746845
0.6541724433809415,0.21316387194941241
2.2268227428506324,1.147969917924603
-0.1626838985703969,-0.005179607941269426
-0.6193431282285753,-0.3185885065654902
-1.28552922414558,-0.7561817525732355
-0.4090639220092738,-0.14299139973929145
0.9409384158992646,0.5277825341438951
-0.98755007671076,-0.34706674497235124
-0.9837698779921471,-0.5148915769820626
0.40433315000161396,0.27424821692821133
0.5616119945750284,0.21398658183062208
0.9873786550884399,0.6729547604203898
0.3037897794438801,0.08664766029921714
-1.3560753093813893,-0.4765639367847883
-2.644903550584937,-1.2000040167108645
0.09799531481095769,0.01444163642240899
0.416290305607113,0.10797593058052632
-0.44024980787487594,-0.06282288241964804
0.1696775245886457,0.15735127640020896
1.1649350646549033,0.42505536633215824
0.7194740496002204,0.4608016928036999
-0.8187865957815027,-0.4294128807060333
-0.4472654620914942,-0.2074273522605804
-1.8358390275633802,-1.08341574477551
-2.477172484668098,-1.3639891316745034
0.5790310090337856,0.17709581346902575
2.5141110753825613,1.0023952289675764
1.9574612844243764,0.9931220841370438
0.1886068220863666,0.22149450562064862
-0.5412823734241232,-0.142068639516187
-0.43111187144728313,-0.11140380503578194
-0.5890196808606141,-0.41750998590836247
0.4369403718886082,0.15333394229641073
0.36460967501576785,0.09460840018249143
0.5867962808475258,0.29763704334948443
0.9503090575302993,0.4579027880103189
2.0092747835287503,1.1118069555546148
0.21688521371345704,0.07470622623554032
0.29908527234102994,0.16201429642889403
0.8486601728821573,0.4432994285721671
0.9561324239380348,0.32992552902222666
1.0006775564978294,0.6550843873944765
0.05589435323899239,-0.02875513930707311
-0.2268036607282449,-0.05519790506609856
0.5519095787892918,0.3544251766901243
0.4813302824165574,0.20519649068533286
-0.006827751971695217,0.11506657866364864
-0.6687929481750698,-0.2633492114552997
-0.4926995480658672,-0.26260104733325346
-0.09909516643606359,-0.025001638633053644
0.5920190632071356,0.262764728854058
-0.33361913516957253,-0.2838255808072939
0.5014845776051535,0.21514701807413267
-0.5946592173514756,-0.2485504725014221
0.3906225326856273,0.09780047185115012
0.3165039480193037,0.10799989252186301
0.13188849071102565,-0.026699510086256317
-1.357711308137855,-0.6779285465886565
-0.4403182416104317,-0.3062174312558674
-1.391946843533409,-0.6306064245572334
-2.0855651696920954,-1.2685387860564428
-2.0631365738989103,-1.1181342387977005
0.014908707214448813,-0.021173013702242408
0.5752432373602347,0.25060056963440625
-0.04585017999136737,-0.0866771874453351
-0.42221008410208527,-0.1927593874807146
-0.12821288760964128,0.06068224756933718
-0.9140753983736762,-0.5261468937478634
-0.15482113122501662,0.12250681233680694
0.9154654098330196,0.3675539066254831
-0.753594682715576,-0.17603596348283077
0.11448664418414412,0.010089092041651468
0.8157938456522686,0.5352605465451044
-1.3309924235081785,-0.7263173339155726
-1.7618601837390493,-0.7360478148255301
0.13594950693947894,0.10363573852971517
-0.4800343128452424,-0.39569476112220625
0.8152059523047461,0.21502181110430157
1.047889900938706,0.4156367840864732
0.17919615598812233,0.12077196850695658
-0.3455464018230013,-0.22378282960785012
-0.9036202313624061,-0.374689192932193
-0.9428448927743545,-0.49436513943682225
0.873673588340464,0.5695440187169046
1.4546569692942946,0.8945580438230402
0.3154874548249479,0.08205282607920046
-0.7644032131082696,-0.5645481047566069
-0.9250444305333279,-0.4255972367252945
-0.6354255714295289,-0.26972174604843324
0.34946876423234063,0.3810827905613804
1.5748013075806901,0.9337438420605898
1.1565548781801214,0.6970909648547741
0.9241895551427411,0.5701399346367625
1.9012989458899645,0.9173103434760899
2.5518019398903053,1.3552627262612762
1.1340562737914963,0.4179809775143974
0.4916396526107223,0.20056809308784246
0.7922308629343204,0.37014772167963916
0.45128152431211516,0.25445767422124593
0.19528618397966124,0.043864329975295886
-0.4537967561598989,-0.2968427195256518
0.829568792636566,0.2815469824937388
-1.721755434994697,-0.9097885896004454
-1.3289535282019447,-0.5889845797519245
-2.4198130042719805,-1.2654263945214002
-1.0689854551442353,-0.5931388850026438
-2.361393254199151,-1.1543018542969339
-0.25060715496474995,-0.03972126429274832
-0.6936374546002242,-0.42381027635693325
-0.3152691346039518,-0.28310669760732515
2.3221516180991517,1.1917761288898339
1.385020431322975,0.8607822724813903
2.8204791219368914,1.460438235960719
0.9803559947665843,0.371411866248636
0.9386982199742859,0.5105474423046759
1.5736884567483926,0.8854576091321482
0.0867495978117756,0.021394020836218886
0.3650822589152836,0.2748575015796385
-1.2760442561441778,-0.7625543937102602
-1.1904839776410603,-0.6414458743877969
-0.22475546142297326,-0.14838294357662957
0.35868061040715093,0.10671387176821785
-0.02988203821984925,-0.10463879981614704
-0.35525765634706885,-0.18822342919613827
1.681945216063465,0.9273713569864449
0.7355513441404057,0.3675986293244518
-0.7600876513595769,-0.3296147941078885
0.7942029910178293,0.370824068501787
0.3485738162574794,0.1972750665580659
-1.0831252906402289,-0.6443126849833465
0.08994320347091889,-0.018346721256372808
0.565556913063859,0.43963497661882145
0.201907647982025,0.14755705769244304
-2.3076884734850585,-1.1665090521023869
-0.10695617011065695,0.04717441412879615
0.11976383301314687,-0.06899766443333968
-0.017426019862641723,-0.10657187159566851
1.1029157449846425,0.6435199351976626
0.7247565814019428,0.29609978109074275
0.391431064006983,0.2186220994834071
-1.7837202989826295,-0.9610479804052655
-0.4274725977420058,-0.019534259245600927
-2.565348685424241,-1.1254429456894344
-2.6979484625908325,-1.2246478308698958
0.388533813641763,0.1625010253180797
-1.349376084082731,-0.5699445480069206
-1.1846158097152246,-0.5980356858467916
-1.1906537657400027,-0.6433855464139004
-0.39320889971663553,-0.23963121997854384
0.8809241163434927,0.2627881245048459
0.4503295775107495,0.33257188656832115
-1.2690476438177356,-0.604185459502407
0.4796425456012573,0.1799525761516596
-0.8418463993775024,-0.5610588214306278
-0.5944940018763626,-0.3117265082109838
-0.8081284225789045,-0.41698280792931824
-1.0047937817334898,-0.5463331912295524
0.9226087333370441,0.5850268981218365
0.2558992828801908,0.030277520261903418
-0.38132072238181725,-0.147057176316105
0.7126154699799401,0.2017280581836186
-0.5014554819999851,-0.39144624792803623
-1.0553289595247688,-0.4235314848655904
-0.2495546692046134,-0.06219141053246573
-0.5092448595045727,-0.09972442150111918
-0.3158038630499686,-0.16869096872775152
0.8900998483449677,0.5025521783226984
-0.24134381803561322,-0.1599030052388773
1.4483556712789465,0.7753565612300345
0.68375681571665,0.24466138870411805
-0.012046695135216334,0.16604043174241498
-0.02925058723148286,0.09686553801078902
0.44782005637227523,0.0941632135308858
0.251099683409848,0.30653932155318786
-0.9680754036570121,-0.5232946210106314
0.5189844982686985,0.2323973040030314
1.7272442476444798,0.879674756810891
0.6905719989639391,0.341919925463818
1.258464970152977,0.6679456842791627
1.237914488803836,0.5583617697451143
1.47942591994907,0.7714855008481549
1.8997689977241572,1.021242832007661
-0.1606696737594937,-0.08482102737299226
-0.027438905846703138,-0.1017527803595699
-0.32973312701389734,-0.22933239424541202
-0.11353024158562804,-0.035677599233445864
-0.8018047524932114,-0.17898552820179978
0.007952735969741942,-0.1137118200345861
0.4724751407357164,0.2726037965104433
-0.6196807501232927,-0.23840129887468803
-0.4385534878793166,-0.19980600261491566
1.8330429531452301,0.8761941186128117
0.15767477052971546,0.23959977588189785
1.1127379526368226,0.4315034287466793
0.915413015243675,0.31815056625787846
0.6286530539874203,0.37654178568521485
0.16658337577259769,0.09659114697458927
0.3108290438987815,0.2639316278311326
-0.4707037753942462,-0.20111481562613293
-0.04471849708524489,-0.080998503183904
-0.6267784440539512,-0.3289299831666677
1.5832146549453363,0.830246327863032
-0.04592792894623632,-0.10180215542950731
-0.12179544115212398,-0.28215969111095573
1.2550798763097686,0.5624907610147533
-0.4547213932471962,-0.36234744395737384
0.7237314027975871,0.31333577113517774
0.6856678182523428,0.5037642705975218
0.140156549864019,0.04952579451727952
-1.3479740147636228,-0.6202040790131641
-1.427140760055852,-0.7296945651887754
-1.420956147940602,-0.9198512428056642
-1.2867381943429397,-0.5753823924363188
-0.821245160091781,-0.5528009050744503
0.468351357385579,0.001803825462834363
0.49595377962108733,0.1381999223279111
0.7592232819596045,0.4884871271031402
2.1198171780475357,1.2397287113101423
0.027609427035424128,0.015312009877369267
-0.18426511986414623,0.008920119415038882
-0.5959992840865339,-0.2272170708738383
-0.8863111776512341,-0.40342217273984904
-0.7587098549520781,-0.17945149756137208
-0.3533171239797675,-0.18349460314354699
1.3900680894832198,0.5834365035730552
1.0113429352780232,0.4764725293609431
1.2479279892421271,0.6451158021220837
0.4942898262997337,0.11986847576740634
0.43960892783560923,0.1601725425108333
0.49264240254305514,0.12610803363471387
1.9836823612499799,0.8479750191657799
1.418621849221883,0.6793893248754078
0.36463165912518525,0.18048340907371255
1.3398632687917418,0.7558631825220663
-0.0007021630712721327,-0.02109050346580354
-1.0789512740514362,-0.5761402552574767
-0.8446943626955155,-0.2503683597185938
-0.5232421579201488,-0.32123543865392223
2.060967997070762,0.9431977193924388
0.864659839265443,0.4687599435733599
1.5733872191626432,0.8097801144167052
1.1281950133486491,0.4786259961292654
1.4632591790196334,0.7863021389019943
0.6028164756175488,0.39423373442001025
1.2274417522502905,0.7379593030846432
-0.40594487246208966,-0.12314547554135676
-0.31530031725776686,-0.17101444322710324
-1.4935816008004112,-0.6779046313762291
-0.4689922329875703,-0.34181496649192356
-1.3439656730420946,-0.7225943930457037
-1.6967179117033862,-0.73840557689382
-0.46015893633561034,-0.264451936917626
0.34263661111087457,0.02884108984629985
0.12012338845686527,0.04669027140490163
0.1060260555679098,0.2489019698453888
1.4838126651420664,0.9072494006701758
-0.1410302596515033,0.008916914779368429
0.17101335526817196,0.2695832599638266
0.47947400730599665,0.2159681675281749
-0.7387613431388553,-0.11870940954340642
-2.6445545959238457,-1.3652494260307722
-4.226865776029776,-2.225012166998846
-2.732679600034146,-1.3121597651115722
-2.046504672042834,-0.9069927659367387
0.024566614284756483,0.0016834775122030448
-0.2719285383361949,-0.27790451621173295
0.008136407902648246,0.03412194304360207
2.8926911302907565,1.5396426674828543
1.4067803004380934,0.48194378601006477
1.367806715543046,0.7920438058351933
1.7944509738673362,0.7676298019970428
-0.44940247419880774,-0.42975409701392764
0.36334069974717054,0.0013892082303690045
0.16952189159541822,0.10437411392734701
2.8323404528228404,1.4836449703623646
1.2959844539663439,0.7160758384954884
-1.0210241883886844,-0.5408010187043417
-1.6853214533786294,-0.9643463741064154
-0.9707825295287489,-0.39870221107172693
-0.0029660249286905804,0.2047326026366522
-0.09678561152150293,-0.023588137712567573
1.2508955348077515,0.5578472118333987
1.1193180563610432,0.5572501097462962
1.0515901626778807,0.6500166182443803
-0.45211152256894493,-0.18382463610344213
-0.2728491528780739,-0.3115604638040579
-0.03090076904108341,0.03152762281033411
-0.9138486885148394,-0.5027234826395024
0.48528040014719775,0.46429424603859226
-0.6696895452802019,-0.27549764146818007
0.14490733970473646,0.10427296473203529
1.7941709303146596,0.8088548874568691
-0.920980761712193,-0.345239953520314
-1.3477423751994715,-0.7009917368946044
-1.2468293328351734,-0.6357774390510503
0.6456211951096272,0.3549936573782849
1.149716351572738,0.5963934610790416
-0.44425813315282303,-0.18422820414133279
1.2363235105958998,0.584576854416734
0.4272176837488256,0.2784193029184988
-0.5983941024020791,-0.11016571434060354
-1.2420257707963918,-0.5766449484606057
0.5209232572726856,0.27226715273551577
1.6463053647485306,0.824056982924808
2.060515593336986,1.137047605117882
0.4928701083895286,0.2906957894208711
-1.069027063339794,-0.5849709946728189
-0.6241218204896415,-0.30132188357615153
-2.8060898058976123,-1.4436021114717028
-0.6342473765162093,-0.3880814402778501
0.8807459201353878,0.46423667188538337
1.4022735355865632,0.7414975960284806
1.6096096926004786,0.9320353299835521
1.5795785587726385,0.8408606687775517
0.11191521608164434,0.03480039026051415
-0.347121716355975,-0.2724929596628578
-0.7692085814425049,-0.30051603957678974
-1.3441856766281264,-0.6806379285782441
-0.9208465753109775,-0.43368815484138795
-0.4020149406826254,-0.2081713920608896
1.0931644061386558,0.6597722939001641
1.8958594672259825,0.9486272652003161
1.6527211835476192,0.9054839019052502
0.512750009423203,0.21395987115526738
0.08573479105599913,0.055956702925423527
-0.74067263839073,-0.20163614349841671
0.5953504484273661,0.3702020987840008
-0.2281287589350794,-0.02003499866559802
0.07323784904873734,-0.0808690903127732
1.2602846091662785,0.5660900707720236
1.0875077280776555,0.540855215414933
-0.6234605821928484,-0.23599237008699436
-2.4616272319303665,-1.2042469464461234
0.8501279610731467,0.2974788471046551
1.0888681508436264,0.6731918933837704
0.4287791111570813,0.1935815563508642
0.4339697535713159,0.15476915406300834
0.2529379805976041,0.0661963456431599
1.1110287150074554,0.6159306937508358
2.497191310919751,1.2600322249503324
-1.3975359606879736,-0.6343072608214287
1.9458788758953378,1.0086817932774492
0.5576288171960722,0.19893433892994974
0.08788208331681924,-0.056061787762573784
-1.2400907740776674,-0.6109926674611393
-0.894439972791189,-0.43780576707121704
-1.8040762895833127,-0.8110340549962439
-1.7251085265371056,-0.8484707249855613
-2.4318742725282685,-1.4427805458719272
-0.7189190122831971,-0.3625721126863208
-0.3283915022894358,-0.08141669062946075
-0.09372708760026838,-0.14190861233864094
-0.07204832101545078,-0.057753804160026914
-1.0990340366012397,-0.5847923663820143
-0.4348000337662543,-0.18398797259449684
1.1662131533164841,0.7083918691486866
-0.43538543782338335,-0.1614614861141298
-0.7073013383943892,-0.27950320605690193
-1.595416312171632,-0.7663276034433906
-1.1853873784898052,-0.4742077675362397
-0.4850531550580779,-0.2177132891023344
0.3483490508468015,0.3454410918369434
1.5573972617962035,0.7973584764435113
1.6239598419483758,0.5988842405379835
1.1414623206834813,0.5993706979532253
1.974752561956445,1.0432243451470549
0.02194937722588275,-0.09979367149573946
0.5941365232520631,0.43542428153143964
-0.03878925001584632,0.12013455636964412
1.0144978714975394,0.3862535829745633
2.5264329628950746,1.1689712930769571
-0.9219262420257169,-0.4863960357608389
-1.2611582351635464,-0.6268684536533502
-1.7622371216850012,-0.953239799831459
-0.3403156352147169,-0.21026314136731566
-0.14074583928439044,-0.0384609811316707
-0.016333354196166466,-0.07054968989864675
-1.091540870628263,-0.5305003318396537
0.7011952821721725,0.3328982121393215
-0.9435866068015591,-0.3031013105432114
-0.6818977786436451,-0.2559947602656463
-1.3879497729256824,-0.8180841443789125
-1.2088334306372228,-0.7502966370033194
-0.5850272008585824,-0.3415959497681702
-1.8122797370649046,-0.9490547387266082
1.7228315523314093,0.7095523979352113
1.564413906143268,0.7900598186913976
0.9315926594130517,0.3849923775742742
1.0599542313079326,0.41086306243958837
-0.3835485732682158,-0.08543954988932868
-1.6159595247343628,-0.7205266408792526
-1.3837384852537078,-0.6924288743194396
0.40313771261795106,0.30691305299225186
0.7669468116244778,0.3298679158480513
2.1422772024221453,0.9180990606756154
1.4429626991380085,0.9162183908508523
0.4930377241117999,0.2907724764123076
0.45746050528573745,0.29919183435461255
0.8904587898182872,0.4185442810619164
-0.02682225982508646,0.05022352368831225
-1.5508170134159547,-0.6229494087052831
1.3442896643066973,0.6401711715622884
1.028955205956794,0.47123267082180587
0.4128974690109574,0.22357269710348215
2.060564715014664,1.1807071230617345
-0.8530095917933312,-0.5364560918219337
-1.9578964588699936,-0.9137283745440995
-1.016061675664821,-0.5766588067600594
-1.7342718408884952,-0.7179017873785893
-1.3060935964049856,-0.7191426085232754
0.27298726804383966,-0.0033825805178726853
-0.8042093993638313,-0.4028446519915675
-3.1452258725175892,-1.5163483509163649
-1.5417438013733595,-0.9828564296007627
0.6602743001467719,0.2577940653390504
-0.9311616267479996,-0.3537027939856937
-0.8241676627708483,-0.4658110177618182
0.745213633205749,0.26274884828286643
0.24527814742997514,0.2396878646606807
0.9798939411526502,0.459860763009019
0.627593679851697,0.43111666970218027
2.014774993796581,1.1068712028819185
2.4539803465283896,1.148604220489722
-0.2564384971750443,-0.2467157589353803
-2.5594154902503856,-1.3731326198520954
-1.2119265336839478,-0.6456949704148671
1.1252739507700604,0.5403552001411535
1.7652361971670971,1.0637618916755565
0.955961410301475,0.47446535592791506
2.389665555276382,1.1330286555667908
1.2589171899376268,0.8064520366719943
2.3031588681176984,1.1150266129505126
1.0194476581265737,0.7766030055449498
1.6590771212294464,0.7959397801216466
1.0760157036948321,0.6350255016572526
1.3731878342651114,0.6494116120525708
0.7835328815737624,0.3787481485368842
2.863659361243816,1.5161038171362566
1.5363784230252138,0.7408895323130151
-0.10355681728939248,-0.07851860329028362
-1.2379625315984673,-0.7834036153417898
-2.212196252264754,-1.0355525790284048
-0.9968938337741378,-0.2547356786773426
1.3202929464030806,0.7730117622630654
-0.43935301301706453,-0.009195709332210061
1.4525603772166629,0.7217879541758048
1.2900121362754722,0.6481356009159532
-0.7544699434631297,-0.3594619767400901
-1.4114775278352472,-0.7470027998140605
-0.17348182934132733,-0.0689045295293388
-1.3139272715273311,-0.5294362624829722
-1.6647044782335962,-0.6424293019699455
1.660830329997379,0.806842304058242
1.9968100338667727,1.1360091854033987
0.5299926131287996,0.31852870384122245
-0.6265832651880408,-0.32939912287387785
-2.0587394700703867,-0.9916607299315991
-0.9102942563952725,-0.4826198872368975
-1.1541778755708647,-0.5266391890931652
0.6840290979028253,0.5294177234228332
0.13809324951117596,0.09819549843987144
0.8686677867793893,0.3759286695093909
1.1643629002146052,0.49727355540915724
1.0321473890371937,0.4126806347667929
1.2706818085196048,0.6946977362884275
2.315400271849628,1.1626908772676603
1.8643531598198255,1.0750862738015339
1.4416215100113339,0.6859095771594257
1.4219426290599713,0.5634777846740259
-1.2312586108778887,-0.5374813610344018
-0.49893647458388324,-0.1316759994183449
-0.30290489053397895,-0.3561557280319324
1.192714783610472,0.5278138603757719
0.5638988181603832,0.2891336057767639
-0.11807410153629788,0.031192498412421193
-0.29413984786144487,0.10902687189787186
-0.17263996885688254,-0.10840325001814109
-0.1434929680874028,-0.10637659049345978
0.4062401987397971,0.15187092564803245
0.49991363053364096,0.31437573613015163
1.1064943914688017,0.5688201667433211
0.4836317261103286,0.32192350850655793
1.8574835848205389,0.7918874944157542
0.7056023273939512,0.29459216213380207
1.0889715516667229,0.6350027959396882
1.202801238500649,0.5239548519508783
1.6936359586260044,0.6916275611523418
0.07671351153523376,0.011069730490199797
0.21430878723864732,0.08232369087848926
1.9851282743827883,0.8215387758933473
-0.001905233236620174,-0.03351065957932499
-1.6486696989435188,-0.8874850831010875
-0.162486770349076,-0.056158349967283805
-0.3046787186024608,-0.2296129166995069
-2.259676044823669,-1.1930857827798378
-0.39394578951031556,-0.3103913151688375
-0.52485069880283,-0.29999858456852
0.8209562648962831,0.5008412007245355
-0.8421065228347062,-0.24188382230471772
-1.6580822148299132,-0.6650159372700432
-0.5005317556943729,-0.23057962931397322
-0.5342693984227569,-0.21104888671831704
0.18134790468217854,-0.09272148192669244
-1.4137657870030285,-0.8046173688767575
-1.5179082615919235,-0.7697217980468507
1.3676089095569313,0.6731711984963844
2.6691574425202944,1.3697640575745864
0.29500062207754085,0.1271392289526921
0.16921805786844285,-0.02287830721275426
0.49500487397588955,0.07756247080649736
-1.1631410711045982,-0.6235279506618384
-0.44539681894329586,-0.18055140602549022
-1.5380432290506787,-0.8404525844595774
-0.23953186552168493,-0.2325696257054084
0.9635325573212838,0.31114340748485647
1.0403184224283306,0.5086283505690026
-1.0928732313652834,-0.44780015560016134
-0.10539565609205659,-0.13771674101082856
-1.2147832539148735,-0.6344665177328214
-0.5766289094241221,-0.36885305175850513
-2.189115714293237,-1.1501266318241437
0.6133852946952706,0.42936171684735763
-0.9712214686192738,-0.8102120411572117
1.230397551827605,0.7045483364466946
0.5293233967787121,0.3350404974407841
-0.027865809613014103,-0.09932352176242387
-1.84868208851059,-0.8599257626745633
-0.20203357186838977,-0.04464603978097937
0.8006554189221103,0.2739264447901174
0.8093676844292765,0.4791276344799395
1.2492059597100207,0.5850877620926064
1.4356471528853585,0.8543390041847488
0.4669213108746196,0.2017060649103999
-0.005749345124026917,0.06148634546013049
0.982643262009894,0.6461680259422207
2.7795378635680104,1.2131037196809358
2.3566042270154623,1.2777316671343961
0.5832310685548392,0.25238984059024633
0.3685343420258981,0.21472980440677308
-0.8622646716488037,-0.376838313392413
0.6867030417050888,0.3941422109962655
1.2150726977201878,0.6904960020510222
0.13755136287075598,0.08575094051429455
-1.1261036535294149,-0.5435228741559489
-0.577610113740501,-0.2957903976456417
1.1737498432286808,0.5185909111476116
-1.0308000640487984,-0.6782491623676874
-0.2308954950976178,-0.08124652678484086
-1.07556796782495,-0.4605791234397122
0.5105357148049472,0.1250178728492827
1.8237760380781305,0.7522897815203847
1.4619554711374207,0.8880565281729875
-0.5128782043517548,-0.3185807288579929
-0.37848844357371914,-0.07134233875425162
0.22851263658791288,0.15245795637143
-0.6403587519685368,-0.21701214364509966
-1.875685175212245,-0.9777743191193453
-0.5640438630380802,-0.2518249962868881
2.600498544591619,1.2803041242678128
2.2593037017476294,1.166703029413873
-1.1595110840088239,-0.4945245735557854
1.0256031074281606,0.6575563183154337
2.1876076492406433,1.0395218936859822
0.7389385597804041,0.2765524090260089
0.2769146034533559,0.1077253417984707
2.292273529136261,1.1738400811552758
-1.494750233122064,-0.6021220033994725
-1.9820121650269398,-1.0969953531177599
-0.4583800041363378,-0.3436390573646919
0.10085673234200038,0.09182690900031382
0.537588838710531,0.27251158048355384
-0.5784737866676095,-0.13811545063629213
1.3991254807203841,0.851361110452359
-0.49783820302451987,-0.17980589955421794
-1.6999910144138757,-0.8157113210548714
0.6652511803771924,0.26275706928091697
-0.6325605440554298,-0.30593579944436544
-1.0363555849967594,-0.4471211763233016
-3.1671680801316326,-1.7220235409878832
-1.5176298251191933,-0.8169574660585806
-2.2071076030848187,-1.2414823970251254
-1.754161255097272,-0.9255359311333853
-0.7082665401737795,-0.35730022465433925
0.9847436817578319,0.42283096529353725
-1.0888594575804313,-0.5171485825686187
-1.831448693246306,-0.8317427297063145
-0.556834285963708,-0.3029441990404186
-0.6870681362138331,-0.4040618875285978
-0.33118361169277355,-0.24538246511512773
0.628841035092309,0.35505201537995723
1.362766834975267,0.6326706804274742
1.1166653002666764,0.6858629236533889
-0.685329502313457,-0.32412106598505025
-0.07934552405538675,-0.18149485220631817
-0.4873710502161091,-0.2593802283282438
-0.29082732988338594,-0.18845499621581335
-1.175180931554202,-0.5171640429775037
0.34552419964494485,0.21013139977360404
0.6238852686310057,0.3568924684262614
1.2706946091129645,0.8193440884974743
0.36411547756443574,0.11555913046185684
-1.989750157314797,-0.9724009048207527
-0.8891371702004671,-0.48631866808095775
0.2674523395300864,0.001544922698141632
1.6906673987611156,0.7483966240755825
-0.1737197474613137,-0.02009345069983659
0.02989603946790144,0.05358735323217025
-0.2587165985673845,-0.13393489438086836
0.41294791290615385,0.15270353500282144
-0.20118339065211566,-0.009394646139057744
-1.672361849877401,-0.8995281004864766
0.146109376789751,0.23537133103113603
-0.6542974700873405,-0.20528682403533458
1.2804908063156422,0.48918460112852613
1.652372601497694,0.9543317102901157
1.110371866340947,0.49789563441596973
0.9965757593870996,0.4332639438511237
0.787448699145187,0.33200585689341683
2.0600507356970983,0.9859637991517498
1.5144948805552572,0.732766991358491
-0.7610048201272267,-0.3893517312708165
-0.25112025305089514,-0.18314501150082682
-1.0077358957618852,-0.5972467188046233
-2.0016570334717048,-0.9143369974424179
-1.8415082896080541,-0.8543093534306982
-0.17823562045128716,-0.1090995374371383
0.6311972097168138,0.18394096249651218
-1.0098078349146167,-0.5714930109197878
-0.31101264973957776,0.00794374000880238
1.242667282111909,0.6968619794541959
1.0326861424521483,0.5086157426657425
-1.095472892254882,-0.4395132581852982
0.10153207465850611,0.005276357575428103
1.4239228447781471,0.6657700174740593
0.8148292954325221,0.34706526367849666
0.09676343970499385,0.03446834357952325
-0.44872072128182067,-0.22618186179568664
0.3707061243114234,0.20196526521461253
-0.02501193526896353,-0.005849415147183661
-0.04839233555342383,-0.08330841360144656
-2.4520228373035495,-1.2668399365579703
-1.689551025111845,-0.7087404094322861
-0.4425550389073777,-0.18351747018797382
0.19989333314348745,0.18418862867781227
1.6840224001809547,0.6580070874343755
1.7443801027202064,0.8929250634037011
2.8897396421722954,1.4070575795982736
1.624486982615197,0.8348968523239384
0.4298237679229047,0.2097401343154082
1.007307495675613,0.5047452763801817
1.226228015665759,0.5754783029896283
0.8054759609186284,0.5274860895181646
0.341405235789198,0.1175287776830077
1.0168456951754936,0.4228494446222066
0.25153658111882554,0.1112357278728176
0.11006648234251866,-0.008526326169514105
-1.2558622005261832,-0.5910550044402207
-0.8834772179776168,-0.45206560434373005
-1.1779645051709084,-0.5884383103124359
-1.2119155668331985,-0.7920941938155637
-1.755618238177326,-1.0977393234025412
-1.0291199915856692,-0.47829428362954324
-0.22273170363673483,-0.18448997721717486
1.497339012275997,0.8400086980067616
0.47534108390070645,0.1815548405512546
-0.7833929970932567,-0.579272232454231
-1.5473191478583421,-0.6420785107816338
-1.427762886655942,-0.6041099987382081
-1.1143521206008031,-0.669956495766324
-1.87517992540756,-0.8862624896285681
-1.2252600150068191,-0.5822162511815369
-1.756871595082478,-0.9140701443256019
0.08946940795537173,0.05282703675596895
-0.7481565916786537,-0.34809307964516806
-1.6738483967226157,-0.7066521723366803
-2.895430812135406,-1.4352341717612864
0.0757704285706241,-0.03558323002587875
0.4399971755006766,0.2458372858943247
0.680205359902356,0.3587286217500595
0.9814106813984727,0.6142847852009696
1.5325040784511326,0.8467187077986082
-0.4157196425652786,-0.25514578660623843
-1.7089829152074612,-0.770773058302372
-1.2860106728278597,-0.6766591476819946
1.0164949889198607,0.5028460799429014
1.5324895085369319,0.7798804792223356
1.355061329332067,0.8201211153513158
0.12854544059078765,0.05714797164848099
-0.7621587128430263,-0.39920313815464953
-0.8101649399585755,-0.5124053162309398
-1.7384654182785169,-0.8164285734222639
-0.725540822185089,-0.42270396396991794
-2.271115017963181,-1.2130025848229387
-2.3472660591992884,-1.0334526338157723
-1.5952774163534134,-0.7504035117026164
0.3551726049069813,0.38668172024312997
-1.6495054184738573,-0.8476528653789271
-0.8831951723573889,-0.3762949104518869
0.6138971275874495,0.15545140289218132
-0.4404322721987781,-0.16917830019265795
-0.07970290524106272,-0.050680773004055976
0.9854769149829904,0.60191367597044
1.6120163806768206,0.6269815205410533
0.8271283389981995,0.41981337308960665
-0.10753561902373748,-0.04438476981527474
-0.18169509573985176,0.01743801873623413
-0.47073892243017523,-0.1624486543892446
-0.9485986327445758,-0.6728226664219377
-1.9899219785994242,-0.9228857311007387
-2.3625371081709603,-1.124220959880216
-0.4270559357420829,-0.1916520126424766
-0.07053365740033465,0.08944671901126816
1.9002800731057228,0.8784516689025147
0.6760818053743349,0.3626099480598891
-1.6725229500184908,-0.9698603991299738
-1.0756821102671583,-0.5379204391027493
-1.528422490482339,-0.6203631392298774
-1.9518786092439608,-1.037569438719863
0.1613086266690339,-0.007403187832652744
-1.2665505680218945,-0.6994451497120162
-1.2861599082341184,-0.6041326159224785
0.9902396260935838,0.5236509713751548
0.7965341574007898,0.4606575664059432
-0.3267668686477611,-0.10728398326157615
-1.3437418339754554,-0.6249035325765316
-0.16085624313274455,0.022880059561171298
-0.7389209126113585,-0.328482102719943
0.0683748028473683,-0.08967683465848114
-2.1958833583327255,-1.142232513671437
-0.9265081072898635,-0.5631238975722459
0.1770837135311023,0.20739521924224505
1.256221565052533,0.5996665172966402
2.389971985771728,1.0082296923171752
0.2427589049108212,-0.02643937093330448
0.41846984181101754,0.3807003027491116
-1.0173312163308383,-0.5423642952964869
0.6058545203148765,0.07313668739463824
3.057706354280518,1.565922028226822
1.6364351841723481,0.8247851035551309
1.1076957354023715,0.3297816303919384
2.613519222065038,1.2893220554166311
1.0095242254541044,0.3553922713255683
1.7061655778858533,0.9295354343975597
1.2178984116650913,0.6713730833771758
2.1124806783288137,1.0163238844845486
0.26666971301574216,0.16031206578357415
0.29229515145607515,0.21037624651373585
1.5635281267678276,0.9167464062259614
1.9901214053160339,1.1059260518635758
1.8136256818801595,0.7137018178326385
2.0575201576237196,0.9977911437322526
0.10418523944623925,0.05082860085384835
0.6729421642763844,0.5079644626896899
-1.1203505778363279,-0.45626883212336633
-0.09853135381402567,-0.02145847271210396
-0.7225496589920817,-0.26839206070605187
-1.676799319083495,-0.7990862409731925
0.38752593382831413,0.21218102572551042
0.3625769078854586,0.15869294975325837
1.2517042764592146,0.7672157876721564
-0.31415028935127465,-0.11236563184294815
-0.008146500982756238,0.08291866356591467
-0.41131758599841606,-0.17523059583590214
-0.8990054342108389,-0.48729104726383765
0.9088970239484165,0.325461505628744
2.028243756328007,1.0210678721081758
1.2152767618523477,0.6161706593863673
1.106488550149776,0.4141475197968858
0.0525623743334902,-0.015419688106474531
-0.4741657927757451,-0.26288366944878755
1.2951378983461634,0.6213070491760653
-0.003200687542019409,0.06300241638437565
-2.5159196116587896,-1.1498762002045348
-1.4562017560079799,-0.8194027604294577
-0.850826920397433,-0.49663516454076145
-0.13155165599356888,0.02625467080528926
-0.6115641984611468,-0.36827723594322276
2.0861844211678804,0.9785721149157763
1.8349151333377154,0.965508749150681
2.317719897183303,1.0939390243650255
1.869728461399034,1.0130894896611717
0.9115321536693644,0.31673730931162564
-0.1941832512827869,-0.2693451645405043
1.748618777820126,0.811382034403715
2.332482541825149,1.0242851418104013
2.41555946132858,1.4055187323161238
1.645138461563166,0.7078810255966426
1.460520684604276,0.6929221582424372
-0.34558826282156807,-0.13541620632039603
0.8265663684518629,0.4473875599355086
-1.2569387328127286,-0.6199855588176466
-1.2303381065461592,-0.5181913921779319
-2.282799968483805,-0.9810652940229431
-2.307687012824338,-1.205272915938026
-0.7395407114105206,-0.3909816868097001
0.033168012571827776,-0.11357877358071009
0.9448972664220129,0.33652037447569627
2.094396438640998,0.9738272839653774
-0.04193147465911573,0.12600595717177684
-0.815114450387516,-0.5010211525823164
-0.3038981423351771,-0.3055885047525941
0.3287768062558475,0.15134809926705053
0.6602049914821413,0.3694943905881453
0.9013628034906158,0.2803416463409547
1.0711086700712107,0.5396414045151543
-0.8406443107536331,-0.20600464201843535
0.7012382974924809,0.29090038992787975
0.43950473403755214,0.20874518011603954
0.4788312434313604,0.3688019159913899
-0.22403942752092865,-0.005288550895115221
-0.4944368817576522,-0.06572433962199287
-0.495126464641385,-0.3649434909171665
-0.37492505906099377,-0.20205318402406316
-0.529084680501422,-0.4017331327235003
-1.2748171117937996,-0.5000181381327755
0.6044216682162229,0.3641580173616294
0.7585657182792243,0.4751724635916672
1.9764024064239298,0.8644589580810678
1.081468840795329,0.6402542587935464
-0.9733232620232273,-0.4774193086636996
1.0687950955590924,0.5511233142795471
-1.6122467780315677,-0.6848970028535776
-2.325405116629568,-1.1585394268613687
-0.42398384524802435,-0.24193226043787922
-0.37801023091902086,-0.2991537655127853
-2.636714667102746,-1.3828607322621445
1.2235215671947826,0.42231209293531424
1.4419489111066612,0.7581078773505047
3.116385827217526,1.6809975912306574
-0.006222928979624176,0.12229271660474056
-0.7268914343386409,-0.3926592108213026
0.14462730635976795,0.10184758265514533
-0.5187121170914932,-0.2780863716925117
-0.3906741453838537,0.01211358308730262
0.32468124555250216,-0.1163569655976702
0.5194515919421623,0.31967941526407756
1.4175714768502268,0.4954718269156628
1.131085747760396,0.5013763903802829
0.7348509859184215,0.50649350976881
0.41893008963813405,0.17583553291893517
-0.3072168444873743,-0.2848057337305223
0.714201860199944,0.22677229652526906
-0.06598703568093628,0.021914332454954187
-0.6374653723809103,-0.19153256436496052
-0.23739053847199773,-0.17931003822764488
0.15601204672479355,-0.03694611363371428
0.39839125534955966,0.29836482942334835
0.9329275892244504,0.40939767717017406
1.2418696160597555,0.5585228246500046
0.593145806400483,0.3838140467779186
0.7238105338680682,0.42974170949499146
-0.019915112569882598,-0.0584524444799453
1.5673149630502954,0.7575284140826345
-0.5308291483082523,-0.15518703994059332
-0.09570098376499966,-0.1795985852508376
-0.5799770259913244,-0.3171103002779559
-2.064312744380771,-0.9912420147052783
-0.5150109903618456,-0.195652416779241
-1.8056910477157273,-1.038837595343288
-0.8695470341516816,-0.45775695816953416
-1.5876674375117585,-0.8113349575987996
0.03347741593008491,0.11496810550881077
0.4119869944010629,0.2293733065246228
0.9448127558730196,0.5393368378263739
0.9270416163859907,0.3576917052246613
