-1.5202017935774057,-0.6340029101663889
-2.891371706044451,-1.485894427292411
-0.26316603341645806,-0.09996413678731564
2.970261182971173,1.4631348055300715
-1.240715025457022,-0.6466514630149651
1.7527276990607454,0.9845430543070021
-0.4931416341545013,-0.06438495902867558
-0.19113347284743945,-0.2516683496451163
-0.10963600539223198,-0.19567399322148799
-0.6209837733869099,-0.17893549917975507
0.9800668916932127,0.5460219777179299
0.10047345466175633,-0.10419874437666263
-0.16413431329193798,-0.11368380718213555
1.4432856861572665,0.6141426353835365
1.381354995704554,0.7612398646063929
0.6595263377824162,0.40508276304748425
-0.3101437803262012,-0.29473628400126106
-0.7466273511321038,-0.3507553201442286
-3.041989339310209,-1.652564861819963
-0.32189153721201125,-0.2340205607250712
0.2354422303415244,0.08226723517409348
-0.3761885089165997,-0.07312653823677097
-0.32043668415242466,-0.25975057305392896
1.7569351175034718,0.9273762407516257
0.681963483492171,0.2804052578402098
-0.7638777131092551,-0.35726317338440433
-3.768763899608286,-1.840776567404048
-1.9496187364429876,-0.8961701073138085
-3.1356789326883927,-1.689282030397866
-0.014091771136796938,0.03223058475218128
0.36649036730864143,0.16524237533984332
-0.16620903079789517,-0.2762857809412008
-1.483493254010072,-0.7015457200464151
-1.0351872474931745,-0.6809970161825561
-1.1417041434498783,-0.6537900569512852
0.6133566225462745,0.24026061664146947
-0.1828894669234578,-0.16205560588500006
0.6367700125219252,0.18176812595698164
0.9112032925863909,0.4340136611585171
-0.302138306046126,-0.16041182800447867
-1.2688630925672404,-0.5694876148343935
-1.8756515077238323,-1.0173122944556547
-1.259432031981059,-0.6447969684403769
-0.1377089850160032,-0.09499177085654908
-0.015380151596864719,-0.028517129550803502
-0.14516691184035033,0.034314025202546464
0.2805774513814982,0.0949309637634763
-0.8115996165051973,-0.26133157544021796
-0.5233269939045315,-0.3166781937123477
-1.6519337257542508,-0.7285171500724145
-0.27805621080049425,-0.08606265616098084
1.1723883555409798,0.8067157422180081
-0.9095908957684135,-0.21787390088136935
-0.26975069816702524,-0.24164557739172576
-0.09779058866185848,-0.025676690127847124
0.3522647795333322,0.21939704526511408
2.7630442526466483,1.5086598251720487
1.3139738564108223,0.6942675952851304
1.2775823639636377,0.5176145808702275
0.5559155223961728,0.23238576901688623
-2.434736229751769,-1.2124182747664884
-2.218397887339596,-1.1580243445624734
-0.6339814515720034,-0.3294751904298438
0.20138232994273275,0.15531441485558373
-0.6783620441823612,-0.390864050450066
-1.9619708188961993,-0.8842138308322051
-1.0416585766250483,-0.5560075142263327
-0.10517765535792167,-0.15686861244008654
1.5837416394044384,0.8632331600378335
2.298016275330368,0.9203846433094571
0.9440295165565507,0.582220900215053
0.1008774595656371,0.1764023299533192
0.2762337065185104,-0.008812681262051175
-1.6633399419909147,-0.807008609651309
-0.05956768624474784,-0.14549741416723888
-0.05414214611166501,-0.039838944014017136
-0.659479103078982,-0.37115186135324957
-2.3799693808008304,-1.1572133126855724
0.04879072555686492,0.1939202653071281
0.6773360455032387,0.3926347081508467
-0.16067091531611294,-0.1423862032247465
-1.1626165333511258,-0.7213386860828015
-2.2336074486930295,-1.1497313522498618
-0.3522993342068697,-0.33157479548292157
0.895515677109002,0.18743187776127052
0.6360003115735597,0.3661150018907692
0.4426881278041736,0.19518859003948782
-0.009156769387354102,0.19826383913778603
0.8630521151624383,0.35845160203443605
-0.35426223312343325,-0.10859618799195447
0.30734506837503717,-0.007556011060832202
0.37066227593849527,0.1296519719650157
-0.6338556935372077,-0.24444502097435533
0.66423466841784,0.3242111992687453
-0.3789665636367641,-0.23421923986831883
-0.22033026933185595,-0.1911854554688034
-0.9303334020278853,-0.4626637852383423
1.1418000110042377,0.5270757169094697
2.073862884542066,0.9738957683360346
-0.9336674285853039,-0.5042207502238267
-0.45393754176778883,-0.2545583405056669
-0.9331551619086504,-0.5196571036015353
-0.366959306064751,-0.17077191195850924
-0.5224352385657405,-0.3167195112288494
-0.5586759177239098,-0.2835711892063434
-1.4448918019010315,-0.5675876792099969
-0.2526815800244408,-0.06725601991800774
0.3226049754196102,0.08123081222375028
0.04770604491903327,-0.14516949582681282
-0.8453797460744725,-0.4762358053054512
0.33017734086763517,0.16202606354441806
-0.19401195184082962,-0.2453208527366979
-0.825030596810782,-0.46487367338217356
-2.923456489108388,-1.3061539136981217
-1.2174392907621123,-0.6618309691180495
0.10992786616313266,0.07905946413046375
1.1559145745958601,0.5458084043153844
0.004827166432005647,0.22499851460356599
-2.006527560349318,-0.8497216306154944
-0.9159125535564994,-0.5111186456664647
-0.6424603848072526,-0.5280409950846381
-1.1117926276489545,-0.5062369402732951
-1.6224523656379102,-0.8311124161337845
-2.031812927601141,-1.1398254235374172
-1.5367865497697988,-0.7610413281825498
0.8538742220101079,0.4561992962169782
-0.2589892790646606,-0.173262057118718
-1.287196680474421,-0.8052145232969855
-1.4323662705949851,-0.7227578784733717
-0.28859546372185907,-0.18010644422056557
-0.6678674912578466,-0.36208372651636417
-0.7420641382907698,-0.2794861705300335
-0.8293869922162116,-0.3165765507513293
0.7316281181016271,0.22925101994263838
3.5473257375640985,1.8923148536774876
-1.0742295302768006,-0.5185248652570156
-0.6398714890945733,-0.4057681817334591
-1.6214788473971995,-0.8739555184461478
-0.902907263335827,-0.39775552591113117
0.1852324282238138,-0.05960687363856948
0.47413793741725796,0.11761139142347449
-0.9825223057024608,-0.6887284978059307
-0.5614177152439412,-0.32761331387737463
-1.2783699006678562,-0.6157662944434333
1.0760716113104132,0.6954398965614284
-0.43542164158013885,-0.17055218190961485
-0.35019389965140063,-0.1861608558809246
1.0221772845247115,0.49259390159305355
-0.039113951487328213,0.046278809384914896
-0.8928152431963593,-0.4926930241100166
0.5634241778741149,0.42582870224365077
-0.053370265035620645,-0.18693185284616085
0.8590330631211138,0.5069393982399549
-0.4699661904658135,-0.22119676170798797
1.0741466415572276,0.7018098139387791
2.111742745007738,1.1463450649642115
1.1765828020999547,0.6254603574522632
1.0376448555670157,0.522147945318076
-0.6401726823741685,-0.3609814578156412
0.39837427350275706,0.23206719162041262
1.393006958617229,0.6993066038200976
3.091704162861439,1.599257410017442
0.7049512330854715,0.331243813348062
1.3292860760931986,0.878840487992711
-0.4001079308994815,-0.28764022317012894
0.16956773319322077,0.18369966790280767
1.6624265302148604,0.8377844661891978
0.39520641684827074,0.20877042977654042
0.26689279326581544,0.1899605904470524
1.585762978401824,0.7335539687502325
0.4205343312294195,0.301897097122115
-0.07243657874092624,-0.017049863579506937
2.1673548656167196,1.0211702929525577
0.36291646099530084,0.09484485069840234
-0.8070205702578068,-0.4686930891081435
1.2143443176863644,0.5710292637079835
2.0007242032366763,1.0897321795178736
1.424737471507062,0.5858230047214339
0.6545471481419606,0.5399467062192065
0.6474864410220835,0.23010576011209882
0.11177173445399458,0.3437669318733995
0.8103415800967845,0.24582508942628736
0.4812230252343258,0.2956305329338929
-0.7510958418258988,-0.3334685392031377
0.780272901143875,0.35283056378690764
1.3755353684434235,0.6917530026740452
1.520751570793284,0.8032826738983354
-0.41084446241710826,-0.16306963016663165
-1.7321589246403661,-0.9935688926921659
-1.3136541150430667,-0.8622357783616755
-0.6417739286201436,-0.23241016014333396
0.24040136623808855,0.029111430265896215
0.762087821249712,0.199186701668137
1.5307636419002124,0.7908339665040117
2.586160546096653,1.3238630494628612
0.4610621250104163,0.3141182606106264
0.4001289501595996,0.16366852144064162
-0.17659343779824166,-0.13305375327448088
0.10419640500298166,0.1872196933475278
0.39766459844660335,0.2603510321139935
-0.07748807316523826,-0.16816386262720945
-0.3349015898466845,-0.09284420823086705
1.6994462472847731,0.8709512802211492
2.2061011521883414,1.2495290188784294
0.8966387287410367,0.664702174084723
0.363879783908746,0.17617563217700744
0.3568760362107051,0.15565624594255817
1.808616859339766,0.9942096793594896
3.019167477693633,1.369464500079737
0.6507929940645807,0.4288967931821259
1.638398235536608,0.8591703548365246
1.6807121197303099,1.0076851620390759
0.910380297602765,0.4455100173282675
-1.1530912105999818,-0.6799814801479936
0.11289510229820776,0.04278279655528822
0.04471700896789184,0.07725135579953829
-1.2870625268041258,-0.6173987201935752
-0.12519327655903445,-0.0971657480706471
0.7569024219053836,0.4491694629404168
-0.7617905010797257,-0.4373925393464777
0.8646474408614109,0.4159164517580225
2.110961571718957,1.1894631674450542
0.5466087544802013,0.13865261217526412
-0.46923056971004423,-0.28427236555547486
-1.8988652814833211,-1.0160702051182886
0.318812684197597,0.144951790072874
-0.5376741678969268,-0.3756016526229779
0.7290050175065315,0.2989107361708482
-0.29814690772164715,-0.11280630992275256
2.521148641422738,1.2275320594251582
0.20185055192251822,0.2592020125228098
0.8258715870400883,0.5422793456317228
-1.17691607706206,-0.5069179695832267
-1.1100245808569191,-0.7100094320682323
-0.6497478160651255,-0.29840579526578476
-1.620568036837461,-0.8248343703546887
-0.38335354428427626,-0.07165501263112924
0.05097254590279221,0.05958913749987558
0.558033010121534,0.4765851752769764
-0.06337841464983301,0.028162172375817404
0.9049059974130953,0.5074701521332482
-1.7355470151053503,-0.9231610136636668
0.25292884584591346,0.13800883299269562
0.834238505672052,0.2346208532702892
0.6885100761685711,0.4293257851137588
0.9469872407647772,0.4611890355536729
-0.12851662557990606,0.06047785754775485
1.371037043421063,0.7695939504874385
-1.1001614989016866,-0.5237085203319488
0.3953895735266243,0.22197187771044713
1.424721186143664,0.698617368198756
0.9895997589556604,0.48481370348819747
1.3670765100848845,0.7597188920973216
0.23428773460901597,0.10633269417016908
0.9052588838328334,0.38887039117374295
-2.0330952414539896,-0.9153520366674841
0.1587863356506516,0.1361384292327949
1.0841317439444174,0.5923479008976568
0.7000224674886001,0.3806050685850038
-0.5037801541296696,-0.39390743313901144
-0.5274246951876562,-0.00979489402774314
0.47087914075011117,0.1275337036801718
0.1746561763126787,0.015342425482126457
-1.4299766823172124,-0.6909267256424694
-0.22553666654749804,-0.18468678576505118
0.10455107571936195,-0.059905355637807634
0.686538787937925,0.30175537444868383
-0.23272993026519012,-0.14966069547555944
-0.3643714801442627,-0.20746804916722777
-0.01559932607897116,-0.02463495667255369
-1.7326261347805036,-1.0180563178814332
0.7027775197898797,0.4727723715610735
1.1166191246098311,0.586937168145863
-0.5387553431508147,-0.3024272479808541
-1.7412397723114197,-0.7424054773864719
0.6453334678556238,0.4350445896197729
0.6811007121069776,0.2763177569779875
1.3507007731491802,0.8296615058338411
0.9789774764242758,0.3934028373706109
0.16171371589178973,-0.06502328550535916
-0.6084051381082715,-0.13917728888266082
-1.091615575257743,-0.49481751572947974
0.8487603406988251,0.222091244833337
-0.34633022747067227,-0.3162432448296318
-0.7659693840807269,-0.27767580215011284
0.8947141751056631,0.3608788177723095
0.27268719777243305,0.04429440470358027
2.0611730098894987,1.1542526311235959
1.5233384811321544,0.8546105769770771
0.6408294972067679,0.4672292128231429
0.6831082919825368,0.2711803149502604
1.0188877642580791,0.3601356592337044
0.7454832019128343,0.5376457362547858
-0.9185099402674028,-0.4936144580916471
-0.5932296260723668,-0.3637274541987484
-0.14498723236802472,0.012995461287537244
-0.9154722529063543,-0.5882974813950037
-1.3367166615322041,-0.6937810639347403
-1.0197759165840672,-0.5813108244101192
-1.096686228230188,-0.5049986555690823
-0.22444242469908238,-0.11568850477069327
-0.9521828753691812,-0.641298307149255
-0.24402567405741232,-0.07243692259226961
0.21536402052194079,0.12251821055606904
-0.11900603615356639,0.12304363024459757
-1.85965822166104,-0.9174927797757332
-0.6488667100447112,-0.5515529055925661
0.22099609076070592,0.02567081911240497
1.0171183453643247,0.7824754629637177
1.873888144735119,0.9323197000636158
0.4211057332557215,0.017576770580896933
-0.11033148555279232,0.06891871415797518
-0.5325563382369346,-0.24609026681712964
-1.2178692639221302,-0.3114412898692221
-1.1679375081453074,-0.6402669044418513
-0.05432694181672226,-0.060358153337156294
1.4489551528414557,0.6644353878417226
0.8854098145088606,0.37731367595649495
-0.1373773095339086,-0.0056018809392418545
0.14559206626366905,-0.06708520719134525
2.2661194350677167,1.1497925011450818
0.2582803777795568,0.11215573908169889
-1.5548989894181442,-0.7014222169297883
-0.9726152348676125,-0.5257655371811778
0.036535284591553197,0.12794896579658932
-0.26213169175680656,-0.13853346411836973
0.08868198806239505,-0.018549070408224774
-1.1088320882474545,-0.6205911142646643
-0.9897542849919574,-0.36356736839228226
-0.0782334464006581,0.046413724365581915
-0.44806975511365094,-0.1729078860884145
0.11464357438175526,0.10103993846210549
-0.8261472681475361,-0.47931844207201757
1.0038175794019708,0.5604306325998224
0.8920751917777281,0.4355033015528026
1.1106551313301352,0.540713122200034
-0.178382694253453,-0.12377745786006347
-1.508526079953376,-0.5950042434001315
-1.216022360635523,-0.7574148689550371
0.16698081630434247,-0.12628152888734456
0.6440057807572712,0.3445118015072304
-0.012030928032388533,0.014516617367098653
0.14832386760563615,0.21523710641257418
-0.8121330001693974,-0.4824535579832261
0.39953782954199574,0.2891462779548193
-0.0337458966453405,-0.16993726398437867
1.7439472589995062,0.7595735587224465
0.08848596022479271,0.01915789896753175
1.6144936716850147,0.7678818027777727
-0.4360178542987527,-0.16953347191436435
0.5038544595444192,0.20979231637083226
-0.3193665864775304,-0.2957334582597948
1.4141698787026702,0.8625903204897906
0.06505098019408118,0.10440750985709606
0.1030151346008491,0.03387377339995706
0.7383431803778877,0.49836508665073553
-1.3167482312167347,-0.7331089710167937
1.6102111254327913,0.7586375865104593
-0.3358928865510278,-0.2043298179019792
0.5619700431705003,0.17712220124175215
0.21793869520601236,0.1729159827941499
1.7404494412539004,0.8242754227800357
1.041472157021732,0.5915552649220334
1.3815060072253966,0.8122798272257444
0.8494504203685089,0.4967648199326763
0.3862940838093904,0.11489945594457993
-0.8302428735282832,-0.43303284008470305
-1.7301923270851047,-0.9149225038699504
-1.6698901972739666,-0.8352216787154081
0.23276220260072644,0.09110748089278281
-0.1508312223263237,-0.23761354775934773
1.1909932178556166,0.5003866710086229
0.4574273270353737,0.10836421662924713
0.2510115390710969,0.044086933196512426
-0.7996396050896326,-0.4197789591880588
-0.4826582542914008,-0.37812733745736454
-1.6604671800405515,-0.7656036523447773
1.7994601746738015,0.963393386503495
0.6005209904845465,0.4015332688354965
0.1268669665021569,0.15117679281502727
0.731563768382116,0.3302684656220506
1.47023015207403,0.8415890046244878
0.8338391019152183,0.5063194721965929
1.0230455377768513,0.4963205233885389
1.4717302759988597,0.809373360809315
1.5926733173898242,0.6067584897679315
1.6006771599840384,0.6349254724961704
1.308325762451076,0.6634414901120208
0.30210387124568344,0.16627777271060135
1.010222705799446,0.40300967973632723
1.233631539700113,0.8004081833967838
-0.3433478707642147,-0.1309543199547144
0.5678554370827326,0.310622990659189
0.8835368224680757,0.2761657070507527
1.7070718383801402,0.8240288721141612
0.2194393991485133,0.023374866884927417
1.3806011697496687,0.9538678633769875
1.030864273552011,0.4095724602539255
1.046560000496906,0.5332649158310462
1.5100194824248125,0.8044787192270274
-0.5404257797898806,-0.2596407362846493
-2.1070473745119256,-1.2011442114389086
-1.1932886515017986,-0.45734251774187046
-1.0372239520168924,-0.589803454618641
0.8492166958067836,0.4448823382785106
0.9121653848909219,0.4833920276762451
-0.4701346308522858,-0.13107208254321795
-1.0951828100968288,-0.5970138723347215
-1.250394960096084,-0.7430748820973565
-0.49689547880965856,-0.03448239705711176
-1.2742517976488543,-0.5772403870928506
0.022793749386083473,-0.039093661731901944
-1.309870326003439,-0.6019366640918089
-2.712362748373383,-1.3642500922052987
-1.172343032322289,-0.4549316175164444
0.07633304302389365,0.14561383895427205
0.9945171036344794,0.5458022679672705
-0.31115816599932256,-0.06172157031187153
-1.1358151855099818,-0.748764181621628
-0.9309207597458959,-0.48149227914371046
-1.5934924150752163,-0.8988476065056968
-3.128611587718401,-1.6164472897956552
-0.8837949523873773,-0.32450925807942266
1.0682614593050515,0.5510880994779388
0.817689553872653,0.47106008114709935
-0.6872403094214307,-0.4581770156771563
-0.0707188703261335,0.19700176727714022
-0.7890937293102367,-0.36383359899016837
0.015087319871902094,0.024364909196211783
1.1481532685740408,0.7133995067483484
0.5375932285824311,0.4257563420818315
-0.16386392717402237,-0.15912597400798717
0.09103772862318307,0.1117949976754635
-0.22645326081086434,-0.1528887828592639
-1.214491404146821,-0.46803782328642685
-1.3112615030652428,-0.5390267201387323
1.4874101166956057,0.7382167884050186
1.9850813461475973,0.9643946540729608
-0.879319510540506,-0.5526080308617394
0.475263011760655,0.13856958326747634
0.5091306146722572,0.38034960234601833
1.3399814930729663,0.7910642168537455
-0.412645289655983,-0.23105139331551175
1.013000106699788,0.6508575736275297
0.044569320131403356,-0.15995847716888517
0.1862425147130275,0.20640052334762898
0.9513478164804828,0.5069101801131306
0.9646129954381133,0.4598661260831506
0.0496351338873835,-0.09046471765226188
0.21398806582504049,0.03534439801704668
0.1415357661916561,0.020093559143413486
-0.825774138830637,-0.4351542966416355
-0.10341960991083271,-0.298681470050161
-0.7396249184605629,-0.2695371102115641
-0.0012393954754619796,-0.04649226952543493
-1.3333432067113058,-0.7445278991802997
-0.5452170291741657,-0.28860808654316583
-1.7833288569400998,-0.8163989690309155
-0.7186148521386609,-0.42283639792236377
-0.046681630923014694,0.19441469566520078
-0.4755463216911392,-0.07220065924233288
0.7346289731267246,0.23879129483603928
1.5808649000954433,0.653177831393702
-0.2794198311002024,-0.23054264826565882
0.23991825362251423,0.10297192101676358
0.24503370505318262,-0.005752360960391528
-0.0821677010638496,-0.1641451848864754
0.5597999593111418,0.3629230443352568
0.4156624979421586,-0.028379785331213103
-0.6825160818849534,-0.16176610755911747
-1.0709504016215383,-0.5201489869239805
-1.018154638652848,-0.6094893325770345
-0.5809638865726109,-0.32630509487560394
0.4445814824459387,0.34845907726330605
0.2305871998900857,0.20656698550165797
0.7903554998035884,0.3796022272096976
-0.6444151848954203,-0.2811969998237649
-0.5972879761460821,-0.1153892996654402
1.18073371132341,0.5815678027753612
1.1444589171318782,0.4960299758675468
-0.12222017796743667,-0.2002657506479906
0.6358609986369572,0.5193901429633392
0.9899389909916632,0.32946816819117813
1.0582358524216415,0.36571862780057607
0.9807421430632184,0.5716659858414493
2.990163164187568,1.7685860368903439
0.9248971035684553,0.3819781942760079
0.5917510156374703,0.11296552624423617
0.656929059937361,0.30332165819106677
0.7435147020971773,0.15092522009310727
-1.4502924788239144,-0.6479902979854703
-0.2591762721511733,-0.17024346212797992
-0.6052651364030748,-0.2993257726084283
-0.038910122851356976,0.0276265805661004
-1.18079980471853,-0.4807992743077568
0.5128850204676945,0.2820770499805296
-2.194704191826947,-1.0214400894693954
-0.24846367203901853,0.03781450869804254
0.5710013491652395,0.24675728290877053
0.06731813059686836,0.036541290781220696
1.0572866985488707,0.5667368290099172
2.4754334893322354,1.208881341854423
2.269703906233207,1.2395688445013715
0.4358169509356718,0.29889093735201305
-0.30860286443776175,0.007977063055703865
2.2385494013170257,0.9615780684956614
0.22305082454556335,0.12870144129298158
-0.28375878052034065,-0.08978585520268895
-0.7407770073965667,-0.31442720233107346
0.7636417822241791,0.416863035592022
-0.39116487114746856,-0.1524609893801426
-0.0029342631545944964,-0.05499460882484622
0.3289152405915489,0.2607703562220224
-0.1072942740696291,-0.09641064624661777
-0.13293597157881182,-0.024000738718829774
-1.761827952596119,-0.9758966169723157
0.6150036498975394,0.21051154422239937
-0.8110749718696733,-0.3403563632477807
-1.7496273809297633,-0.7630141371715701
-1.6077853931983128,-0.8300149541118383
-0.47851218075515656,-0.31825487249972756
-0.5694878244742004,-0.2412983846568778
0.49855633371850816,0.12590755462945233
-0.5486216839451011,-0.17874767595436664
1.8026363308796223,0.9173552214922315
0.6017633785060004,0.37007479982027175
0.7275201977933958,0.30726836792532286
0.22369463863919292,-0.017718756210161668
0.45536694954674223,0.07396243842993591
-0.04535417366728506,-0.10197354522170472
0.5408902909076452,0.27338609127042235
2.5348629866228114,1.2956508822300539
0.22493697201215745,0.14079143061875718
-0.8797155805612692,-0.5285510786058265
-0.5175409228244227,-0.23546686988050355
1.1978269259666265,0.7215383379685133
2.343264359062284,0.9955748602177684
0.05526678492870818,-0.01935024116325399
-1.920959886070896,-1.0311521080868795
-1.376349418358295,-0.8252328116795461
-0.45927669111459996,-0.17746543735224876
-1.2144189651347725,-0.6954690349097153
-0.8644554122345227,-0.5228502532455122
-0.8285596758944951,-0.4846014389668235
-0.3738047646681409,-0.1885155435078311
1.9352439558589989,0.9763076233483706
1.9895988586443951,0.8619740828397879
1.2322534265113316,0.6511199285218736
0.44601100720285336,0.20783592302005313
-0.9826989476079512,-0.48408247820504663
-1.1438798700163662,-0.5692598999221548
-1.3626258285973214,-0.8190827119252607
-0.8864158518892478,-0.5345600323399954
-0.3823299166960864,-0.3448579505079731
-1.402740414189172,-0.6787372880431015
-0.12341452874203307,-0.00148419417213351
-0.9608187758071237,-0.4539829979306735
-2.034682289745928,-0.9968355177905229
-1.0631537232989843,-0.46389844485425136
-0.6768437028048647,-0.2625686048095418
-0.6543272266352561,-0.08639989073384105
-0.7743069698593044,-0.31434007405349385
0.3631498807455398,0.2961580309522352
2.064841454642966,1.021328354377916
1.145955937329703,0.574613364764639
0.9239101542641305,0.5337477325959353
1.2536779145006616,0.565385659605762
0.2994195855355414,0.17509302577001126
1.0668538371449188,0.5501965755609033
0.24715118024800203,0.17037377932830478
-0.29208016517056384,-0.20084857783899993
-1.8213277336337181,-0.8869123513784456
-0.40285730973647477,-0.12611500178333854
-0.9893264227109486,-0.480037578637526
-0.24214681362722745,-0.08939511577410947
0.15500281792593837,0.1317136646749561
-0.4455704599548982,-0.19770728761268527
-0.18871613053895428,-0.2049314626434104
-0.02620302069309001,-0.09212705362566659
-1.063077816628329,-0.6242918578609623
0.3487713023428137,0.3264509565135102
-0.6363705793843408,-0.33670721115559193
0.36321026954076147,0.1376894856657451
-2.113361072222726,-0.9089601698518724
-1.5943638563792262,-0.9280989053180694
-1.9125981405751378,-0.8915394392323341
-1.4979227081022195,-0.6823879393104411
0.23241655659275617,-0.02331990379311369
-1.0861985446981304,-0.5448708751243319
0.26344117455813176,0.26876750834605123
1.1763086775491336,0.49398859038600124
0.6183550625960555,0.2840023495020706
-1.0457231483860734,-0.465531304276727
-1.04438283125217,-0.5080450429844191
-0.8616408513671168,-0.43545133925213664
-2.674392906974138,-1.383591617933952
-0.35586587248982116,-0.2032967724359023
0.11405490817797365,0.2834577693177067
1.0778395648013128,0.5239860514861377
1.4276142235787483,0.5136998124979607
0.6312166868082378,0.3323722281272478
0.673010865896869,0.24381821773880014
1.409521250999311,0.7535498227018026
1.6244037017204387,0.838267885532958
0.3601802370356437,0.20942153782801667
0.3086869003018845,0.23479517594910654
2.0482098476400075,1.0770538896426192
1.8049001338751667,0.8713466056012827
0.4124047336258106,0.13203640741362915
1.2963758582980014,0.6693041902031394
0.6683052945367812,0.4084666175408354
-1.0050330722286844,-0.27318687442655143
-0.48600170826338107,-0.26624400576969515
0.6811567552667361,0.3712820122535753
-1.6605475493564927,-0.9282651518102326
0.48486761156456437,0.19868143685117795
0.5194739162777134,0.20033376310138523
1.6626120191184905,0.779746871124421
1.935996141980832,0.8328009693703559
1.4242598334757175,0.5307971194069864
-0.03455974490161828,-0.1263356722813666
0.28963087206986854,0.2643023298043728
1.5812968029392331,0.9253907169176785
0.6494244543572847,0.3978623494872886
0.14833283377399048,-0.06736482205895947
-0.16807830664549575,-0.1886260158584814
-2.6779363983676037,-1.2054010660188992
-2.3725214104972783,-1.00246144225057
0.48265878754470704,0.2355776512438062
2.748187752293017,1.4813553293052082
1.4601065264397821,0.8481423119467814
0.5780630735565394,0.0831176146343616
-1.3638174842937767,-0.6459497803220513
-0.5949222087447622,-0.31101249625747285
0.49147431573717315,0.13383412485753313
0.8754152769133839,0.44169681772843483
0.08742286596076188,0.14576480221403357
0.07225574922704583,-0.032764009587872234
0.6882169733633509,0.5746444607671293
-0.22862597429941645,-0.08277802507181639
-0.6510822817851729,-0.24124958545555503
0.5305913227399108,0.11477783608342682
-0.5581506816485757,-0.22968104674333023
0.7245358943903177,0.3332560449416165
-0.15566056969078762,-0.08477980144097502
-0.8238566619595223,-0.5128492980125704
0.6555320487560047,0.3765908714092622
0.35636614124845656,0.25459902607780965
-1.317076053162669,-0.6070391241457417
-0.8918478832742041,-0.6528820300562399
0.8483466751170012,0.46852765121973755
-0.13964093576950581,-0.1903084250743402
-0.43097701921175136,-0.21249482412536252
0.33083135643655903,0.006874627934110866
1.2165703166788906,0.667016383953517
-0.08929881856598576,-0.09930142779931456
-0.6343640465333489,-0.3668049453081541
-1.3440790448486608,-0.6193457666251749
-1.8410928526451242,-1.0602807120023545
-1.5501346026323848,-0.7640488073964958
-0.23777240976197261,-0.02222153581282109
-0.48230654119711946,-0.20324172582835437
-0.5381733011401953,-0.4013259832949107
-2.0867974891694785,-1.0621981033580519
-0.7653892097592486,-0.381907074081753
-1.331943853222363,-0.7426786977684171
-0.84986701406914,-0.5772420571301807
-2.809044824737388,-1.245339204375512
0.1582947441893644,0.23362782934281917
-0.3128763890226508,-0.22130254793338383
-1.8063502769391309,-0.8524913195850294
-0.5408771657731106,-0.39046955319988935
0.3717171065352364,0.2255258606584256
0.5019161417372022,0.11156422160512741
1.3081198277990134,0.8561088850023564
0.8623484108083123,0.5336666543530911
0.8175404268548636,0.5670699096264451
0.09700932642797216,-0.05301710521864138
0.12301692525031252,0.08174548828063855
-1.7241455635157112,-0.9469407737037122
0.7407309698271154,0.37724937612516696
-0.9251399910699851,-0.28818648924765855
-0.4007270065148479,-0.44270678832099764
-0.9018415845124619,-0.5316158504845594
-0.10488880697650926,-0.05258501505668413
0.8734986270462125,0.4317592155311015
1.8804328930512337,1.0783623321873113
-0.3695169053276658,-0.3084409868993735
0.6340998181576475,0.3062736152043062
1.2945635586177655,0.6998116954515848
0.9710953872029504,0.5876399051876837
-0.13456976827933387,0.15591500720643717
0.5910037877275838,0.24850243010598433
0.824184095810748,0.4632629615468346
1.8256185270925385,0.8891207342678935
0.21338197085992494,0.06815404907333938
0.18159462298034265,0.13843719355527317
1.2687509792798723,0.5975406218125356
0.5000172952262041,0.287970022234329
0.6503234207268622,0.5050783405638612
-1.4070117679210594,-0.5918802279555849
0.012209050990513282,0.018048633429309305
-0.5028082250740021,-0.37138244308696305
0.6129629394362149,0.22710318373965302
-0.5184321998296393,-0.31438716294537405
-1.518631354781013,-0.7596224530484194
0.8868942480938622,0.383948761325804
2.826577890586723,1.4771265707153645
-0.36535120629362305,-0.15213780997901644
-0.46503883190457507,-0.2552529493019285
-0.8567924220443306,-0.4709765170602632
-0.4743480601805631,-0.3183131211756232
-1.286299051709558,-0.46790702304814713
0.07461430880818298,-0.06315771257651466
0.648632456036871,0.2848455275404904
3.1520478025992213,1.4764883008592287
0.5659242700022916,0.20621907531049438
1.6901871794154804,0.7449043647703497
1.3495106913795132,0.7140025207657428
1.0582699144255685,0.5133172202077005
0.29425565091928796,0.15498891280007623
-1.3132327021612344,-0.5056645155150863
0.2606471507934164,0.14063526566714307
-0.5524739500163862,-0.2474102686608122
-2.814521562294828,-1.3259609953675027
-0.29062768444024367,-0.1767944821510692
-0.7216609489363844,-0.359603182867993
-1.8715395071861898,-1.0478190656756703
-0.3534185054026254,-0.14487115884892132
-0.53998178691517,-0.27939484527708774
-0.9298818077182744,-0.4366228302368467
-0.8900551573147385,-0.3721535167886936
0.8120438409039785,0.44318257679904016
0.09614654736889477,0.027613081270573783
-0.42998981511117224,-0.26927928629489806
0.971115234569049,0.4160168744293684
0.23187753631399932,0.1518695987938789
1.6636945428418006,0.8791817193389355
-0.4034339395041431,-0.16429515033333092
-0.06532186695901801,0.036192308555548766
-0.21028095297225863,-0.23359779619595322
-1.0906388663768969,-0.5158172907108781
-0.6682894720950344,-0.31952780823187654
1.639280880738724,0.8335546672469153
-0.4800446476812301,-0.4448920593370099
0.21411262823566363,0.05077490962957604
0.24167087772300094,0.23929940415555828
0.9142019316811716,0.3752575068546874
-0.5595010887520337,-0.3615120061112161
0.4921752185209951,0.2838046095587311
0.7335478859603595,0.295708315219415
-0.13858615059047397,-0.1263441014793648
1.3612338438855398,0.6779832780167311
-1.3845413086909375,-0.8070261248715178
-0.3135225628525409,-0.1382387147595162
-0.16955985911859436,-0.1719117947410692
-1.565830997747532,-0.71616729730632
-1.4293182293372417,-0.7610041672257543
-0.8286339276388419,-0.3923923928808149
-1.1016202591564694,-0.7426153117229016
-2.0633061867460474,-1.1484049879014677
-1.2615357702873888,-0.6990516269423027
-0.24079920479973743,-0.06669623485096465
-1.8667909007477457,-0.9768194428927547
0.2561687341631931,0.18524814730129757
0.9831570423694982,0.47413671091420684
-0.8778582686091989,-0.44272078032622575
0.27761839904589225,0.10181636080174045
-0.7558375086779044,-0.349470199495905
-0.2464807794890743,-0.023655235205442535
-0.6332061930906224,-0.277968321389928
-1.383794262476374,-0.9520869196326129
-1.6634392369497923,-0.8318609138791028
-0.2532232001332061,-0.18846344768937992
1.0320495321605383,0.3503933199678998
1.1538663989698268,0.5239146424016082
-0.33921707802071777,-0.23519263324466994
-2.1383751109982065,-1.211632586965794
-1.9248198734956126,-0.9968845079732152
-1.4067879367313538,-0.6395993883628069
-0.13296219970023282,0.005896462780090345
-0.7182449993514827,-0.24705821009990137
-1.764090665372461,-0.812957845896492
-1.2159880565325163,-0.5265606283893897
-0.9813620297404894,-0.452085780252915
-0.41685762545339433,-0.33957517922074554
-0.6632264849469934,-0.31432595849071804
-1.3381804685704526,-0.5705389731283734
-2.071400046756737,-1.1836552475653797
0.1574789499285565,0.058133488713906174
0.16147435677530422,0.21312072597813542
1.3275627226005833,0.6717603451632543
1.5672208113251496,0.719608621746818
0.7780268766518068,0.2672331596353572
0.033790803359685206,0.018907078756561006
0.7787912836348042,0.3492203859483869
0.1229780118246292,0.1298772373149774
0.5492950882176693,0.2624957276870748
-0.3703944419672128,-0.26831863176097337
-1.3828160252044932,-0.8931742743448775
-2.5251977099525633,-1.145909480648473
0.3027698997363012,0.10190185427037776
1.9933484031135555,1.070837598042999
-0.7223817432027423,-0.26581877941309334
0.27178858544003387,0.1624014672496359
0.44621285881796063,0.08056704692431915
-0.47041932998352354,-0.24817993855560608
0.23866709029774347,0.06898821996381063
-0.05862869066410337,0.046499976072053265
-1.060959507601166,-0.36532049494574587
0.5367106379845034,0.2072893986661663
1.2685255688529609,0.6807038620646939
0.4152810878800839,0.25755813654637727
0.24834980205586848,-0.05381646182077002
2.3063076798525364,1.0900676943349952
-0.08970086151969625,-0.055478746690413944
-1.6164551480494556,-0.7692419508171919
-0.4275752915202456,-0.09474892692695676
0.17408964201763028,0.11142744765156126
-0.25568420459027597,-0.21857129279801257
-1.4020717705493488,-0.7616722521653204
-0.03217984650606587,-0.03132545292063082
0.3551489863868532,0.3139671574883931
1.579225462215002,0.7389410188099299
0.5411261083089561,0.265277567852947
0.4471368020531737,0.4942987634401682
1.3688950858646274,0.5954770394181406
0.7339457380248974,0.3775046473448748
0.4100329265599411,0.19387812944609856
1.3300693182725971,0.5940175471827991
0.7651076611445675,0.25222053173902004
0.7010033391720184,0.37061206760439613
0.19939321150693518,0.24913677744544319
1.298811806755034,0.6302478996938246
0.045418471542162386,0.019048976532053934
-0.4084514356407902,-0.3070514303863577
0.4065098878804332,0.15706653312315982
0.4887109737800054,0.16287241767189986
-0.6948796836482352,-0.40196947571074715
-0.631948825526583,-0.444214837413485
1.019118785395694,0.40754120049117576
0.5075814259084874,0.24713516666471097
-0.5258623220878036,-0.257080870608798
0.11916730219905713,0.12317047196227243
1.4284736279690506,0.7090438709225407
0.22416726628127265,-0.03266819546561364
1.7704067515915927,0.9320728565957751
0.48236305545380276,0.12650060468674262
1.9523047794053068,1.0836703934985759
0.5493649115753656,0.3515620683454698
1.5213658879820824,0.7497663636702349
0.43159537736860387,0.19658825070446745
-1.1220208744121698,-0.5545134605813302
-0.7160589929187935,-0.37697868038394083
-0.3108569649977877,-0.21331440732148926
0.5296149760406528,0.39636449406621965
-0.25501580222883846,-0.07576299453113292
0.5564434654630284,0.5824727016243987
1.2857074835280058,0.5817816753036381
0.03585517836078389,-0.08997699493614089
0.3034194889218427,-0.07338842208143295
-0.3395051176230838,-0.22439129946228512
0.36416682145269186,0.1043827313363821
-1.5729869893646313,-0.7770102659685759
0.5096761357254588,0.21884818718147614
0.2933302855710975,-0.04494045905729427
0.5958321123642909,0.15840311967349002
1.905631471918607,0.9808677557407136
1.4163245475935362,0.7416005208537971
1.0630084813878797,0.5443252050737931
0.7302882623162612,0.5158726830285746
-0.08703738702209562,-0.08957193082891965
-0.009312308371737403,-0.06470606618094912
-1.4578279715448608,-0.586005972584062
-0.6850441146822276,-0.2991183377790333
0.6160581856799391,0.1091982085231687
1.028441188826697,0.47285120108641504
1.2984205768187518,0.6537735876910526
0.6891494010979197,0.40282773783286224
3.3028403108104256,1.5306641343417082
0.4299106402815524,0.25993033020186146
0.7205336682446153,0.335360757074259
-0.9701630111901945,-0.6512606536371343
-1.2997338794847622,-0.707232847944777
0.5114520530153687,0.1854166380502725
0.8536776781075753,0.4848092152670689
0.7058131122947859,0.0023049056273826696
-0.18775431329650344,0.03928713556579466
-0.8375374635979944,-0.3621161135177525
1.3927166461625773,0.6160623464065554
-0.24493552071407743,-0.3498923969630397
-1.0240881059859355,-0.4044675623586763
0.15049845864427291,0.1321855499074138
0.2903255592914048,-0.12741622463534408
1.3687252218309918,0.787418695422738
0.5526403821984939,0.35579907045104037
-0.31407778127576397,-0.1866369782980173
0.33418989607300936,0.22791342640724374
2.2638041221218255,1.0803264169808113
0.20133570163517778,0.24810742592301013
0.6493582889397869,0.2513934124539617
-0.6136801326081273,-0.32864789186202203
-1.2304770171493447,-0.5826505154285204
-2.3710209072863124,-1.0762554905259252
-0.309872586183207,-0.0864395501392133
1.5636511266706432,0.5345033477188925
0.7686177790243739,0.36452751618236395
1.6762724911701943,0.7044178039520576
-0.19176240861927019,-0.043010117509939244
-0.28019768290771974,-0.17396431830187545
0.13741561238676991,0.1879509840245865
0.6336469050571855,0.2567072230823469
0.6887344719748967,0.3827064338792912
0.6930286718755678,0.4293418849797702
0.34830575976912104,0.28753506392259315
-1.0970042954796144,-0.6235500903349209
-0.6182548375547924,-0.3202721995170717
-0.2650026767334899,-0.20071876883047388
-0.30379728019040986,-0.09388238963916107
1.0500527402723872,0.6070895007885087
1.0738228727434782,0.7960958119007171
1.1177124798642,0.5302842567364374
0.9821416686342332,0.41903707622442127
1.2396357237289974,0.6685411290570469
2.3272599328520855,1.3693889090163212
-0.6692299273880796,-0.5021472973850003
-1.5689928125019006,-0.8169644782755533
-0.4759366177216409,-0.2092925462132039
0.12463390568439092,-0.08410792834704092
-0.3990819693239419,-0.20760232957507804
-1.1676782472317107,-0.6344322093098528
-1.7159849814085246,-0.7581572811550693
1.0694467110616828,0.645227024548776
0.2631238404415236,0.10844198715271665
-0.2315112058487906,-0.3417107540730005
1.0437210988730095,0.7416447180246457
0.3080452796091314,0.30137005233537306
-0.6906009627577845,-0.18726901759068984
0.9959871108518101,0.6906989001202976
0.3773794702521621,0.06960402481889874
0.5840958708643934,0.4106730460202773
0.26758647811684466,0.17837441946641444
-0.005434193212642796,0.09998032716880983
1.9006857247883349,0.8910344382506582
1.447390844024864,0.73540290479738
1.0778434811143407,0.5695615981075308
1.5554476054693547,0.799092308351985
1.1889557200103422,0.6702202409599287
1.8053700119027185,1.0256961701599057
2.3830634282729126,1.2495444881986149
0.23001852182317983,0.2161799173323115
-0.5038237219214228,-0.07815525886804858
-1.2626282651458638,-0.5014679766945506
-1.1927311757258403,-0.5115941153551096
0.28235501309380295,0.29135325438210136
0.06909290203881482,-0.09088411869442158
2.0473498306500995,1.0446551261944634
0.24616420090687519,0.16357906477278955
-0.4598100336034128,-0.3012490243847088
0.4210071283078268,0.31242548378818846
0.07841035232594035,0.1260175293531118
-0.029597448045109248,0.023175858064023884
-0.19724816021250566,-0.025867104514680814
-0.14611113200275117,-0.044243933564073384
0.2277715574934568,0.16250188042478803
0.10077454671977329,-0.10073377474559135
0.4499230876669097,0.21937148973481768
0.635050783056158,0.30785826558465845
1.6565630253954273,0.7532205350493537
-0.6628296220544595,-0.39430162384097667
0.29253954798129783,0.15764082388742878
0.3349585541059473,0.3765877398238498
1.8090577503794194,0.9100006747881837
1.5071256190223243,0.697810324460027
-1.9664799550136938,-1.0493298127463362
-0.23670599407746706,-0.06867510377059959
0.6692124803199998,0.3477455850756821
0.8369228164308715,0.4898988101485677
2.4971036512132856,1.3309125875149936
0.7089706833926224,0.44191926157413863
0.3955899531416128,0.3284507803772614
1.0116683635567265,0.3258274472804873
0.11047011077890845,0.05767315386428923
-0.27084396021398227,0.08839473380124524
-0.5959731212673607,-0.33266088717606335
-0.366249357315229,-0.07503202460950568
-0.6439064632851126,-0.38076031543792294
-0.1506196577005443,0.037223376177349
-2.075236544814125,-0.9607187499415483
-1.2380548961989661,-0.7189142426764665
0.2278465409623397,0.1730532197086354
-0.3506743317330693,-0.1400303004166119
-1.571455263585416,-0.8048936832675769
-1.183970767161575,-0.4856325635570683
-1.4586467886322514,-0.761272882539465
0.6941839550034214,0.35267094860289044
0.06635363813940531,0.11984386314267043
-0.6998843812416589,-0.3661840496351979
1.3723479149848703,0.6854077847462702
1.8261941130343426,0.9084301464934554
