0.39380551843427747,0.2391337120917014
1.1508689659057525,0.6316386979048334
-1.1533332560411211,-0.47016429703315027
-1.9346980678796561,-1.0479674992773738
-0.7471956298921714,-0.5370406989897768
-1.1846201377681254,-0.2756196396785736
-0.6392475521109863,-0.4239498171790456
-1.0003668635365146,-0.5474452875489653
0.445982786831737,0.31904658868100144
-0.8524444747800937,-0.5003113307410368
0.15333658470848466,0.05704344734638786
0.5308657491160464,0.23528095899117255
0.489030270359483,0.3010136499295551
0.9550784091660396,0.3555046815867434
-0.3754090188705155,-0.12502701702079355
-0.853646797163035,-0.4630714956836945
-2.4146102759867993,-1.0802253018693375
0.19464654107585,0.15535063420293022
0.6574722069811085,0.3125306217211507
-1.0083667233436302,-0.4181395354040103
-0.5103675009688409,-0.16027450440563346
0.6271998208386571,0.3600482643904913
-2.7032561533815826,-1.4052395642562574
-1.5693530443437549,-0.7128254882536398
-0.7983301176124916,-0.3926052286461849
-0.5722124536804534,-0.3157219282950239
-1.0841048196616674,-0.4892819923802961
-1.1334346804855557,-0.5742882113801704
-0.230595523597444,-0.03357350154807569
-2.354576496429455,-1.2471264316488204
-0.06841640610585153,-0.08348569712384492
-1.1814030145639993,-0.6433116443041071
-0.061793606204901264,-0.12327685375351441
-0.2869687753360609,-0.06091881479798858
-0.17258674414385422,-0.10585716666855491
0.6173514915762579,0.2807477844740109
-0.2955018428960668,-0.21206462720358255
1.5092022727949315,0.6165862684278687
0.5165601967418499,0.08602930146279378
-0.4591902612722098,-0.2992005829694529
1.3813034669028048,0.7075556268508065
0.30591831791193563,0.08529035644028728
0.9542622120021003,0.41385793029277185
0.7001955714983632,0.30789513101926314
0.996551007258498,0.49899742196571684
0.1803190515463396,0.32334449133214005
0.9043391789535006,0.4916401501609193
-0.33648888598794946,-0.20320805423521887
-1.909954049928417,-0.9879405940942605
0.691444609510121,0.3649235563797498
0.5511104837376148,0.14370614985955837
1.3722060960640874,0.691784270111464
-1.3464579120797848,-0.6850424211921199
0.3929830857255622,0.14540223163748522
-0.7547032213785159,-0.3325487865183698
-0.15329947289651502,-0.20180464883245755
-1.0527520333228129,-0.3255602372820473
-2.056598036142289,-1.053113877080623
-0.2672095456413167,-0.1892097280721383
-0.7805053679618904,-0.31537888906012096
-0.7787268031440431,-0.559885656753682
0.6046148374626181,0.31971204945522996
-1.451299059574823,-0.619082576550959
2.0938805049583484,1.046911710004205
1.3503067143606506,0.48434295248677894
0.43596229526856656,0.3359374516086654
0.11204383372892929,0.08540214752491518
1.4605219965352907,0.682328161862779
0.5862723200005939,0.25393241618015994
1.8176553751521507,0.9442486050283146
3.339477148592387,1.6870642996931051
2.1961023946937455,1.0887224313923547
1.608263349161628,0.5780424927027914
2.643824722595339,1.5177354014724107
1.0493323330147035,0.6812752516048293
1.7693987370380766,0.9931084188488033
0.9999153988230445,0.5486635080465545
-0.7108457103981768,-0.46295195872412587
-1.0263219084381825,-0.686534658848062
0.5277845808748243,0.21437538732157851
1.5127692809524027,0.7831919180464972
0.6117336440701721,0.27358131151240983
-0.41252173061942354,-0.23834610085612057
0.0030758362565690978,0.10158239869380638
1.4653535880410207,0.6170044956717876
0.672337143603966,0.4156134113530896
1.6595864135564276,0.8443613448452278
0.9784058936449187,0.5208938041132533
0.9584424703461527,0.48953722853770265
1.0831622099233984,0.4647045856548536
-1.6379579389509131,-0.7695842190565001
-0.8337692520263181,-0.48444844463681125
-1.4123592355570058,-0.48071686930877905
-1.3838811227266086,-0.6810677403562191
-1.9523124564142738,-1.1153316299429255
0.039288375218406,0.13580179026759362
-0.1949110166963299,0.03514140213084181
-0.031799551533441536,0.043774734355507196
-0.7446421255344243,-0.3769428502808383
0.26954214739405224,-0.016963239875110087
1.006861893935568,0.4396748190038014
0.653950833832126,0.3988006767271629
-0.6632462451071294,-0.29560215655529143
-1.0415947185926533,-0.5595592216859699
-0.42842389702826345,-0.3451407883174413
0.7481477256322929,0.5131478358462441
0.5974250652389466,0.12839623271758926
2.096622972435958,1.0977277126078784
0.5901453781154979,0.47453334348682463
0.7668250697988817,0.2337961134853084
-0.3057426159700038,-0.28111256377569444
-0.5103867481930073,-0.2837430219515034
0.7225055404811345,0.3634409819506859
1.486653936329896,0.7189370637127329
0.1515863191196224,0.1502537994749043
0.8761884049505582,0.47658427192058334
1.082797542703262,0.5495168374059621
-0.34970490857910463,-0.3549009290139945
-0.45176952037039364,-0.35573875326037174
0.17365420669415382,0.11562295374507749
1.5316070061825797,0.8074702716785668
1.0399734164712833,0.44734466255995003
1.678025874637374,0.9341149519935452
1.8801875957504572,0.8693863991447798
1.4738967544753443,0.6043647170758591
0.764072263222913,0.4872685907382386
0.6591475212122442,0.29794982166909995
1.5428785742709734,0.5446748048099422
1.7561819033399684,0.8774419528980274
-0.5065118274569248,-0.16410325501053463
-0.38677876174082465,-0.18369713446761796
0.9809351524803092,0.42460510015001895
0.7367364107955323,0.38793379823644836
1.1504268808434452,0.8227183501153214
-0.5207079400172562,-0.24011844632666746
0.0765960315986069,0.03962319812043456
0.33663035717545375,0.3051864395986291
-0.6063617596814171,-0.32669327402795434
0.6711693498385969,0.34246903324870515
0.2143057920411122,0.13565343013922013
1.8128398918625952,0.9828294138839392
2.238631471227972,1.2379633214903847
1.4897561594653106,0.7819363795990348
0.3606607922393328,0.14667853421983928
0.03276478950281017,0.14800602641267518
0.4763658675498672,0.22426541340153822
0.3477090939170688,0.22476204847568607
0.9758225991356841,0.40919989493523456
-0.4315091181710927,-0.3273700399875974
0.5909812849437615,0.1325527408920664
0.06770301498303105,0.03640707323259322
-1.9446545710108623,-0.7271521036886367
0.19464319904709204,0.06615814560713697
-0.6647765999896404,-0.28314959092187897
-0.725150883635395,-0.3071694013672954
0.11654284947476112,0.10052742938314038
-0.23813613442779102,-0.05554477449747232
-0.17308611132141283,-0.20217848159170915
-0.2813136199382676,-0.2878981730840531
-0.20215706113249574,0.06896248067951842
0.34126443201924034,0.14187687068560195
-1.661186057231707,-0.9126313316268788
-0.6310189935378072,-0.38640710525663036
-1.1188398625238065,-0.6471196533717983
-1.2265086623286514,-0.688669960442766
-1.0244539446130914,-0.43586961336341756
0.5762621052407506,0.3718311200103826
-0.7818817708740021,-0.423505450847038
-0.1598967876889516,-0.08818266724770765
-1.812725055249995,-1.0263541447789208
0.2078731077985384,0.23016681529957547
0.10637257491094293,0.035159575095181264
-0.058399537430180934,0.004186805808626619
-0.20284178052248855,-0.09522602940212557
-1.4593187667665162,-0.8381728022655817
-1.1035754893225787,-0.6287341200194924
0.45172750559712593,0.0880841242757292
1.2660300527177109,0.6425746219115166
1.32238315892964,0.5040367294938581
1.1494080333383954,0.5173529547077789
-0.6892185480970655,-0.25249933860807855
-0.24712534721524257,-0.037033289540172196
-0.15552982302175666,-0.16295183809270353
0.14407630342906486,0.1919235337270771
-2.051608282632835,-0.9964481547983856
-0.7588031641540987,-0.31220083132192694
-0.8671569397758025,-0.4087917572152902
0.4444519778854613,0.17222880673823612
0.764794833978829,0.29864882626151296
-1.805862563737667,-0.9490299491815287
-1.1703027894099671,-0.6020300434808171
-0.9659193962687193,-0.5371495495448072
-1.3133129477810699,-0.6312796648171475
-0.9487262609113315,-0.5302071757244455
-0.18471379486217177,-0.2996091047438819
-0.5668786784966242,-0.3841948939800161
-0.0980557179338914,0.13317049744013612
0.25989257355658013,0.07840247564888063
-1.2114446140528452,-0.6317762174212611
0.646682837062271,0.2904298669570067
1.5343136470809853,0.8106137176771787
0.5273273329750683,0.12367563092504155
0.5428772957387943,0.2389344537120358
0.23122548954149974,0.12547412897957066
0.042885707619575025,0.08495272483054438
-1.699713922456577,-0.9707652506017955
0.5717958243549798,0.3722305941117625
-0.7478180698138572,-0.5459809269057999
0.0630084664134149,0.03804883263346238
1.4588632819045788,0.8702686541959104
2.8596352649295094,1.430995808715167
1.7588583344924191,0.9113949878910153
-0.41187592341259915,-0.22127083423097405
-1.4743499237288535,-0.7446953075413439
-0.605226268669835,-0.2944972589067558
0.48633668069050734,0.3340663118941833
1.641845668575888,0.8870753187427813
-0.7844609926973736,-0.36608307717039024
-1.1708992323716225,-0.6492095208299237
-0.7240291385939418,-0.3503031113724398
-1.1324891524823257,-0.6371893668954415
-0.6014767454856832,-0.24329271637239352
-1.667961528504549,-0.9946930558914691
2.6960052528322764,1.3224982849719404
0.0004684669019126009,-0.035980319066413816
2.1550674323141483,1.1791874588884714
0.4670860018657593,0.33283708067623297
0.16958567009591793,-0.06930383865707225
0.5903405523631589,0.1255181418530552
1.3053356883119007,0.5598648072069881
0.270049969910942,0.03593829376221534
-0.49570363859416566,-0.18331265908522754
0.33708243317458236,0.1655258662856301
1.135373481242633,0.5989425011258789
-1.0237062220677196,-0.5812860494927232
1.5736872419899561,0.9024422370999174
-0.7860016291890327,-0.358286729187334
-2.2999837932706066,-1.1707338259778912
-0.41425617674747045,-0.14586662573938253
-0.8319171449285936,-0.5283538477562513
2.328554049184411,1.2355456701056644
-0.7212307008198761,-0.589140216728101
-0.3417347319767683,-0.20887127077536224
1.4825815443941475,0.8047975825657665
0.6138843787417295,0.31370743501268916
0.9843401634288931,0.47945539360115863
1.2333761396389582,0.5352819352208461
0.16781646242419102,0.046234538258826834
0.5734329361939839,0.498993297414179
-1.8006786566261226,-0.8694192975332499
-1.1509111207128109,-0.6762253955130161
-1.0853283884911138,-0.5381556997907715
-0.8647120354270066,-0.44587882359525915
-0.7115558328686428,-0.4265516245543387
1.5348860026070978,0.883970418741802
-0.779246157707717,-0.47575877378356896
-0.7849472937521413,-0.2349993270300695
0.43225751679854646,0.19334738151700723
0.5077058494704119,0.28886700925619857
-1.2071147457063147,-0.6045095601590185
0.5271480654189183,0.14677794698824434
0.6551968299665448,0.31147536503556994
1.915173467234759,1.0363535054580624
-0.3260990975802167,-0.100007308797319
1.5466782363790395,0.8425438006523934
0.8311057979762883,0.4462879410073563
2.265830388853325,0.8963749247582178
-0.15442644644413883,-0.22209761865618066
-0.794687803732266,-0.33961056257730704
-1.9016161112958905,-1.0639739074514194
-1.1775863293511997,-0.4267526769714114
-0.32572830629840605,-0.060977596420369234
-1.5645580284304252,-0.7061054881314012
0.4786207654330117,0.33486886589858733
-1.254203153352093,-0.5291127275984209
-2.8020393702841906,-1.5260224991969955
-0.24917096954088758,-0.25015726714418524
-0.5960007253716386,-0.27589129833655013
0.17535130839459157,0.08563620159462211
0.13520258841367427,0.09288646698669327
-0.7219637340014933,-0.3741738355028812
-0.1634243491874059,-0.02212844736890552
-0.8294683327868305,-0.3349367702087547
0.696016106647873,0.3733064008344689
2.6348614987014107,1.2531354652324656
0.1856705493295886,0.08923330506613665
-0.3424457637417945,-0.1200507677132861
0.1709566952404986,0.12347801690900775
-1.7019000885370024,-0.9451083958125766
0.3366302275770101,0.08285651715597878
0.13844101012448518,-0.0854816995290058
0.19602995174577442,-0.020371323614500877
-0.34169578412627943,-0.2808968864537269
0.09688970796270374,0.06988838157797794
-1.16296014412235,-0.7911504497608332
-0.6537270890162236,-0.20468855182920848
1.1603179355133368,0.776952924543424
0.8151600477765402,0.20123913531020596
0.33436689332538283,0.022184682807694728
-0.9445697512230864,-0.5922454117560033
0.8647396086863803,0.42234422855367393
0.3051205968531042,0.25982906208045586
-1.1764345948745194,-0.5112312286653001
-1.498983613349878,-0.7030742516847284
-1.7563523348590016,-1.0725270586038405
0.5175106811697565,0.33745165395334437
1.0037582404745387,0.5351241735184138
-0.1737496806714025,-0.20153588461213445
0.27574778134557365,0.1021395167924336
-0.37731707948514814,-0.17353412490893635
0.2719428541372125,0.23266031205363252
1.5299363845412637,0.7443459472481582
-0.054623111027976345,-0.09533312309911951
-0.07746281559973914,0.0058619125998531155
0.3741503483965637,0.1821520014373614
-0.7512017868592744,-0.47418582957528455
-0.6590875950566956,-0.41547224902458596
-1.7182766909321454,-0.8988092588306591
1.0038322954286294,0.5729766585305014
1.5766279132299321,0.886646928655107
0.6364040066462854,0.4927709599584824
1.4453382040853149,0.831696984847331
1.4257526983674849,0.6750978015966158
-1.232292931231628,-0.5410267956505618
-0.0949754200510391,-0.21428358637053246
0.986271983902478,0.673333805088616
0.14035162379075805,0.15582735049640756
0.08266636214561825,-0.007668977444149794
-0.33478271153458644,-0.21149841254034973
0.31664414938709284,0.3105111846289287
-0.07153881014437244,-0.17145258527071638
-1.4005122958596479,-0.5710940382411017
-1.264124671973859,-0.6550382806230453
-0.30717722830975647,-0.2574287143571051
0.38663061559553275,0.04589327545051669
0.6399016292996034,0.3006708889097455
0.5288984937813528,0.268715244311007
1.7445809812101938,0.8874102032307329
0.41193214056239585,0.09944216406926937
-0.34495574461573625,-0.12275397890150919
-0.7168485697031921,-0.26308266252898893
0.3043040440188528,0.23721421831733946
-0.30804523522160654,-0.22561923755584848
0.3289339382327232,0.0494103603988021
1.3541986363744214,0.6238800005456069
-0.8536597805450089,-0.31746689376174997
1.1607661570880283,0.4769674536912297
1.8852565088650373,0.9060870206966825
0.23145426956363768,-0.04838122439816306
1.03237839719656,0.501589341583745
-0.38584437439778696,-0.16019923632922534
-0.7465319073341401,-0.463171236472461
-1.893629479100666,-0.968744683743484
0.6556225527417282,0.4805678082204999
0.5943343125786248,0.1784135027995315
-0.9141747864008077,-0.5852811615639896
1.4919603497776794,0.7058794638384396
-0.8504674546064762,-0.36079480128728825
-1.6613254053219728,-0.872086885485621
-1.110259669382629,-0.6643604777151769
-0.5587377656596542,-0.15222572828905404
-0.8550143889085444,-0.4784342538703918
-1.7680967540027277,-0.6999771046297237
-0.4776993349185151,-0.30517045668706394
-0.6888219300180171,-0.24147243122615447
0.9278468210942064,0.5370050817498302
1.7335270041980249,0.8709184655124184
1.3717575259594437,0.6409947417439693
0.8270203500207194,0.47556712512019417
-0.2484690673785474,-0.1494606294823791
-1.340519041409456,-0.5912042252438394
1.152855143942468,0.6127050638544516
0.11734581243225484,0.14633094603865282
-3.065411789039307,-1.5411951479206183
-0.6969020972162754,-0.2903347767557398
0.8766806707077872,0.5841133601058562
-0.0662214730086006,0.07884982308867326
1.4456826714044728,0.6683872816111346
1.2081531085307333,0.6803210865475868
0.6092620980774951,0.391312692659886
-0.4855625414670188,-0.3494263818669936
-0.27624773385643475,0.05629549363994907
-0.7052104505100903,-0.5567640300263346
-0.47075716585178673,-0.46537929384317156
0.8073417328850954,0.42471806936724393
-0.43980036954940077,-0.1466572616919664
1.3748851730631977,0.6496309596554292
-0.05494600201467836,-0.10578619500141363
-1.213044811494239,-0.6643299225153514
-1.1252873345656393,-0.5386886520285599
-1.5892317215951293,-0.7134337372962475
-2.16471002837697,-0.8689409640385239
0.6848215482057164,0.4479154979661901
-1.294450609967487,-0.7494884938861028
-1.4594239576892485,-0.7694769230140845
0.1425717438006845,0.16526885266138697
-0.021132062818076044,-0.034464293019357564
-0.7474931924782707,-0.3142791100884684
-0.5436777647335285,-0.0764912263058822
1.5721591673433077,0.7248558391029275
0.19829580922312084,0.13119520200978407
1.0112948746941761,0.49630662013938504
0.9810004883621996,0.6852011372397688
0.9849772928139181,0.5184030281748689
1.4768270038607052,0.6323840946884786
0.7697105444094374,0.48326831930633596
1.7030289520820516,0.792856551492274
0.8753154539662483,0.582538219114483
-0.8900425139295398,-0.5479808292061175
-1.0473004263387544,-0.6433931114318499
-1.5867364599312033,-1.0101153156976874
0.49078009133402345,0.33772014735810585
2.478294473870754,1.267042675311173
1.806566246082276,0.9639219108260477
0.6651785286077958,0.23292886949218955
0.7606318911294574,0.350750353665829
1.6657441185634303,0.7570929065156903
0.7542278297952716,0.5003337866931313
-0.24776151750745778,-0.16662249193874304
0.8263379242066278,0.35963422791492444
1.7044319140148647,0.8633922058472463
0.8750172145591549,0.4961913714372939
1.9308098760561059,0.9578546990114719
1.6418457384849285,0.7996021695766826
-0.20580752316650808,-0.19609422466926485
-1.1443278154627488,-0.49017632546283973
-0.6709392650214362,-0.13603506929428683
0.49677841781932236,0.19117453645948668
-1.8513854009184085,-0.9422873742312582
2.083641229137639,0.9828783913798791
0.4619589495301278,0.23585763245246383
0.3992830330963579,0.21551148766541206
1.9495086936094568,1.109321477009883
1.1132839436978965,0.5401624174573204
1.0723895131987808,0.5907475491752288
0.9538262957759843,0.6097580572084764
-1.0541200223335467,-0.46847172295662365
-2.207959420063582,-0.9824674329915027
-0.907660422603572,-0.4356541337682744
-0.5134305599812978,-0.39156714154834793
-1.3047587317921414,-0.6904300776685622
-0.7571312800735425,-0.4355177394586438
-1.4683023899005638,-0.6614664887718421
0.09906901010232427,0.013470037988446426
-0.46833942649636695,-0.3465539673226712
-1.0816168322945916,-0.6057532191767775
-0.2305646665449294,-0.12792477392276558
-2.580801032089493,-1.3845093327152216
-3.9978575293952074,-2.002553547111734
-0.887871279565425,-0.3424186719244597
-1.0643496678871402,-0.5760919671230647
1.2951841325201903,0.45401061617920313
2.568789986136818,1.354666821437197
0.34369506011643347,0.15801794527288632
1.189728126464184,0.6850422420262395
0.7362003574036485,0.3507171446421122
1.5680962335018116,0.8326001451200574
1.157110065502121,0.5434950152648754
2.281146115100304,1.0672465075044226
1.3050817154884666,0.736763847002423
1.3268799779388898,0.4407702399839598
2.6949909192328927,1.2364336890623475
1.552646023295039,0.742857881829433
-0.030719802016309306,0.07676616449639312
-0.8968465012310879,-0.42983451326146876
-0.006862329803851819,-0.026157737107749948
-1.2207393779516336,-0.8402926754979867
-0.2905367732699897,-0.09052921495255
-0.05505504918381138,-0.11880122915725047
0.506531324144319,0.13100991833225506
-1.2729262810239441,-0.7185354903156418
-1.026990591842355,-0.4106893992423146
-1.2247698604904156,-0.4732561768669733
-0.9761752470146146,-0.5394635904374057
-1.6788863278973731,-0.8584213805037703
-0.20373704346915078,-0.2616529872476288
0.6484288357805582,0.16199362816611934
0.9862413720359927,0.44083004410351034
-0.05742428881270967,0.02210906402019607
-2.4665526389212884,-1.3233734935238628
-0.2284154797238379,-0.11200884013727505
1.360147536408173,0.6949757111727723
0.07463564447057436,0.010601563798249572
-0.9548544051354515,-0.6538539205268508
-1.1111051930702813,-0.6383973071041803
-0.505517012180249,-0.2609330492472472
-2.7392857330645373,-1.3719572685652415
-0.23414789346766918,0.06115023592599095
-0.3041576379135057,-0.04875336511833957
-0.5443316212180815,-0.22183861375707836
1.4466278574414635,0.5277644444169246
1.3920829785760898,0.7838221416388542
1.9354307325545907,0.9005869852846581
1.3104641668293984,0.7043095958183162
-1.621584703124616,-0.7770232472227515
-0.6243537718744461,-0.4459843454498265
-0.24000478125972793,-0.09266107182559613
0.49886492091007145,0.33400783571847376
-0.1570219714245224,-0.05267493052472422
0.14210309243921337,0.016449588894943697
-2.3100318732348852,-1.080808199769232
-0.25771641927389555,-0.1051374424394366
0.3660777227183054,0.21699456061024522
0.24047307230690732,0.30057668585769565
-1.0328927842953326,-0.461266412531996
-0.9978873265009078,-0.45255564998527736
0.24488971332312315,0.29948328813351555
0.10039602798072375,0.0920686438671241
1.5421749394975495,0.5982195273741843
1.7414676879687052,0.7255789510613996
1.3006339110946499,0.6847721413654843
1.8059642735151091,0.7920158242663298
0.1452351811239725,0.10372346717526934
-0.8253436022061734,-0.4140077219168801
-2.067011350607744,-1.188371795347749
-0.3728701857330966,-0.005775534433957175
-0.01035083657394456,0.1895968054971372
1.5864056821970596,0.868253902343995
1.5556447442432226,0.7594869700562322
1.9723367976678619,0.9893662253800612
0.2965883375813663,0.242680817334591
-0.3109903201666824,-0.16988830913108943
-0.5571666005814944,-0.1888496463112467
-0.009748480137690252,-0.15055920568406728
0.5710225168668545,0.4320333705326056
0.04775586635682677,0.008298717916936057
-1.1521483358539986,-0.602647650156109
-1.6717295953216411,-0.9530492969438944
-0.24729298293642038,-0.041649908337992814
1.288034584885743,0.5480990005514715
-1.1580574297988548,-0.4755956478445531
0.6035896269633448,0.364030273533949
-0.012246892332134662,0.18564153017746296
-0.2807292901257299,-0.17962977512225775
-0.738093739631895,-0.44070040304346214
-1.2228619611778149,-0.6748152553779544
0.4351320613375619,0.0901058660151341
-0.0733363234779838,-0.007971519191787867
0.03156699559016863,0.00311612619671868
-0.3694857915261579,-0.35915804424669184
0.4849719531921335,0.3319466148916474
0.9198028340174639,0.3210952269015473
1.7651746613644215,0.9394298613130564
2.493145719736881,1.3680801935317335
-0.48296287718408437,-0.31978747367858085
-0.6311001438160548,-0.06725490083729224
0.045334478848442494,0.16584912305320082
-2.3111576951366706,-1.0975266199618574
-0.9216108956612774,-0.630085875499991
-0.1426519291098054,-0.16764820253665647
0.6440225499759356,0.440415605997713
1.30293074786696,0.472818682765981
0.15037500070584542,0.07712307167127129
-0.14573963333280626,0.16130697287030324
0.9848424952629744,0.4974390189339269
0.1749949917001556,0.27981429124358437
0.4548394459387517,0.13185954509962555
0.1321293459082894,-0.11942151552537833
-0.04632305911553544,-0.10320890029908848
-0.8560069227012977,-0.4888957651233452
-1.6014421542726487,-0.7479563172473589
-0.1495578936922588,-0.15023925202918997
-1.5372489942927066,-0.8546780083938991
-0.7401092223175051,-0.3375550144481778
-0.22975836375388362,-0.04937903035640992
0.005734492326661816,-0.034212352952497006
0.3866399459735947,0.22551679683223147
0.4657702931273649,0.06055441910946327
2.1698415507074893,1.0674627365759193
1.3121151131654991,0.7172399946133402
-0.6625487196975307,-0.3305225108212919
0.18617622451759114,0.030467863267807704
-0.9008802939237138,-0.48476187348125976
-1.1415341287130347,-0.6021986345628604
1.381304873668111,0.8285919703478228
2.482815669671061,1.4005642779109606
0.5301519494485025,0.1999475037630952
-0.010222424621675219,-0.09172928532957138
-0.6458947092265227,-0.1685141961190904
0.26243940632901613,0.10754456109649184
0.6218072809095438,0.2295132595999357
2.129587219438784,1.1597440499174003
-0.27701415327141066,-0.16219389004452278
0.43979564758910233,0.15332253664243467
0.4910554118266991,0.23035995603466564
-0.09417809169658697,-0.02009406342981743
0.17255189148405076,0.255419141383783
0.31263471500309287,0.14839997877626887
-0.7469596062317748,-0.2780377596930776
-1.6018080887227062,-0.8803161463348249
-1.101017257290656,-0.5746054524102097
0.020108763192817847,0.1718971185074416
2.0080906528108313,1.0143094299403368
1.0685857720951766,0.5335920753061985
1.61030607408917,0.8011175359128797
0.5740230645489051,0.09182202512321436
0.4835480988270242,0.30570538216167514
2.7395513339717743,1.3575002133744494
-1.2416946740687949,-0.6207859322716941
-0.2722471245726388,-0.09961546723964526
-0.10474810373783489,-0.045313142891493866
-0.05447036849664312,-0.007940709868766473
-1.2423474920310524,-0.5701599819675839
0.5327613466707724,0.17185865961092545
0.7336416970757589,0.4358134341076959
0.7594076816712516,0.3587858020698213
0.5422966117433395,0.12642706056474973
0.6802705062990984,0.39928279842248465
0.19941438658182506,0.15901916728737198
0.4026212258388911,0.05886683211432611
0.09245330402910168,0.2301862977167933
-0.8401179910413247,-0.3541432663959023
-0.2823872495349893,-0.24310105133769405
-1.997204196128389,-0.9374140058241545
0.2768490504087645,0.05986302196200781
0.5979518123019719,0.08426382803535148
0.7324720395113662,0.3017387367962541
0.7814948455372653,0.48683402573931317
0.6892419731674693,0.38699282213048936
1.4402301552775474,0.6219303794747909
2.0709714837667996,1.0994154786759556
-0.2510071194430734,-0.010368037710575831
0.5026471475083508,0.2947303031975173
-0.31984166373774314,-0.16947885825612388
-0.7868884658733878,-0.40620300017204747
0.9235308294188584,0.33405467402031574
-1.088184294453631,-0.3598538614693054
-1.263147741093312,-0.6990238963796507
-0.08151381409621283,-0.13201579133434915
-0.15318702874205714,0.019783031598005277
-2.5610752307776323,-1.4955370272820083
0.1697623997084392,0.1048148112290333
0.8695305849064339,0.5898705190850602
0.32086776506367587,0.1000559691090559
-0.604426834760975,-0.25097837403633677
0.3749774082875034,0.12302205458169452
-0.17946136396668028,-0.11463272542416797
0.8195704121698598,0.40003553935407016
0.14048118593985764,0.10908885162384399
-0.19484013701995778,-0.0591246424718968
0.660028554368544,0.24211513485259006
0.9703404245555953,0.38839135971381267
0.7996225130635295,0.2666373974871624
-0.6935837391629267,-0.42186606508571245
-0.9495237471327821,-0.5375415911805146
-0.35522100883685315,-0.08707834705155061
-0.03478945976199904,0.18992357940813895
-0.79125894906699,-0.30873968418651077
-0.34623823641217577,-0.047162460306325094
0.31167687973260705,0.08404746824880588
2.4806150473556317,1.252913825293585
0.616839301447888,0.28593082304429046
0.7652764764925359,0.4583933550047639
-0.41052139166457124,-0.2585261506625722
0.04576239348234162,-0.16319458932585915
0.051750602399828406,0.10378405758067877
1.4209971812295337,0.7182341220846411
-0.10282606934891769,-0.20642058415604778
0.2247923903832595,0.23453409810733591
1.7820961503258854,0.9355055144679261
-0.546606752677835,-0.42423609462110595
-1.275077826394612,-0.635243587486931
-2.6988602692037977,-1.5414007693266
-1.1185266346948048,-0.5106979405644583
-1.7049821260813594,-0.8470246390438277
0.4471365877021619,0.2343134248739469
-0.0971240228169149,0.013396013640483498
-0.12558040002486434,-0.14903127880391698
1.3007015527830499,0.7396849378135573
-0.935877753377133,-0.5608744104316153
0.029067376534674727,-0.06056264022978172
-0.7941707047984599,-0.3137237892869489
-0.8925644120496656,-0.23892212380327837
-1.7088463381347616,-0.8436424154292036
-0.5141943829592407,-0.30823462674098895
0.522707925406585,0.40852437751291193
0.7475146526644261,0.48826033812778025
0.04139285949915111,0.007524507459313726
0.6173906779491931,0.27206048236471814
0.10764855798820117,-0.10511897817812157
0.8265027787268322,0.31461692968424887
0.06182457889637183,-0.010173735831662756
-0.5882016768012936,-0.13353836094398008
-0.6213234147043518,-0.31052272733721314
0.6917772811332197,0.4996803577931299
0.5013772807257648,0.25587468091204824
-0.8881334134669139,-0.4360467751015073
-0.42350113671317774,-0.2102950558763678
-1.6651686635068084,-0.5908774033296182
0.1411688881433648,0.0838206229314358
0.4161214143454106,0.32500136368302596
1.8559828617219418,0.8590838786875649
0.7624889373900521,0.35726063083238063
0.9214275398459416,0.4641126307403578
0.7762986252639508,0.47455900562370884
0.6553168673936862,0.44306053131483075
-1.4890689386929163,-0.7550058903359739
0.886457638712076,0.505864233153122
0.7944104346097447,0.43751022915087445
0.20075308320934132,0.14273637500823624
1.6785390289391025,0.7920173892158955
-0.5522153910546947,-0.42535846805633487
0.36365169938719055,0.24112789717442004
0.3079733944659322,0.21078637026214395
-0.8936987263266799,-0.42261051351873824
-1.876743216987996,-0.9450875909938891
0.45176038317957046,0.1281476671658944
-0.6605482992984517,-0.3752397454767709
-0.5528744648099797,-0.33436396423057246
-1.26351493701568,-0.5931308264865041
0.262880407857058,0.1363387397972865
1.8862244532246115,0.9325497469181566
0.8612107033938603,0.5559675929215787
0.5838424702814531,0.32774025323768013
-1.0887877088113043,-0.6430690182486418
0.7296159209512515,0.5022737954839026
-0.28610101508392144,-0.18542431305399085
-0.3759771539277934,-0.34683930946577685
0.3276078662359576,0.15627018250750377
0.8686485841768309,0.5001775377917632
-1.3632563030100893,-0.7460065733451797
-2.1752359834313966,-0.9203091521592927
0.8828335407802478,0.4331465961238096
0.3135958139665764,0.012508614726144951
-1.6612486627558183,-0.7837839130596956
-2.9445775892629142,-1.537349636551056
-1.9400053116563136,-0.9749049833062039
-1.0298749080252156,-0.6098144158766466
-2.183954434233092,-1.0422447072172385
-0.8362370139416984,-0.40985844943137933
-0.6095128372510383,-0.16331500319253864
-0.4314240381476051,-0.10905523526285112
-0.06756810559636406,-0.2216504719625734
1.313780272703276,0.6391562832192963
1.068640990491239,0.5254598119150339
1.0642218166921014,0.5625020824745004
0.3449695706850644,0.2308828787451821
-0.09055097979073684,-0.13624063177136353
-0.5435259528963621,-0.38257048887151207
-0.9278771106822322,-0.507298134794197
0.04403775009390165,0.11723307886756798
0.38546340070739543,0.18418677938722963
0.20985085514355933,0.06443578425595853
-0.14526320149375704,-0.04430681467265847
-1.1658956576642319,-0.6278679956520004
0.384826308954492,0.10087561529145102
1.6757581712638352,0.6790041942045478
0.7337895164128965,0.463795437090698
-0.3967337617358105,-0.28704329599905976
0.9975992268082268,0.4972949290894489
-0.44554054251891306,-0.09992972213817866
0.1238464159532191,0.17531191488526143
0.5716819721433942,0.42762590867481476
0.5842314063638887,0.3779045186531901
-0.11204110631527237,-0.12187148243972575
0.02438815148027952,0.12807289413429018
-0.8594819508472019,-0.4157257149417105
-1.175806762848237,-0.4665841583455733
0.17228869295393334,0.18215033076581
-0.0940092169603879,-0.07801971092401783
0.6407478782665056,0.23127091141014972
-0.5071530856637345,-0.14610737845397959
-0.9609122574902551,-0.47856313155355035
-2.3184021956005267,-1.3238289077446617
-1.2345710932278215,-0.7847914325220555
-0.04168007243401084,-0.13686231054320025
-0.011075056073680704,0.017586159244273314
0.12595353690479538,0.08274060277270695
1.0852735062953727,0.40430138334297583
-0.4609296011887992,-0.3416773865693971
-0.5696686046216222,-0.32644930704415953
0.34058451531640616,0.28478697412450416
0.582854876502249,0.25800269104382706
0.40778433857420726,0.20585628971228948
0.8821763251590795,0.4402599649951434
-0.7474304516621737,-0.3654797191432908
-0.694561117872559,-0.23898011229936383
-0.36087156932167347,-0.25350894089821757
-1.0982831262820376,-0.5110439164089089
0.21180397758384062,0.12699045329037217
0.5923994582412596,0.24823250069834552
-0.10363736534416523,-0.13665636612679605
-1.198961455494779,-0.7454619859947775
0.14540705301284162,0.004428292238434731
1.2892546231697064,0.7703751431978622
0.6933367997965508,0.3579667028291314
1.5325578276822485,0.6737997733971017
0.4130820654745869,0.2377177441684655
-2.636720837004602,-1.161173340181648
-1.5068157005359735,-0.8628198404021301
-0.9418182164046325,-0.4199677540124793
-2.413862262726509,-1.060240931555758
-1.7993257781900214,-0.8069556762904653
-0.17363662999828056,-0.13309856877744375
0.3480187510343767,0.17701830232315435
-1.0303678463455057,-0.444097170874458
-2.338767474613625,-1.0111824115500205
-0.25946535835264406,-0.14217045671719802
0.18832146194495267,0.20680516450604458
-1.1237007050021701,-0.5249949972834961
-1.794158662634298,-0.9861728423157945
-1.154008265814866,-0.6872053879898334
-1.7570351852874417,-0.8773622803146617
0.97480797486312,0.5933825317426967
-0.3651274243423883,-0.14932682837321987
-0.26493558531014727,-0.08105849426211897
0.8769924171362808,0.44823906336464475
-0.6186186520113007,-0.3138677596237138
-2.740285856554085,-1.3754391153612284
-0.4119640315935106,-0.19348448865965637
0.41456014626417276,0.5394933293064601
2.0933841229779233,1.181904796233419
-0.38439587802765296,-0.13350224420845025
-0.36074739255205457,-0.2707487124805496
1.2482642221970193,0.643649057469464
-0.2897356097126029,-0.13563646208872637
-1.1090857231248683,-0.7095195918139869
-2.522273374524053,-1.3719369917702386
-0.9199937796491029,-0.6470915764729431
-1.2620981221892338,-0.5488665100900758
1.11848907720259,0.46297106684352585
-0.5459490119804531,-0.2641404170767426
0.6128768091794756,0.385314103169183
0.9189682451248515,0.3821048667048848
1.0814245461466179,0.46444675157227744
-1.7501107763943216,-0.8648570413004072
-1.4259672210793606,-0.5742316595743227
-1.0793327358835578,-0.7016505102862817
-0.5662986255506245,-0.36365780677538323
0.20350033079344276,-0.035190151051915364
-0.36722826609086684,0.010160615546225271
-0.22445375877817408,-0.2540584549898575
-0.9941493383558827,-0.5558832648690648
-0.09948948744592384,0.028664495240528942
-0.5982754677832076,-0.3373861771436425
-0.47491257808204235,-0.18447029423659847
0.15481911394627912,0.25267666643196607
0.7276531018840938,0.32580188683792144
1.652202536206505,0.7702326703953526
0.9050700438650149,0.3364204399265
0.5596113786192947,0.1832426120902832
-0.6219061515136952,-0.33859982209884143
-0.16653913425317052,-0.08961459468482608
1.4906058016662584,0.5947559580928493
0.6554407691668787,0.3057460503211282
0.43968009608146047,0.18900667230047832
0.6762577748075085,0.09990188235502354
0.31754340973857165,0.11110279936813212
0.9056909249035042,0.2798476770293287
0.4122150694832504,0.15045021474875933
-0.8590966587275748,-0.4323436206386983
-0.5879197359670905,-0.34800540245117073
-1.6310530999167447,-0.8098954730341419
-0.5269407624716045,-0.38603355446257825
-0.4586075297587915,-0.2756374406001926
0.7865493781066025,0.35456200310490443
1.7660659935375804,0.9236852597717086
0.5111169289212527,0.2926500049710819
0.31518707916374333,-0.013528590711714056
2.0086155066310853,0.9985015276353707
0.820324392061985,0.1894003110469372
1.0169241725697318,0.43326958174194596
0.7455077363158558,0.4880657516955832
-1.2205385257748858,-0.664092368302077
-1.080896746102284,-0.42405239319788346
-1.7830755657224038,-0.8329103564447033
0.1408484997602184,0.17366155881775752
0.26488540894423535,-0.06217571606572467
-0.36710041715633424,-0.14329418264519853
-0.23978881658688236,-0.08854757090956454
1.3075840723754055,0.5645910012867273
-0.13341021331626812,-0.06214629604823909
0.19063276722405464,0.1602035323387142
0.8601000614645284,0.36665139956835124
0.5831975610189423,0.25829839263526183
0.5139340412615887,0.10282064071525504
-1.3007177146501796,-0.4838026495982772
-0.07817655216638286,-0.03885350585480132
1.5824341562731365,0.831101029522069
0.015791551590110475,0.006931014659072453
-0.911414499877619,-0.520573405522778
1.165387125644986,0.5670853177943397
0.5395038061152986,0.03827738898962482
-0.23550882592606343,-0.1618853304212503
0.46100189694328453,0.3979593959280494
1.6547151767601351,0.9802786190740329
2.1229456988933797,1.1391304671411775
2.281634293353689,1.1002713811119822
0.4995512435540096,0.3175287653689118
0.3140325844245285,0.10943266472036611
0.1663521108374754,0.12253547495590608
-0.7740404534845,-0.34589779885647653
0.013293455601476323,0.038238866841649226
-2.1599486528833616,-1.2616171666933238
-1.814133922777664,-0.9101413985666468
-0.8019557147157718,-0.3650197493773388
-0.6225204198556242,-0.4207634664457462
-0.11480847036079778,-0.05541988247453832
0.2276464957485364,0.013333773399716364
-0.5325221432499023,-0.1319313112812053
0.7461324121446863,0.3323817851917169
0.13964030424024299,-0.04709366661717128
0.42369836515030845,0.3797572708674837
0.05838820353252058,0.14123072404830997
-0.863080359261376,-0.4113669356434837
-0.5764147494450363,-0.3075264643463253
-0.7319709541998007,-0.42983778146576546
-0.8616442930077868,-0.38935214191835
-1.77527980984455,-0.8847771324429982
-0.39129193065717716,-0.0570792137842758
-0.4287443868305494,-0.3100258852569749
-1.285315264593383,-0.5903559989532636
-0.5119491761095573,-0.18240637956173456
0.6703113197774868,0.42709169547900117
-0.9619734472046346,-0.525483877928199
-1.2540384609584638,-0.6681449849535562
-0.3560547640205,-0.09574472597405934
-0.18305496819307518,-0.024603719651145467
0.013500242561556186,0.10903617814943403
-2.4310817834571323,-1.4104683640434281
-1.362505945900476,-0.7953944032759083
0.23877407261152206,0.2055145568823445
0.72526795046348,0.3709412353385497
0.4070835266540723,0.46981425643178687
0.45126029487764746,0.16068364831810428
3.4685518336897374,1.8054004520419586
0.7195133498941105,0.33491989191531335
2.9229284978608505,1.710749474761157
0.25269445080451425,0.23623419817760039
-0.33813609421244495,-0.27726365950939247
-0.1462785245490174,0.044873305878593756
-1.908574408857709,-0.9296678863177823
-1.5662454799061658,-0.7641770713199499
-1.5903926562913377,-0.7199492423553738
-0.5566251111049769,-0.168188759857893
0.1740429895861878,0.18749236271058653
-0.27175746513444443,-0.0681449846771225
-1.6372845615286402,-0.9259738191100859
-0.5917929627867538,-0.22682259936317145
-0.3008506606232447,-0.17640852187002914
0.39690212323558854,0.27355259711259905
0.07000084045026733,-0.0596519499600619
0.31906195454153163,0.23720685059541186
0.7197945461641841,0.26448650978321586
0.5104654604513109,0.2641392053397104
1.3472423973678598,0.5952217513915731
0.28751399078531814,0.07253802392876173
1.1748590764344864,0.4537376122254232
2.2787054325272242,1.1021790034367869
-0.48489940572668067,-0.19286566355436743
0.035137112506038404,0.012197462199045474
0.9764904560134473,0.3788637060220246
0.28910102187436104,0.06261169054579362
0.003905560918183809,-0.06996441402037278
-0.4200448423612048,-0.22872565354918445
-0.6224757830565575,-0.2125041614418349
1.2270844286657758,0.8211984255414227
0.9435355763320423,0.4717242527758797
0.5507536087788701,0.474910023394993
0.3150277960529585,0.22549627931819888
-0.7548632332538974,-0.401173655263266
-0.909525982609846,-0.44131852146564693
1.284354036675003,0.6934542923311704
2.0678417702672878,1.2077019236065691
-0.279395774634527,-0.06731276627616768
-0.04050192030763647,-0.1980389105938859
0.39355465179694804,0.21046231700504797
0.3330192055823095,0.046798220923318895
2.1807946036960666,1.1334202747659388
0.20894417272748445,0.1477024811332459
0.6138894030570479,0.4563986394106436
0.3138708012773952,0.13314928740859025
0.4348947249174344,0.2045648736768438
1.2821069553787725,0.804991672630088
-0.20130958897848195,-0.05533414309722673
0.9665182290331196,0.5038332864692222
0.6925123644339362,0.46711315564611877
0.79904538083944,0.3950718248732817
1.4640616685138146,0.6830598519058977
1.6243195519247362,0.6411485685948424
-2.626490922637368,-1.2625355866808672
0.6153991767099508,0.31527731178290463
0.8483403333411603,0.3953239837182819
1.5566620716485047,0.7242042733314422
0.2364154445279763,0.13760750052897203
-0.44583223042492126,-0.056142843123889896
-0.4393001984923442,-0.1870452881343867
-1.2051036522971512,-0.6943690008098887
-0.4857554480793179,-0.11615553822685684
-0.6145696160943949,-0.3587773260242507
0.85894572161697,0.4140866551408352
-0.7699503803756151,-0.4223012604711441
-0.10351750671688298,0.030360123922079457
1.363145312551465,0.781711681807929
-0.471073037957788,-0.20241909226631374
-0.5645605165183074,-0.45542957494528535
0.00348756845423831,0.06435307324109966
0.08078494059429171,0.08341599811088685
0.6454992380267988,0.41798025963050767
2.462137207520915,1.0149888273687158
