0.9778566404706895,0.6700398263076492
0.8078106295468984,0.2472389744981967
-0.688962930826867,-0.44827042872090905
1.1105694594122615,0.5106335593030422
0.24004059223669266,0.22365173197813706
-0.09383524962534034,-0.11398959740372211
0.6455386259225095,0.3786531583494057
0.9230459540461046,0.4059906650542376
0.1842824010241041,-0.09725066404935084
-0.21956813083310314,-0.13852376569346248
0.5665340167999612,0.4065679075834068
1.3899751752195404,0.5226504284455618
-0.2764440874139018,0.09476105433680243
1.2928589084176774,0.6884584572546806
0.4648574746477024,0.2414556631326577
0.19074699551150237,0.2691686637511109
1.1817403858278879,0.4735363459136886
1.4266835122589714,0.7974050519373006
0.2462519596656434,0.1430136473985349
0.05961061712699681,0.030738762269975208
-0.3737365854108482,-0.14141892165362413
-1.1964296865271806,-0.5367363530669148
-2.5536047758529223,-1.0771940187367073
-1.1067415325034058,-0.6171553430552156
-0.07274865784514561,0.025822528889405977
-0.629498573194178,-0.2164001380776016
0.4839604803028036,0.45072703214292803
-0.5724415710979264,-0.1948960708063217
-1.2828057655265417,-0.6825306543118422
-1.0306612728284144,-0.4417557755146976
1.1641451189349947,0.5914859134007117
0.15767676500214617,0.005105655699713094
-1.560686811084325,-0.8584649125614479
-0.5520959963253824,-0.3637057332955057
-0.939564002081273,-0.465354260883462
-0.06409073496537815,0.1393695852134611
-1.83938615525261,-0.8460787045465897
1.3160937057532538,0.6805732459082618
0.2329278936672926,0.19409299726970014
1.607304098088229,0.7368815777699611
0.7031184480166068,0.545277521748232
1.983541445013332,0.9175733902340819
1.369432395685565,0.8485439054512867
-1.5387698050674516,-0.9063719558925335
-3.464504985681283,-1.8334459552159597
-1.2983766835122332,-0.7014122678244392
-0.12869026539624662,-0.13597953166550192
-0.4082799153362296,-0.20291941649813502
-2.0796951878494863,-1.0035151755872624
-0.5628396697734837,-0.30547618848587377
0.24289021863102928,0.1826075727655828
0.6554583169153855,0.2961620650872185
-2.4065100599670606,-1.198868325657644
-0.9084492069359421,-0.4739558931775703
-1.8572885777244454,-0.8713560972158476
-0.8675029123840257,-0.4939933819401102
0.3205952845546882,0.20276950242631728
2.047390800657465,0.9767555953513107
-0.11143881996346239,0.025634239843391055
-1.181053300660871,-0.645056118672446
-3.088808959886884,-1.473709481587491
0.530936098362107,0.20506451462375164
0.2962372787318158,0.2872070366644617
1.262824375865372,0.5793522657890732
1.2221275421695617,0.49760638996934725
0.26303654882684424,0.19869472680298014
0.8954230484827869,0.27207848407433444
1.7039799957788195,0.8790945923575582
-0.2247252653078855,-0.1826004471621114
1.0269554837459751,0.42034981333463084
0.24790197648438617,0.1917713750326785
-0.1400635326970578,-0.004410770439372921
-1.0478751581327266,-0.5244058313324387
-2.7287529039727105,-1.266461529696327
-0.4283727590014454,-0.2429649324855662
-0.9739720954723099,-0.44224733132621463
-1.0029183898903886,-0.5539519562871041
1.0030509803033094,0.29423698606465387
0.6115247081065635,0.25824827384668403
-0.08552644805421872,-0.05431849395131442
0.8098770654517966,0.42964805258411837
-0.9440740057253025,-0.43909551498531024
-0.8928437090322496,-0.4421727149481637
1.8077710292467366,0.9312911948828919
1.0053056752629628,0.5541841170353741
1.0919587110344102,0.40659141699696366
1.9580971201009667,0.835092830274447
1.618950453050549,0.9451737362207652
1.5601791218846057,0.9258512794469247
-0.47491535312252287,-0.1761397687553215
-1.921496780251643,-0.9083150978928249
-2.826735852415633,-1.2691992095827271
-0.4500308470292866,-0.42412199652980875
-1.7284896786268413,-1.0173097704873613
-0.9430593644168038,-0.49932134298336117
-0.46274170434429535,-0.3740192805298201
-0.9327934068295566,-0.34911389881729116
-1.9291096016685878,-0.9784626326776762
-1.9137966327974785,-0.9290175651146837
-0.4533443741736126,-0.039609935629122406
-0.705998176390753,-0.47299169320334883
1.2728414875926366,0.7792290902258102
-0.6322785001562033,-0.310279744507384
-0.5021111567667642,-0.21917143987915386
0.50280951887125,0.2647903218252621
0.9121921609293664,0.4300307615518546
-1.1459479511407356,-0.5353076700311125
-2.025452408933819,-0.9348507157876551
-2.2493192009506817,-1.2160326865197446
0.3117578895681311,0.03845632755839695
-0.06561806038179654,0.01677487205955812
0.3814529350434149,0.22376594534919902
1.7292573737686945,0.7712825014583435
1.7092008798822655,0.8839753333401854
0.89035881061489,0.40556444933886676
0.9813478153297963,0.5378374711977347
1.4691150324518834,0.8831385947335666
1.4325479689210834,0.649370014645031
1.9420795120232368,0.9597394351371996
0.2702876462842485,0.1328485038010614
2.1776915462366695,1.0161626407199285
1.1922047296274516,0.3144580679521727
-0.25131889189072343,-0.20989281621652012
-1.01423633430135,-0.43699661642092874
-1.12988716405644,-0.6758277248916229
-1.1236505158818755,-0.48827416140257957
-2.0387216511612127,-0.9233311128326788
0.04483825931037089,-0.06227650138666073
1.8820230007185248,1.0262039123724396
1.3207195062004575,0.5030463800350724
1.9722103127046564,0.9528240458210262
2.4348756866173216,1.1686260912128112
-1.0875193312473648,-0.6229596016863109
0.7167788332160586,0.397060250506812
0.6098666214315551,0.3082794287120715
1.3457447059471954,0.6269446380776024
1.3955086834688601,0.7645202182650397
-0.8867060414395179,-0.46251661443584496
0.11574330873652516,0.23595705740387304
0.3889808544665819,0.25132297757640853
-0.3179113749245783,-0.23425544100957446
1.46406131687877,1.0543725132152408
-0.37649099318253776,-0.1912284386628092
0.47562786334716306,0.3651138529875872
0.6283459449076303,0.20301074680928188
-0.2517060361994173,-0.10500408453672641
-1.5877280818668675,-1.0276054339996596
-0.03603335818088971,-0.1545722979280786
1.091855495850086,0.533976630623817
-1.6394443721500211,-0.9422502211877535
-1.1743837536683897,-0.5032938731494013
-1.3170379354868738,-0.805474367111312
-1.7838505329456043,-0.8293505863590609
-0.5703732817980526,-0.4266397434755338
-0.8735976053055433,-0.40631170977684605
-1.4461969168893207,-0.7199247308571416
-1.4552708049425913,-0.8056258789946517
0.1810429299014269,0.1475148850185834
0.28724352793069685,0.18049110658213335
0.9908225865207333,0.49755674526878185
2.085356284406665,0.9359674715442725
1.4101067676482462,0.6495891929601073
0.4729110097846646,0.15225241196934103
1.1533533840048737,0.5697776819543003
-0.00636992796733149,0.09958088117059732
0.690184911557096,0.44015273368943425
0.9259899823081792,0.29122685275609084
-1.1574178519629843,-0.606326602206308
0.4296251994988093,0.22980291737402134
0.4542895098971258,0.12360523204181707
1.0859799447270202,0.6697428780084016
-1.0989477532581966,-0.503867851247687
-1.0478273617546274,-0.4334844343478027
-2.2461802562119226,-1.134788627687263
-1.4154039182866995,-0.8261504725505405
-0.4993579294677342,-0.14778920993133202
-1.3367836269333473,-0.5446633438497559
-0.022764797648415547,0.13748235714858614
0.4365635763350394,0.08162379103737408
0.6089172656922741,0.3176820015356026
0.8471595394808576,0.7047906858009544
1.7606411414904473,0.9619469241402857
1.818590240145364,0.8481033193978281
-1.3477865532378868,-0.6228226069350387
0.9823482209638809,0.5097617619967445
2.4053769023528173,1.1862811371879414
0.18406100403020997,-0.10306608801522843
0.3145876102510152,0.15082962135029315
2.354741043040069,1.2441580280699598
-0.46982530402622946,-0.07219888946909819
-1.005544195087326,-0.5725765481673095
-0.6239342730869761,-0.19125558512365023
0.32268286080600395,-0.0073578131339200326
0.27521854289735986,0.20853168166044056
1.4792031964886536,0.6450949162742904
0.14463639728689504,0.17600786072370522
1.4181857668164026,0.5761776257930045
0.9894670453435276,0.4685181852206745
2.314017270166214,1.1526121332441805
2.3250115266544586,0.9940580506215942
-0.5412500576144617,-0.2572629337710028
1.4844435120757202,0.7893462889666478
-0.19515891292478504,-0.18221255350063678
-0.7037207420417314,-0.3880451679612105
-0.8878549471692252,-0.30078736811383344
0.7108798462902566,0.5104370939292577
1.7062228465186484,1.0933100126937387
0.4044857411149239,0.2724620061754201
-0.983857338716352,-0.4549436485588004
-1.179330537003231,-0.5180518045243852
0.9315599103994706,0.4655916508448326
0.12439379227691094,-0.08539274817078737
-0.05662872461106984,0.06227840537487119
0.6173934448585056,0.3268209298266707
-1.0816998043092174,-0.20713614275048248
-2.4841106372506543,-1.2696110178856452
-1.6165944110803863,-0.8260313741539882
-0.38577414576790336,-0.264683733462303
0.2941333380093806,0.14108112907918102
-0.02581725602794993,-0.10023355736936573
-0.6944426720024347,-0.5924135234098709
0.12331634992538631,-0.016280147221148664
-0.10931629628993936,-0.1999964769419088
0.3039371354582573,0.15916737725823799
0.07593270885114109,-0.00521900530712275
-1.7582413017632406,-0.8430272998993442
-1.0446069295950668,-0.6309844767354597
-0.07479795798109362,-0.12526816488208636
-0.41371437105631115,-0.3337246304306081
-1.9120042385445066,-0.9746890630069197
-0.7214032113365405,-0.25007802125661854
0.16298079348850109,-0.12040234399336375
-2.3485766486547646,-1.247805404803338
-2.3861108269903575,-1.0185476175172024
-0.979990144014588,-0.368573782033469
0.1314361944581447,0.1907567012826821
1.3624471307685875,0.7489774855799447
0.24030855926818762,0.1754125568000776
-0.4823960812046053,-0.23596770729925268
-0.2875622282967415,0.03574064929157478
-0.4949089080583888,-0.2683818371980202
-0.11458872070770126,0.04052274282951959
-0.45361084503806054,-0.287380624823985
-1.374178536574266,-0.7650243130233182
-2.5580595354390336,-1.178135031859089
-1.5974756043662086,-0.9000704744162003
-2.930283856691437,-1.3082925738672004
-0.3202343136582745,-0.18601735027110886
0.048607706450449845,0.0673122896689589
1.0403760897891365,0.6434444362228325
-0.3054071521861318,-0.21089795572900016
-1.952950345116658,-1.047004298059038
-2.2492399822312716,-1.1021256209198746
-0.39271860330180597,-0.38506784098175617
0.7164549263494412,0.38123712819626565
0.7587967058570615,0.3493841654558157
-0.49210621039507213,-0.33025570631886686
-0.2753568443223127,-0.12773698035065167
-0.05718627125227296,0.07434712366403622
0.9441941112415052,0.61534148837788
-1.6424225284253962,-0.7789392128080257
-0.4211732033237375,-0.0860202133086222
0.6021619087201606,0.272295077894481
-1.1101394150867314,-0.5763218454213046
-1.5733783705972448,-0.6978300553911835
-2.1629954252560424,-0.8573965487810393
-1.3292151021388752,-0.6275664906342475
-1.8776212146282922,-0.99623889765708
-0.5700579629370924,-0.33902017763870035
0.22093056541639294,0.10838323171640626
0.3754905665636477,0.25396993485829134
0.2847526181848295,-0.022481957693544857
0.4308682235552681,0.3766465634845697
-0.5841760263812272,-0.241374734016931
0.10922530580131601,-0.1662937598194097
-0.22134585106625632,-0.2439801813042699
0.9346573277971674,0.39548846026854645
0.6221701996046585,0.4375578857225093
-2.1362515660980845,-1.008369151160698
-1.3026531173105607,-0.6373228563642893
-1.0464101078512043,-0.5330420736113183
-0.39653166000835827,-0.24336756262725925
-0.19057265760574899,0.05415589449145214
-0.6517155313978619,-0.34664249597965197
-2.100010646147644,-1.0959509180437619
1.5432496801450677,0.7686945580104407
0.28433829255112136,0.23982271331715618
-0.7417942202909187,-0.42554655898107935
0.6324310204824917,0.3128595604589813
-1.7882679164768729,-0.9417277069777077
-0.5079830556331508,-0.23638560678803508
-0.9000106884119135,-0.4351092825084123
0.26027555248288003,0.13651114002692746
-0.2666504732037447,-0.2545191265620039
0.8873558717482564,0.5005063173868315
0.583326389668898,0.41586526831770415
1.419817262104764,0.8846959478444377
0.5788618927939735,0.18311694842130105
0.18632741767736774,-0.006043766634084305
0.9218347605049898,0.37390171768840397
0.3923121853340571,0.19394941115082717
3.0390396059861526,1.5975977458284991
0.22244577805316024,0.1891949458238042
1.7520427563326288,0.9147599159637404
-0.27752345663279065,-0.14114293824810092
-0.44516614234130203,-0.11892962511117561
-1.3939518480268842,-0.6988391929352321
-1.1599066726724292,-0.6680403449211278
-1.0917006531696245,-0.6247950553246677
-0.3770391436259579,-0.25460881252997464
-2.3855253765893254,-1.2181420746246072
-0.8357691287186937,-0.3646186426627218
-0.7414721482779412,-0.415077265600619
-2.9675762657130638,-1.489662615483371
-0.9360828533380479,-0.39936697305999175
0.7263713820471434,0.3152590024310191
-0.3704628445741202,-0.21748831435909105
-0.4355094483625175,-0.1926310712650083
-0.2519649291099316,-0.1444946099747444
1.1407707163019911,0.6686555875650937
-0.25090338675516777,-0.1405692045186476
-1.2877653716100492,-0.6115078316337207
0.4315720797748035,0.31922731743841415
-0.4701158394863643,-0.38205380920039794
0.6160090961652875,0.2082548172586226
-0.17679435836487645,-0.09206599318214666
0.42444888617257764,0.2049519797627013
0.828580431597846,0.32773490992156
1.9278839839347142,0.800243378796758
0.3676969587217973,0.2084123929227305
-0.5271024597644697,-0.20112225807748138
-0.3200337969317371,-0.09921450724927353
0.2568869418883612,0.06553185888557345
-0.6067966040561592,-0.36792776596339677
0.20415690734046643,0.15785060470224435
0.2575187927387785,0.17247722525925668
0.3237982545776861,0.16811671989807242
-0.44395918953738733,-0.14362192605019686
-0.8878812475281624,-0.3056807890490014
0.16628483993937426,0.09088302982987068
0.228170821709074,-0.012965083662071636
0.13839178451708403,0.021918434929210397
-2.502299403888642,-1.3999742830487194
-1.8138643618930745,-0.7233021960300523
-0.5551099825796681,-0.6034164421877188
1.2901203651139,0.6862512941174398
1.7444098634921161,0.8987643508956079
-1.4300984467329072,-0.6010230701267694
-2.135038084690988,-1.0299618694328883
-2.599323429851433,-1.4201566704292223
-0.7130268641955206,-0.37869535559099676
-0.5308303124571829,-0.3526751866326943
-0.3441186638907698,-0.0970071897530149
0.5254584266879544,0.2685028828154325
-0.2748625103333465,-0.2919455317296792
0.21576169960325922,0.21344607239108734
1.0479533100437195,0.44792698146692156
-0.6833472632299797,-0.3885921961706895
0.17926335781137387,0.18612300480444524
1.6911490353015302,0.85272017350382
1.0565024733434243,0.33566183271268085
1.222839268162676,0.5465381202239583
-1.349934220184303,-0.5129558914681209
-1.1215838095059962,-0.4366478869098925
-0.21683878675056917,0.0765603809015197
-2.152062809171064,-1.0797367311656967
-2.381995403440925,-1.059666503060658
-1.418364496715773,-0.610671843929419
-1.0278675265672026,-0.6153584862029452
0.4933405903765371,0.20028244927508526
0.7358177219067566,0.2758145372387461
-0.0069269334338997735,0.09782611342630602
-1.5386105586339502,-0.7917147660353854
-2.3601320159615695,-1.2403600407783877
-1.5893412191552132,-0.8296043782040012
-1.6840480214607032,-0.851063544924579
0.1083956270281079,0.08152195885119717
-1.6059159311048847,-0.7524694564118861
0.28272271459074094,0.21777793576484059
-0.6884087247496076,-0.25930096815671944
-1.6780926891268093,-1.060380659701959
-0.6574475800983873,-0.3445813233284053
0.6263642071923918,0.3762205200825086
-0.6485512464896419,-0.5171043318370949
-0.999909605032056,-0.4857662080916082
-0.5541042476112233,-0.19794011763513247
-1.237220449956078,-0.5718576170730908
0.03843744044567765,-0.06107192450834159
-0.9341186019739938,-0.3874466827045464
0.5423507166140072,0.37233992104415314
0.20996719782441572,0.07127175761365022
-1.5334571845958032,-0.9225913706578014
-0.5820393503117312,-0.3333492198955137
1.573659191149764,0.7262365672450094
1.4219424889212187,0.8183375042414021
0.9103516191309265,0.5418668080672507
0.6237287227655615,0.40525837823089045
1.6138135797242201,0.9115113073824974
1.4301351264088304,0.7167239553992611
-0.1265856539911311,-0.10081559423197217
-2.1086335186854814,-1.1802707932536949
-0.3191687301394422,-0.26262946207287463
-1.6133270238305153,-0.8273826139348751
-0.5587179236629709,-0.2483269961155383
-0.9682736281451888,-0.4976081492289553
1.0486326153933854,0.4887084964066507
-1.9435952493450812,-0.8999950807857128
-1.7689290850143844,-0.9907919187440211
-0.1359329720992002,-0.05136823991689547
-0.5745923169591309,-0.201892291561321
-1.3786785842649643,-0.6207425433703274
0.7100062835542968,0.15257793768335873
1.4744126846811478,0.6075304769383795
0.06861408684035308,-0.0959332226995471
0.6376320224999605,0.3031811922779776
0.8854846990117304,0.41875166210188064
0.3551564982140709,0.13999051842176585
-0.14008045763337948,0.042552990767666665
0.5775504250749635,0.3210970980155079
0.4272672387098759,0.2633756041313071
0.36646403177848935,0.3265681818697823
-0.06817407882874885,-0.09233962336782742
-1.1806881223778347,-0.647840321405109
-0.0291242937602193,-0.09232274867025614
-0.15404618027531755,-0.01600087109660371
-1.9701605092822287,-0.992671018480845
-1.4935759581647456,-1.0173732050108864
-0.8534395947544132,-0.5097113087188635
-2.1295811547669934,-1.163834726362849
-0.07711185190082903,-0.02210568102426446
-0.9933586000943616,-0.4214242501954856
-0.6214933876414237,-0.1754808705552318
2.28255132948585,1.2046328163787492
-0.10232317536499869,-0.11150142233101765
-0.8973866288667729,-0.4796464014334536
-0.031642294816686845,-0.1305719349714693
-1.427905936959924,-0.7311483310228448
-1.7022954660097591,-0.8579517601193984
1.326039637845044,0.7500129820146149
1.648049652342761,0.7035598048856253
0.9826581839575292,0.5456669753717376
0.842789038853482,0.2552753407840613
0.4304766479046255,0.1312668159080312
0.12846894314132667,0.08025282474701259
-1.6431330650672662,-0.9419003243315407
-1.1524625141527784,-0.60120088063835
-0.40342676010224776,-0.24157182881787911
0.2774918876913036,0.22878289486659142
-0.5855791755311515,-0.49503886182781864
-0.6207455085492402,-0.4077268137031177
-0.8332212970707268,-0.4320245489064213
0.023531318942683788,-0.17634702168117602
0.023253274977203878,0.08161584303141542
1.3342834414750673,0.5833251082041264
0.9157835150727727,0.3971514348964929
1.9660348733958664,1.0681154560097315
-0.5682846991395801,-0.1918607559926122
1.2153743738293648,0.44001273820713616
-0.14468349484184428,-0.13394720333375565
1.2121083774697106,0.7044903566540739
-0.7539114909107499,-0.3635165503598528
-1.271618158719724,-0.6364837232241154
-1.3331160142730387,-0.7490915821475234
0.7469374640084901,0.44229766254437736
0.1744999554107265,0.08547470967700398
1.5618611738290389,0.7973345007225865
1.4743592313020186,0.9347855956020723
-1.5178310080958872,-0.695566426556548
0.004871563385437816,0.11026475235272368
0.8779675774345003,0.3721264733070141
0.9213265679782565,0.1836479986869362
1.2964676986073485,0.780949883691578
-1.6634174625490048,-0.7785973071913275
-2.0100219066677982,-1.0217884351829187
0.1397787538151367,-0.08659985993887842
-0.06487567472408705,-0.18523242027621442
-0.4957304023162709,-0.2010585194024214
-0.36339839339309743,-0.16643772836482695
-1.8550579007645578,-1.1470417976248166
0.21711217743202038,0.09304574675199861
0.09876259988353675,0.07167818154402761
0.001057077561479547,0.018062169615450464
0.8353039536839549,0.4215049209531321
0.5611968730257473,0.21985622217264877
0.4917642651800018,0.2449743963463719
-0.6092458361886515,-0.14975295071467873
-0.3524197388460681,-0.1162130197445676
-0.32533757310873224,-0.03496254669455642
-0.8519316780923596,-0.5439311089143314
-1.7500433687204806,-0.9992130344401353
-0.9456396240257453,-0.46076652444446986
2.5892748879655394,1.3216782501761928
0.850132944995343,0.6065999520050838
1.1289567789912396,0.47341156464073153
2.726344965070778,1.3501989941630956
0.9216409746256902,0.6546529442356261
1.0992466250902466,0.672571385402138
-0.5155546342040085,-0.16815423093557935
-0.02013045387932716,0.09804541425835403
-0.3244397519597939,-0.22319892160291036
-0.812486472707783,-0.29168724456930584
0.6832468096044357,0.3490889101604074
0.6693516375224106,0.33003933614170544
0.15854889354526752,0.05053442106661821
0.40415175509003987,0.050966650233669475
0.6807242141861873,0.31534661735051217
-0.03240986818168612,-0.030075820573898657
0.6182044026598641,0.3096117246373451
1.1362504257648887,0.6887870170473298
-0.014766672671250203,0.045286246920675136
-1.9440889324215214,-0.9515534209397506
-0.3822441383975512,-0.18924767143035057
-0.096032600131992,0.0632617042973283
0.08015938754938752,-0.06534777449340701
0.3389977392341867,0.3366808932343038
-0.02811610587061303,0.09283606061191929
-0.020560980373043467,0.02915264941727279
-1.2398871029654706,-0.5248315913446556
-0.9435901546969843,-0.6452078554758437
-1.5384530291774288,-0.6419095036229897
0.17610306581571755,0.10636828976433663
-0.983198488344981,-0.5881202925183296
-0.4594746408998779,-0.21226909063387508
0.19103850023285807,0.1449647116476006
2.245064226483025,1.1778570585099142
1.4779518118870039,0.760633099261793
-0.9886386692908538,-0.42424632103726734
1.2684707088333012,0.6419254702098134
1.6415380093914966,0.8716963557186043
1.1467627643373706,0.3549510884838928
0.12117889622724631,-0.12453139545582773
-1.3121994145798084,-0.43747677232656623
0.16465690496649799,0.06460893493050954
0.8919489191833053,0.5378516849385857
2.722790315325465,1.4966118461993796
1.3971831502808494,0.751845468768656
-0.4427743282919969,0.050395876368335646
1.4351819805856203,0.781561858490133
1.185518983880376,0.5942126377583078
0.7459182309432433,0.5120773173054505
1.2000894441362302,0.6764681997685681
-0.24137904746673033,-0.05901524498715929
0.6081273398995302,0.3101768940824341
2.0658449348743577,1.0326078688901936
-0.5173932833528074,-0.34415482606231756
-0.40125937896695707,-0.24689093526064115
0.7209211745057058,0.3387865755207119
0.4143780224763707,0.09009270729618943
1.5119554085844438,0.7362607416115098
1.1073564650914371,0.7947035576878725
0.8468943998082077,0.3564852081783378
0.10821148407620379,0.09552817647257639
0.4387480837067844,0.38068862480868304
1.1995127442694962,0.41866111644912773
-0.461580391633844,-0.07160610144060284
0.3589690682392996,0.218819598436695
0.5748023979716887,0.3038220840919869
-0.5516282737819768,-0.299113581494542
0.019132201356396816,-0.1071341584885932
0.7145590331058107,0.26920942287069805
1.4668831305763228,0.7355226154014866
0.4211226711399914,0.2520531827235017
-0.4664078825236832,-0.24302170593282493
-0.4510978857949516,-0.208886004744771
-0.8825173325516091,-0.3363201508130889
-0.47158282366746557,-0.09511870000632638
-2.8610109867264004,-1.3568910106968184
-0.7072293269931061,-0.5713609191149606
-1.9518250663063017,-0.9691614983007131
-1.0263668285051128,-0.49219252923699747
0.06326304153125217,0.09021450303920167
-2.471403258891331,-1.250563460988991
0.6024185273724829,0.2224513988397226
0.2219491940414574,0.08646963117078152
-0.07375530160447333,-0.060098183260199126
0.9627327283176104,0.4288972404939668
2.469348741655882,1.26500607589027
2.786011637082101,1.409447117624348
0.011650058696031196,0.0661626920013213
0.9302629625819432,0.42357586419494203
0.7345864784450756,0.5157570404170118
1.1270792050397664,0.5410379139963711
1.1601643802978336,0.5174266615124623
-0.10871793380028638,0.06295932669876483
1.049687347296143,0.5399883382821226
-0.1225002689239787,-0.13738774476324123
-0.8109198411050662,-0.49314114846938595
-0.47694411394284736,-0.21718068544968197
-0.8720217110675612,-0.4783647509656114
0.0929585900375155,-0.022047285238636125
-0.17349089098708922,-0.15369868983044488
-1.3379697842486873,-0.7704341541036283
-2.396565601004374,-1.1792354633751319
0.460621965511658,0.14006740453589395
-1.0714839769738298,-0.4316203537224147
-0.9355651537494576,-0.20587739300170688
-2.0295728771856,-1.1311078493377185
0.6710995729187245,0.24402364140816885
0.3371503629378527,0.16603992057046654
0.00842918412729618,0.0738612769006721
-0.6158925799163533,-0.26324765550238427
-1.2243246315899092,-0.6184424179496071
0.07858107582895113,-0.08698669187084165
-1.0447808841212591,-0.5641955403987264
0.1761756327126638,-0.013231409161968577
-1.0334251108000714,-0.6921867663524711
0.38706163108801794,0.09815810904459095
1.5095013243457935,0.8377518667610585
1.475438625624393,0.7336633676729332
0.18033518750281963,-0.051199513331494
-0.49666178326861704,-0.4022627714094372
-0.8488155909855983,-0.4124630598923262
0.9864426173864245,0.5278703683195471
1.86402203930398,0.8852941890382829
0.5120121846946502,0.3240623916816417
0.8635654111690381,0.385558928823281
-0.20460455068281114,0.06011856394044213
0.8542350109401542,0.46972160789314843
0.41122262488719563,0.20242464241402996
0.47038498001660267,0.2609842387467684
-0.26732164435255246,-0.06688100102562368
0.3855625839068907,0.31429726404224706
0.6680411467726566,0.3489593272585064
1.4511625845134806,0.7908132790000059
1.5140269128041566,0.7394527707152636
-1.0807040393036078,-0.5813477342790435
-2.0517385323948054,-0.86302813751976
-0.14233976534596282,-0.14553235602856102
0.21940869908934435,0.18357753546574834
0.8830565423219259,0.3724319435611994
0.27092800916534016,0.06517140476151022
-1.9802156070958068,-1.1005719804298362
-0.756462794661069,-0.5956270075741223
-1.1856002336460096,-0.6407677611963747
-1.22672956354057,-0.38883060860986596
-1.412822935829388,-0.8165942186549792
-1.224052754828835,-0.8177971758051149
0.2120919270885484,0.02206254928772776
0.6066978553474759,0.3560910759227752
-1.5009708619373683,-0.785922173912266
-0.013901112297959095,-0.04066370706744022
3.3108706950620777,1.4835808426586834
-0.2517958629108965,-0.002592065676006533
0.19161375569357258,0.08249249385133106
0.5057614753314253,0.4172958087472033
0.3580867335937946,0.13215847818381218
1.0804207126042222,0.6085481100027109
0.740091385049747,0.3389407604751678
1.385406070772259,0.7616058928148726
0.8713795440703217,0.3582368937822665
0.5193687297684906,0.3451052762189294
-0.8489466003362298,-0.35235161653221814
-0.9908232580834287,-0.33779794871679586
-0.8267006624176306,-0.5563676285373732
-0.9452154432238307,-0.5311010883999737
-0.5494552447184293,-0.20764131109891182
-0.45481513627941944,-0.15557276903656653
-0.49351032285907337,-0.15546782191866904
-1.7912596943858328,-0.8902768600836728
-1.864133404932105,-0.9186180478056687
-0.38895211822998027,-0.10604423700494388
-0.8133446360695022,-0.35020885106255295
-1.2886194084191178,-0.48310384742555723
-0.7195044420220165,-0.4481666113472318
-0.22031190179089705,-0.019718336765890312
0.5267165808532608,0.24156073120787572
0.8934090536231767,0.44279542938733113
1.8396391664795093,0.9231083681830288
1.6632104476362848,0.8421319607369129
-0.9852943426373252,-0.5656655284858987
1.0168762478267825,0.5932634124752104
0.14044139430011043,0.09171501946119685
0.29496054957498896,0.0771926725418946
0.5817562433250135,0.18203427821704599
-0.7369282189900835,-0.46349214071052564
0.7818118694417715,0.3361351350445636
-0.814139775841848,-0.41468775513275
-0.6390339065084515,-0.2531831892757982
0.22789975939591844,-0.12797298309283264
1.5124395181901775,0.8848721482932438
1.882832261446146,0.824607721560493
-0.269100577175968,-0.20030027050203883
0.6563814343548923,0.4430322863452156
0.3114112331006624,0.20600816101003272
1.4900145884898035,0.8123681976344029
0.24412738784657534,-0.08109381473395111
-0.34340086255470914,0.02377427074735916
-0.34582892492379635,-0.07673873709278467
-0.34845435416651094,-0.23145634422935107
0.10034271191020072,0.1259385667792703
0.3944667833559876,0.16221542356689345
1.2074342976614398,0.5906487545325038
0.3870897541085827,0.2515958755514268
0.06418384565967183,0.12065247011802811
-1.2549002183847107,-0.5899164988467693
-0.7969834438261804,-0.3728175788272735
-1.2501340005967383,-0.6493247379663363
-1.7487604861771429,-0.8596469276467313
-0.934310567805067,-0.699792952356171
-0.41028717861024894,-0.25236311491964136
1.1479514475020625,0.5516135892335632
1.5668769835384833,0.8109241378187125
0.0892934122251694,0.06757715112801009
-0.9106563965119382,-0.29916045615008463
-0.8800356060865,-0.39630681714576943
0.16186646637503865,0.10550940576921009
-1.0531102933186054,-0.47533402874414166
-0.18078735767088944,-0.019221365069154686
0.06057920801396122,0.1368581636169602
-1.4829654243549195,-0.7033608312870563
-1.2351229069757217,-0.5186031377452547
-1.066491978965756,-0.4102097150287896
-0.677063458623064,-0.2600740639554514
-0.8914319303322352,-0.39847026651476714
-0.011784987296058813,-0.1507299303873747
-0.5397427400701192,-0.30655012697300205
-1.3365076293358127,-0.48699776088921204
-2.0610091347411155,-1.1912375227170782
-1.6469642486635312,-0.92638338475729
-1.8844109991085092,-0.8091995161686432
-0.048373838856243245,-0.04666083629817358
-0.6580344797775556,-0.40785239901160225
-0.5015679495136872,-0.15307735309054887
-1.586827332348203,-0.8633776556526793
-1.0391210266458097,-0.6366908110895266
-0.28639834240119494,-0.19066783874204957
1.4502053158436004,0.7474015028230563
2.244691331130565,1.0445945982734524
-1.9558966972094485,-0.9462283433099002
-1.4829210816715128,-0.7821114222186815
0.718425683998143,0.4145559786754119
0.4372549698108535,0.3031175296686377
0.5958623962874405,0.32168992298266696
-0.7809571559496351,-0.3780287724359221
0.4211490957568035,0.28849179403125924
1.1533281694019848,0.4645745574322059
0.20265042581230097,-0.015155067115367502
-0.012513742091280589,0.08981760711830619
0.3236135916956839,0.06660493404764163
2.079259214873341,1.1128688673970986
0.9881446922420197,0.635602910685984
1.1217830902605814,0.6135635629089555
0.19959381540042082,-0.13461207923813082
-0.017788622766302803,0.02113528021745644
1.268651615239748,0.5257426241178716
1.806971844118507,0.989949676589635
1.372968226464193,0.6532979462263595
1.3031057493023241,0.664672427539027
-0.8122927010312504,-0.325164484944627
0.31091761171623494,0.23129775640972022
-0.2700656753190297,-0.026374145989249573
-2.9767261245006913,-1.2923446224402055
-1.3312466425548917,-0.5792261796344517
-1.8095792378016595,-0.9278181631594992
0.23077502978171016,0.019952603986119102
0.2249643422432251,0.1424529113183526
-1.4886642523418976,-0.7208548162628557
0.18949219933147687,-0.032876838992470986
-0.2876855638761726,-0.16989097942847198
-0.8951243193777797,-0.538944409382862
-2.3659358306952027,-1.2255222299563773
0.08500353732418253,0.0639657566734591
1.0562068832677998,0.6289097172662615
0.1757467319064268,0.05918936520021066
1.0682769874784193,0.44207166192504493
-0.7871249146127351,-0.36100931118640106
-1.5395543237051466,-0.8461642055431279
-0.15522563039037796,-0.15321815022802826
-0.48921490627266817,-0.21466911524469404
-0.796230007430198,-0.5513476974383715
-1.6032370880485591,-0.8442327658479906
-0.3421168786508507,-0.2059556007923037
1.0274712982689,0.3052169297696652
-0.0993428102949293,-0.15273387362688456
2.0850957691500644,1.037600508693264
0.7289056043851702,0.41750241874998334
-0.5347192781165784,-0.2772285467672329
0.2971115427907333,0.1325095081710003
1.4480271157477702,0.6728061804505208
0.7487087856103601,0.4401473433108098
-0.7427728027434631,-0.3923040580351592
1.1696994818957178,0.7086297058944597
2.067786167257622,0.935843834954264
0.024708579988320767,0.00218438429027943
-0.969194199269436,-0.593246862248329
0.4813486610525166,0.19715578177513296
-0.40265960711740184,-0.13734737577099218
1.2153443857081756,0.7082323526481376
1.0948267459488137,0.503003160516888
0.28780926030564535,0.01767434311057864
0.03267809661148649,-0.08121872896931684
0.5988792548621583,0.3612472517369867
1.422726798463454,0.6278966158593628
1.9182493337493898,0.9777417085558473
1.7622050821525677,0.8369000472814375
1.3382259560846523,0.589689028336527
1.2259692719148778,0.6122963322404106
1.2212141243943617,0.6406047603890374
0.34674674246898,0.04577141102275034
1.955791485045281,0.849111687296107
1.2291062620596271,0.6083622608123174
1.9321100876299226,0.8408101117959321
-0.8369546723723635,-0.13691420878182875
0.7266455283047735,0.36868131858622116
-1.600736316580482,-0.7754990195292665
-0.5592027776907473,-0.3903354383668124
-1.0088222136468186,-0.3632429593251833
-2.3399926471859005,-1.2133876052789652
-0.3345079659239356,-0.15877250949960472
0.028224763650598034,-0.013667190566645174
0.2495976369356355,0.19891899292349768
0.365908584713189,0.2047592929144019
-1.1958480066818669,-0.5743150216152776
-0.9554760308809118,-0.5620004480742367
-0.5049400125511944,-0.30287607844113623
-0.4409489808998625,-0.3187529500249964
-0.0645144350156644,-0.14490091925653117
-0.3892576599831586,-0.5181736859379942
0.028452395670414687,0.022662985278768442
-0.6822278827506596,-0.21184784760413294
-0.015414176376299105,0.0814685914437579
1.4368273883667428,0.6495209229263671
1.043489247506333,0.45673801530515495
1.881886153075855,0.9727163749077419
0.5692553716860327,0.38160598140999835
2.8537496214716267,1.5221223790695269
0.6260948330129795,0.05032257542567331
-0.13532261275343566,-0.28315793121704164
-1.3542133692434333,-0.7055139653319105
0.3709963759853979,-0.013683227921900437
1.3250040445942617,0.6151881525214378
0.9984574635006523,0.43999953001025466
0.6132781401614154,0.2669591008055595
2.9638173940664716,1.4209100599303257
0.5222186983562616,0.25565999715121196
-0.947516103191457,-0.34716227807258415
-0.5565623894180921,-0.3249850333564907
-1.3284980297974232,-0.7367768705231386
-1.2521012666310187,-0.538061582625532
1.153615885819797,0.5864830955368624
1.656888571404969,0.7630781466224559
0.38093285873700794,0.1128746442327964
0.6190949566065129,0.2599278525188321
-0.9313115438125914,-0.23594529896329297
-0.8548418014298902,-0.5308295183949802
0.2625604820233834,-0.03761333712496154
1.9711307670043312,1.114871615162085
0.6145858746557161,0.32452315386714226
0.6388516741475208,0.1807312498826167
1.6834023909067823,0.8138157459471936
0.5233231632185055,0.16044989142551674
0.9665742452109058,0.3218254439651187
2.770457861878457,1.520539466500536
-0.2614671031399761,-0.11639223963070366
0.1759650801922813,0.05121750007860739
0.9561552511196836,0.7391925182226926
0.583903299145078,0.27170757652452315
-0.252706099325692,-0.183569866334273
0.2448125595867101,0.17817667457357997
-0.05747864056709462,0.04619498139921173
-0.8203580988128176,-0.3621309558056627
-0.8177148284887884,-0.4718868242583405
0.7437678759240218,0.6205370255224181
1.4474919118717149,0.6500823387786019
1.6873064022755235,0.7038887239625999
-0.2844938654571646,-0.11235991811668762
-0.6311838132266587,-0.28674450394996476
0.9593821329445271,0.49065776395662253
2.164323887904989,1.13055350106569
1.6040115911961437,0.684537484125709
-1.034997114848766,-0.46979894207003475
-0.24968729739915757,-0.08525227026080923
0.09764358357739822,0.094612490139032
1.4449184510734376,0.6844326563649312
1.0041671857030634,0.41644285670833997
0.351002714978293,0.09135728993191738
-0.3228741138952672,-0.28668353416867653
-1.424437758236818,-0.8558757692892852
1.1044706166186198,0.6430979877741699
1.003457349225062,0.47769034619145145
0.3413021116720766,0.07351110208063533
0.6963257472807113,0.3855379096098106
0.3565245115653471,0.2699723892589948
1.3334886944635937,0.6073950275629466
0.44709752669415725,0.18495015813129861
0.5304271966264184,0.2519971848602353
0.9782740103977337,0.6828778975202889
0.7358075541225111,0.34749277275290874
1.7301492324707701,0.8053862799870001
0.7075301917741809,0.3780401279805952
-0.5514738911372159,-0.3369629847017045
0.7758019576976685,0.3388227608547564
0.9973561507027384,0.6471681288725557
0.03826379478836561,-0.03829854952225479
-0.03810306760685003,-0.013483896250972627
-0.9142691276271359,-0.6380731843012326
0.6716898429767892,0.34412356450229514
0.755419841162168,0.10776350754297498
2.481639434763351,1.167421831323792
1.0524168237318867,0.5790117640010866
-0.4152694752337953,-0.21468449282736168
-2.02220134669465,-1.0328822772912811
0.15158065912882512,0.05907908651419483
-0.6408422667144242,-0.36593733347429447
0.053617013300086946,-0.06332215923479059
0.805558481782413,0.46017478984684246
1.8096733164222893,0.9044867835111934
-2.051408491665642,-1.1379019062522628
-0.2247228996148608,-0.10170365458910632
-0.2362106458104985,-0.14195740259789108
-0.12074173899545057,0.12212216413496264
-0.8014144711461434,-0.20478561065567633
0.2401636930353397,0.13370633176229546
-0.02105668375821418,-0.17353620466216588
0.5315489470263917,0.3570146525479449
1.0484975679570832,0.4653647463251046
-0.46875469923675084,-0.09070330375403451
-1.9868999236481981,-1.0326023177991284
0.8446308989816314,0.5442604540506975
-0.25001111328557024,0.027431828637942995
-0.3936315878095387,-0.21910543428776755
-1.3436385593067193,-0.6463594836727254
0.17739219255728722,0.1619093931671346
0.497723409505742,0.23553705447287568
0.7637427369072172,0.38335450666788357
1.2454938096349268,0.54765281176908
0.3548002970179268,0.2862258333024089
-0.029603394549550105,-0.1109379081989922
-0.5808567973780728,-0.3311158778490928
-0.05803528592468954,0.08549079016155091
2.648423508784338,1.2572297342631702
0.6746303983355846,0.30575554165298535
0.1628559011400783,-0.017029319061389353
-0.5174690522515484,-0.48344492684445195
-1.208281263636938,-0.6567645269572856
-1.3485090765139494,-0.6337884916731071
-2.7294600057124985,-1.1902085411169296
0.10633487253256624,0.0943086443283197
-0.8916654295737491,-0.3933657179714228
0.21273631149688432,0.2866333813862673
0.07174613217868872,0.18966957396023015
-1.331933130077923,-0.6925386550740347
1.6614688521987824,0.857260820188006
-0.12816638884967713,0.06740173376834863
1.071055262764654,0.5596965507626833
2.2362624715032298,1.0497260377976052
1.1114528449018948,0.417475539885077
-0.03935348374611092,0.14173492882155775
-1.8875116833206218,-0.9954964976729944
-1.289468042560377,-0.5769096471269485
0.5554890588551097,0.10056212622064373
-1.34762427598073,-0.7731513050178972
-0.4519132041281435,-0.180036107265294
0.22072209920488117,-0.03065344311219595
0.15247828462915095,0.03997538908513706
2.9123783881794805,1.3676715503811308
-0.13268146020067972,-0.04342075264328127
-0.038567378398296284,0.019027274605583504
0.8586028045548011,0.39474086496163957
-0.07244390947654095,0.0025301924450614743
0.8116084044873695,0.4661960091260405
0.40956609077872125,0.2118313552554553
1.109632067577044,0.4764717279529557
-0.5221741619216183,-0.154069718902978
-0.10050283362827248,-0.13409980892779577
-1.749461990142728,-0.9261233123573326
-1.4204920015389852,-0.5937376512387741
-1.6828608593471093,-0.8756455605124015
0.5009882988194135,0.2892354984503543
0.3563697022636684,0.1884458446709672
-1.8441990307976517,-1.095893113724844
-3.182036730890034,-1.7834434599708213
-1.4087617607918075,-0.5312195345263706
2.1838200637123775,1.0003691618161006
-0.20113065199715108,-0.10493441464175018
-0.4711020239882662,-0.2332749753248975
-0.061310916847561514,-0.004712392930451753
0.32065409201014883,0.2796882553312585
-0.5098255939621875,-0.2673159322948154
-1.4260791975437932,-0.6601262346992043
1.5749758916335075,0.8532397436251048
0.9591781963719199,0.4453453009102118
-0.8402782080401714,-0.3296789488072991
-0.3679784245291503,-0.2236109344305401
-0.8337200446893355,-0.4637389690932948
-0.020087974425130606,-0.01753055496396285
0.510378212751355,0.2914927523686613
0.46712158314106605,0.3488074971952785
-1.312438871279114,-0.7280679354538563
-2.3039990437223854,-1.1177619904667024
-0.3640623448729934,-0.05042827158839358
-0.36965628914151705,-0.2259497439214319
-0.3201188280706749,-0.08909790882947084
-0.18201160782831508,-0.029071186014571683
-0.43262142057558783,-0.2937284771463602
1.0947680661993302,0.6149563257322945
0.7082655117123517,0.364881941371088
1.910490297853866,0.9774846273789811
0.9529291740084667,0.5516865485694601
0.8797833055462208,0.3806075032331135
