-0.46528070727093523,-0.1943558591862798
-0.9508433628753326,-0.6965462881679927
0.05565108122489926,-0.07915354982505575
0.9901032148059954,0.4469770877951381
0.28960068589668675,0.0766278418812019
0.007657581917496686,0.18037843639135154
-0.33767715747431015,-0.14622710490265445
-1.6829191762855313,-0.9467409890242221
-2.1366699043672623,-1.2104639708428053
-1.1956066472814944,-0.6616020838067711
-0.5850066210983095,-0.2759316919532834
1.2815317764201453,0.7776744229592933
2.2972495570364497,1.1946120499049142
-0.8231358337461847,-0.484587843576157
-0.5218726629671984,-0.11383481559383171
0.27383499923185844,0.11382436900291248
-1.5422378484985673,-0.8954972645378011
-0.8528753815624036,-0.5609976055727705
-1.1769896357644032,-0.5310459065306742
-0.5653658111288089,-0.1094536375182392
1.4036659454712301,0.7489628481146903
-0.45706106474476327,-0.3179399385815635
-0.4803558008568132,-0.19083930552712502
0.846931911956715,0.5104644384466266
0.3243095783362365,0.17332835651293074
-0.641003615209118,-0.29878506765146523
-1.8279619800521032,-0.8446682311317767
0.172424937107723,0.1150891553845157
0.6992834890504955,0.37733165590989803
2.0588360733348265,1.045586703061826
0.13415825573504947,0.1258933418464963
0.14871931246382564,0.10401871326308842
0.16420801312304223,0.051166713641016874
1.2340911027666284,0.4061688645975298
-0.9951153839560505,-0.6438012974629507
0.36902925439178824,0.05862621851433833
0.8739663551145944,0.39322225660833243
-0.7179055800740236,-0.31146038060952114
1.1266338765101347,0.5819696271723408
0.5933248418432806,0.48532028031258934
-0.47430902841965766,-0.3091891353572063
-0.12979215719293158,-0.1161686387626435
1.234969488849146,0.645324252087434
-0.49210927363461354,-0.3405350141408306
-0.16056704953477963,0.0031675468882135377
0.5567820126638201,0.3084277499121511
1.8104798721138997,0.9338935913965095
0.6752392826211022,0.3974621296136111
0.26263947773494717,0.1904691841312114
0.6941403294176318,0.5672850193322612
0.8232037568984312,0.4044730316401521
-0.9773930022644615,-0.4815535898324479
-1.1892299981214025,-0.6951844261540924
-2.0076163357213037,-1.0135664534154203
-0.2550922999190802,-0.07429257539577125
-0.503636640953341,-0.19597703672200106
-0.40581468447745017,-0.2750549204253475
-1.0091507431657154,-0.4689809975188652
0.5658849212799152,0.253247987868848
0.16827478237407972,0.18896179273411903
-0.9895019478240495,-0.5455768794202097
-0.7068975571475572,-0.3609339106181037
-0.2140282601940572,-0.23206594112342144
0.5618045635974006,0.21450560747745978
0.06996024681102325,0.06115517188181045
-0.3447346107129803,-0.1862962917117282
0.2885170825990143,0.18781125071452345
-0.5319274410778548,-0.2572546518821103
-0.8249408369029922,-0.5153174585096434
-1.4274660698603767,-0.585618661420374
0.4866104165745806,0.25974687213092346
1.7133912858017166,0.7529450952958878
0.8821691536176989,0.44312963261173705
-0.5567915604484209,-0.3093343656345904
0.3737025369840369,0.2933972387164834
-0.17076971092383364,-0.1328989904445069
-0.4003980628919894,-0.12191075810302773
-0.9119782381234834,-0.16842462847189604
-0.7999257040978619,-0.14077870505289514
-0.7615031164990907,-0.32008717001662346
0.04829992932267485,0.047971197527585996
1.4861075687726188,0.7544338204996663
-0.5579745527250711,-0.3105960755704509
-0.6241357541925894,-0.4326828104421714
1.3056286025861918,0.5911978639794724
-0.8505383165165984,-0.4955259617596228
-0.04467293721908849,-0.09098217896950027
1.4748113557049942,0.6885811014154812
1.7826703991431994,0.8802814375520228
0.9147101774039866,0.5744912212449117
0.5054929476985011,0.38049485949818074
0.7499455469056838,0.4062371139546704
-0.3990377404736555,-0.2864683534907247
0.23253813033888188,0.18567724660549811
-0.23999919786973792,-0.06336414123567286
0.3128402830080458,0.33627237689618755
-2.0622975131622723,-1.048739199406685
-1.0163053785722866,-0.5055928348651639
0.5173156715481929,0.14287667377174612
-1.8090826270634839,-0.6035677299176023
-1.5994827642844047,-0.8171258559509862
1.2129615185952423,0.489251170581826
-0.21722021808795022,-0.08825086020984502
1.8076514180377592,1.0270982883380535
0.6736479898029795,0.21842981229049235
0.7873533817201969,0.5412030743234237
-0.16214920543811423,-0.08889628524126175
1.7059292522481435,1.0729394594849064
0.6782523746347973,0.2720774623948939
1.9599818742411754,1.0777670352243736
0.5233053836735412,0.2836924752361926
-0.08449609185973855,-0.16796141041657225
0.3721974818501486,0.1791527129477959
0.822353837043379,0.30747029206488874
-0.027875318900407287,-0.07330296330910874
-0.7405989792215185,-0.4624985740776505
0.48110438232609715,0.49484699111628505
0.594839704876954,0.40067016545588374
-0.21187226017965727,-0.057194229320094964
-0.5005454340740751,-0.1761079083929998
0.3139265592725584,0.29030372139660354
2.415954740922706,1.2264483061580658
1.294778777757653,0.5371143281143854
3.2851879803236237,1.6926031823246421
-0.1083248732082569,-0.043260542099063354
0.3030355282090118,0.14827857257748922
1.9381489690867173,1.0361737713660277
0.8947562324461099,0.48655175217593727
1.1876726924404335,0.5030844240367753
-0.17644096794477648,-0.3417940044577805
1.4958355427827583,0.7230815760849021
1.8871772465278878,1.0883966773980158
-0.6056358142338147,-0.42012093053122207
-1.422309684904014,-0.9121492526490108
-0.8998857384241105,-0.28675307521659876
-0.9161445190214687,-0.3363039807719393
0.0801873376687241,-0.07315588838856067
2.0464525419927515,1.1065945955515628
1.9605366219320755,1.0232183109368178
-0.7634350846713567,-0.29111425087840703
0.8880748465739855,0.4009265800794907
-0.1305408333276602,-0.011544001343577581
1.0021502905799298,0.6921479124882528
-0.07518787838251728,-0.2655423586431698
-0.3972600265051297,-0.20613885353299677
-0.024840079827781414,0.019675323825504673
1.315639384471592,0.6724098742876914
1.9831053329985393,0.7958011063199981
-0.8850813023257433,-0.4976595667513419
-0.06905078416322552,-0.04004647133183926
0.21311729812028168,0.12520140406299063
1.0007031107047348,0.3729619737842411
2.282136567011033,1.0129030618844705
0.47279577406017503,0.16177687854084916
-0.21423406373296439,-0.0039184546478761295
0.22109951405886882,0.25823524703735296
0.36632827096228154,0.04896454583382209
1.7046586129146615,0.8217353838373734
0.3381223647523453,0.12459696524071198
0.5731315180985445,0.16561149072976072
0.9549512765344963,0.4270997482728454
0.5524243430974823,0.15865301584723185
0.2261690639566115,0.17604696311291726
-0.42464044835884407,-0.29366808104957937
-0.4777129847025663,-0.3957960732967978
-0.501448208610661,-0.2884539852040825
-1.0880870916550747,-0.5465273022092838
-0.4965453280218009,-0.25003116760297134
0.1602766501296477,0.12978247568795898
0.13159377620286788,0.15089824709097066
1.4193525312593689,0.6670392804413992
1.5886279891921489,0.8448318409457815
1.2187520233061595,0.6996382468224676
0.3780529356891872,0.07466337954595592
0.30744617222669235,0.1098718747023166
0.08088857491860388,-0.0370900987130179
-1.1423552153849403,-0.6812754214769751
0.21576091941316167,0.043210120573703686
1.1495304518926617,0.5525844717185714
1.349587104865675,0.5379910748602459
1.5570915773509661,0.7497790800669353
-1.678219624062051,-0.7000836661368793
-2.2746288863358397,-1.0522580324359012
-0.7289241015160834,-0.3700064912306042
-0.8011393968049099,-0.3252986883601839
-2.661169110762399,-1.364001215834461
-0.6684664424157074,-0.4167715849959253
-0.41227844939020536,-0.22453382422329515
0.4382000516568203,0.20555987715361493
1.3842903042972674,0.7531787020495281
2.166901886248797,0.8924592647870819
0.04327254458386909,-0.10343722934415339
0.7292574572862793,0.39728327346535486
0.9598379531609549,0.6250111948043815
2.479861686312889,1.0410478920389232
0.9504633126570154,0.41772090772131126
-0.3332877976777816,-0.10627359251819166
1.0727709750134136,0.5021249620367478
1.418073129573437,0.8103978972245771
-0.19003146411588667,-0.31270896258997294
-1.0713337710239952,-0.5401314323720204
-0.712027103501333,-0.48398814586163164
0.16926422373322875,0.11329787578687839
-0.8108636077518343,-0.4365650055231482
1.1454891144757415,0.7772009173796276
1.7040337098388862,0.9391735696868652
-0.27601640735779154,-0.11993541033992407
0.556931432603338,0.3048461328979234
1.406275563323737,0.6839097211886961
1.5049109628185722,0.7818838512199224
1.0109276039222483,0.4403402964499729
0.44075738701108325,0.2460463002858556
1.8147127060926747,0.9305515857799683
0.1406980137831575,0.07826589672429751
0.11523965252472587,-0.03266357736446354
0.8382935116044404,0.27261505296732225
-2.0252193753774983,-1.0180919741898817
-0.9385724521625732,-0.43978691476769083
-0.66474983276896,-0.22240532952345599
-0.21724161885098753,-0.07033794543729918
1.439012377847702,0.6938154263200751
0.35614541383735193,0.09261676038043075
0.17806324793323794,0.052048256882233065
-1.5530344577703752,-0.7343606991178419
1.30488085183194,0.5760217764963691
1.434459644951962,0.7076417680906342
0.18714794750042485,0.11213606804235714
-0.33349071641583133,-0.026223234437027787
-1.1624326640168348,-0.5698795019864519
0.958412577214826,0.3865813312170357
-0.40648590909597493,-0.1809796152434881
-1.4510839409526577,-0.6236519027440435
-0.17738103583954906,-0.17592343460806678
-1.200425943525279,-0.37813118623637104
0.7315727582255837,0.5718908658142237
0.6053949929528039,0.2837686419642728
0.5133378545847633,0.40805664839585126
1.2966022365328316,0.7127608136079164
1.4108667635483818,0.7974795438314033
2.8999417038512263,1.410101800651732
0.11478905144967277,0.13896677076911246
-1.6693980180153762,-0.8926795940264325
1.1765136440517083,0.5787480153438178
0.33660441739475033,0.34846231134640837
-0.3966027784746158,-0.19949230345996505
0.1291878777384135,0.11331634880260197
1.606175442649614,0.7323956101087145
0.25245903804056863,0.17034061908551135
-1.0477047772353785,-0.5806944315568261
-0.6979698652648431,-0.33656765772857455
0.9352707753172982,0.36402639736576387
1.5330647037030498,0.7459823466994294
1.4211488657881022,0.7137535346706486
1.625084637420236,0.9091641744911817
0.20612631679081816,-0.008512225636868237
-0.9475241107659513,-0.4928698970267816
-0.995380480993749,-0.5668111967910955
-2.1130431494061326,-1.1607937980933964
-0.9061997548534149,-0.5960339074564512
0.2901980898729789,0.02552722096429523
-0.20653882121767284,0.010835589582059407
-0.8911752334550149,-0.4301269100397234
-1.719094827817612,-0.879776640974118
-0.38019759118573127,-0.16269855466367433
-0.10234547557930046,-0.16996645299077773
1.6769567318359373,0.8529840067283845
1.2389119149173944,0.6468755617593706
0.46414149748029054,0.2391471853750115
1.067620075167052,0.5564761322595719
-0.962739013972472,-0.4556712471165925
-1.507670229047934,-0.7566172816804718
-1.4898625948752986,-0.5839623632819749
-1.3866228232053697,-0.6371693800074476
0.5523790711944876,0.11417858797271965
-0.3135472911996086,-0.21400802168744187
-1.230930346826211,-0.5536317064573344
-0.08614094605789224,-0.11985542609901001
0.596029265772779,0.202290580719102
1.1329544969195822,0.5573517309973758
0.6087225060533076,0.43732139287927874
-0.10611248162995979,-0.04670578016965971
-0.4653200627747378,-0.37700803439482045
-0.3193266541824952,-0.12081525229524404
-0.6290503004258694,-0.4181762198013087
-1.4718741317414832,-0.7699364049701732
-0.5463623071104831,-0.19981220733787586
-0.9364629725870149,-0.29371845172532063
-0.6731168815068722,-0.21594418586470393
-1.2124274959408763,-0.5583580688656306
-1.3442379172157706,-0.8564175041991473
-0.3173088312876678,-0.2564618116918309
-1.323533010665725,-0.6816069141665547
0.31724300918932846,0.21551156738994484
1.1070819011534276,0.5107645176894834
-0.021317321636970865,-0.014182187603877582
0.3913677582767619,0.16678030698739213
-0.3528648591026886,-0.3520521862729624
-0.6640211965982075,-0.5174520558409739
-0.8770087043684254,-0.3211466586086669
-1.0343488120638533,-0.7017817649764653
-0.20643929553011198,-0.18795533154414046
-0.10970976357653972,0.003000228582328207
0.793990304654062,0.27982588956023
0.7316639381798544,0.32069163839819187
-0.8367265811673357,-0.48484067859691193
0.9011406440369224,0.5018655545290949
0.4030401286959989,0.18048768427004963
0.2745247823943183,0.16367373680614244
1.2270355486328761,0.5792746341990025
0.9074201447006275,0.4485222979595934
2.624148688655394,1.0637430124557024
2.103938016089155,1.001221622825285
0.6349634196026341,0.22028599964911522
1.3264374457265298,0.512128460072993
-0.1541950737923935,-0.13905847425283363
0.020648102019831263,0.20050102277060547
1.9343756840469482,0.9899663808583125
1.1343966269784667,0.6709254222782416
-1.6422806852087246,-1.0171827335735306
1.8838113338416247,0.7288851450029663
2.6229661728217457,1.507944614776246
-0.11248791879891107,-0.05743362946596235
-1.4601491313675574,-0.8594438606870675
-1.8675955382522345,-0.9459730078363723
-0.5138996047697677,-0.08664177526550021
0.6926619709809992,0.15489795250633562
0.3146416523365571,0.11739979543793633
-0.6052057457853395,-0.582466802339914
1.3107895966626337,0.8034812902672687
0.6493476121885361,0.36093078718088684
1.2423964674730241,0.7762289156851165
1.139952967390871,0.5065241296327204
0.3682310667777876,0.2684557574885995
0.7412737965971417,0.32772280601896286
0.43206464006011974,0.3080438299553028
-1.5550866076471315,-0.8579616516671804
0.10605850105109882,-0.03385990646882231
-0.1198223332569467,-0.12517161220237086
0.07108149090562044,0.006460510317297823
1.5515023223334223,0.8722370095281522
2.4860836847083143,1.2498376142717706
0.5631757530908783,0.4736875991619105
1.2229428504259197,0.5840837491130315
0.094894371422658,0.22470099822933887
0.15489875426970043,0.0722877571275467
0.3957143759245865,0.31112108937177885
0.7731145411656821,0.4710029516470599
0.24713955524853717,0.18229899036370967
-0.21001422322819877,-0.2140735306785164
0.20899213328206395,0.004692212458338493
-0.5839851575776013,-0.42357764513614815
0.16542611637776922,0.01235642679465089
-0.2845054003172439,-0.22518767245264842
0.6728659486877158,0.3451610149480276
0.7633866315644752,0.27520699033329354
1.8328937558029077,0.8455424968405333
0.532581760179225,0.06323768890481771
0.2566162948102705,0.09418972369485137
-0.5929617744316887,-0.3605177398717149
-0.8461582506579751,-0.2775633609269463
1.4212952459431702,0.7299757588711041
0.7624636380994967,0.34019781164860413
1.9791141205768203,1.038016318765791
-0.22510029319201208,-0.04557301650883676
-0.8210196771125757,-0.5906747428271345
-1.6845919799728657,-0.7507154208920228
0.9410954415676152,0.4296386512612283
0.7803455433101474,0.37017667058019155
-1.5517174182271378,-0.660917912500534
0.0677217399073008,-0.16955913504814546
-1.0005763866027522,-0.6264535324483913
-1.2761930797376009,-0.722020670546031
0.8086386582421144,0.5342052173580779
-0.2330242313449935,-0.07029637092292389
2.307518571564026,1.307189013951113
1.1084624999583426,0.4650014491654121
1.5793596061189472,0.8394350626213475
0.6876994052132562,0.3414761541606474
0.987510758154609,0.4924430928773407
-0.5341581083959155,-0.28872331817955293
0.1526523744509869,-0.12457773919266502
-1.564156273944573,-0.8015939323942446
0.2841930164484886,0.08945346005015062
0.8755119553537359,0.45089618358869143
-0.6649147651010093,-0.3025328207159666
-0.887233373701018,-0.49130947569696654
0.0883278687560578,0.03756553662091139
-0.8515305383228028,-0.33571109892240675
-0.8991045263536047,-0.8358538741853356
0.22646020812501666,0.18511864434594938
-0.7412599206407045,-0.4982463051302648
0.9808124123969197,0.6489003659560751
-0.6378458623748041,-0.2062612949162051
-0.5692932704004233,-0.5016762161620659
-0.3907890435021415,-0.14101957315285085
-0.8435451078463079,-0.4286210091032944
-2.4791200100237765,-1.036417149441401
-0.29996481963370014,-0.22966281231544738
1.397770830333043,0.705246203400604
1.8170737020163072,0.9264703028931106
-0.19602833119163554,-0.18248485623248933
-1.0154098952728348,-0.5263657495366453
-2.088804638935918,-0.9793510955370993
-2.203986799305038,-1.1296274668127502
0.7904956288312518,0.36676071801453375
0.3373116186777422,0.18137210116948668
0.4493885245926792,0.1892701047826777
-0.2497317817498917,-0.0972051256130096
-0.02718467977162503,-0.16966084186391958
1.2364537135112348,0.8020416084486188
0.944238426728772,0.2531086861222592
1.6071365301420641,0.8971437542706027
-0.4760255959980274,-0.1764205608782279
0.7166660608353594,0.3054567838670794
0.08690699378093064,0.10533786671980233
0.40384350432100635,0.2175172392582327
-0.7451652530475745,-0.31739555482214726
-1.2534730886180927,-0.662366228046958
-0.0430586965668156,0.019563642745109147
-0.33589817199578015,-0.08430024281605762
-0.7399593582177351,-0.6069494487582846
-0.705146862336647,-0.42410335012490075
-1.8661014923806603,-0.9374711194182045
0.4256278148396847,0.11620144611340366
-1.430485471940279,-0.7229619771803755
2.341490081637386,1.1915980134575255
1.330891922141733,0.6490643923104753
-0.9392347404767983,-0.5475471465107762
-1.415415816099728,-0.8203371437800762
0.015328232569355671,0.012487860783946661
-1.1555454692512641,-0.5829226683714371
0.31255563241236595,0.07649791303266014
2.3528135026866437,1.0286856165139355
-0.048691607155733174,-0.15144383554028631
-0.19690966800214757,-0.031266870302964864
0.7498288711142712,0.34955140468655205
1.3480413826960493,0.5692955444767751
0.17877730352062265,0.05658596378628081
0.48638203342153513,0.35554074079492165
-0.2220434912415118,0.06752214576371604
0.39749911278910643,0.21436577715841346
1.9792932637701472,0.990771740037737
1.6416644837444863,0.8974273688576855
0.034361564572404024,0.030260513807333175
0.7552623873239577,0.3895876720383308
-0.7992368564442538,-0.6781916838076587
-1.7085432692904003,-0.8459315679339673
0.18158205416061346,0.20217768505297454
-2.6172582824336184,-1.1783683530224724
-1.4132866231621515,-0.7204021100515178
0.031095265136615535,-0.0495269336442299
0.521673839170554,0.3523536814638792
0.4125686098137768,0.4188492744900322
-1.5728850528083143,-0.9250406547835527
-1.7906264561192509,-1.0593474008316204
-0.7191363391209713,-0.3437723150951185
-0.6374069785701288,-0.14401438582054416
-1.3861529280625202,-0.736089167642065
-1.8054319147175784,-0.8649524774107615
1.19060128517954,0.49055068126859597
0.44175115953184885,0.22938937848426935
0.47298530170966424,0.1700999237661206
0.1949118540878803,0.11435929826955002
-0.3609108643821505,-0.2329281856920771
0.7074359249585888,0.47514839034934553
0.801101031321757,0.3966335628311803
0.8949145744863336,0.4129334080658415
0.48023767617536683,0.14475325885374274
1.5083779553229206,0.767068498396981
-0.01420304509122905,-0.2231647763825168
-0.11734274310673279,-0.2151058699639235
-0.24578450078720282,-0.014013342516435157
-0.233295803111774,-0.1360974238525697
-1.0664254084749873,-0.3455256822120178
-1.0996129423740233,-0.3868730779557684
0.1437082477741214,-0.027116977901241082
-0.398985544602393,-0.07378862626776292
-0.776492418841342,-0.47513271979270116
0.6064336051301259,0.22278998361249086
0.5926262442523282,0.32017627216580097
-0.4265610627251264,-0.19698870413956243
-0.019024862349732552,0.017066811556028544
0.09778432152515139,0.07091869577416024
-0.6708884514905993,-0.5121586514497887
-0.40378083346282034,-0.23643073289241162
-0.7987182252939011,-0.5010605335282575
-0.7252750479532863,-0.4116722642484565
-1.2979862419563104,-0.7230406992286924
-0.8697014873714815,-0.3439034591722544
1.3594010041551474,0.440790292886388
0.03320182887004208,-0.01017999461243371
-2.250241952984295,-1.3016305525798508
-1.3858089147365966,-0.6784172673237919
-1.0231042276461682,-0.6312445216817368
0.18941764055955934,0.00941950735218633
1.1059357102347107,0.5703231330602611
1.5393694872827215,0.6810114666777507
2.6628036907199606,1.4681969454849912
1.3028055012627973,0.6629827371770397
-0.4460074035754278,-0.10464525489539427
-1.2067261346550817,-0.6381552538634941
-1.4481442941003793,-0.7923255807108565
-0.9051267813759032,-0.45804827298410555
-0.5677042510720495,-0.41702301795679364
-0.2032058383506199,-0.0579836042455957
0.7216943610604913,0.1225520368055949
2.321995920144787,1.306542025128559
0.3946355453193013,0.09802130358277213
0.19666136365066092,-0.05841880551851729
1.1517606200665107,0.536554700904681
0.5148450395902446,0.21770776318592414
-0.7315415778836222,-0.2306795146490835
0.7121802193289144,0.3137367167606626
2.060940330744602,1.0090310092902002
1.183092043436613,0.5914688539960802
0.5425979720138455,0.18075054708008959
0.851951269866622,0.41660727282733473
-0.15008302997618778,-0.1423748634190986
-0.22748153998174164,-0.04448963336081349
-0.07778377965587292,-0.02947882019952166
0.5875779076822407,0.3166938203074272
-0.644442680367626,-0.5520153507655707
-0.4612339127236083,-0.3043734816890842
0.4436797206683907,0.30911510371942486
2.30777887501831,1.3192169713941697
1.5582468478213491,0.7949011190963596
0.7098517382365157,0.6175965127670384
-0.2497029800877349,0.11921445290244623
0.3223862303373135,0.3073359303376593
-0.06652177936672521,-0.01054121682070671
0.45939885044016565,0.09042564045837706
-0.645784628280939,-0.21736903807753905
1.2089502689421554,0.6940721216811391
0.8034142421007973,0.36248724947133826
0.017689885807535,0.03368133583893258
-1.0459253171697158,-0.6695994284823994
0.8087755207638796,0.3748637732490062
-0.08691176424590069,-0.08294793285449523
-1.3447292926159249,-0.6936545941275039
-0.33347859680030006,-0.29281293367618716
0.45480362167186783,0.011612152788665397
0.6603523820167141,0.2494659863893777
-0.9168902101672477,-0.3982533111681354
-1.3185105695837227,-0.6101869162575362
-1.7550066045157895,-0.82381431764768
0.817298394133029,0.48462657294403894
0.9084619112749033,0.6020026772722934
-0.40838336598853664,-0.14223099112861343
-0.9296360406136401,-0.6280208334779214
-1.608289035464988,-0.6935183241857633
-1.721473430890681,-0.7781496650747778
-0.09609821240854355,-0.2057268076236189
1.0368139257114546,0.3678991184618098
1.0717944203568908,0.2520246036391271
0.18293823602416193,0.19416676707352815
0.3064430129529226,0.07855336576760431
2.3680876783387923,1.161875035776585
0.6626045222991265,0.5029809394328315
0.4429883384753861,0.23907897225449917
-0.7123864616509188,-0.3206595376632908
-1.4686823043116348,-0.898863016417726
-2.4732055952400205,-1.0729996172756138
0.35196498813267174,0.0950228320647409
0.7635519596325071,0.4090282257132607
1.0829367574887463,0.44758538250701907
-0.819656485597573,-0.5361140795398023
-0.7469822790436446,-0.4843030126871877
-0.5320347495734943,-0.3512215800303422
-0.027699735968644668,-0.14585090736414574
1.152334128308423,0.4779642086746245
1.0175839525834895,0.43801675273651675
0.9023252355454094,0.6086955929933638
1.4478920071217354,0.6863513158650909
1.0117163691088666,0.6019012815543379
1.0471999597154853,0.45927480518539765
1.0776624349167518,0.6039937450214587
1.1576212793441931,0.6086837436244147
-0.41728558540412775,-0.31264591664428515
-1.0741708908594427,-0.42567246408424986
0.8157076612030748,0.33454741663724397
0.8395468905055283,0.52605163349751
0.9467642935346536,0.43428908919499043
0.23732336903780382,0.06597920090547263
-0.16359103755202622,-0.022339525207933218
-0.40106193219451575,-0.10590467875589173
1.6192149030047602,0.6816579886421116
2.276836094628443,1.0263093925788527
0.2887412547457946,0.3408715173914803
-0.0709574407121639,-0.06332854155127407
-0.867405084993944,-0.528112253822672
-0.11539400442489417,-0.12941829488832407
-1.174985207376561,-0.5001917601982335
1.1635113177925578,0.7331718807691591
1.251016190494111,0.5555085994642099
-1.6287495226428095,-0.907771042759504
-0.23880170309805832,-0.10296785478606366
-0.8370039584313496,-0.37291284160533683
-0.5415692160264272,-0.27514781547949463
0.2673080196332564,0.05584476444139709
0.20626611954892737,0.2208369809833098
1.627665812617964,0.7946495316266019
0.8495949695844939,0.5309842639913416
0.3301468355718868,-0.008729308895024768
-0.09962784342918815,-0.02522218493424172
-0.3873182423348896,-0.30991681853685393
-0.3324244062228899,-0.22743038216526465
0.8534591014358136,0.5136539123536957
2.0178044813283216,0.8323206470391323
0.7763048558766984,0.2845468375176053
-0.017730959542941793,0.05612171448865545
0.7516979679540204,0.4198224141211483
0.2982068739772662,0.1470127484779601
0.3687676922750077,0.12749327560466103
1.118784503522158,0.5933012461813015
0.3873018867349341,0.17641129240312814
0.5021721368901517,0.3054773108276957
-0.7060322468336273,-0.16891639294752303
-1.7496185392361352,-1.0220598781041355
-1.098274761957138,-0.6477729598559177
-1.0384505930705845,-0.468343804272485
-1.160469202664427,-0.5492921969856805
-0.417886200532554,-0.24323403213403505
0.12476778936076027,0.019244805416641392
-0.9627916148103449,-0.5488249626524859
-0.2383547255654876,-0.13656524313267784
0.003267755411910489,-0.06555989086452735
1.332514316263859,0.7200546821579246
1.3205676219305122,0.6163530518279638
0.06246611515800471,-0.009017153018383746
2.1467977968140834,1.1822077057959608
2.672806134199299,1.515420951334605
2.0820227055327507,1.0940856768173737
0.21091320411703474,0.17162794582828514
-0.26287160338091436,-0.11372798780358427
-1.0733540563281958,-0.4650744912171965
-1.6877414514997553,-0.7843399546944724
0.9819119870894519,0.5073020275735884
1.1775006310181855,0.5724406926243123
-0.5715387314629164,-0.33482425092451473
-1.1392070446431415,-0.44965874322714394
0.47709405363762014,0.09979993588583144
-0.26394086707975156,-0.21020945684410736
-0.5859936213252075,-0.32756669409078465
1.146234689974726,0.47058637883311877
-0.4685645524083325,-0.22186109860791212
-0.48249046679770646,-0.2869027227527347
-1.5506313971505987,-0.6804914413537054
-0.01875455535958137,0.07131571661343922
0.609097253533833,0.40001464709122425
0.4081250707099609,0.2388565383213352
0.06554493600736089,0.07843459854984397
-0.276616601997335,-0.13441396731112124
0.007704820984299421,0.06824399062567889
2.3781682545558773,1.1277079728215549
1.0876953485682757,0.4848991926253922
2.1387366399934833,1.1177917163685016
1.3429598156937583,0.5982660750839255
1.6789745531140916,0.8632498455311771
-0.28231883148371606,-0.1325852559148931
-2.01605479360376,-1.056083795515797
-0.23811742304461347,-0.0175445513959874
-2.7261555634853587,-1.3580299023130193
-2.3352699930479788,-1.252782309101408
-0.8140833431509634,-0.6278510122948089
1.04674060753834,0.6029488493629998
0.4167215523257348,0.25233348513696363
0.26148995671446906,0.16884521835420638
-0.3634180779949227,-0.13294667475052785
-0.1484750254181879,-0.06418187866513882
0.006795888438709416,-0.02548776032016413
-0.2957289552557065,-0.18547613614674005
-0.4648100950268551,-0.1312291479951904
-0.853605397021548,-0.385626741218915
-0.33715125784016964,-0.16923727357612844
1.3948510048220912,0.7896371900602291
-0.46169570292594375,-0.2571206215274729
0.5108292723416157,0.32967551386059585
-0.7916298869235346,-0.31550469277530613
-0.9845820178676028,-0.5075329692059455
0.34930537857661204,0.37164179792595464
0.945037211435825,0.4569164934020426
-0.3508168568140416,-0.12289224424046208
-0.2868990124713639,-0.21861858228133432
0.5861827071882828,0.21341657447866946
0.0845706449811982,0.0664457472572434
-0.5231517941697462,0.02019112311681326
0.6063633025701358,0.26310173681575516
-0.6209331329863165,-0.2537603015331765
-0.7633956810414513,-0.5400512654843953
-0.08157518893047488,0.138669687858245
0.6164965858874825,0.2864776982589667
-0.6037887507838011,-0.4157633770286062
-0.16501770556969902,-0.0994709356441465
0.7838484137372085,0.3870570179983649
-2.0363370665008707,-0.9619616476604868
-0.9262711034015509,-0.36868751322987464
0.0782856110967245,0.16974511191982056
0.23846183592764025,0.10684721777736461
0.38869492384745546,0.20059411885529116
0.6170147469453331,0.1371395179542853
1.0880514412068871,0.4882610444349271
0.8729508140061455,0.31615807659864614
-1.129603478530354,-0.5597314820766938
0.10384340709672757,0.005461437727495029
-1.594621809581637,-0.8186641984746614
1.1829123757739843,0.47477164076804496
0.3754577008019796,0.07693134707000329
1.5962163486078687,0.696561705059771
0.5442875748572624,0.2831989979990857
0.19422749262223207,0.12661041926538869
0.1325055681706275,-0.09566166647924447
0.8339843495169735,0.32117795657593745
-1.0714540363658909,-0.4774303719466605
-0.3751439662286811,-0.10661150558366658
0.4581730833057212,0.1103495042258044
0.656231817978943,0.5156416525776651
0.35743136453765206,0.03638962069265095
1.1636738987660822,0.6720404856480114
0.2879717093385211,0.0449705223160549
-1.5827363385521227,-0.7907357264126238
-1.1260627901076412,-0.4179582569854337
-1.6928488226787122,-0.7454961364278012
-1.1062242432022606,-0.5414133421722007
-1.1575847933513193,-0.7146064860140319
-2.495140004490296,-1.3099752216137432
0.48123507756860473,0.14762950628907645
0.0638931227955597,-0.1050713711340851
0.19403204153764764,0.22192350917029785
2.078515647301448,1.2536776832108174
2.6327668293827973,1.4160316755866362
3.573125022789245,1.6657266941399038
3.1879504585732303,1.300852982863474
2.94604711652312,1.4113294969288224
0.29627554373295917,0.05752234114953632
0.8473069906205577,0.4646048849502069
0.45872066393515737,0.18347011112860193
0.4219372035510252,0.15083931923396157
0.21566742552715945,0.2435833126505225
3.1228648882347194,1.6850737877464959
-0.49824432479000325,-0.2963888021015345
-0.6671565860182542,-0.3198860966972272
-1.740667141485461,-0.9813579925863664
-1.5941429427918918,-0.8478290882244796
-0.07137238362470277,-0.03881590302303364
0.24448911870360193,0.20743116636229128
1.4504009407052556,0.7668504174717801
-2.0278546411530756,-0.8178095547174028
2.0677537357253666,1.070141601427608
-0.2791114682537602,-0.01844900585455511
-0.5661419764236979,-0.24134841463468396
-0.308783771974567,-0.2148500746904483
-0.10418826455800505,-0.02037658992525776
-0.44145546713496425,-0.22095603430048524
-1.1597843042395768,-0.6129146008663208
-0.8927961754820122,-0.39475623774651597
-0.2892734864995121,-0.3240824762736789
-1.2185760956989635,-0.5876530539947646
-0.515202267747477,-0.35782308779347
-0.7682635392258838,-0.20781251365748257
-1.3464576025868191,-0.7172694094299803
-0.5072038464876233,-0.3689771413562173
-0.4497877029597891,-0.2533011538242898
-1.1628920820911757,-0.504340987896351
-1.4004591010739564,-0.6005296780075342
0.7292838517083029,0.22527056169034956
-0.14171957615243141,0.022105386362910137
-0.7282520911629525,-0.41197312622668314
0.17743420290830297,0.21871956829933747
-0.6448289299583343,-0.35068699769767503
0.8210587681542485,0.2747857611456912
0.16557404682624688,0.13129535020976518
0.23959056763810813,0.09563180355813372
-1.252630264564796,-0.3791518493936675
-0.9219178837447557,-0.6070957055835122
-0.8114329406301055,-0.5279404318894403
-1.0286891909732225,-0.5372411834310471
-1.0231262610512213,-0.6114555229276181
-0.2749832066523815,-0.08357403661969476
0.2404544815342616,0.07765048946075433
-0.26789390416864356,-0.03357882731036661
0.5807878306386675,0.3553468665223025
-0.48906583111565105,-0.3802147817313226
-0.021895226417565528,0.15713224853894223
-0.03176776109972741,-0.0796183684206512
0.6620769281927779,0.15714817214528598
-1.7679578066699715,-0.8718961983078973
-0.5627753396610127,-0.3803890763524595
1.4815345703480365,0.596167868031254
2.356069152770806,1.1217003495427709
1.0996917524565475,0.5813300734742988
-0.36845491827947874,-0.10488282042162657
-0.47739608673315986,-0.3504469742524233
-1.023311184408028,-0.5894397220253953
1.6711250532441242,0.8047070056540455
0.4776615193178333,0.09062020036966659
1.5923864052870171,0.8784213396689713
0.6494455975995816,0.49946919711577875
1.6576686441454682,0.9216018780875822
1.0929040874544513,0.472218791044835
0.21471285169019166,0.03133545053453714
0.09570396168273973,-0.057981740283553934
0.4853095240859746,0.15324658732893592
1.9420954174411618,0.8384429032311047
-0.27491761866605213,-0.296848401008619
-1.3831130448402564,-0.6326120210051137
-0.40630531386901503,-0.19982701791926263
-0.47390619713675164,-0.26126648456105833
0.8586192904444194,0.4561326924791947
-0.06713360589018563,-0.08255170705433248
-0.7663226013090578,-0.28064557729319595
-2.0414650978588202,-0.9554193875478091
-1.1422647547686609,-0.6505216635692936
-1.4597124310261207,-0.7532302521814171
-2.1365602232552328,-1.1176194573444536
-2.745496283142526,-1.256020428907529
-2.801540022811398,-1.5066953649919084
-2.1857884480542022,-0.9587728279073091
0.3998382729662451,0.2704185868934833
-1.4988601512414694,-0.8226018574019599
-0.9745933600271806,-0.5837427977092529
-2.8340596391156954,-1.4477501730691684
-1.464925076459165,-0.7068677358534597
0.24717363039170692,0.09452974296947342
-0.5880176155102081,-0.24291838674062177
-0.8168724118667592,-0.4810823244803211
0.00955714403814445,0.1456528431766391
-0.3976563770679967,-0.1716486436739696
0.31091454703844146,0.026644212333688494
-0.9793283351539754,-0.4268915304178787
0.39699992283142094,0.1740931206852851
0.3011152038985891,0.1916231682690047
1.005975423565198,0.5016214022777388
-0.602210916775505,-0.2805567187870958
1.1109730085895222,0.7244525548677232
1.4062412453661794,0.6809077932673386
1.4371432379552094,0.5857495026499475
0.8150208853343031,0.288234293167863
0.9675009915021007,0.3853130143533127
2.572684023005111,1.235306358037178
0.5049494827584649,0.24905296194074913
1.7775412665616726,0.965631075165606
1.305297348844102,0.6116231139415538
-0.06961949921798494,-0.10531401598756918
0.4504417668869668,0.2608746574323453
-0.6538924908404704,-0.3667131010017173
-0.07563119527030815,0.0747658590884994
0.22968751464470752,0.0056123870964655265
1.9340648549908244,1.0584927094185956
-0.03441250818938868,0.1412644056603629
0.8743450286626282,0.29553956852178465
0.6227399518946573,0.3129420754528314
-1.1516493771016973,-0.5867363397295507
0.8110874753452716,0.41038512595349425
0.16062343313749194,0.28092369310902
0.23110303067688226,0.11315816463878889
0.7275536046867745,0.3890852896863858
0.6348179334409616,0.4365252775437772
-0.7363792540752612,-0.3964377437297694
-0.24042217701252555,0.03192097678457709
0.6500720000291585,0.3633812526872558
2.86663160757648,1.41406739018134
0.7391494384878243,0.44470560045080987
0.6212980811743953,0.06656140926890364
0.6900929276359928,0.307296244600779
1.7783720029283323,1.06401123543084
0.9859199030553795,0.35631526550045167
1.2104159557559213,0.574629315568937
0.2916965577613879,0.1994817735827014
0.3238817566413278,0.02352962739149872
0.08028829803404988,-0.06349220605089732
1.8321242127194957,0.8920099119642517
2.96109771575221,1.2664275190629533
1.902364214420846,0.9858021329367997
2.0125710772354246,0.9506240639629775
-0.6789172862646367,-0.45502899435509003
-0.8100812749581324,-0.4010310796322569
-0.4686346744320907,-0.09654385238559665
1.0845960093407214,0.4840845908036316
0.14389748910825612,-0.04234843597335358
-0.028746639002440996,-0.019668906901308576
1.4634411701632564,0.7036108079194211
2.185025597726567,1.1397980022509588
0.26007341688345476,0.19807176551766575
-0.13619479766116255,-0.1992712443278191
-0.31364792013078285,-0.07616076646678621
-0.783720635755563,-0.35788695588454983
-1.2771343618551507,-0.652689890827055
-0.39008760669748077,-0.08565266556147205
1.2603767009163063,0.5764613594470984
0.8662946479813913,0.5181207830488329
-0.34728225622902736,-0.013422322075043125
-1.619875681689399,-0.7589127726613275
0.5947487415540326,0.30556087248734054
0.3510249940203477,0.2305288715749608
0.22669259554309565,0.10099820321681409
-0.09777068795122532,0.1179150353817419
2.1805095476756917,1.1419721054861482
2.72122326139199,1.3205423213928011
-0.6962614511791055,-0.30553258936235544
-0.8431858867550769,-0.3904574391335243
-0.9870341794237403,-0.5623114650787199
-1.3841429275461483,-0.6455635153341556
-0.6876152002329313,-0.3241930407824423
-1.2243617247057481,-0.4829389262968859
-0.1429398924725362,-0.1858424828761445
0.3970343297618846,0.3992346142623936
2.014107615053864,0.9417554374485574
0.8638698604826374,0.4946369201545924
0.11597304216595228,0.18801895569369925
0.29836581686799823,-0.0581213574099603
1.6718982195892094,0.7099570803426767
-0.7624605781497658,-0.34707150073447157
-0.29622982696293254,-0.14043640126218232
0.11354992517707346,0.06759968964502984
0.4152804414678206,0.19498179259643478
-1.393944445916651,-0.5704696233445842
-1.9130420890902073,-0.9119526102060418
-0.4762248228118217,-0.35677818490564506
0.49918973646806725,0.1799802344790533
1.4027053045266602,0.5706434017288485
0.8587356080795691,0.38784249369287116
0.9000903999100618,0.421688101064157
-0.2517185901434392,-0.21823101391781996
-1.9267335309791878,-0.9341061489398562
-0.9238923406806709,-0.6502346163371114
0.8076276101823375,0.45991599835804114
-1.0329378082918694,-0.4064848108225022
-0.8317521029170071,-0.41982910479919855
-0.4633820548912887,-0.2235601765210524
0.08932514040871364,-0.13165867022250605
-0.09077441500179179,-0.18183731279407897
0.08264143135727445,0.0888242014927518
-1.500839192705181,-0.5965989975524983
-1.3032012178508494,-0.5979507033043866
-0.1299062048375429,-0.03516159944382247
1.9130153800773069,0.7113661644777693
0.3372163387648165,0.22117438321184615
0.9598100833839782,0.45623389844778683
1.4775280442909953,0.6240203406359934
0.6998560172099452,0.23525746214683718
2.3661996861522865,1.2514064945268313
0.6973414886521299,0.4220294996387853
-0.1622525758189569,-0.12176129868270107
0.03128406804076925,0.1791604107323128
-0.6846763954499172,-0.35220170982804144
-0.582128551450658,-0.25848439026728026
0.028524314783956006,0.02479076244063659
-1.5451853818183126,-0.8806900475171623
2.9719112468046918,1.628497034083844
-1.5336771014106123,-0.8218427310279859
0.8659143401464163,0.44436537639274354
0.4138469787777951,0.2940044629562998
0.2499719495608655,0.04505007132526476
-1.262122798034911,-0.6932767220069941
-2.5188886955831897,-1.1131069028052631
0.021573601273493948,0.11235147407626636
-1.2066921685007557,-0.6421746750334333
-0.01552628993010019,0.19539406241715013
0.5845702354465923,0.29625273652701706
2.1109350149199075,1.0540495964551804
1.6792732459751605,0.8507339940806491
2.3396042576913683,1.1662946528963072
1.1618409900088047,0.49595236603562826
1.6133637928607372,0.7473435667943121
0.18489184424673955,0.19949963068266818
1.2513757836284938,0.8057356120939811
0.3497068222640545,0.15617845159898613
-0.27147343520559275,-0.14692458202865905
1.220775842532154,0.5896175578296972
1.0176900441995116,0.3327677616701046
-0.8567551829959484,-0.38687750154556444
-1.1214266913982383,-0.5955750597241785
-0.19567852704548816,-0.0048661030515409764
1.2000841084545302,0.41947559304527665
0.5604005217808979,0.13589733275763083
1.726270356350773,0.91866689135307
1.062696103686822,0.5950065626018214
1.3182232707421904,0.7683452763016189
-1.0177346731769066,-0.49479648807160787
0.16180713443806038,0.05860668238941771
-0.4363588805605304,0.023096964713006762
1.1106047740831209,0.5368318117937072
1.0205167594151925,0.39073609197972303
1.4979513686525956,0.6015197336184938
-1.4087326756025282,-0.7560334931272072
-0.8576597026585359,-0.3184183095893859
-1.4146545306885316,-0.615045343141746
-1.8793527773173075,-1.049650791857724
-0.9469640111830059,-0.347139098472553
-1.2662468734489196,-0.5903603713011936
1.6639418740009657,0.9011465664479976
1.1277077535265958,0.6934682867394696
-0.6304426508470488,-0.3817987752955674
-0.24508995400484593,-0.11938402584934521
0.3872762412905383,0.2691010631002514
-1.5426504509656884,-0.7203555881555774
-1.8430072855222799,-0.7653976265697179
-0.9167052656442835,-0.4224049799152432
-1.2832801484775551,-0.9143794843406758
-0.43782785788209927,-0.2384315976013789
