-2.227790694976129,-1.1287167757820278
0.28914560193973016,0.20469016609745272
-1.235514358464344,-0.627130242961529
-0.6878106372302333,-0.1694048005761093
-0.22742243554590055,0.03725995706582137
-0.6948586573422995,-0.3274539612536878
0.49213890760397827,0.42507438558419636
-0.007760695309065535,-0.012942126695677299
1.1133997092831702,0.48287307821240155
0.209844141818609,0.13518385488255813
-0.2488065850471051,-0.21042075480941777
2.343758648626146,1.1538629429538754
2.3846372279225507,1.0312185158848197
0.9588322698744006,0.4589918732208472
0.487811544196302,0.04635780668205372
0.36389206003991237,0.2573877156353159
1.784079553289836,0.9251296729536416
1.2317101828837909,0.4391084692469941
-0.058416219344286646,0.061366643390553935
-0.14652026507276222,-0.1017864701633587
-1.5461819252868465,-0.8633892698448984
1.471060051569367,0.7418377864825784
-0.12162387403962782,0.005220184108274489
-1.460343861140251,-0.8656299201954548
-1.5398315526798148,-0.6710119048901935
-0.1045431803541147,0.05253664537700403
-0.7711894775781447,-0.5675587401661506
0.5375457374107904,0.4867498264160903
-0.9450316496325231,-0.4209080041490334
-0.8290656186079675,-0.4221456442029641
-1.5626389587333962,-0.6661749294231469
-0.0473599179060058,-0.09570396245588558
0.6838476898024368,0.4652822468689821
-0.291243048377562,-0.05255597957880756
-0.38192655697829747,-0.16656228433672576
-1.7385413951117221,-0.716966067512948
-2.28788710153002,-1.0621527585710278
-0.9075879079035714,-0.7038281593602361
-0.40361470455451287,-0.28322945486305734
-0.5319215473105497,-0.1874630982774267
-0.007661650801876252,0.08724097300627301
1.1530811354290822,0.5486135945114378
0.07619923350042357,-0.0025284946612447526
-0.21890483026457497,-0.16225350905219652
-1.4365768331073798,-0.4769270780615912
-0.8960338256504736,-0.3972708595896144
0.9031406066709478,0.32762995552107976
2.0450253286199023,1.0282411633107271
1.1430389435999864,0.8166381260356631
1.1199158080352787,0.5955051720334789
0.4779963931910943,0.2812303884770879
0.4168146406679251,0.30877291893565123
-0.4001536615866168,-0.07176892768890439
-0.4024024896287519,-0.1358277217498226
-1.4498295571974,-0.7762154583823868
1.5914119973855314,0.7615753785280305
1.2740545697104682,0.7177281901509626
-1.1818429838953697,-0.7307100151380064
0.4837220755847247,0.2706494179104637
-0.13035984409856943,-0.005342079862491446
-0.4872003071850728,-0.18178572761994166
-0.40585684664484906,-0.09094962429102381
0.40594264447592276,0.35964843516446254
-2.0443769686095106,-1.0695932147432874
-2.014115723925831,-0.9626096135021359
0.4315858661207551,0.20985881033494863
1.3003182692645023,0.5863078036498667
1.1295217840817295,0.5661149950781994
-0.01364102470596762,-0.02137014749159522
0.05170953890549203,0.05763834178304726
-1.4387696473463507,-0.7879994020036724
-1.3417296708821476,-0.8163554266048021
0.05828156203976087,-0.05753586688520425
-0.4595908450479059,-0.3482983697284471
-1.5297432567177336,-0.6472425130901815
-2.3978574736492475,-1.4142179095186718
-0.8198219356720139,-0.44012195476515314
-0.2935933377416199,-0.032172856420448315
-1.377345731603426,-0.6220243542166111
-2.1378908604437292,-0.9475339597998461
-0.5911687642799112,-0.2317003102508436
1.0288209112650453,0.41272915207065486
0.6303746671285204,0.21305492635629392
1.7660411388600115,0.9487702291174719
0.7505268290739394,0.5939881214547698
-0.719195335951441,-0.2745010626951203
-1.4386558442775919,-0.7080555393082613
-1.056691981450158,-0.4479678658881303
-0.6137670707645657,-0.23884826784247037
-0.7739808313312115,-0.44109610841410696
0.6218919960558872,0.15129445123211557
0.754781557531615,0.4701717750130248
2.039731204206318,1.1182715197990076
1.9124633346306912,0.8617438627660077
2.09493388418611,1.1628064872030144
2.8581243542015335,1.3647705728480086
2.7392483810886317,1.606974920068077
0.4236958047294401,0.04912001216160786
0.3463981864957689,0.09460719242831785
-0.0357475452446325,-0.013280850137939677
-1.4554032971239912,-0.8449824935647849
-1.0739243001487249,-0.3494682103174135
-2.420314807606208,-1.2391959068183527
-0.858903331760102,-0.3225971770272632
1.1043610153949794,0.5799811793235615
-0.06336538388068025,-0.1039973218448496
-1.1328797280206084,-0.613555913965548
-2.069830703181441,-1.04829190561296
-0.7821852280277981,-0.3973800138753532
-0.5850341517988505,-0.37411888892168366
-1.6491781868029587,-0.724432406359639
1.624223831016137,0.8274246824219591
2.1798968363970457,1.0922932282655253
0.9333223519574603,0.629551810672008
0.7795834931722917,0.47789673450927145
0.5608410186616125,0.19704511591867768
-0.00030623695900078296,-0.08658814342721728
-1.3250991533080785,-0.694581849472247
-1.0709391498940244,-0.7561555666275054
-0.13301381384410194,-0.08885523015615886
0.9885438475774637,0.7327603372068999
1.7078593719578659,0.8952777906134624
-0.07937669536271696,-0.03591228260115594
-0.9970131555453925,-0.5655697684670312
-0.12382027039005222,-0.07961768505583779
0.5773514310441688,0.34504290314459757
1.5172174259906017,0.9003293192293129
1.5138133689520639,0.7678725666491846
0.7588990537521736,0.44796277952481756
1.927641712586013,0.7560166898935061
-0.3427476027880745,-0.15214230877603335
0.3765783237887026,0.20321356222353684
-0.12503867355363546,0.13438772589780493
-0.1734728223669788,0.15354074613535756
-1.138860299852486,-0.6606879441777539
1.6524104694507622,0.6873340973593718
0.06271830802134815,0.10869551393966076
-0.5263766307352157,-0.3953356130523993
-1.9970411646663893,-0.9533693775004868
-0.5225730171667631,-0.24892755295901653
-1.0585527742528087,-0.5492897329025895
-2.77398632863534,-1.24172362802858
-0.5749051821041778,-0.3660731083397658
-0.4874795802886883,-0.4046874566515449
-0.05819078428792135,-0.05747983140632881
-1.0086438389333752,-0.6063662655967526
-0.6048430232957644,-0.15808786797324714
-0.4643162531703071,-0.2871267365106043
0.37759460409098133,0.16974773894966833
0.8591495992727187,0.39319588508242587
0.7630697503169893,0.23993657341653937
1.2593963316845576,0.5985389127832209
-0.3696720873943604,-0.22902626515493638
-1.2794148764151303,-0.8089326706005451
-1.4828634317639833,-0.7688360968047585
0.08330548687354544,-0.18352328742225443
0.774573651794335,0.55496383659945
-0.10750951454790786,-0.17885154362692052
-1.1856258726348385,-0.6694190259397554
-1.1092502299335525,-0.5276360741321432
-1.1692335479976887,-0.5301252824909517
-0.3236071644285062,-0.09202040156107277
-0.3013364552952573,-0.1182190373078531
-0.3852722677419606,-0.130328172921146
-0.07560822659269423,-0.18619985390155108
0.7385904530299199,0.4774260237530449
-0.6734504104111356,-0.43069631466335156
-2.057089216371872,-0.9960345143011214
-0.4775955349282078,-0.26051536254079166
1.5109946064194875,0.7070921669501762
0.38408271486769974,0.07497773890101311
-2.5524736176417195,-1.3334132944453003
0.17960894497309643,0.16812221011131004
-0.744346257535836,-0.2779806772187667
-1.8292568358182186,-0.8597768375453319
-0.6950972227461778,-0.38713793482620196
0.951461878812263,0.3102824127844076
-0.9471929794700014,-0.4879396022839449
-0.7640779262132336,-0.41286670072015275
-0.4944971364280243,-0.3422690071913283
1.0266238287309761,0.42712795806135884
0.07521671102604632,0.09665878621936225
-0.4929418515994821,-0.28414263168009946
0.37366221802787425,0.15290722456258393
0.4510991761497508,0.32060296073153177
1.9388699978515693,1.039169112687876
1.2423294558195548,0.6490174524317425
-0.6250036855608965,-0.3316473574744029
0.8474155547639453,0.46213877906475015
-1.2103890867863467,-0.6125855969998795
-2.164608734054993,-0.9841461237736707
0.5895858243267389,0.10316434887606765
-0.7445902664569864,-0.44089386766298627
-0.7950630954447575,-0.5080985576715071
0.23036912184392383,0.021363767824903054
0.8136411154909631,0.40628708681996145
-0.6824965383084889,-0.07188032713255305
-1.2289929236537471,-0.5792003880266523
-0.684718948120677,-0.3825895393827604
-0.6865387348807259,-0.3442502868459693
-1.161244808521159,-0.5668703217936644
-0.030428892680344544,-0.1250372379266949
0.09932529837961243,0.10725088994172782
-0.45880331592967,-0.2858041412106216
-2.336351069815768,-1.141234467618123
0.7339408627136059,0.39673634375321704
0.7255400487900369,0.4105383897042308
0.3814551003694523,0.29640880036636935
1.0559575418573837,0.7105185604163808
0.8674123512293236,0.5642553246821297
0.821293025697196,0.46255091821346406
0.53177037399305,0.3676368301353593
-0.11058653169327248,-0.19513716844315387
1.086523763590912,0.6033920469302338
-0.11654521129185225,-0.2818409517325423
-2.627832671674765,-1.3640753930259453
-1.9163180153655204,-0.8654538556695377
0.616456773565999,0.28778449100503317
2.5019862407291527,1.2638173882364923
-0.07972580072643842,0.062267773883542044
-0.8029790303013024,-0.44875044689915233
-0.009521480286047768,0.1682672794011551
-0.8233798449358144,-0.43117594211203175
-3.689269184400228,-1.8238862310705173
-0.32047622629467976,-0.09164123653149538
-1.3881767174993154,-0.6963775389139086
-1.8281770631586785,-0.9228210713447379
-0.6899268722123396,-0.12458533419889534
0.6740996386620599,0.20106447665005336
0.2851340132924059,0.16821274435636674
-1.124426727720342,-0.5930660276236001
-0.7553521748758937,-0.2657521798999405
-1.1570012174944353,-0.4962578517734597
-1.0547082389184357,-0.5226007319731539
-2.5672008527605055,-1.3464419643396874
-0.9078139704372401,-0.4768214554865696
-2.3990306521850155,-1.2189085765310268
-1.5751793643316954,-0.8236430709157642
-2.094339930477917,-0.9637883990299331
-1.6105670198205477,-0.9021703537672875
-0.9186049682397086,-0.4171087219756069
-1.93850237977811,-0.9610615194697795
-1.1053978901313728,-0.558403428578714
1.619341421509792,0.8979498243615011
0.5003631447536665,0.32419751889210446
-0.007734270223271444,0.07166320709613817
0.35720170048657846,0.22616125952823624
-0.951055437697387,-0.6484940159140928
-1.1319631297815542,-0.4529519544712497
0.3136132127718,0.02982342516187836
1.0983847888594183,0.679739641778086
-0.11232189785948932,0.02160992129484343
1.2747384118085294,0.5499169572548219
0.10034838911590072,-0.0929525247823777
0.8182402449000112,0.39146471700233315
-0.18483760811509287,-0.191491578189962
0.3855915594372929,0.048238230502809676
-0.7271252204736238,-0.24522316104865993
-2.3830151518790843,-1.3690138538239252
-3.06208435659003,-1.5945745089039514
1.2194641674915379,0.6557291983438702
-0.08090513224991469,-0.07136316380967415
1.1207737493223335,0.48320967486616384
-0.12415775798416362,-0.007893349570366304
1.4027039035824103,0.89645730153467
1.9806527105579128,1.025303635532431
0.5140565631670553,0.33910569850588007
0.3916550446435492,0.35770743063528665
0.942455681519357,0.4185625893168063
-0.20800513629500272,0.06949061582955046
-1.3538554437206995,-0.7735169786226774
-1.9902464789768572,-0.8634463756073615
-0.7578782774979007,-0.3554810851975545
-1.436778795948691,-0.8229215357388048
-0.08123709880816166,0.11732815133286914
-0.848727551740133,-0.5609098998142595
-0.8810975899511291,-0.4222524322317286
-0.028153513989849888,-0.009596160947812795
-0.45762975846297754,-0.22020975978091378
-0.5454938234110001,-0.24172420776900436
-2.9083091349511494,-1.4519776514364733
-2.119917448104862,-1.1984571842775467
-0.42440328813441286,-0.27215346643836924
-0.9194157299868194,-0.5388465155109221
-0.9680100058054721,-0.5820166240332711
-1.5256979477549448,-0.7586244030904252
0.06695309642558755,0.08379553728802536
0.6429350125696244,0.2543214913877909
0.053213471409581214,-0.08246064051627146
1.0760973384780899,0.5439949010277799
1.8616834415456016,0.9927111237440728
-1.340147196910907,-0.6126903137066039
-0.7079627509787705,-0.26101476082336683
1.372850879647055,0.833943571242626
0.8919862799799557,0.47642578030692384
0.800277846560471,0.38440984326280425
-0.15692299432067186,0.02434390267005393
-1.192969093833953,-0.5522072463671552
-0.3680968940239336,-0.15916927450146312
-0.49790852382785356,-0.2099760648373743
-0.3221399978357803,-0.19819507082376633
-0.13086452264050255,0.06254244646699407
-1.3105996602509382,-0.669746893882908
-1.3345891675109063,-0.6214919859865238
-0.17577814481584786,-0.10266490992364263
0.7161075606694336,0.21856472866390841
1.3305883864370056,0.35167761441823525
-0.4540168747512562,-0.4915892855001963
0.48860868381060407,0.28673235731959257
-0.15395402627688703,-0.09721227038952579
0.5504247628980515,0.3072486882168975
1.4767543134829055,0.8139466976263684
-0.8467528488711776,-0.31699153519755824
-0.27795363836812725,-0.20270667729605552
-0.15467149360680776,-0.007296662530421841
-0.5356733029850381,-0.3211853193284795
-0.2967738062609962,-0.16413220952175392
-0.2677422417760847,-0.17418274317502752
-1.6711680405386582,-0.7911412589338245
-0.8853438222790245,-0.427881326368546
-0.8620221860950473,-0.409340304107265
-1.4748721037075727,-0.8812467794210286
-1.27734356044184,-0.5918450005747238
-0.06253119999998691,0.014626434575570897
0.3781060216472336,0.3577430897812923
-0.600070107301466,-0.24767542481052657
0.6727816486012717,0.23709343201270555
0.049359675898460686,-0.08737553843113353
0.7670891769007002,0.6024506487123631
1.1349528133746913,0.46262179127640185
2.1013753261961323,1.1967788062782323
-0.4093380168125925,-0.26277610142124125
-0.0055988515484775014,-0.0007223701211548392
0.08362195746004286,-0.0805113081855082
-1.3789476522733768,-0.50889673090343
-1.628952504447677,-0.9746967608384338
0.9786721531303083,0.44723930289813085
1.9508334021934446,0.8724965794092544
1.4190553398798027,0.5720347555933265
1.0760010937006206,0.5143806875438067
0.23615351979006716,0.28878394771893795
-2.1778323846836956,-1.0302846975276656
-0.6834475899844644,-0.3266283028888901
-0.15686229467927787,-0.23202139946268918
2.6602842175823476,1.2502532069782064
0.7601396793431247,0.20356268915696213
0.7515460210010002,0.39901361373772837
1.7836761154740775,0.8881948070971798
-0.791376077592113,-0.45663823514816393
-0.5674164168478183,0.030999496789913594
0.8341766841262246,0.4534742038318221
0.7802034852350082,0.24298187953494368
1.0865155848098844,0.47234739003016746
-0.35221298074965757,-0.2138492954002666
-0.40786617779564205,-0.20466509503724784
-0.26528387424027805,-0.34441968595432504
-1.5294939553644116,-0.7437723085205769
-1.683424341804851,-0.8671914220824747
-0.674370292945288,-0.40617685863340736
2.4416393668783605,1.2100933231072526
1.2170214380007145,0.53116542580593
1.6395723989420785,0.7764763620024
1.1214529680454706,0.6209194588475727
-0.22497587108008898,0.02743801416961336
-1.802469047744069,-0.965534884510076
-1.9667726777669632,-1.237095171833476
1.437375832462915,0.9480370720179778
2.065531721463168,0.945175713513318
0.7601324952623727,0.41083315922083863
1.4020961146964535,0.7939107595455143
0.3562780168547596,0.3053047292975949
0.07896511715913601,0.024280110864039424
0.9057465748601756,0.3809521850513513
-0.03127707131159474,-0.0670274132617121
-0.8198039800817385,-0.336787270621724
-0.7966488650323975,-0.40079267837205107
-0.4103098363338742,-0.17353710010463985
-2.7454926303422456,-1.3324364297383757
0.008974455870770282,-0.028034463034605793
-0.6694426900649805,-0.35972605049210143
-0.2634575409892036,-0.10798767755276015
-0.8058519979479155,-0.3818543414493333
-1.3590154166696746,-0.4988644169596348
0.02660377739558817,-0.03212809623730358
-0.6768502551730282,-0.30968865214329605
-1.9397628935782487,-0.9930409474972545
-0.18540650405211767,-0.06854899716813995
-1.3659667742796315,-0.5516812681855336
-0.8598948107484408,-0.5030769887478007
-0.44022018990354295,-0.2259335189775576
-0.9594184201924146,-0.3853811209455409
0.026926495185320642,0.017354192077584953
0.732664753980525,0.22764345383575849
1.3113572143065053,0.7193420414621126
1.9905196444623923,1.0945643411275845
0.923040705960945,0.5428193715490609
2.033103707518022,0.9450433689560538
0.9794604273992316,0.43455702008611485
2.245717256209676,1.2042504666649931
0.3646865158678452,0.3604193314237912
1.1115958351848452,0.5601685531020208
0.44662890994446314,0.2532935140318525
0.5993136167900879,0.33721065583973486
1.1703217901604943,0.3947530968128842
0.46668435290690413,0.03979886726169829
-1.8597326092720121,-1.1348224687117152
-0.9272657730503653,-0.45192929495369394
-1.5380661857177407,-0.7917181051084481
0.5700170427270461,0.47133660777453834
0.9888806266987634,0.43230475289171255
-0.5922173804022395,-0.35997090205889776
-1.3724479889776238,-0.7530346669462356
-0.9414495668709311,-0.3332670829914059
0.4300102560603398,0.30315738913856227
1.6850319806520206,0.9344981224296318
1.4441259242357618,0.7354891455437294
0.3098941635444677,0.15520268727055964
-0.3145130574123412,-0.2760443709421202
-0.25172352236532575,-0.07054515346585918
0.7418988057139445,0.40475194315171026
1.2608522731167882,0.5599643082150949
0.4634120842143941,0.028063021059653415
-0.41646627042101825,-0.18265077570226187
1.3388808391810048,0.8511287937034451
0.44159377246782605,0.16852085115482032
1.2638343274582038,0.6428394537394704
1.217764932752213,0.494942032772686
0.47296721800124153,0.13067849866248796
-2.4844174294812387,-1.2012768497899857
-0.9149291926520827,-0.5965662661763009
0.2408646155009977,0.09951088692592314
0.5414900409563421,0.18602608070950896
-0.6312629126224993,-0.26591886354599237
0.06961956317780865,0.02024156917716943
0.45354400817224544,0.2511856949470204
-0.08906827298946529,0.0380542000772342
-0.22693963667195516,-0.0393576237288524
-0.5956546787532517,-0.3429882121459827
0.14544961872266837,0.20052534538220088
0.7633785813806747,0.2597840906986163
-0.22338017452159759,-0.02803931998530182
1.2442793466851683,0.6500961883577476
1.1177000133462123,0.5390036304062102
-0.10046676352366624,-0.12725477648470374
-0.42604169466470854,-0.33905177503128336
0.6254459893720437,0.2439793425428206
1.8933854531307182,1.0505054045823505
0.71609496542146,0.23774728174680193
2.2569693735087353,1.1521206777942987
-0.8720417473907145,-0.5908920802648818
-0.8931707466435381,-0.4466207624801479
0.5159125007447938,0.26837899257580206
0.17482078978389354,0.05565436793683227
-0.5767315158297797,-0.3602253669428193
-0.6799220528527247,-0.4911666050838216
-0.35174775765948973,-0.12766344868796062
0.4586326954751333,0.2412879073116713
-1.3374142899988823,-0.7670901304242408
-1.1254913483238125,-0.826414921762713
-1.1646571933374612,-0.5024359271526462
-0.10514575778957863,0.15691732896304125
0.4390825137566922,0.0810147124903744
-0.5549711788189846,-0.24539349862239668
-1.986147423492631,-1.1611354306985435
0.8409414642409296,0.4093975122755389
0.5725265087527496,0.23250392562093397
-0.23694576785696325,-0.09628281837025725
0.270942768833552,0.06993481059476422
0.4132643722873245,0.2452029472162578
-2.0028000008404074,-0.9689827538372437
-0.7009889021717399,-0.40826683615132403
-0.6153722078583003,-0.4301678129469211
-0.3261579364464292,-0.026235047964424302
-0.8830719146048089,-0.5727542583101668
-0.28895951578749207,-0.09064060950489133
-1.4857345162939724,-0.6493822463878292
-2.1739701984187207,-1.0797318811638783
-1.0488887562178357,-0.3815986332525461
-1.209906111954389,-0.48510146315717984
0.08608515841907738,-0.273243104273345
-0.4999766855755938,-0.35176494757011084
-0.3820540685850667,-0.15049401399510087
-0.09282205067620972,-0.05619472517702234
0.11444493619160277,0.10399133166255019
0.2352619860980698,0.014712644118106882
1.232416365603193,0.4595101852203958
0.7536929868818371,0.46435646206918624
1.18373763162456,0.5520566449175086
2.0403212247556572,1.1507858152605674
2.8269654329463356,1.5717765034477877
0.7344745574311542,0.49671501788823
2.2312905281256197,1.0560953430644082
-1.4713006984163823,-0.9340641862032688
-0.8770372757496472,-0.3507155221242403
-1.8578953435314114,-1.1879043789437138
-1.4308875279832844,-0.5891335155555525
0.5114844468042031,0.1993162022761564
1.5525332365174735,0.718343492314952
0.6937942322159696,0.41376681621445965
1.4468494901680602,0.5026689774063624
0.24997821418595007,0.0963904913388779
0.08251284230575888,-0.007543645082896976
-0.3402077396180382,-0.138691824141937
0.16093040201669678,0.048315868849796655
-0.2287795821677267,-0.1886139582074191
-0.4089113790898382,-0.41201175599542805
0.4144845413435536,0.21348335928096668
0.2808567451127936,0.1803215904828476
0.1317275298215192,-0.0024905437071803677
1.9644301072994614,1.0492361302247815
2.45726371842412,1.3438520410947579
-1.2152414051201943,-0.6028054073342901
-1.4994423898631024,-0.7601656089360047
-1.8164129877698691,-0.8584276866025663
-0.5643574005483377,-0.26033331401825344
-1.6517576199124635,-0.8351231798994845
0.2421716320220929,0.12717630152806994
-0.8174773667192181,-0.4620877395529101
-0.13749011765999203,0.041041353005551534
0.9222280975110004,0.5655092492514768
-0.11450144151206387,-0.19978963523597573
-1.7508720829619666,-0.9551398276705567
-1.232463404087927,-0.7666288468131256
0.7567247572238769,0.3598275372927025
0.3950547571273894,0.1309633516022708
1.0029641861154523,0.49363398732299457
1.1418497972436548,0.6419641375969579
0.8342963698536543,0.40489063376818596
-0.29984600029651565,-0.22947558161548104
1.2019603372870855,0.37456375396996
-0.8829528134135937,-0.526300308084823
0.43466070551488145,0.10625203484428604
0.48805068034011634,0.1976144308166717
0.9233775271845888,0.5043271211714208
0.6133663598547967,0.20854495689144364
0.4415253889213564,0.11360858364860882
-0.044464877071032693,-0.035028853516786355
-1.0662242881070905,-0.580327989664466
-0.030206309690003486,0.03194512363104152
1.4790468968060164,0.7858955907153421
-0.5576869612722597,-0.3555367164537732
-1.3629141240436384,-0.6660712466303589
-0.9310927410927428,-0.4454179044692607
-1.4685822358385139,-0.7891698092148826
-0.7628910820922277,-0.37247191758350406
0.14391275996777464,0.06925979128980801
0.2920652287958973,0.16895001320740888
0.5472885989670976,0.24738901149615825
0.3455186673237633,0.15472991329033464
0.4355312831284348,0.27732570197996564
0.375782909035449,0.34645241009439776
0.5880191876612493,0.19744782524922339
-0.20734047405550093,-0.002303478381437782
0.37569041016258353,0.18988739506071414
1.3340354294671453,0.6568015364642397
0.09584257184740752,0.2036718213840337
-0.7127676060685767,-0.16972398047125453
0.12251606110916069,0.03501037276720782
-0.2785451908342509,-0.07057405039195017
-0.8998487115153232,-0.45030611329514364
-2.153798253797556,-1.1661660140322536
-0.08474263003660354,0.15647796146851625
1.1893080852246707,0.5978304100160233
0.06607289949250328,0.1304943636408875
-0.5788411362010517,-0.28630695278236523
-0.8292443602380519,-0.43189368749528145
-1.1755832295248816,-0.5973685830020425
0.2827687513659668,-0.1029047919357508
-1.7721582873900315,-0.953481424998842
-0.5783841037824862,-0.426003239127067
-1.28040537127369,-0.7809288560423621
-1.5641982537291264,-0.7686613860660143
0.09862257957622944,0.1446095431525788
0.7000402945440546,0.2998159876230636
-0.6615850107415071,-0.1704373722286051
0.03979850797011242,-0.0194868942523942
1.361835030191403,0.8047776443902318
-0.6268640271953593,-0.442551763245272
0.48864018575525425,0.28340459968182685
-0.33991694911881715,-0.045576371942389185
-0.16870339789819275,-0.11254032696653134
0.3561563283103961,-0.0017868436892634065
0.48140410645123966,0.05484419946149399
0.5071805928030448,0.29325897762143693
0.5063520430664616,0.21010685204766857
0.6541864199356064,0.3614493981803648
-0.8639157305573977,-0.3584582825373078
0.10453379916538347,-0.029111919613973983
-0.36341058418176847,-0.11304845461891277
-1.3598293397135524,-0.42814851207059207
-0.4346368876177055,-0.21220057935288422
2.1607759759180167,0.9634372226120766
1.9007641991526132,0.9704469797641789
-0.6554040331313317,-0.382173157505407
0.6989408191073023,0.4269801106091458
-0.18783219919496852,0.017148086940291893
-2.6915548838397285,-1.4787562212440237
-1.1435689358627528,-0.7158286062255342
-0.9988991726063878,-0.5610281150524351
-2.4940619456431476,-1.2806103519397973
-0.5185594890589319,-0.4243204873455441
0.34991045986864083,0.3802776989147598
0.423193134899349,0.20820059261363252
-1.495360353461236,-0.8165461497520208
-0.7889342924054537,-0.4440962010473702
0.050266071448158034,-0.10704354397029212
1.3730169937630106,0.7015241984744287
0.5193955045490055,0.3334013940401792
1.0374672842319748,0.42089426889854364
2.0880393324982203,1.1151518590656142
1.3803988317530282,0.9044815622798204
1.5367897522144278,0.8337854977448032
-0.12084067806588294,-0.10991524131538333
-0.2503300855383833,-0.06900177093375845
1.0879070603033953,0.5460184651120372
-0.7724441047275257,-0.2159990817902042
-1.6006148815682348,-0.6056768395113112
-1.005664690138281,-0.5462732939478739
-0.35951382015659195,-0.0065237892521421426
0.5676264645831264,0.19403349829667518
-0.2857667982389335,-0.17592609710935264
-1.828778588374854,-1.0840496145747986
-1.3269711623217844,-0.7158345301017637
-0.48967211891290807,-0.17797266409145285
-0.4242095995629609,-0.09181162073809183
0.808897986130975,0.4247326130835771
2.385471884654967,1.3976448373030752
2.1408442220981607,1.1413144132844666
1.3052242087559178,0.7690766903459372
1.2661832259459822,0.7085052090369901
2.1417605622608913,0.9573968838480064
1.396164717581601,0.5325249038238127
-0.425027335491868,-0.11708702358607281
1.1907544443090725,0.45402887752367416
2.0150692312809833,1.2142315672728567
0.885108334677872,0.31621188946406337
1.9192664840236202,0.8345121452878297
-0.9441770480039362,-0.23952047279842528
-0.9216022308793372,-0.24176920741419874
-1.567171937166488,-0.6269093891771917
-1.0904514173192255,-0.6357688950123479
-0.9626861261613837,-0.5140509278169599
1.5225113110143353,0.7065833387010123
1.886475896954594,1.1111644152381828
2.228786742891585,1.129901720920441
2.5504056113713096,1.301933899816198
1.8225365546578804,0.8033842664508081
2.1629726986729123,1.1269145819003903
1.3179189271467209,0.5380977097723898
2.135620809823877,1.0934664278764135
0.11907332004081006,-0.018043177912181685
-2.370547918025921,-1.1267396445561286
-1.0723606658920137,-0.48901128918870035
-1.6467131326477489,-0.7657794872968859
0.7558155677270857,0.26402764705028203
0.8048199506313045,0.27444604068157163
0.2484676325755012,0.044474266358027564
-1.6013013306524901,-0.7548468530756118
-0.16810230074847832,-0.05763293565801705
0.3801042264245149,0.32631439006864293
-0.5658738697185799,-0.11182468947697197
0.471228402373909,0.30277994234013295
-0.05153198096085304,0.1279405584653733
1.4836011045100037,0.8340182285999396
1.130535600160451,0.5657862548226977
0.26918819702099966,0.1996546941668973
0.02129710888927533,-0.06896853459067423
-0.5118069931722727,-0.19663201600531896
-0.16735893393725715,-0.17394270049130248
0.5630544683335491,0.20605434391354993
0.8234769625773268,0.42544756485523216
2.230107801653612,1.0927937416647355
-0.6594618021953519,-0.5674366225406722
-0.9476944398264014,-0.57572837283466
-1.1437729774058676,-0.6182993264895613
1.3665525042594173,0.7592457790111325
1.3066612563483901,0.5328768750338437
0.289813913974365,0.12139817411800116
1.389577286621643,0.724578601181416
0.0420485893417718,-0.047411110928255604
-1.0262232906450792,-0.48285721197100445
0.3265171904884513,0.2734839151681627
1.7370238530886963,0.9467897690759127
3.38004369794142,1.635786073079105
0.17177661713633463,0.06912432120660084
-0.781894566906315,-0.641512231426389
-1.1396096939568767,-0.5118658409178506
0.3919777748031782,0.26123860855025277
-0.9765006070091415,-0.5243305014507905
-2.155706010397858,-1.0691221726232578
-0.9114961526098211,-0.3902388168519221
-0.14675526066753136,-0.10844129868683908
-1.2975472010046938,-0.5484320682693318
-1.0470425320511678,-0.4948355714805457
-1.989577812680748,-0.7881873419137424
-1.686895370334648,-0.8080177090341142
-1.6734533244697345,-0.9032374252807697
-1.8207441721422781,-0.9228093981664283
-1.5243761687666528,-0.6879080611313898
-1.4402948598169738,-0.8202359423277552
-1.7032600366713841,-0.7611630985289761
-1.3888724283712999,-0.7549858995045639
-2.3616246600802517,-1.0348157980371269
-2.0354905290621588,-1.10224253510581
-0.7120269870290151,-0.38465169202380534
-1.5402163330872496,-0.6054521019319259
-0.7755385115857192,-0.4690092648458082
-1.1069321082676995,-0.46559633471102974
-1.7006680536717336,-0.8385480937161296
-0.20884328595123103,-0.14560234357940738
0.4115469856568685,0.22053984504463822
1.5143369553489938,0.5957541805709349
1.2908274196960905,0.6638684390667118
1.099355214898553,0.49482255396524066
1.528543938122636,0.7557170800921168
-0.2328289047158394,-0.08344449120651665
-1.27285756887004,-0.7426883737887633
-2.112695564555291,-0.9759284379983036
-0.05291010625260528,0.039142421485286336
0.36182890535868567,0.2555626612858707
-0.9428105947922711,-0.5707516332750062
-1.6962265508088508,-0.845688766168545
-2.1225961016358763,-1.1280239684293767
-1.0418626917838534,-0.6225756664385257
-0.7288400853391841,-0.29143926018489935
-0.598015182021784,-0.46048147213030566
1.3798668536200278,0.7288264037093317
-0.34481593980614755,-0.15902334235178936
0.15839067690016245,0.044105827685415086
-1.3505486702210612,-0.642207260493324
0.18422110579228967,0.19168271556389893
1.6202708914255692,0.970593819141017
1.3255981027348849,0.8197034645413146
1.6921808197749018,0.8205983288854615
0.5996549080163093,0.2635255743751805
-0.052252858883486186,0.04331597718609498
-0.21113288161970084,-0.02124058884726035
-0.3640083921123499,-0.22463670188035426
0.9102379294164484,0.5779446515648249
-0.9691497832653282,-0.5166104627095687
-0.27251065618271275,-0.11706794139856691
0.9127653379273277,0.5096427103997625
0.4692275916351326,-0.05841141340773787
1.7935617650038753,0.9099884823840976
0.6933244468090329,0.4656543405820514
1.57184404362994,0.7805227245625127
0.5064156811640307,0.420474311784983
-2.117676308831603,-0.9422707403067468
-0.06652693706109991,0.09269097853490532
1.3033533858390332,0.7589046788710475
-1.580325987609811,-0.9854271312695315
-0.21876305052757122,-0.08428399868950173
0.056921602555226214,0.07584823945553106
1.26689525216036,0.7149665756196631
0.5182482462558187,0.0666199670690556
-2.4350393354463065,-1.2146701745373891
-1.7993103531591101,-0.8514629157506123
0.18466172985313944,-0.008488680965540854
-0.41718503818222075,-0.2538455159956676
0.8252033933146683,0.6091508074454399
1.3549695089514824,0.5581764529043735
0.7096014210265947,0.30845771968368374
0.8935038484366233,0.7250392714236902
0.8665532590999159,0.5146563110554454
1.1565420474859227,0.47368425218132426
1.0575876686693537,0.583859634947804
-1.0628444258001566,-0.6011499433188644
-0.019976297422335865,-0.08724557214115987
0.197491658486218,0.10112760884485565
-0.29624527530074546,-0.1119675065985127
-0.38011132172063117,-0.0934470064089298
-0.7585513270938169,-0.2137434897308915
-0.15613336598310124,-0.1091886891472988
-1.1498502700409747,-0.5868956867698849
0.5286596938993945,0.10677193860997014
-0.9350403076151148,-0.5183325227326885
-1.724816237565431,-0.9949860117211689
-0.5638650877593883,-0.3790693249660172
-1.3046589308703396,-0.719683856106511
-0.24421937872084698,-0.007430441660957812
-0.649108823885308,-0.300202363404537
-1.7006877044141748,-0.8089826740823551
-1.238624918539538,-0.6999572346910401
-1.9637992439880687,-0.9383676489417179
-1.0704930498702567,-0.5186796720653486
-0.02941309937256742,-0.17892508784744138
-0.5213647188518893,-0.3681450762888574
-1.3265814672068368,-0.7703318142604907
-1.3265882394506685,-0.7635661480138086
-1.0012178491618446,-0.6303974966530679
-1.0845453162318368,-0.4666849796883183
-0.764461937772222,-0.4086755895862773
-0.5907088894059334,-0.24239698294031173
-0.28204693548810206,-0.1192675291705556
-0.9125419667164312,-0.4395981688902709
-0.020915780137766293,-0.02370154283891742
-1.900353853671199,-0.806790316786472
-0.4815568018132915,-0.3053658494919702
-0.7441870390798299,-0.324876036071031
0.17990696153288616,0.03100458589942371
0.8607250309614793,0.4901420016329154
-0.32211902105030643,-0.2072998890299257
-0.19785607203158684,-0.1327105524836854
1.577001880802491,0.7520433472549234
2.9612288824319544,1.4390278575992395
2.257820768533187,1.204566799846791
1.287386152946101,0.7989164291750284
1.3854095144610925,0.6196459320974315
-1.399022837426108,-0.6294242513057811
-1.1149734388959605,-0.5390168506073083
-0.8068603548073379,-0.2804812304005579
-1.3820878693132879,-0.597743771596911
-0.9393381955249498,-0.36837658998632467
-0.6599518919730529,-0.38985106287975274
-0.36742291424679646,-0.2513394514930719
0.8387403468386961,0.31781200400475407
-1.7247841730913493,-0.9253303058350121
-1.4155831028661416,-0.7924199031541803
1.1771012171063437,0.6716164859293398
0.4636442691917349,0.42949921902505683
-0.03924771243563796,0.14316431859983367
-1.3636603645189223,-0.6637772842628343
-0.30115545842909786,-0.057283627388335076
-0.6965657606355095,-0.4737066989460085
1.266333512791871,0.7386573957782491
-0.043393581296181205,-0.1449916175863532
0.3150865853235392,0.051211259007462706
1.3033816380880716,0.6752502759574711
0.9115315937227656,0.33087637426243793
1.9012764146589634,0.8331391518889427
0.40111750823501774,0.2099462194805927
-0.4844320702807023,-0.4246204359756254
-0.9048874008108243,-0.20373974048475174
-0.3516380477684239,-0.23454238626405383
-1.0207749663430261,-0.6086550948756118
-1.4408410309845778,-0.7195975378296974
-2.630622258613748,-1.2552825370475935
-1.946722601809261,-0.8357512979189543
-2.1909444171773123,-1.131773431116033
-0.9732810386036365,-0.4377933492415427
-0.9579532445977941,-0.43051510088296274
-1.0834689978788654,-0.6008543434269057
-0.9986705708002808,-0.3255884608329028
-1.991893574119096,-0.9863695217267249
-1.164399216724427,-0.5886312333888224
-0.9019679445505376,-0.6336439303434134
-0.4832413196542597,-0.3383150167422291
-0.07502307787184612,-0.0783454356514822
-3.361391503153841,-1.5559948805914772
-0.8654054421711749,-0.47985094905362347
-0.9188734605351986,-0.4435086271524359
0.061778177491266684,0.027079715169845857
-0.16309824144046914,-0.041546436262695205
-0.027362909490163623,-0.19999229743124125
0.23384901268339317,-0.04400907080485454
-0.9347094857577483,-0.38019149239083994
1.0641023110893335,0.5685773044772897
0.635018610728898,0.3350632628546419
-0.5825435590385564,-0.31370042837676226
-0.45816729215328555,-0.26025580840387225
-1.0644375608775458,-0.47322695853309255
0.7122362237566643,0.2961239455286642
0.5518520850177749,0.23885557727669368
1.49915120526852,0.639107037684659
1.340370723274378,0.8173642205154462
1.4652004311943505,0.7199019514555585
0.8340368442518077,0.24150215486812904
1.723717029850595,0.8145803994612582
0.6567318154695587,0.351511172591503
-0.4712057179358152,-0.22329826360688612
1.7966556593513203,1.0149994366763078
0.6841775931365246,0.23114771063997291
-0.7857742024854194,-0.39469242087330975
-0.23256024231018815,0.006419861992299825
2.2904461801583156,1.138483408750302
0.4495843976403536,0.10796751863594334
0.895930823989807,0.41625084934953366
2.0671592875443485,1.0891570957617163
-0.4133268876278928,-0.16978582669327055
0.3540455057989841,0.2804514395096711
1.5197899975625793,0.5839737250852458
-0.7418457324287914,-0.2670820035799567
-0.18998030570529356,-0.05172428902188728
-0.7102484385736602,-0.5015997891732111
-0.7758449461589925,-0.4465762704048301
-0.5055996628629398,-0.20312716422605157
-0.23002048225265498,-0.08781670153356808
0.8494528055573785,0.3953426880156695
0.25780452551329525,0.16478724527934918
-0.06748403282807969,0.2602486686272605
-0.23689441720806761,-0.1301867509673646
1.593527990663366,0.6585999151896217
0.6264330611324663,0.10332120913920684
1.6165943844664008,0.8672779650162032
1.816035522727696,0.9512223156627837
0.29891791796423606,0.15215435456638082
1.1977658841198735,0.38633515895685744
0.08886303001933038,-0.05140496665287851
-1.8932098710657044,-1.0078319572421006
-0.48924169084432745,-0.4408735448026389
-0.22751755007118996,-0.1711353715983259
-0.15609578107895014,0.08216074486496726
-1.1297934414754374,-0.6051879356407679
-0.06211013692856504,-0.03708469373392322
-0.998754461255484,-0.35575715456429025
0.1260233276231234,0.053294572391916206
-0.9430818893346337,-0.4448611455962949
-0.1734934921650224,-0.049133840516593454
-1.275503099816318,-0.5379057332387552
0.04982096945410319,0.023532162680580535
-0.704948044725471,-0.5356281091595854
0.5595651162237048,0.3491567920092095
-0.6852947588901435,-0.3876870817948853
-1.4172933041349318,-0.8661191521658717
0.03893521505919084,0.1813283029834395
-0.11437014473622212,-0.2604353467372606
0.4496700366367383,0.24637570104274434
-0.7781289003673927,-0.4802134779017071
0.5952021370896021,0.19191007590927173
0.3772681340103241,0.10258271565538897
0.26438192826732204,0.09994514465391285
0.29135623341771044,0.2977021904414447
-0.5002422269508505,-0.20161775416584496
-0.6238029401471973,-0.4707163441199712
0.12173267690612499,0.21905338547061787
-0.7675366284122374,-0.37464525311254865
0.27725530660761843,0.17121605587762684
-0.10268466215289826,-0.02981046132537582
0.463505351456898,0.2210010408122135
0.3892662145749753,0.22254730765746328
-0.6405911525201897,-0.2674895131250877
1.1270796401789673,0.618555420701074
0.29671719183901385,0.08884194540693788
-1.3526087008164627,-0.6718674122056743
-0.4796888743685698,-0.2818566077543622
-1.560187278527573,-0.8505861753700351
-2.8876918896712365,-1.4996665749463363
-2.8217298641930664,-1.393141341722984
-1.528142318184011,-0.6422563837515233
-0.7791279445536482,-0.4227408810249918
-2.5518291904150363,-1.2679399950828907
-1.9911381992117438,-0.9203577425830696
0.13654202985723018,0.014480863825412305
0.43270618072501876,0.15976384985429365
0.034059706231549525,0.1769938577336913
0.7748162623118023,0.4468943937016293
1.0165098316020107,0.5199771414326166
-0.40598058909317036,-0.28639976764841124
0.9966161682438526,0.5868309258815848
0.8514763377564252,0.42685206887915295
0.8147342169647042,0.39733637296172913
-0.9824523235655827,-0.39752389437191077
-0.14836023831746614,0.0010533635339285419
1.8300932633959759,1.152632716520838
0.43711817450440815,0.24058673697643113
0.17870858002319873,0.1011574481850151
-0.49822414962921724,-0.1830909981926544
-1.033730231679962,-0.5196109760013078
1.3999431181043902,0.8005892606352539
2.620125320326208,1.3185241198509356
0.4006642440612298,0.07939326311351302
-0.033293943106878,-0.10005175450583192
-1.8865705199688318,-0.9760536675683494
-1.2046685311061114,-0.7182203722146644
0.009231643585774219,-0.02015346056428369
0.8756387077546993,0.5234217961037426
0.33581848273310755,0.06242531904654808
0.9567035371802916,0.6162383142341112
1.8533310221451245,0.9463611145677868
2.8678788833893805,1.5982066859401456
2.3019123980399536,1.3238152064060524
1.4967324460422748,0.8308673165345006
-0.30870427682871393,-0.1778764361607344
-0.8228947165732774,-0.5199771183458052
-0.4694538187139391,-0.04665793842950264
0.5145760363537795,0.16625344810948606
0.21248756321881784,0.19590181595232142
0.8719942719798448,0.5620299489409882
0.09326056818419515,0.09386809606937017
0.5823860907407172,0.24642651086054113
1.617375409535139,0.7299725235651393
1.826459949768854,0.9112760505229901
0.5089337890917978,0.21026444988244586
-0.2344827270087616,-0.13299941109076427
0.6754376349543143,0.37167663011809005
2.584194037730737,1.3119324936845504
1.378702848816614,0.8370105994903714
-0.19186787328225485,-0.05780685459151374
-1.5956628416905663,-1.0069699463098696
-0.8448759285579333,-0.45036817236726434
-1.3090253719872038,-0.522833230042884
-2.0736562286174127,-1.0060379332821785
0.23924730032149422,0.0837343225983454
0.03301079758105696,0.12388059374457694
-0.27294373129003013,-0.3390833414661999
-1.9883673070088534,-0.9976782518708717
-0.8221430849919684,-0.41309542863763454
-0.12516188971867293,-0.02713855990929248
-0.9321933827900222,-0.47511346900273826
-0.9220614806031671,-0.574069034767515
