-0.7666947061553113,-0.498280717163245
-0.15177046132385874,-0.261040368764647
1.231874650302785,0.726027532386416
0.40581268314912666,0.20139775968055476
0.3577831714585358,0.06626919344128865
0.2402799368916396,0.12975563455660202
0.875517787095842,0.5087243492173755
0.9189908174544479,0.4683259640039457
-0.32375785408524016,-0.1110229207750287
1.1161725530607132,0.49795544543732323
0.8887529919887844,0.3518971618493403
0.4362976670354889,0.31084936209416575
0.17492672481443733,0.02430691448245842
0.7103002379609777,0.4507049285707383
-1.3594900485861348,-0.8067139094476253
0.31382691975097743,0.21635347637516433
1.6057236563107027,0.8652420814373558
-0.4387608817065808,-0.14309561214795044
0.4001919400235341,0.12835408735600104
0.74196882935332,0.5575178065678766
-0.37822123550613124,-0.26519100332406775
0.4956348117466747,0.25764747615338696
0.45248990676599465,0.22639339794384525
-0.70657870081433,-0.3561688965467398
0.5270194887189048,0.19420257310732802
-0.9758481347062672,-0.508022889359741
-0.5990898082909272,-0.3234889237575316
-0.03849746583153685,-0.030298895613687482
-0.642095238322611,-0.2893913959394244
-0.6161522196997457,-0.20027088227836132
0.02755682831154138,-0.05906511982904518
0.5473041528232967,0.28831729979242837
-0.6130696228527468,-0.16837869592621282
-2.419005318915346,-1.1840494134812947
-2.7303388199941323,-1.3459419354337236
-2.532012090076009,-1.3713829701038254
-0.9313067807710789,-0.3488171794202751
-0.43418549695217085,-0.09971008903852603
-1.8564996323082568,-0.8695079103390468
-0.5532673448683865,-0.11082616216738159
-1.1301922829673732,-0.6838396653541705
0.9197886770562305,0.4821367909519526
-0.6300746575690608,-0.1877364908619731
-0.154455682189457,-0.006101047252842842
-0.7904701765183296,-0.4563788574766661
-2.0864476506762593,-1.0773258846445763
-1.6036315673023012,-0.756194127144951
-0.0942776995069835,0.016410295929848037
0.5403486053336559,0.07585740424108789
0.4582216239300029,0.15337190257324787
-0.9619998838525579,-0.6307374494197561
1.4318869567329573,0.5998937511858058
0.3891318170985149,0.24512401659309027
0.0289559428279397,0.041049274725389606
-0.854663055435717,-0.5047591271755412
-0.7789334252495762,-0.3874961164385676
0.5845836087140235,0.147653411900995
0.7006615900668451,0.2489037984582163
0.2340009332840218,0.045594513956906654
-0.413353324083648,-0.11626636566946591
-2.76864055026149,-1.3956314798145946
-0.9095477950525804,-0.386986271198433
0.43940206155254535,0.31482022517629743
0.0995834651453621,0.021240387692120954
-0.24710831870415903,-0.10430968641325485
-2.212682154288074,-1.1292697853922342
-2.1881706776491625,-1.0459972459457856
-1.4025502832045675,-0.748060985830728
0.20923142058777267,0.038596342735688
1.142998623378348,0.6085814528476855
0.6906780763101835,0.355897347440028
-0.599101567401706,-0.21261432288245607
-0.15015135859250073,-0.08241911449067413
1.3667588167170506,0.7885458488792636
-0.7168873365616028,-0.49743403474549697
-0.32895154849037134,-0.20198783317218588
-1.2097453616754927,-0.5132836919163534
0.1864907992465411,0.09923734336663594
1.703277563711492,0.9184472645712696
1.4598664987918313,0.4382124441390359
1.6156603674884402,0.7690034486975433
-1.0031183777391386,-0.4728495238806735
-0.7688020651846077,-0.49909065482117526
0.609580134169394,0.30787364830426894
0.4277498667987264,0.29660184137202183
0.5771084506798891,0.5214026115068091
0.04130668103252477,0.26623031692182997
-0.8387515371488551,-0.33232867234556224
-0.042137263850639595,-0.053260232514455365
-0.10380789597974192,-0.02254771725791628
-1.8994165100365723,-0.7675783400197957
-0.4054346738333766,-0.28248266094245944
-2.702258822180638,-1.3874059689591527
0.019524696269814568,-0.029620805959861378
1.3668759887574002,0.6500939239154576
1.1689840014859927,0.4895343081806975
-0.9248883042974011,-0.4769392202433121
-0.8502509990405698,-0.33495227645036724
0.35950175372070026,0.17303615315621088
0.4535984378415229,0.04335589500957965
-0.5421363591002246,-0.21287612280225288
-0.9296036660802032,-0.4455843328356447
-1.8026071157908137,-0.9792625173392326
-0.41961947638253894,-0.33531055158604606
-0.22178759395307746,-0.19374676691335996
-2.2408056501579714,-1.2061341185424705
0.11193234245595729,-0.11478929662855153
0.2579481932947467,0.06687745014632934
0.396672422009094,0.08660412441390167
1.812715142630282,0.7098230669613059
1.4252506918303207,0.671066311512677
2.5446924550737,1.0856185104519946
0.12432627196379875,0.2583911887767357
1.1105266985935711,0.4409127781464356
1.446650159019815,0.6178036233988178
-0.5528270267343642,-0.42905022737511467
-0.9149869285216876,-0.48001433915191755
-1.4980454684609237,-0.7473256593136897
-0.8810703041048169,-0.5072570471589448
1.564874723807634,0.9036573759377866
1.5483791220787366,0.6102156503491417
0.2820084581031756,0.2747021774392997
0.25341652081436894,0.2413506629689962
-0.006820270365548692,0.1492865432063208
-0.04567523709273413,-0.000314218427492019
1.7815384580120779,1.0649870510101764
2.9065451816096015,1.4669250518313957
1.2856821660033546,0.5834861947578172
1.2702414708321799,0.666452643740073
2.6425946599244186,1.2618100226848883
0.9453652342424066,0.5535344672866427
-1.1213623539675712,-0.6250113009601164
1.5633858112226582,0.6589953025426476
1.39310139756427,0.6179782645491524
0.6182824046729993,0.42148636783142696
0.8287487460687089,0.28861965330055817
-1.3152355007498517,-0.5193553343461883
-0.9742532839153574,-0.6652994404752093
-1.3195171816306925,-0.6801617724294051
-0.8925569732211662,-0.37209045511534466
-2.0022033614350865,-0.9318040239588612
-0.3940029565902992,-0.3443101364521006
-0.3048578201136647,-0.29146879243451923
-1.0275985337067144,-0.5367164790680434
-1.8531112736598656,-1.1666565508635793
0.7444858783783445,0.3827229256010342
0.8606343636026377,0.47561345812677813
0.18110097994690594,0.15284399256849815
-0.0165770342327555,-0.07282554613741783
0.7961474175765916,0.4234963741778387
1.9750367450020672,0.7980799113774049
-1.5554014405613739,-0.8096247437373556
0.7554864155281247,0.24763883049386662
0.5906772913443611,0.1892773997419731
1.5043524996244866,0.5815455865749928
-0.927364838187143,-0.5318507127126504
-0.8379896116787393,-0.3627305449747683
-1.8759499142242393,-1.1658932243683715
0.16361349272706394,0.11198215012151955
-0.09009449921593932,-0.050609283683978455
-1.8522580004989633,-1.1074616004835218
0.17585706022487535,0.07429062471087175
-0.16684794145131593,0.09801493905087816
0.4013932482664552,0.24519533780973743
0.29910505320897957,0.04922189704615841
1.3299140588062144,0.6451793922296394
1.138188762385699,0.6069115038203324
2.40103440251501,1.2512174395337285
0.23339082352137086,0.13500104805199495
0.12928737501065898,0.008376408863763847
-0.35639960625896394,-0.11570051410673221
0.18441106716121577,-0.07230750632455864
-0.041523959127865495,0.050218934314224944
-0.6362825006008045,-0.31880535110154234
0.4396200117903033,0.16723767486769459
1.377975552894481,0.7815828473036124
2.469784402046197,1.1959380806601803
0.03548948501559046,-0.10079455527146236
0.11262757455513879,0.039388023587538054
0.818535745069928,0.5028608059632672
2.0830065382627434,1.0671360014885443
0.819910665578664,0.45206982580875577
-0.7481101560300619,-0.33105217050178104
-0.987891647744635,-0.4947537317376076
0.17715039185296155,0.18315294041321784
-1.5211951042271534,-0.7688042001008805
-0.48312498162656314,-0.18824324140113072
-0.09782633983208444,-0.020445510666330102
0.2848009199585348,0.10756043540764389
-0.7192347036680349,-0.5307481859369976
-0.3530502263969618,-0.08873768943931502
1.538072883361949,0.7097005611140605
0.649712093139826,0.213602727802561
0.725779258944214,0.4024910677106673
0.1308695760893704,0.054604131422682875
1.6871570601665002,0.8105525782798823
0.9234932460589442,0.47008173349327315
-0.8396426363536466,-0.4800222683432025
-1.576332412693862,-0.7006337984286101
-1.9701277012431633,-1.0196736552442738
-1.2012328520888746,-0.668641360294769
-0.1993373006152735,0.0005910116542486438
-0.5836295433595915,-0.2835668365806299
-1.0410924623789177,-0.6004727945091073
-2.1178703706252664,-0.9758194210600971
-1.0751168002204143,-0.47192871683174886
0.18191459901785945,0.15624962032761985
-1.2351454295462723,-0.573798628625904
-2.118249411889363,-1.0390654570349547
-0.8820424938443397,-0.4601176646260702
0.5113926451255891,0.3282078184465878
-0.13870157882616935,-0.16684019002342554
0.21500225440566198,0.1177553169289024
0.692807802347783,0.396417259405486
0.7976353967169522,0.4065340908206134
1.5575428688547062,0.7034621601330955
0.5553735944212094,0.4055804994632839
-0.0865773752707597,-0.03929483162154584
-0.43775507206937225,-0.2716957280554297
-0.36169329351875934,-0.16512572007039225
-2.588898537136637,-1.3516922883216875
-0.5835726626074083,-0.23678774519956974
-2.2255906796509963,-0.963202008720388
-0.6189908656500533,-0.3508980561084608
-2.567557887216671,-1.1291894321480693
-2.0173786711408455,-1.0858808528590036
0.08574140853768786,0.005179744392411971
-0.057035365045941686,-0.2604419958479337
-0.1996348969084548,-0.04877902152131324
-0.07058207919119147,-0.010443181675361717
0.7895364562498693,0.33299904828936777
0.8957826004837008,0.5502975070301385
2.3403489218007407,1.162703004760859
0.9048513481123942,0.5914894075932104
0.5512722766690571,0.17927663510880704
1.8972134860449545,1.046403160328519
-0.04843306036439066,-0.05817332631392754
-1.534186692988275,-0.6683784935589375
-2.09636648577733,-1.0698145924974085
1.1880704630648762,0.5555995685147204
2.479081276795035,1.2405184624296581
0.683561126891494,0.2855379211174557
1.7288458074077586,0.8711968408518125
0.0028733520281232217,-0.08334945449967433
-0.5624285948540838,-0.2326239141370003
-0.9604724450755908,-0.6311556610776369
-0.36958139632281206,-0.31677857546846205
-1.2091895443324254,-0.6462895302635512
1.2473942245496183,0.5896928403441282
0.3962418015606364,0.15765786858992173
-0.21701786070825757,-0.21800810010496635
1.122615553304069,0.5215649505508795
0.6451853814254481,0.4129871819174994
-1.4791654066291517,-0.8014659172058684
-1.3779897870751439,-0.7009462780456593
0.3992807223968562,0.2863026526548917
1.4211375562502666,0.6325601498069765
0.45425178286059165,0.12376488149604774
1.4063209437439514,0.7329955660780333
2.1969503719973975,1.0123106258018821
2.0149906519707184,1.052137378043791
1.0636843340536803,0.5363158918495987
1.2645686493801436,0.5608495088068598
1.5431857152675557,0.6718004751163295
0.9277471564962145,0.49924247605012595
0.995782415569695,0.5917569531728257
-0.8860668321775835,-0.2962277415131071
1.0381360274084384,0.48361191397750325
-0.028107914949557666,-0.19316837659703517
2.7177617031605363,1.4667398294488707
1.4535233411271407,0.6121635039450268
0.8511944757533706,0.49944487956001965
0.8829195569578776,0.38424655399609536
-0.5175782253526812,-0.18435779403257635
-0.639656270905796,-0.2718943191894268
-0.998633159651806,-0.3882283041564399
-1.1957141066754366,-0.536573563981429
-1.6936460159135427,-0.8933786813118698
0.0010717489767357868,0.03948953951903525
-0.10288068843423702,-0.056040371099754745
-1.2481578120377406,-0.6477575151506396
-1.6092650989645194,-0.7955041314869874
-1.3032126257271905,-0.6931001888687592
-0.7784537833733505,-0.3917392906719915
-2.6788555673163965,-1.2026159562548275
-1.7672208050111897,-0.9526744628942934
-1.144331992123155,-0.6838146213970879
0.07721289539284582,0.11245719932633812
0.588163161983598,0.4275786711741768
0.6248981039971889,0.2741864617881642
-0.09986290214116655,-0.05650831361008482
0.4749748342145929,0.2744460981678587
1.7037767771669865,0.7455069418675435
1.0138351742383933,0.7409300358249906
-0.391345141248187,-0.17339242121666276
-1.203780727097249,-0.47491906593551797
-1.7870303859115355,-0.8885140031407197
-0.05395276571354335,-0.09795956295845913
-1.364756320618572,-0.7194172315137725
-1.5071257432311012,-0.6208406371977488
-0.7622826573529344,-0.2644035834135169
0.2750493739843827,0.17404747615145072
1.8565280425675732,0.9449084947487562
1.5868782866066407,0.8242362893507372
0.8492902644234459,0.31479760134597917
0.42328403863715097,0.270929881761656
0.35057470916372396,0.07714098709844927
-2.0660980003557965,-0.9998158313329832
-0.8490685580978468,-0.2973303023407214
0.42452829016856997,0.2683063729047748
0.9891510043956389,0.4691182797149712
0.832615831418019,0.4403692229811284
-1.5078413201096867,-0.7962763111097935
-0.8402665661640678,-0.42368945819503945
-1.3001843964416115,-0.6015347406864358
-1.5037954234358477,-0.704971249048052
-0.4387514268365314,-0.18914507365322747
0.13195773811235306,-0.04111950589165522
0.2916398668220854,0.1187318518873825
0.818118763871657,0.3547505242344835
-0.2203509753968299,-0.20518718960384646
1.165498227573106,0.37056291874061936
0.14398500868414493,-0.10392738460256212
-0.4658642533128629,-0.29175333568629636
-0.8248916378056237,-0.40586588639518184
-1.2069017063753924,-0.4794297332686118
-0.7514056226317645,-0.22033289031483194
0.4522313298563152,0.322400762211034
0.18105262070803785,-0.008234551029499632
0.9766985956273462,0.4279993958589175
0.9191688399952511,0.2460491376522003
0.33812256101216015,0.19373231811682698
-0.6978037552536247,-0.44006676304592507
0.605706423456906,0.4281887174896698
3.498624797021457,1.8410965753103936
-0.05439256161882389,-0.11667923411936257
-1.6180307439761699,-0.8972157396786626
-0.363773790919859,-0.05250805857160268
-0.6998096639158651,-0.2741454009628758
0.6556074677786705,0.37433548209981315
1.049636785584653,0.43464910256191613
0.8187174059166971,0.47892540913949344
-0.21635626268236058,-0.2636658832134814
0.3028985442551464,0.20041437521672234
0.7489189411512989,0.3635818073742205
2.191956970461418,0.9682105022285707
0.41097852035276783,0.1524520419294518
-0.010471717401407732,-0.04761736643505762
0.22575851187626703,0.23028580565408918
1.661673082945165,0.7557681544190581
1.5897936286908916,0.7228310329104258
0.052905092647487106,0.2860880334445991
0.27205893787178637,0.12172382580608418
0.34478276151143433,0.29755278802658003
-1.0897772995188424,-0.37554594220578014
-1.7868104738222743,-0.843742423098025
-0.6399903267725853,-0.17667365869170962
-0.6450412378995057,-0.44590657179179405
-0.9755307867345615,-0.5164821629186312
0.12055453188993104,0.07514791772568469
-0.22607655797064263,-0.16085360109062719
-0.6355187240772093,-0.4021478506636592
0.6063134698489898,0.21723689298332804
1.0809155581600962,0.5258328530984764
-1.3127682251938677,-0.49318947875176256
0.5539267699446265,0.23806212945260524
0.13499239696056262,0.03039364468359037
-1.2417085934386132,-0.6635446373996434
-1.2720267447235358,-0.7152092711986551
1.5167472764228147,0.6858867925180924
1.1343252729228748,0.6155569877375163
1.1262882705383526,0.5072027381531362
-0.3764050291092904,-0.26195523414222155
-0.9632372173413954,-0.3859533978969944
0.045624100807926005,0.16891735073154052
0.22639610277014485,0.044448879370259375
-0.1890913325949668,-0.11686469524936494
-0.8005045315150442,-0.5281444953956003
0.9318142214060465,0.5065415353157791
-0.800697287318632,-0.42834251333732937
-2.6536582116175786,-1.1957219424835097
0.22758026204175597,0.12088635189577726
0.5698667555289931,0.3964331430521187
-1.7874989937294297,-0.9358623345602004
0.663275291123477,0.4392253106306275
0.07721637184023378,0.06620827511269577
0.16241082361051992,0.07530233764456488
-1.5192649332471124,-0.7573317655782892
-0.2180932200931861,-0.1529489789627713
0.010812126409136896,0.0065570234001830355
-0.4373635165806745,-0.3322430666382823
-0.19271614513280272,-0.03735953508316029
0.7879558802101703,0.33469489614811077
1.381563581207227,0.9120971639349961
1.540835279860707,0.7870124348180824
0.6797672231126995,0.22065474166581936
0.1923910343236551,-0.1134858799939824
0.5602174974313954,0.2323510059222549
-0.31567501673502973,-0.15908939111641723
-0.4167534223094,-0.16469145612943373
0.7397137102024116,0.5486506708191454
-0.40443381056908995,-0.41748142858867743
-3.545974440313082,-1.8394367557231481
0.8517531324347519,0.35003076599330873
-1.3827984883254425,-0.7607182076692008
-0.21863163290553972,-0.06193887015043495
0.03536923246308982,-0.04717869633492568
-1.2710974095770817,-0.5913076225250349
-0.8253300237182926,-0.4102776949699919
-1.212650724969956,-0.5007081896786523
0.5698130134581741,0.25373660639037277
1.6399251093902796,0.8525186337551456
0.17286427254216175,0.042256576512538786
0.37099903548244095,0.09353270394750526
0.894945245063995,0.6649977017260351
0.41441402891186874,0.17780965958191217
-0.4904579219105304,-0.19029916522099097
0.2540411099337771,0.17708269366294566
0.1618875684675179,0.03864535657491901
0.40352665835210927,0.3006343959748172
-0.9007770878728572,-0.4384307865452202
-1.0278316131720004,-0.4126282716799989
-0.549478223987185,-0.21754396204517776
-0.9325932477793548,-0.51563956540543
-1.7826810758541436,-1.0785429451803967
0.5242132350664311,0.2557839036618937
0.8158711626430516,0.34821582637649007
1.922062169365244,1.0424503049928542
1.189233331019912,0.4513263039383669
0.46331542811313164,0.3818037055577549
-0.7727768934047476,-0.49800840520607764
-0.2226129886731133,-0.017785164587718436
-0.42108612040251536,-0.2584006029057758
-0.06384255075699705,-0.10408814905149172
1.1612034489127878,0.5352371663090044
1.6821667554848896,0.6765471345661586
1.1174814291045878,0.5301933127506969
0.5766799934763959,0.2961479098423096
-1.2994987158639146,-0.7612041672415989
0.22376533819726852,-0.00839885085769726
0.30979452881850456,0.2156121997288636
1.115226586617854,0.6692155379560069
0.05144379586148662,-0.21138299589014056
1.2927136606523815,0.6465426556538069
-1.252932884368796,-0.526012500132957
0.009020302079710385,-0.16211145342693603
-1.286400891777701,-0.7132957401040643
-0.28751111490294873,0.04002843040213519
1.1987239166284747,0.5798116110172277
0.38120507485527855,0.15610807969819077
0.2133005831032254,0.1696525883699946
-0.07371016246677042,0.01319523655925009
-1.4103056334835482,-0.698763740449431
-0.2145560447273393,-0.13524596252570095
0.19350409667871973,0.10742134477995535
0.260081693123703,0.2143725918746058
-0.6296614722799623,-0.14465463618782748
0.008889950861746876,-0.07325093011437471
-0.9766432334215013,-0.5417722921271795
-0.6937197059032157,-0.32995411189471835
1.2692915343781594,0.6013589203522489
-0.03715829413051719,0.022070642684339392
-1.1115017908485785,-0.5419324217375142
0.5944702644725375,0.3117482827474346
-0.08376542073977444,-0.004043652069331077
-1.5992566232861656,-0.8616808341903314
-1.9107572587608632,-0.8864711304404557
-2.2370568410758764,-1.10844940923364
0.1882271653623392,0.08518729504263829
-0.5131095691443843,-0.45479496124618624
-2.4235108590939003,-1.2527512073159197
-2.483243115031065,-1.2455829808049839
-0.7074880056106668,-0.2385940822940689
0.7412142006391234,0.3292004566278403
-0.383029087579785,-0.19357916372637024
-0.5576458329130829,-0.5059290758256545
-0.45996153966923176,-0.2895926442018644
0.9117836865087621,0.32212320504598185
-0.19123875311553307,0.1312939738528303
0.7001769617176796,0.17118286869942953
-1.1343703388499802,-0.6547429055229106
-3.0968385620296512,-1.368260222078555
-0.7616055862527288,-0.2847477272023705
1.1394447535751102,0.44346988051321967
0.47330344142164404,0.2972110289041148
1.611381004872655,0.7875001841027423
-0.10928772568184575,0.007052056063846235
0.7473979654745061,0.5179018006234185
1.0771230516523609,0.5422529401435461
1.8998451261849352,0.8075440085595544
-0.23049023279591452,-0.13143950428831444
0.3982261782817635,0.4637550729718455
-1.4597824247730287,-0.7975667359385743
-1.1066284091695056,-0.4689871607602623
-1.2155184782089452,-0.6317082431579815
-3.3494549749769487,-1.6597590271485685
-3.1807665799662366,-1.4425851334714153
-1.8233244880815414,-0.888393126637966
-0.7371871187413713,-0.3930240489730888
-0.7151656167463265,-0.40850016922968796
0.9686990780106073,0.6319489504727666
-0.2044791505496849,0.054701584575565065
0.0944746301884257,0.20539743819464068
0.3621661721386923,0.06113083123159649
-0.2232264967280752,-0.1473566090008589
1.7671245698282314,0.9152103978829554
1.6036035830863653,0.6252781379711736
1.555693855265936,0.6783618103769544
2.1885084267879606,1.1925900990919596
0.37863903834114543,0.1443670622400694
1.9854600558021522,1.0086944618554068
-2.1497772367281325,-1.1119731799923265
-1.7090349553437543,-0.904076026466267
-2.6963955424665738,-1.2968813279038431
-0.9923999848150715,-0.31501483762942023
-0.16724985884062615,-0.07990985396969494
-1.249747329747523,-0.5764963242146256
-2.342604243143057,-1.1921960336628032
-0.4632474871857772,-0.2348528211392752
-0.5247282002607043,-0.331104490938661
-0.7314609143744465,-0.26675588427449604
-1.134308216828453,-0.5491475066193412
0.8701357991865782,0.6439683865429398
-0.36350357196299843,-0.1987459221147565
-0.22023509102048733,-0.1355793717796996
-0.30062224431476525,-0.2652918320564347
1.379304280043638,0.623667549556316
2.498953342339064,1.3619577513292722
1.141739116919642,0.48912548518856197
0.9261918599350846,0.5721304183968271
-0.23912249082656512,-0.033557047316886066
1.2813717957738644,0.620275937535224
0.6639899774625702,0.3643177658355546
1.3092044498146087,0.7018509035821677
1.6680877715165772,0.878159289798704
0.5284175541624677,0.20232042795724062
0.4405795881597674,0.29628971333891296
-0.8679972721010365,-0.48006513072937834
-2.6127847883372417,-1.289126857905569
0.9837558146639194,0.3400944625800364
0.9150250238411217,0.6109155054069563
0.7273078031032995,0.47323871758717184
2.5368935402496335,1.3088082261312701
0.047994247072527085,0.13468841403132992
-1.8216211521860086,-1.0993492792806587
-0.2816489701134734,-0.0795379318833241
-0.35573139709800267,-0.43767402432413594
-0.32270307365094186,-0.11846942268403433
0.6765125492209647,0.26391460176184944
0.11196374249600516,-0.10469820418859033
0.8199016905112457,0.4649465073656732
1.793751354349332,0.9419347862541906
1.7578286488018813,1.0594167883441181
0.7108303847720665,0.29394334084476026
0.5325323350442275,0.15739901472513673
1.558970160045271,0.8954392434554768
-1.1378778721509613,-0.4521970880614139
-0.7265418202790377,-0.07180850462887217
0.19967856382448418,0.2206936538230562
-1.5285595880540268,-0.6551264994181676
1.0061139493353046,0.6123247005194785
0.6162307368011547,0.2754324040159576
0.7071540456515704,0.24687049778064538
0.12640590076048702,-0.15803760126465694
-0.20101051611763784,-0.0619899640678168
1.7618269050382258,1.1245510321111705
1.2777364328986653,0.6509081734501592
2.204226593065753,1.040472207628178
-1.1064138247602986,-0.6024913922532192
-1.2728684638872778,-0.48578161252692487
-1.0584252626655082,-0.6245656081429044
0.43760650313532445,0.38422397797918995
-0.19947725468440108,0.07379073270998851
0.21139931582227317,0.10559537573702
0.9623432505355833,0.5513133897818139
1.2522251883829265,0.6972948578721718
3.4547968834422416,1.7490876456785982
2.120160976565579,1.1419549989997662
2.7895171574985858,1.5041889278390241
1.3831046376229506,0.6763077021133947
0.6054644531318859,0.45674932278045555
-0.010496329913952052,0.022924564229893925
-0.9427560069865432,-0.46960392602821915
-2.0136485595712115,-1.1572329813964553
-1.000811685597664,-0.671120428862372
-2.7784208579897047,-1.326358667765085
0.3684566268054843,0.034118940506170925
2.6404648439563405,1.184805298413914
0.6274780001555712,0.4873309862218734
0.3417945373557689,0.20611951485444596
1.219119703772355,0.7377843261019555
0.955362092122716,0.5300583320228451
-0.4301527429137134,-0.0801528817244799
-1.1927147579351618,-0.6050031382304816
-1.4719880111183024,-0.7877463600517487
0.342350163462245,0.11391522490228122
-0.49751240406940767,-0.30603162523498206
-0.08307422983404039,0.0977148399171178
0.858728023544589,0.40549738379079786
-0.6838336656218551,-0.24199723430012732
-1.028179770648742,-0.6175542570857249
-0.7677359854446206,-0.2822941643871826
-0.9621822459091806,-0.5804413800416309
0.2619688804460649,0.22424920981153953
-0.17913318279002782,-0.06132885506893237
-0.4932186300881736,-0.3413174176866829
-0.7191100245877536,-0.23552580159756714
-0.7078246334825966,-0.36659264528362506
-1.31709980652311,-0.8464644118246599
-1.9733473958433603,-0.9317423658548574
-1.4110344696714519,-0.6993062907423445
-1.9996248434523909,-1.0270962076536572
-1.2046928904153462,-0.5151974581143621
0.4314235227062152,0.12250342547516442
0.436872445567408,0.019292435435861427
0.5161968926742442,0.20921858821611664
0.5033582498690671,0.2007770664594954
1.7124221659189756,0.8330512378021337
1.3344357495588925,0.8566609583434004
0.27079085636564804,0.14814099809435854
1.133189868673091,0.4845790967711161
0.3550166410337765,0.40143728200152945
0.21370685365755523,0.06420243077164373
1.0562107780094028,0.3579139814258129
1.5184196638460554,0.9285515181122858
1.954890609662569,0.9005405526495847
-1.5021807568926024,-0.7343989961764743
-1.7443387461476008,-1.0362013912107662
-0.6159824858874735,-0.16671923313848905
-1.6505561137536688,-0.9335039842017637
-1.9824331253617409,-1.0528468738095316
-2.187789410061003,-1.1644245775247084
-1.1577535764870783,-0.6139768858884876
-2.657253010423186,-1.3036568701846254
-0.8643666455655729,-0.40484624208607956
-0.7620358182514144,-0.4509648521863547
-1.6896818435338803,-0.7321607582511307
0.17880779868509522,-0.007353122737889253
0.21032251574480215,0.19861390485124836
0.4762640896550626,0.25575302935857314
-0.3504101577725387,-0.1053346702226416
0.6044719180928326,0.48915145120457293
1.1816029135420407,0.5590984705492071
0.6848373111894653,0.4072622292721363
0.2899774772106287,0.09533136376491899
-0.06161427577145562,0.09580866968070498
0.6526933221601482,0.2852921773694748
-0.1298280690630258,-0.16265019995294014
0.20917261922529376,0.210963095214725
-1.5964637269303026,-0.7201518321946931
-1.404470230884566,-0.8023340590581367
-2.0776440138653975,-0.9944869601724416
-0.38800894456399104,-0.16196886273638456
-2.162695706494296,-1.0328025870659032
-0.1903270202037558,0.026122629076255774
-0.8186906177846367,-0.33292685986517523
-0.757424321324899,-0.376487507914683
1.7016637095245897,0.8351086248182876
2.70090026867258,1.2867988652704685
1.0048958083847574,0.5876496153983706
1.0375168235641563,0.5354964971005871
2.8917749701553035,1.3411007448741774
2.5928196924701257,1.3235740548761643
1.2368182996122221,0.7395644427140625
0.7003178572307297,0.22195148683301077
0.998040063703882,0.3538147256091639
2.0746581164705225,0.6622440713413553
2.5039722076565063,1.189810162834276
1.9715148510865275,0.9523327059678035
1.0419456881977194,0.5645329298496489
0.8864454424861674,0.3813616048281602
1.504702341948477,0.8562367056339343
0.41222816568791926,0.06526003711276857
0.04927843660644707,0.053818903998548995
-0.05640615276327596,-0.07843403744020598
0.09078259835461715,0.2250211098041833
0.9637935709188102,0.5470907256073541
1.6027249563336161,0.8658908565770497
1.1536192172046347,0.7289464339604472
-0.18106087981396568,-0.13416637904565631
-1.2434469510004653,-0.6171209897713053
-0.7766959122466945,-0.5715049801469019
-0.8020300068746311,-0.34987420810264463
-2.2671784788275193,-1.148470657479256
1.3872870300101265,0.6452497097502966
0.5236648925722885,0.182170980623183
-0.9002424882116169,-0.37820075389968466
-1.3970158072288124,-0.6058624462196995
-1.2806245173841067,-0.5693449750354184
-0.09967852703575664,-0.012327761087221084
-0.32568934164756536,-0.04572598419449865
-1.1168494923636991,-0.653847374838355
0.4421282595144804,0.17730841956318874
0.09088963772563208,-0.14217960524261652
1.54149593855233,0.8631092300344418
0.8546053028669827,0.4141169491690478
0.3709560449736894,0.2839482888700212
0.47820998431516515,0.3809413435381877
0.52704746366069,0.12667965985057306
-0.6685750417146469,-0.31446400614256953
0.34186606749081716,0.2794668969411907
0.23895948225558586,0.16130885132652106
-2.451872668718702,-1.208598128683406
-0.03880110796295533,-0.030359834432837345
0.5281935827258674,0.40482534770124967
1.5678071044725717,0.840695391392301
1.5515890475585747,0.7727757488545569
1.0963940126093068,0.5672734876858303
0.7458999113327393,0.4462776823186383
1.6250260462355908,0.7892433010593394
1.6207255020896776,0.8411238696837905
0.7248323245961107,0.3065994862909017
1.5610195604405293,0.8830895951283614
0.3962756274229948,0.16881595003449798
0.2097752590023692,0.05131010384750994
0.1709913334523606,0.0645329605271347
1.2834370182543924,0.41353768489391096
1.367416660239498,0.7542573562859698
0.5224605592770556,0.30816518680858884
0.43893000556211265,0.26638577347091263
-0.6033905735387441,-0.29293997087112084
-0.09912991229875384,-0.1589737291429354
-0.5043587807644934,-0.1383987504323979
0.7774383132379421,0.41339513681799994
0.14305061729629687,-0.11153111094714169
0.7366551753938363,0.17047442219014047
1.4575071212677415,0.8162748894013023
-0.27527693480345095,-0.230803475720818
-0.028429988409797186,-0.1491981214053909
-0.8087683378707533,-0.4252185443910099
-1.7079412968915921,-0.7978091839762687
-0.6101969052541081,-0.5361304857115989
-1.393257704412691,-0.7607714146452695
-1.2287301018090122,-0.7158974597334534
1.7562133337044035,0.8308634824380563
0.44192160277879855,0.12106450822214238
0.739785654008096,0.4123955867657795
-1.4919275813414243,-0.7880293485239944
-1.4888047337613401,-0.912297125154703
0.36561071061967865,0.13995747742967146
-0.2871731705629555,-0.176470409234203
1.030154843692974,0.46265824816400075
0.05764803979228261,-0.15855935078071928
-0.6570578449620229,-0.23236514495004673
1.7273544076194502,0.843983086266508
-0.9366726473321316,-0.5699485890382308
-0.30190782916994696,-0.1646903123677783
-1.2607551679902325,-0.5937951210017405
0.5675054053787656,0.43634118668687094
1.4259046817256436,0.7462340809460939
2.273333456461841,0.9601379049662524
1.8301881164512201,0.9145602486893298
1.2651582043329097,0.5519485663818369
-0.17215165603261506,-0.08321993676021389
1.5374447707023775,0.6378576142327772
0.339225152765216,0.296221212907322
-0.8923289981195304,-0.3578178758301029
0.9021213546321232,0.5631040399638381
-0.22747073652722305,-0.09912487283319782
-0.9219712552057305,-0.4107831405339692
1.2386958488806878,0.686048364137195
-0.2480064697908977,-0.13823809698224868
-1.0681836531462152,-0.4955611466468941
0.22762130745100317,0.32668207761726936
-0.4536048855075727,-0.22280450720108402
-0.6465796672201634,-0.33564791687467893
0.0769389170945245,-0.04608625578147087
-0.8612141162911281,-0.47892194634700047
-0.5154669627173519,-0.3089114143120929
-1.0799652235775108,-0.7601896168356054
0.4763399004688166,0.24706660374489461
-0.40822960901229294,-0.20225177099448527
-0.22663122577029435,-0.053848282395161436
0.53717563143923,0.0769091521857454
1.218554160298357,0.6895443475066831
-0.4265529787883573,-0.21124437049101177
-0.2048108307920778,-0.28085831537899386
0.7967752364570696,0.4605735553058516
0.4438837027179218,0.30808563566592273
0.19318094669230218,0.0501716930982692
-0.34969437213016785,-0.16497931027416246
-1.1631825936210989,-0.5853734091079438
-0.9424818931964396,-0.415394795669207
-1.2800349900479482,-0.6403081916277217
0.21852416331931002,0.0654919688209373
-0.21402662153264324,-0.22186731561369058
-1.0017744093940335,-0.47789633674662035
-1.4466602133975428,-0.8368214725676115
0.3438930586148753,0.12421918908977267
-0.7373014015050452,-0.29749618774279063
0.2335200057190554,0.18888383515757068
1.7427713308643022,0.9355727892991939
2.4019530193833076,1.1688256216633224
0.3345772753477427,0.15812849334501927
0.7244036560044693,0.3254534120997558
2.4625394963406513,1.2620873074181842
-1.2209512127643158,-0.735611255701452
-1.0291029320028553,-0.5311065905743148
-0.9022659520699389,-0.5973170297318284
-1.3140194788580264,-0.7240063695383668
-0.1609449954894917,-0.018737203287193478
-0.5220122075466392,-0.2421397057539997
0.8389073585086002,0.44998499899522393
2.73043583326712,1.335120072070205
0.3458424361184721,0.2261435218075645
0.6440227241803175,0.4012548635805268
0.2678897850121039,0.19011345937023977
1.447201711209597,0.6191659370565377
-0.27763626432040545,0.051735449154001745
1.760189159260509,0.781194739649147
0.5618530592796915,0.2839632767528995
-0.5188343109875665,-0.1710127397611266
-2.361735019051327,-1.1555709279654989
-2.165050355158667,-1.0044993512136966
0.4518397826653604,0.26253775752084535
0.029918827540176274,0.022888920818927738
-1.0707551843082186,-0.5176990358888333
0.5679797165698396,0.26032278614029225
-0.9253345052763902,-0.38730901671685125
-1.1551032000615433,-0.5250135754416893
0.35128948165001384,0.0382313829175539
0.031043300976185434,-0.020658938345612624
-0.3791115453125395,-0.1820114693180322
-0.7057104941409726,-0.26509937972766684
-1.1286397735443128,-0.38902151812703123
-2.5950406450596852,-1.3727083822787751
-1.7235507412840962,-0.8569876604408615
-1.2984058460406525,-0.5536832758867536
-0.6664452813990971,-0.24639076689664902
-1.4315965704004634,-0.6627394822824191
-0.27794984440863924,-0.1924750132231249
-0.6190068676430259,-0.27004285663936356
0.8447252247146072,0.41465126521887397
0.7057038587732375,0.4309321764685928
1.343161773495681,0.74074738535461
1.6748016699841952,0.7847226196107585
0.5460640617711011,0.30159671579231156
0.0943854065298329,0.14141741710378858
-0.10848435094100363,-0.05099173977832472
-0.19055060815937688,-0.06593659242755809
0.8968396621854274,0.32199127889059964
0.19914303650592563,0.2596764266614422
1.684327628865113,0.8741331502995102
0.7396470042211263,0.42368027720763374
1.8029589380205313,1.0085773435339473
0.9436877585243915,0.6059865746186511
-0.10969934781240787,0.014888853512091169
-2.023704862848191,-1.1290025355388762
-0.17792685334798797,-0.1728027720598192
1.60727035130756,0.8603710744892414
0.9942053856108595,0.6351580123074493
-1.3812552563269256,-0.5356177634565351
-0.7708026990627983,-0.5996101471259742
-1.09220858129571,-0.5334781384811839
-0.21302425939066577,-0.22393712736787239
-0.1438228011311474,-0.039254828163287424
1.094293948940809,0.6600444705680976
1.872159304832724,1.034679730237808
0.7498671847206424,0.5313750792441462
1.5219810609668194,0.6377683705917714
1.0297729383016947,0.6986501169383688
0.8058508453984319,0.47675737896900056
0.3909755234034855,0.3147712919509135
1.0528856678193113,0.5374515358620657
0.24771377234996939,0.029587912729903187
1.5599389152906684,0.9092698425052197
0.7253346108741457,0.5515963027703998
-0.26383422041628624,-0.15343700451951536
-0.7938710916188276,-0.24555218196899856
-0.4967707662295299,-0.11959865462045799
-0.9882482326996462,-0.29135453293172653
-1.204335232870768,-0.595966291899088
-1.25765876988129,-0.7739348164992033
-0.8860949713147578,-0.5357162809776399
-0.46810990753348036,-0.21313598184459
-2.5974540376473767,-1.3114529350459827
-0.20410458803914455,-0.08149462680610906
-0.9478856238135807,-0.20123053415497894
-2.4388270001616608,-1.2386020412897145
-0.9627668323740708,-0.13528788651649287
-1.3106705976123258,-0.6769274844429523
-1.7929734306548137,-0.7346135177116685
-0.36251355468307983,-0.206107885993326
-0.7308115626087608,-0.2527265411016955
-1.7466596520689985,-0.985086855531108
-2.3835152859567446,-1.2117350001979155
-1.221232275638438,-0.569583392984905
-0.40870979166316523,-0.13711988150481635
-0.1774409925801334,0.02748830447888076
0.1258637878930331,-0.006792189878186125
-0.28659159713332044,-0.17722034952171473
0.8994178704825568,0.5863708984118589
0.5869858753922254,0.09383486349257933
0.49931696518068797,0.11618121346832433
0.861626774595442,0.5633793140106824
-0.49753771161517324,-0.08832979404538527
-0.17958472468584621,-0.03898127513672541
0.22777331536766304,0.17315709328485648
-0.7533729175026281,-0.28430943052279267
-0.037083053438378866,-0.1374089586633413
-0.23527459120045027,0.08571836290237243
-0.3508383360998405,-0.060293807737866814
1.6126541272240646,0.8786865488972911
-0.028847134021337317,0.07379872810949838
-0.4098299883695209,-0.19620883644166628
-0.9558718339426842,-0.5665345794985375
-0.09725309412874189,-0.046921384274480754
-0.500189628342892,-0.2079833138290766
-0.2953473381558508,-0.3468507442047955
0.315425300624095,0.19437610742907746
-1.552678541013981,-0.6293472896358119
-1.299887003420925,-0.6557730016909976
0.18115696115781266,0.32645791473136854
1.5209950033677944,0.6926528767871535
-0.29856428543453506,-0.24397953296766153
0.076674258187522,0.08437508245692246
0.6766524811844417,0.3667727693708374
-0.9251425403996708,-0.7085704178891491
-1.586093638170595,-0.6621121015043349
-0.6729478514772786,-0.45705301027379247
-0.35661018222446383,-0.03402466220376249
-1.6595266514107172,-0.7505248050112688
-1.1740855991961994,-0.47532983860191347
0.3068317280211419,0.02377072334788488
0.8019922065193916,0.49560609672784883
-0.0127680487326427,-0.028141727894204525
-0.19282775744214153,-0.196703806579773
-0.3768059547948839,-0.09331084628412611
-2.156767398373372,-1.0482519219334712
-0.3444391442548001,-0.17234875884113873
-0.4437812963684438,-0.1686004255690703
1.0362019749869247,0.7981941480201216
0.0892903927800765,0.14077884319189368
0.23536895902217833,0.2110507600861839
-0.7576441102590341,-0.6108448634413894
-0.4720371858824922,-0.11587181551669962
0.7062908554990929,0.4114781119604387
0.013806468744743172,-0.08966709867621654
1.1187494156578912,0.740876885143642
1.336149612196501,0.5957422337844517
-0.8997723271439289,-0.3895020670861281
-1.824189530410342,-0.7636408983251713
-1.3742991439840606,-0.5183298245611277
-0.4282100379175878,-0.26421312056219537
1.1019020972043456,0.5279179940291777
1.4878860883713823,0.736022186069718
0.9824847726670106,0.39965539983201653
0.38448508493008204,0.19066789570143067
1.718050670293243,0.9311586405606953
1.5707383332530758,0.7683167022947686
1.6036137789695806,0.7503038105108814
2.0083729587341095,1.0750484837293997
-0.3083753503382929,-0.151033558356702
0.48386108483632795,0.22060098595029187
-2.056583434837592,-0.9105615784647834
0.12610584697946758,-0.033712285578941556
0.5330159984609207,0.3115938459547706
0.28273794721776313,0.058041153944682386
-1.1366273416519104,-0.3201191760222344
-0.24779124707790762,-0.13108556855398784
-0.5972844241609309,-0.21190422356400976
0.5117474650572602,0.357212593955425
-1.2214323440882338,-0.6779257611377654
-0.9551824302703262,-0.47940892712356103
-0.44145788696693333,-0.27480903346109536
-0.5876217572805665,-0.19883919279416867
0.31926405007627984,0.17748833574312717
-0.4558952233155785,-0.3001899265357693
1.0366002402538839,0.4153553206165804
0.4135606971976325,0.378060109158424
0.3076339342567054,0.23299965193407296
-1.5058165246323942,-0.49164989268304277
-1.791197305824686,-0.8256231334322572
-1.6633790085533369,-0.7314379482928771
0.09036869162802752,-0.03876232298025575
0.43791428618996453,0.04760308796397
-0.5382763256008287,-0.1589356471437512
1.1837746158199995,0.5527857429923888
0.6023757530741578,0.25568857360167885
-0.15716355252902475,-0.1063759959173869
-0.65506898721537,-0.4538207816512222
-0.5757671812223366,-0.3231578035074506
0.5102553888307599,0.3319009713749106
0.3059320461055925,0.05745331326018201
0.9592026133701701,0.6830419415129017
0.8811511077365086,0.5041741579266883
1.9302640500168535,0.9159483478090727
1.4424820705815056,0.6816505453950499
-0.6715378826451696,-0.2629762316607148
1.467986688210232,0.9152819636137717
1.5066838572669248,0.6879827002341481
0.5890061465199176,0.26969978263026356
0.05919465723256934,0.1755399674754147
1.314741214086283,0.6154178746131286
2.0816593245660657,1.1575044769541538
1.0000767965461388,0.5829058494482077
2.3794408909805176,1.50750556692732
-1.3079073553145708,-0.6976886180869657
0.8609575727103109,0.4344777507009342
-0.2866643022251715,-0.038461266676851014
