-0.43617845917796594,-0.2010007188949119
0.2040776272475422,0.01243434365738702
0.5319349337806988,0.2102902821823444
-1.4622252063252161,-0.6559225614202445
-1.157012083458524,-0.653475212805234
-1.47496533415333,-0.5548665466954359
0.46965724693129196,0.15290011598959125
-0.3227617979691031,-0.31890116576009586
-1.1121764755297394,-0.560697683668238
1.0216777465919944,0.45104716113376475
2.0231221515685314,1.027887411303929
0.5156570361154875,0.26322329100381925
0.08373060564786533,0.1746512688385598
-0.16495339527193995,-0.02922499563545878
0.2346854299561214,0.26167442713908345
0.17476876787160003,-0.011277561492250496
-0.9872655224208416,-0.3065898947325102
1.2211128420141089,0.43658417372329833
1.7272008786057276,0.662780076663204
0.8292826402462772,0.36911087853441815
0.05226792585813955,0.0821411432331049
-1.2740621691598546,-0.7052198250465334
-1.00317239720256,-0.45717210262928853
-0.49904347570703,-0.29100865503578527
-2.7792440350701204,-1.2586710577302789
-0.05039230081616086,-0.07127111559963668
-0.9694881364598723,-0.5072830307467694
0.2311115502448221,0.23063867287331175
1.4511448211609788,0.7561995188313294
0.16281314968084026,0.3224118292112935
1.1372947313405108,0.6759514627197151
0.3426568846827221,0.15534974717763356
-0.29254854845955314,-0.06791175875157934
1.2065409890233854,0.5273468188768655
-0.10795583426852773,0.10948541720880017
-0.947658180730174,-0.45967533529681603
-0.24579582995744437,-0.01456204329747865
0.12036058169687011,0.16499775040433828
-1.132947005946378,-0.58344383334487
-1.2479473616860894,-0.5474520602856371
-0.015190415047348638,-0.06600401839127726
-0.11017704709532848,-0.19638615475954077
-1.9051869476554848,-0.7901897284706444
-0.3905246264995789,-0.4102773830530687
-1.2392334455333534,-0.6880587344716889
-1.3524551618165033,-0.6885779870190512
-1.8757648376981293,-0.9419044012501736
-1.08019213736265,-0.48564490227735224
-0.5525608102329382,-0.3029076833756492
-1.4936377261995828,-0.8885312526734741
-0.3913642514833456,-0.2227125056472407
-0.8259056243062701,-0.22176392335103268
1.3899141407000088,0.5550745473297602
0.6745987894144164,0.2962444014320301
-0.7943624701213478,-0.42369481368190515
1.496447559734184,0.8664096543831984
0.8905113446898337,0.31116262502630565
0.21176871425852134,0.1922132141581195
1.481466347228217,0.9013911813817621
0.571858788352659,0.2394747967546022
1.2403421654799518,0.6735265190145009
-0.155406607123186,0.0014257131823531277
0.06833804990615895,-0.014328588114279957
0.06606716910859467,0.0960711345892098
-0.14862859046401267,0.01800539401016074
-1.5152530149467403,-0.9210343812313224
0.15600928447484086,0.10568521949868526
0.20230265199244798,0.05210057773142987
0.47928633543885624,0.2724850906681843
0.44120505565521234,0.2257139118754687
-1.621102230106678,-0.8812647837757309
1.8353256457436669,0.9611511559050158
1.96519508275868,0.9387537691787287
1.7233221351666872,0.7691843607064996
-1.160177660121891,-0.6792447528905018
-0.3981651462114436,-0.08438003342539704
-2.479622477695303,-1.2399918912033796
-1.6108306351292745,-0.8795565527092808
-0.3211580317672765,-0.05884322764766306
0.9111392851740666,0.3120361604225332
1.0987054989313512,0.3929189081269602
0.5244248538716823,0.3339429972422758
2.468835406717805,1.1742516537740821
-0.4922447547083063,-0.06107963192559124
-1.1217195412834666,-0.6356599879635165
-0.057867231682274145,0.031024179916007526
-0.19550423878114626,-0.06627139229869346
-0.2868878641759355,-0.11095192581824215
0.5190501581205083,0.16853465459725941
1.1025161799215724,0.6355413670957888
1.7661974536617842,0.9815246185131525
2.2608995998067365,0.9564126406890883
1.5729555079126234,0.6507824458709471
1.5095255513042796,0.7214206809549877
0.7088823626862227,0.5113375505542299
-0.042135327024487856,-0.06171215090210525
0.1296598187485431,0.15762692047485452
0.31290919780579396,0.23741075385356392
-1.069524319859176,-0.45456395948239686
-2.8334229864571228,-1.4146163877223763
-1.7286936277540528,-0.9664222598113287
0.6382585074550073,0.1468034556025969
1.9637624073124509,0.7778878217995167
1.5697642973036552,0.7735175698273535
1.3205862166827291,0.7812713330704321
1.4178898329241005,0.7050450167253226
1.0538643080124015,0.4689365284673277
1.8758190084685902,1.0080304395068986
0.4091867211813401,0.39250513798153863
0.8430547099903565,0.40070553447772417
0.9481102586775094,0.45029749490760446
1.1639108938517193,0.545485433825276
-0.9387169838721673,-0.2882767926611094
-1.7234102209024984,-0.8245606997364109
1.512029315265401,0.7021919829799749
0.6083563328451627,0.31518756506316975
0.37662958775306116,0.21609581267774475
1.9053741039024543,0.7674118968377837
0.18586494311472213,0.1504563454916385
-0.3172642885655196,-0.1504010625499083
-0.9455368972266355,-0.4780610177080005
0.48408402357060487,0.22535091277502292
0.9372874045780181,0.2963142722388704
0.3649633485857193,0.10123927889792558
0.3928237182549591,0.3349595438068216
-0.8089421543807724,-0.2316916818529938
0.7844101130336327,0.28936722012547655
-0.056619424995774326,-0.05282757844269696
1.8690076353196936,0.9465326843708599
3.003544974237244,1.6123132029412288
-0.643579558317304,-0.3774995997652001
-0.5479036203697707,-0.3193769481279807
-1.0427604699800228,-0.4251252083037763
0.10005159433230937,-0.11480355864147404
1.454620371881034,0.6055213890576049
-0.8531113387642071,-0.44486707319195556
-0.16591828008740006,-0.05338325036589149
-0.10259157287340713,-0.02766963389473004
0.5280763094332095,0.15754360081396468
1.4567923232750573,0.9553467353407472
1.6375440595944721,0.8800547717689134
2.62332414437655,1.2293367654511929
1.0726589059703069,0.4598484583953907
-0.8774090246387495,-0.23406430320068963
0.4165080072291525,0.3251465192191391
2.1554803582266238,0.9324281051210422
2.199600063392541,1.1126959366072868
-0.8576381435927963,-0.4582140664873558
-2.0417819975116136,-0.976293778195794
-3.4698174486420656,-1.9305828113202048
-0.6929595329445715,-0.3091821875866416
0.36853034535013146,0.0685382740108041
-1.7087918103575874,-1.018418525976106
0.6720022150362357,0.3282598392631396
-0.12602426515023296,-0.1314749129019787
-0.6020829505372743,-0.1974677209497479
0.08581339113540104,-0.08944810519133414
-0.12387160349286319,-0.19035382992592859
0.05149091141910486,0.13946757631372125
0.32883049265714415,0.011433443442908864
1.5713818112573004,0.6990705472263967
2.3296789187235496,1.1980178803118764
0.6570431322635991,0.24919062745711063
-0.524922535367507,-0.20699365183693685
-1.2042551906313836,-0.6570554632155722
-1.3874766019592069,-0.7401686217860737
-2.3856086078507737,-1.1446778919095204
-1.5210616790555176,-0.7295365276562685
-1.1028434754280372,-0.5518322255635983
0.8205973852480956,0.5307731741737033
-0.3109072011275175,-0.007723913692800677
0.3960680639625347,0.10744092020937479
0.2049871119931339,0.21336498987189928
0.281560778572469,0.044039737003999824
-1.234066044296232,-0.707667905472834
-0.2508366074780577,-0.16139018048684675
-0.41571719742683666,-0.28407681300967536
-0.32719071705959607,-0.3137821399098892
-1.2418681436570809,-0.45183870034878637
-1.3388632626057935,-0.7178968577586906
1.173226966685796,0.7088531145669786
0.712757839324232,0.2556016008879773
-1.0085637177565308,-0.5987388486680043
0.3730463300798146,0.14239368456932106
-0.42563881929775643,-0.11592511229001976
1.5814428876538797,0.8728226982502222
-0.61246645079427,-0.20064032104432583
1.1090371521589775,0.6572699267207653
1.3404958266397802,0.6148081220027454
0.271222636231335,0.24215239073673223
-0.2558164277788211,-0.049243311812735294
-0.23948046708797252,-0.06722798754285271
0.15536917712163134,0.13282960128453525
-0.19892645207658155,-0.24743711748802222
-1.9397766455369327,-1.0974823126405677
-1.1515105378820134,-0.5795118121783793
-1.5339739769633005,-0.6989050980799995
-0.3070374566988418,-0.16475996277104005
-1.267712523289206,-0.6363763592519514
-0.6868729822071138,-0.5049262577345662
-0.6321418835823858,-0.0677431179911053
-0.22891771391837124,-0.04684195903928824
0.4381165467649555,0.18698865626806402
0.43860840309228527,0.18901688525267374
0.5781045541642872,0.24282097010920106
0.2727284541975116,0.25061020070278256
0.6368682559231936,0.24218788573713462
0.93189072888801,0.31204700516588935
0.9554732666948532,0.61678374176774
1.3546229417261615,0.6425325825116581
0.42370146150390336,0.30429679731173315
-1.2366995294430374,-0.4618243357608383
0.42779413071284644,0.08235651230526006
-0.08791853852321418,0.050980909994413084
-0.06419238842922127,-0.047271453927223935
0.1728734096259958,0.06512949083600106
-0.936317727927318,-0.4359519641481323
-1.5996966150691505,-0.8093354120198692
0.35640796779849304,0.21739850781433223
-1.0392353607529063,-0.31152213768206094
-1.854303755546374,-0.9253776756146
-0.3396358830884891,-0.08090931528137962
-1.0438584271424691,-0.6326923469236195
-1.0339938348876685,-0.6063457939363395
1.6886553948012986,0.9525647401255057
0.8981591738829918,0.3480910201934027
0.629048521198791,0.3291970230374269
1.4515841583792854,0.7564473508449118
0.4078743907921582,0.043230690189088594
-1.5673078936608857,-0.8324939382484452
-0.7816841187229995,-0.4800851626553865
-0.2737720069838985,-0.19585402821385692
-1.2671673468161428,-0.6884197837192919
0.940892495927875,0.606979874878097
0.8053762062495833,0.29521349950987075
1.8837265157859535,0.7982379835692934
1.0219456257255204,0.3698829073287496
1.2880882398664666,0.6345839521628197
1.4767134673308921,0.7983500312169044
-0.5796324531124605,-0.150557462407802
0.10228407207314993,0.19642005554781614
0.8161045851607667,0.36526741053738543
0.49546379586371736,0.05016769410192928
1.2560077144795636,0.7157605657413049
0.7499452221395182,0.447682244672438
0.8037980244552521,0.4487569246582131
0.44942189514584213,0.3079938239173414
0.20839310299937341,0.2885482238110936
-0.44713541342063934,-0.11952114648874579
-0.9526239966018922,-0.5174448509083673
-1.1101032801528912,-0.5159188244652337
0.6475845204426721,0.24644026030362284
0.2748012417313991,0.16084274500930287
-0.7282365974276659,-0.2066498253466724
-2.2720442030060224,-1.1085190616138136
-0.6587355208905878,-0.5089292865368154
0.06839288764986157,0.01156255206032214
1.6161923980016644,0.8323582144645404
-0.5706563920667298,0.030983576868455154
1.0170996812030193,0.3997832058705709
-0.8796771029201366,-0.395597328529192
0.29000999926823945,0.013462717649420725
0.044536793412065345,-0.06887833475544317
-0.9981640734975373,-0.562300370167773
-1.0167301672310525,-0.388141667119969
-0.7007640306454971,-0.5153232372263283
-0.929036880153572,-0.47195857708878075
0.5952622685374604,0.46152444145809524
-0.5810729309739017,-0.2943564788529318
-1.6792930262219423,-1.0145682277418673
1.639899176316721,0.8982538651170413
-1.4297310246538402,-0.7327502186170938
-2.893891758585815,-1.5286068802654622
-1.1422658615140036,-0.500895155447098
-1.859138703421316,-0.9110644855673697
-0.6639918654576205,-0.23456621187875715
-0.8045968892262161,-0.4469309633439764
-1.5114092822470409,-0.7576974862174868
0.5887756949709968,0.32728842948010994
0.8783891719486024,0.5567734873891342
-1.4147656113695337,-0.7950916281204563
-1.0581278473806137,-0.5533329444281162
-0.7954855475754163,-0.4608381619616276
-1.0447757415503767,-0.4188319258846399
-1.6770747190224444,-0.8063491611938844
0.21908378083155755,0.24289944060662813
0.3149914024824676,0.17695755590947845
0.6020305530217348,0.20662857064234796
0.6004285345683178,0.324840128676049
0.6915959005573495,0.3428679878690626
0.30444237447943695,0.048883241582191456
1.0344970009226746,0.458842238351432
0.9839855563620552,0.4460478162635921
-0.583156510664557,-0.243276364882855
-0.8128665172489884,-0.37494346198003115
0.6265761666557337,0.27330165162646747
0.421436605613208,0.015919494012342494
-1.05715049390559,-0.4596677987042769
-1.6644470610403026,-0.9542801265496452
-0.3754680419131185,-0.14585082185792125
0.5675088823081169,0.5563961554468728
0.11304800201924453,-0.15211346783057628
0.8642972702301244,0.4125530586966785
0.9397067445081633,0.5097332927766544
0.4093738217445442,0.1926066702944325
-0.06461942834268453,-0.12223537885827185
-0.2717471782922734,-0.17864828846809278
-0.7711304179870018,-0.46991325614018276
-1.4256682297762993,-0.76511472933938
-1.351936123314561,-0.48613469013001454
-1.6769091806322676,-0.8330375588587885
-0.23510963241339422,-0.2536451929062734
-1.4147615147706913,-0.5143606936234828
-1.6796424539119883,-0.9594029784667368
-1.9370147195590284,-0.9491832964565327
-1.5872101197394128,-0.8065817815326242
-1.8298186896474646,-0.8893563717713309
-1.0962070371475494,-0.49221937446923625
-0.6280304317287909,-0.3393937117137404
-0.5162579421660619,-0.09505809583919891
-0.7079242423940084,-0.5365028694158633
-2.4420868233062447,-1.2697034002420586
-1.1416318368807001,-0.6655314475811993
-0.7413061711280693,-0.041661713903882736
-0.4297639895756889,-0.15963770454527437
0.19504792311457259,0.2647698591554922
-0.038560261501825066,0.09131038548653511
-0.10667795224905421,0.041481135246934
-0.10728977516895549,-0.042347065140000466
-0.09252170332552179,0.006484087814782415
0.12598690824404896,0.2032725700723504
1.33362853412343,0.57845608721158
0.03739994400148772,-0.18719998464756699
0.4156147689951563,0.3010810534702679
-0.14615965139554682,-0.28846031909667696
-0.3516027088950167,-0.22593725663244088
-0.5788461621041809,-0.04009227286133871
0.9468962834733431,0.4906355410707959
0.9090357371549771,0.15755340903850706
0.25225611179021057,0.30299124524153076
-0.4958465257527545,-0.3883216225015905
-2.0609357452728516,-1.0456985386121729
-0.33211307152874037,-0.11062475276847136
-1.1398009242943399,-0.6019386171811665
1.2683995485927482,0.6411790059702586
0.935833748918462,0.7316942763337093
-0.04651819364726084,0.157846470441191
0.11397326278050338,0.06293121481218861
0.57364600311238,0.3465717105853896
1.9426377894272444,0.9508183696852477
1.1028732386035467,0.5417081863799479
1.8279854625805825,0.8546774117045699
0.12714425725699718,0.11832402793028708
1.0028741297148247,0.6519898721258449
1.1414873356227389,0.3679488755416931
0.39014482275505646,0.0387043713744481
-0.24082171430982713,-0.22599063558697197
-0.8893416263156906,-0.4251410465429302
1.4423217816676654,0.9831854434668321
0.10572625149259562,0.1246331822504284
-0.13822991761710923,-0.008150014101024922
-1.5719146985444379,-0.8300827675472602
-1.7723966671057574,-0.9295230220772306
-1.32550397814185,-0.8370193237953022
0.3484194785964577,0.2580476528881048
-0.4639832374321941,-0.18841368927704294
-0.35884821856523436,-0.20256334642184876
0.9151677147717292,0.34750129241347255
-0.26123875619903203,-0.3461590594061321
-1.1517884813926058,-0.6018271551164449
0.3734663980657209,0.17152374770611775
0.8125815483883203,0.38499761282684847
0.8502130257852416,0.3179648484320293
0.15246428256881744,0.20869632813748998
-0.4408458675132327,-0.33150098906757053
-1.1646195574708933,-0.6280179235435147
-0.2859574662325621,-0.12143763783482663
-1.4100395710441544,-0.6593728524508237
-2.7758661318748117,-1.5329534301038712
-1.3498857483415352,-0.7022572943479332
-0.7774864782050518,-0.28133593799779033
0.45646834886553633,0.2417946403866972
0.9570860505329382,0.6304864168895514
1.5444185627010323,0.7360133424598719
-2.18694165024713,-0.9954485711694164
-1.008935092210464,-0.5273594041238084
-0.8531852693949293,-0.5870619302836642
0.1083918056801566,-0.010864880256877513
1.246591305433577,0.4794813787554201
0.4650978561606358,0.23098335839004142
-0.20085279416660357,-0.20970692756153503
-0.3278335710941762,-0.30772529601363113
-0.017381423590273976,0.055431454661728566
0.5028764422076523,0.16359877381308854
1.383954170546495,0.532029235527514
-0.33847475413990835,-0.25577976267345637
-0.6815435019306348,-0.3855724198899815
1.02251568347934,0.4963119296062801
0.3837577884851793,0.43278265391672044
0.05432741722877257,-0.04944344875866234
-1.8171844090434885,-1.0019234181743517
-0.49748568117036324,-0.2534392398850413
-3.0908465167494286,-1.6202689068942029
-1.1997748042606373,-0.5409489582738037
0.5770328484246366,0.2165070359114421
1.8897743020632993,0.8752418117546212
0.5193156606985675,0.22317401079838933
-0.8186326620301065,-0.4903869122668806
-0.724855413317463,-0.33544646114776216
-1.338113012955887,-0.7125473686943129
0.13590658000180122,-0.1300216842288143
0.7856129918586677,0.47163616999759694
-0.09238502809040877,-0.10470691268162807
0.3883968339106657,0.17190969650745086
-0.08813441158007695,-0.00029934035473096893
1.355841501310358,0.7706668958397611
0.5501495954536277,0.34442802661752037
-0.7357613599917618,-0.3102439089933374
0.03900421515192404,0.14697492024116926
0.6027690573393899,0.3509533405519064
0.7003805365824438,0.3527524638921269
0.7099109993978296,0.38181596440880167
1.3053521040753515,0.6463856355283242
2.097970680421707,0.9541702844984505
1.980960356838616,0.9807106324531814
-0.6504166760212927,-0.2869530912632807
-1.628188262213245,-0.5723877880739681
-0.6273654455537051,-0.47069634217945566
0.6301292739493952,0.36560858975204835
-0.5416411161899017,-0.1666815677830361
-0.4609493377638022,-0.25249151888977944
1.170563566884005,0.5042427745863439
3.9309831385299767,2.0648976489545867
0.2747913472521313,0.13474717574976566
0.037556106925540816,-0.029465045396381215
0.7625513407170088,0.47236339678446104
0.659321641689284,0.38474275494156285
-0.9895812877953141,-0.4629984199808295
-0.9573132463953673,-0.40295678709112087
-0.3823367742182899,-0.14152608569775324
-1.0108115667863984,-0.47318590533840493
-1.7510721293291942,-1.0032530914632778
-0.4885962828040261,-0.12001143354074915
-0.9519673076597694,-0.44631973675298225
0.7197113379442814,0.37302841835298645
1.6199777401127198,0.7301199102887738
1.2245718564917527,0.6409102213994482
0.9941283413636655,0.42485500265598847
-1.0098918910466543,-0.3807286164236835
-2.04302523636475,-0.7334282239007888
-1.0678433610593867,-0.6216070913183527
0.5669485166918967,0.223232215508272
1.1757585093112168,0.5076516359862147
0.32428584334107546,0.3171203927677938
0.6216792661854719,0.34612884036818137
1.1239424351493825,0.5232521125438216
-0.7495832136877605,-0.4361703658413825
-0.37632083614821066,0.10821217200923666
-0.08464135531506681,0.11142839108758344
0.9160931215014281,0.3589609614189549
-0.0588461537526791,0.022493724815506044
0.6954123672270085,0.44452334736510746
0.7916202766504903,0.2787931220593515
0.19041685485692816,0.09746933284459729
2.34217665506566,1.2815546637789899
0.8948153348322294,0.3652285773537803
1.9626861190270053,1.0239236425229254
-1.3445557557015861,-0.6879840894653145
1.5170845167198275,0.6344325016912047
1.365358998808372,0.8612846270211584
0.44246098112957755,0.1430812140598229
0.8652531548369335,0.4681077675295077
-0.1523340228051257,-0.021428188310672995
-1.0493215779125882,-0.49411285166597857
-0.3646016145920036,-0.20402014141787134
-1.2478610550126996,-0.6055723407826228
0.8948692592794903,0.49902546728493397
0.8240067464006493,0.3341542524232273
1.6335886400195814,0.786983520342695
1.9384721880610065,0.7848341957622061
0.7004963525107006,0.43855394242802553
0.8131541733090785,0.477098819512668
1.4574176320189185,0.5944667145753895
0.8302299070614181,0.31853973516674416
1.8490604071237788,0.938442558055135
1.547289830214687,0.7772604179541502
-0.46529971692633654,-0.15921622674507735
0.02400694751545729,0.0070603945879050365
0.18024711210642302,0.15083040869444397
-0.3493738708341083,-0.010284654728012571
1.0005058845214148,0.6036176625664935
2.115755740851175,1.129684640533218
-0.31878155030533595,-0.18413912302344312
-0.3461423603119428,-0.2542937407854433
-0.7872616622562647,-0.4110949177917738
-0.03877021803691438,-0.10579597821170184
0.943214281203604,0.30078660130925294
1.1565356589707665,0.47971043565157256
1.0872565726950731,0.5504077867357637
1.7250522982093064,0.9392262002498197
2.0098257379282627,0.9276134601562893
0.1443001122536982,0.022508195615869662
-0.3522104375344947,-0.09535708552069201
-1.490001829249824,-0.7765320240116973
-2.667179725141603,-1.3524247330097932
-2.3822762618573914,-1.2785030188440554
1.4251443615580683,0.7307050268068207
0.7778228973850871,0.3091004695359069
0.4738905173086174,0.40740540570691286
-0.209781874965696,-0.07391725351299783
1.4730395415354438,0.6671064526719522
-0.1424023582860453,-0.23628186054083913
0.07323087087088871,-0.13356025442119343
-0.9343976144226949,-0.38350780397177614
-0.41939002659209823,-0.16856537899170035
-0.07216715608854743,0.0907781232046841
-2.1855232109600715,-1.1120945525034405
-1.596215521510112,-0.7239199321429146
-1.4297324372695128,-0.8384708519938501
-2.013637275970042,-1.219959147833627
-1.3102231831207523,-0.6292891799409192
-2.327602360081554,-1.2890995484304177
-1.2961574326174006,-0.5313896509358428
-0.11257411168340892,-0.1233098030007427
1.561732909233409,0.7074960242289104
1.4687452511823775,0.462848807171333
1.0871702210646765,0.5395124402984027
0.6827451394484808,0.3479585453374756
1.8911287785692437,1.0272921128301302
0.6719294708985235,0.4264454707066035
-0.8301653820534325,-0.38479069132097893
-2.3228846343916882,-1.2046561966268483
0.9911803195634996,0.4508414228529376
-0.1248791799950465,-0.14967698285570985
-1.32405279243899,-0.5863934390321265
-2.917107895339317,-1.4627853383242364
-1.3408829264517506,-0.6914900861413418
0.0775015162009286,-0.01641272149246288
0.9618168349117504,0.31971945996042994
0.7714505662677908,0.11776469251079597
0.2399595723679326,0.08621789179533568
0.890768268626325,0.36893019327624155
0.25633392510168695,0.061530800061291316
1.6028063762805198,0.9294078278721387
-0.149572928297395,-0.2159101431125426
0.7413528362436386,0.35978005899657006
-1.3737245599991112,-0.7003868671087764
-0.22048764514552732,-0.07801843033645295
0.13471192710116459,-0.018934162046920014
-1.4985638249649729,-0.69635448690555
-0.950544590282401,-0.42673278803923
-2.1043397232755074,-1.0347843122894276
-2.202758187853235,-0.9410833349259707
-1.215447100972415,-0.5375746362387436
-0.4235759766934068,-0.33256013583641936
-0.03917980648701633,-0.10681954088726876
1.6241860272679332,0.7324722474493475
0.06934530282965767,0.2200048559708639
-0.7914033085063301,-0.37527345790942074
-2.3392684322045785,-1.253799006891974
-3.007999915886895,-1.5199277062549024
-0.1503368287795942,-0.11946830607148573
0.9416901276722195,0.5035873835475648
-1.2335999039377126,-0.6613104927673286
-0.8474921146168165,-0.19055494564867578
-1.0848571154152056,-0.6503911752996285
-1.282526269010583,-0.6315834218046515
-0.21584951375837003,-0.06821526735623473
1.7518134545960202,0.8995243064286362
0.841602036034333,0.44290146088204074
1.913739781102528,1.0118235503202513
0.8010337026293637,0.4939438528109308
-0.988308449274071,-0.5750556948717578
-0.06474562871339828,-0.13293255265677995
0.4565179346413488,0.19732876344280154
1.0097645087271214,0.5577670020178269
-0.37151143578279433,-0.2477248521013434
-2.512044124719773,-1.2091845939652064
-0.42912987765424265,-0.2543729416672718
-0.9568497771389319,-0.4589162403232922
1.145747719683151,0.6276984786726522
1.9839522239298537,1.0575157006307252
1.7126850042808002,0.7375477762538593
-0.26581685999414706,-0.04203959227500048
-1.6474036160525436,-0.8211250928072882
0.5115080296200988,0.1098923257966275
1.588311300063013,0.7722342308241882
0.009585731326352542,-0.2610332026008958
-0.5906223835183436,-0.2613203667051446
0.16129455364186107,0.033352745127417226
1.842710514782889,0.7229614537752937
0.07279383957984586,0.04132575407781355
-0.37893761531691056,-0.01686989450813281
-0.6543312688243819,-0.25916492166979055
-1.3284912794496693,-0.7053698069218574
0.792828935583109,0.35613570712974
0.9432738684049278,0.4657665080545015
-0.8098517591162364,-0.4003343734664638
0.8794388226804075,0.38749098615051497
0.7779047488125624,0.1959207042142868
-0.6031526483073633,-0.18630765031481528
-0.3891469886975342,-0.2815179116078532
-0.7113071423293094,-0.20110555315205256
0.6249410496614458,0.33995638813905393
-0.07404784110001444,0.12010727684156841
-0.004087277428359411,0.07560796878337031
0.38806930904579534,-0.013422418172002931
-1.2745848272154583,-0.46159729307508546
-1.3193299905151767,-0.7049637196847238
-0.5397918692242213,-0.3566207025011396
-3.068964099834554,-1.6182557210074842
-1.1336845397386939,-0.5467253466722829
-0.9362881446925493,-0.30709022124297664
1.5353505468593815,0.6434233696992605
-0.10240191091317363,-0.11195296247879012
-0.0024099900249179435,0.07295435655952634
0.5629101000533582,0.3643780872915782
2.342679940116349,1.164097173155398
1.5755809623508785,0.8583950696893958
0.9624571208773479,0.45123062409178827
0.5856069885085277,0.2888914514831125
1.1078374498148313,0.561604876409012
-0.01982749130215622,0.03179748264562422
0.7493457224770841,0.26473692721351344
0.39567284681578274,0.21974728772861993
-2.365848536132555,-1.2963128715391212
-0.004878596490329845,-0.12181757575425789
-0.5415273057120694,-0.33833137021111964
-0.8199092463141495,-0.4330265548126878
-0.05405975472942387,0.04925949507682957
-2.4796360371579502,-1.0689275921605779
-1.2737754080934929,-0.6075405877881417
-1.6911465965523693,-0.8050167538764862
0.0323802364630833,0.0063500034310769
-1.0384457057252312,-0.35399217992765775
-0.03467070736403588,0.0010658337050177824
0.6806572176582006,0.4800157230316986
-0.2698226232252276,-0.21524156842113376
-0.8937349844827795,-0.4271831880904853
-1.0075878760045702,-0.674438090204452
1.6437525663867345,0.85763092338153
1.532346249932305,0.7303095090032644
-0.9768013230976891,-0.5587354954489682
-0.9384716192203183,-0.5784499237263196
0.24121251099951135,0.14668365538849046
1.8590699213010737,0.8981574497747334
0.19063872968402118,0.12094761604227981
-1.9694698990704684,-0.9513954189373263
-1.0625466424312977,-0.4573398559337093
-0.5778100798788812,-0.40100287436021
0.1849229956731957,-0.00711524546307038
-0.9690101103513444,-0.5030848057199567
0.5529617551591293,0.455188542573396
0.7729997777283664,0.2756048461981331
0.5243433818647836,0.26687424904582946
-0.6188923640761035,-0.35036241448009625
1.2806089091979251,0.5013860991599763
1.310787898680061,0.7059053852503586
0.4928660159331887,0.28432590080458386
0.5259032484051547,0.4284314707881812
-0.722987842386908,-0.3996941195042468
0.37659162036356325,0.24878450704251204
0.7854636817880974,0.30115853640185186
-0.022624173629709476,-0.08159184322057493
0.13860185154949503,0.030971676195761938
-1.092706590120764,-0.3523368195028289
-2.2448105702860137,-1.1723726358301398
0.24256772016450268,0.25419401381693846
-0.07982234660060744,-0.06358000126168344
-1.7919223036522747,-1.02482117504583
-0.36324781239575665,-0.3525418520844701
-0.2146706256101887,-0.3138607363384908
-1.6839577307412354,-0.8214224691635386
0.6839053337122272,0.37448397908359526
0.1412500380097903,0.2390318607226964
-0.5805361543356032,-0.1450397670268939
-0.17207583572454213,-0.20205800226362225
0.18376383264433674,0.15613241123047833
1.6265211152499977,0.7884888797692354
1.057804262078375,0.5770733393681379
0.3921956522422412,0.09967676464996704
0.007815201270532368,-0.12658195524539
-0.8683392854731883,-0.5711287780038793
-1.2335383611644377,-0.5977260941507742
-1.1691587606784886,-0.6900210065799101
-2.517302283364579,-1.0781859450637945
-1.4405242030924228,-0.6254749427052062
0.4842975203291259,0.12489770567005279
-0.18333973917120866,-0.13411107781179185
1.9212601328465226,1.0714355996808735
-0.08181218189164763,-0.15560948375659622
0.36971127201060505,0.1506151565571471
1.9243502889073463,1.0357804018645516
1.3427015375818914,0.7804889436594099
-0.5325606686762898,-0.34839470391773936
-1.0589313230396884,-0.6316471241910767
-1.2733583227463954,-0.6809202950956199
1.0008209197727038,0.47089530408362823
0.5141946434609014,0.34240572930034535
0.7569478244574459,0.575850349826047
0.6653319619038296,0.4602213688058733
1.1831120650768019,0.588656816025736
2.2256454093424836,1.3301776648315828
1.1740836321732833,0.6569087958108403
0.7841551374301607,0.4074286155167272
0.9744625178825772,0.6664107687406822
0.2786402786079351,0.11640991281321117
-0.32781923126318563,-0.059245896585535834
-1.2076915796130272,-0.5248715916409922
-1.1247442601843103,-0.5926234659261876
-1.189242203634644,-0.6457618441602518
-1.138183825328951,-0.42067579665229093
-1.0324092439227472,-0.5708791698085108
-1.9122979602369314,-0.9867134066516586
0.02734764505758891,-0.0238495181275052
-0.24981220247499955,-0.12525766912698058
0.9359247775109488,0.5086701828288751
1.5067400778745084,0.5732099603179437
-0.5375120959937343,-0.23791510603693308
-0.2787393464080832,-0.3066135626298572
-0.021570526748160207,0.031075375275351626
-1.1060080721748555,-0.5101665670790295
-1.5318861449217307,-0.7395808339754025
-0.7805526052918282,-0.5161197134649178
-1.542268713090031,-0.7737259364828343
-0.9508179179975519,-0.5338766211522896
0.4103006529031794,0.11701096653257392
0.43884063659223554,0.34970245842606723
-0.9784982919442714,-0.3865281892672049
0.26208508216712423,0.3148061769676904
1.165923118069013,0.7410689603971302
1.9022693374504258,1.1435419647788532
1.8339325632958858,0.9031811640253059
0.1901923088369617,0.030132632932659068
-0.4112992188917426,-0.1802102150104442
-0.9014924543025061,-0.3495141276925262
-0.7538847611893533,-0.23093980698452962
0.3240736392269208,0.1266811579518167
-0.5169401277907497,-0.43020124351578837
0.009118520497490401,0.044706200400197654
-0.8887239731321118,-0.5145699335681657
-2.340840019652938,-1.1571682426322476
-1.0564637831683503,-0.6270791221501864
-2.0624108071036433,-1.0123727467593842
-1.6243577354037604,-0.8698429354244117
-0.9472503288352281,-0.5577240139500304
-0.07057512493069573,-0.05893394335453146
-1.8220512498478716,-0.804356923457931
-1.536265232839698,-0.798732200759237
0.2138666130582475,0.29576948822482096
-0.41770347742286734,-0.2229001199430348
-0.5068881181077026,-0.26745992274552977
-0.8402527202662682,-0.4152585892510614
-0.8192099790513259,-0.43775242424106875
0.5695641024624705,0.31250982913494496
1.3102615334097312,0.6046275382228763
1.0664025147014669,0.4602936957803483
-0.060100267563372944,0.08958405704303873
0.5113456348876855,0.2496499140453806
0.48455867303105016,0.22583342752562857
2.1761034959150956,1.2985092482930112
0.6114767980477799,0.26413949365740375
1.155645901488622,0.6623133763948313
1.6420795292979085,0.707801737753899
0.6277442523159522,0.3398254167713023
-0.442496728905279,-0.178150914795738
-1.4257382320302967,-0.6852005020246189
-1.704999516551134,-0.9837403231212907
1.2494855036729828,0.6890153141812322
-0.17011710088810394,0.10642763905878616
1.6718225634653492,0.6360961840269871
1.043223766282161,0.5756652871863543
0.7016549564344027,0.3079979939469791
-0.76024005880091,-0.3888955059236005
-1.6730164094564162,-0.7380393582388851
-1.2661822822113997,-0.5992844147486789
-1.0692089596906087,-0.7052428628456724
-0.7867514588693583,-0.3245830910424052
-2.142509356031914,-1.072659914670223
0.6218583617145078,0.4112109563033714
-0.7387230286526986,-0.3030104859129495
-0.0357464794861338,-0.03276327246942119
-0.19910276823542256,0.01009035040906811
0.8579905472650928,0.39001979987414664
0.32852316053824115,0.11952207149991459
0.13392881617711372,-0.046057457963912904
1.017594747097349,0.5696905543295437
-0.0574212208210052,0.05970130407075669
-1.1518021677748063,-0.5729617175629241
-0.9966653047900262,-0.4632935735821901
1.108185016695455,0.6188896339346222
0.6028347854651336,0.32015105246277537
2.1666314791445798,1.0668280779985275
2.5078704097907423,1.2256997768834572
0.779378315024798,0.49851520136298266
0.3098790562313284,0.13205226482917834
-1.5861643439418547,-0.7894755853269361
-0.1714073917342559,-0.016312394087842283
1.4816991857037796,0.7310184348078419
1.7814438540268491,0.8498836742914778
0.7102794665028147,0.37608883482056826
1.6980080609069126,0.7644674710172019
0.16583726054986037,0.03732378964193129
-0.9566607194522968,-0.6577238946381925
0.23992592815478753,0.1499342709391423
-1.106682529102344,-0.5425468545955837
-0.27261160923617217,-0.20556104635118355
-0.08745480059308464,-0.10612681918053068
-0.7400059752398499,-0.3105513505568055
0.6939057899803849,0.37816001755173967
1.9347532543095605,0.7582911668902683
-0.5549468776951377,-0.17973341297931866
1.7373794658508386,0.9755254687115975
1.7735359857844717,0.7661206401876952
0.8375765638750826,0.4284811621338112
0.9393407894352297,0.5882863700729494
-0.5744862132438002,-0.13978195026912166
-1.3986379694433841,-0.6787493382299161
-0.48831647927256105,-0.23304527946099493
1.4421025450651264,0.7365503257578203
0.7247922957490824,0.39766637083751943
-1.7850608452986898,-0.8497165298036964
-0.8063313203404471,-0.33535582976239997
-0.3241523532268411,-0.11528364811310002
0.5572862154048261,0.3201381063740825
1.46769510417309,0.8456253627834721
0.2503485789739111,0.20061278137367303
1.2602508396477816,0.6678206731272519
0.23539898544763382,0.2678049745980375
2.2084313538411364,1.0315655239288104
0.8322245870177237,0.3157445460682606
1.416253498267956,0.8222641443500569
0.3081583149468908,0.15329001819140053
1.0241997778961287,0.5416159333779894
0.20727226970230833,0.0716503895358458
2.4343469110041185,1.299063733065991
-0.1316250183416635,-0.06312368984244526
-1.049099176370072,-0.4670335329649854
0.0347568698552545,0.03601648998885231
-0.3513854270089564,-0.048955781957256334
-0.46133491693850875,-0.24972420144407012
-0.7194780189192528,-0.38794090195282205
0.5502188118363728,0.35848603707481663
-1.2518008199903454,-0.508780514086069
-1.4452195395436314,-0.573135677554616
-1.7115746441400475,-0.736782314734538
-1.454392010224573,-0.8090060832141428
-0.8687689837128145,-0.1768913841919198
0.0700320378811321,0.008296687542472706
1.2062135059301462,0.6116994037657771
0.7408655760673659,0.408976571294925
-0.08883884924852853,0.13785790943676884
0.6550359512509676,0.3428939168855625
1.2694015879127654,0.6366805687771023
-0.9235126460336825,-0.5799354822127885
-1.6708371009138552,-0.9570840163734963
0.2735884505095364,0.2681798125041509
-1.3137973099533473,-0.6729467257761783
-0.6548374488272303,-0.2884650702924918
-0.545749771292698,-0.37661876960399576
0.05032510121289707,0.038267098726777526
0.26119713350682705,0.16655265189785523
-0.1071145496747909,-0.049627797613381416
0.8364100793949346,0.27713343240494026
0.8060529745290428,0.4638501614928309
-0.4970537693060895,-0.24696758258610135
0.5992853982050261,0.38277201646283043
0.20514564415541328,-0.049218154110318116
0.20940965722257376,-0.030294253419360456
1.5260982030089676,0.8158637155630835
0.1655831058079824,0.08046885552180835
-0.3389054552194418,-0.12228381860465376
-1.5785643328628602,-0.8071756085935166
-0.7877780245635311,-0.3084077350066282
-1.4552930908759447,-0.6973595213239984
-1.5481063167765503,-0.6668674410325993
-1.607989367637038,-0.9191586082396087
1.7353227462245293,0.8039011283121611
1.4587030219917212,0.6560027719698078
1.8384498089772634,0.9561473802660052
1.9582191339413844,0.8018172868419127
0.6774850426579495,0.18051492366411867
-0.8224897966958965,-0.4220731966110744
-1.327147463653957,-0.7299055980108549
-2.258958915886325,-1.2726520765055895
-0.9585091685604605,-0.3505451576375169
-1.4905250936497143,-0.8185497318870985
-0.7051614857812722,-0.25943348144839606
0.7326923687605598,0.137364965155215
0.19193755298859,0.10056506972648975
-1.9062982576549368,-1.0538865753307984
1.1016617527819104,0.6575716765868231
-0.455069987000425,-0.21689852628666947
0.14435277526155754,0.06058239979101907
0.9923262280449912,0.33217261204101267
2.4252505675069975,1.4130604838284917
1.2150967551011966,0.5972437428094554
0.739618807958844,0.15159793009681213
0.9147037813197578,0.3820406111482044
1.6056107984457926,0.8140750139663288
1.1788496387868663,0.5055679704998882
0.35627104554015987,0.05915961030915397
-0.8409908651140175,-0.3753397839330114
0.8121884679644327,0.4111178081417571
0.39578732320117455,0.3475518916107736
-0.4281467039628238,-0.293350470771989
-2.4389696320019096,-1.2809275136468528
-0.36863381306146514,-0.21865625005791284
-3.081915452145592,-1.4589076566296695
-0.5467017769247868,-0.15398096733372868
-1.1763985756920476,-0.5449972371204451
-0.9902936300530827,-0.4732535894722309
-1.0859955731655455,-0.49199202935771735
0.7251821282694049,0.3363887460997113
-1.1328107078910994,-0.5704376466157497
-1.7297543402076876,-0.7784460183510565
-1.225877284219417,-0.6842961345816064
-3.754661366322903,-1.86122200383563
-1.5587919191541055,-0.947112687121903
-1.344645659168057,-0.8414578666486844
-2.238439472999432,-1.213981475583341
-1.8427108948275381,-0.9508009386856906
-1.2046266065974711,-0.7182817881593385
0.9906872039121821,0.578237308011548
1.7749394638112257,1.0198949522655616
0.5956742538091643,0.28363466792449
0.11973114711115129,0.19173944750437166
-0.8034251803448194,-0.3769878091083639
0.867595798689821,0.48351603386703357
-0.21017395207978196,0.006465759149977088
-1.0985518778712242,-0.6913097160698459
-0.49752983436901843,-0.20641674827101936
-0.33008998462996947,-0.3466093032934291
-0.9047991136643607,-0.3751891327906527
1.4740585080769413,0.8254447845766493
-0.5424997352608836,-0.36173977758484344
-0.5512534155373411,-0.3603253710671197
1.0881628920453756,0.6775448450192689
1.9417085718541032,0.9977267468613581
1.024480224223491,0.8013698442714591
1.1047986544161983,0.4436945630651653
1.066930660285402,0.5301704245962142
0.13903693432061398,0.10160357736304307
0.38632929976049196,0.1335261252396654
0.5567375123358222,0.39622250744731663
1.6570686018993237,0.9699084315103682
1.0294860157250894,0.5575024386734215
0.6555659642333309,0.2951277639382532
1.6278808811407703,0.8247478657222486
1.1604952815166585,0.37280630731288233
1.019115225540245,0.5259930439238709
-0.05009566799638443,-0.12778066914367991
1.3810583937029957,0.5259373250784417
2.0985268634833876,0.8835661236800645
-0.8658504989128669,-0.35499523561103263
0.2636327730092816,0.07761528094237682
0.12271832620982387,0.2832842572227283
1.1796141364276431,0.5765736909934367
1.1380485398780857,0.8079330304779287
1.887509814522281,0.9835953658931889
0.780743794072309,0.49853041302363155
1.296437206071671,0.6851877695226068
3.0065556418134807,1.592699964758277
0.12750010541508416,-0.1343275372969533
2.539989118430996,1.2113752961032378
2.1949512600505763,1.020582060874236
-0.13419149074113612,-0.057819274291406986
0.524363954433879,0.40556605928517786
0.20760753540476717,0.07582712606503908
-0.6120806928169849,-0.3274330288541565
0.14547009920819298,0.15261333677743505
-1.2883311193942748,-0.6733654793539893
-0.24374088646738606,-0.19223796229847212
-0.09394491105369461,0.08309117193958254
0.6782798596142924,0.24582311300010196
-0.6043426629069106,-0.19195765354469807
-1.0344320608479476,-0.5682809274196061
0.6634918514695269,0.2531057849104057
0.3152067341918353,0.24210891116102645
-0.15178219449205385,-0.0954753838763003
0.4945571518296748,0.2267815172884962
-0.6337587382330028,-0.3332290000429605
-0.24367188846233093,-0.22922930888303927
-1.367934755284454,-0.5371148798947448
-0.18241807294114315,-0.13850331338240038
-0.618740468026763,-0.1449498636274824
-1.6164459036000873,-0.8859976028414431
-1.0036032638085404,-0.5636134515319946
-1.6499210613794069,-0.9262263841642787
-0.4617005047925848,-0.027654322813768256
-0.014146521182251182,0.026042375791195053
1.4326600126731002,0.7161505439974193
1.2592333068321615,0.44841255566286403
-0.6703896489892425,-0.3396780834969222
-1.984267048903558,-0.9626954144409271
-1.9807917500240888,-0.9432847971531917
-0.6058758464294152,-0.4949413137442348
-0.8471373256446042,-0.4576922773265746
-0.9038307631405753,-0.417729699806628
-0.6060840505365833,-0.22696580297778768
