0.5632977354586286,0.23314911517743805
-0.2831411208456895,-0.21914796515262722
-2.280390419018831,-1.0358275216278339
-1.6241144427058636,-0.879173100493354
-0.309015608806514,-0.10716742328758083
-0.931998002563312,-0.24455421009359957
-1.212961462622764,-0.705415574819464
-0.29045316419952766,0.004547706274165397
0.26565493032014953,0.1298868660526685
-0.604957093944589,-0.30319101454374375
-2.602423540351472,-1.305055224943133
-0.6004849130083566,-0.31122928213803386
-1.056690924053959,-0.5381989987096343
-1.3028392910285835,-0.76792206317471
-0.09208756836083332,-0.088958782045546
-1.195943304496927,-0.658006474534877
-0.422269703392233,-0.10295885367034663
-0.7141116894796754,-0.37561367926831596
-1.349292632961693,-0.586476111718041
0.20699426109886565,0.0832693538282321
0.376151879417444,0.14552603234960254
1.649740311812862,0.8149518608061237
0.9863085627197816,0.6495531932498259
-1.0488364147290907,-0.6045068635253152
0.37554465233494416,0.28420737569450244
-0.5319806343460997,-0.36573255486762696
-0.13021380782350442,0.09170090390355769
-0.6452965499413259,-0.33012041980883977
-1.2046050394612648,-0.6917755218886313
0.042018851970547555,0.07377170430068186
-0.4425346503272063,-0.22964756265917047
-1.4563817683616178,-0.834295556928573
-0.8212023924506255,-0.42119236599671905
0.4219453873362733,0.1456090808995364
0.34633258783057047,0.04477306803231895
1.6602229784082503,0.664875344630039
0.8306287228380176,0.4408883309264672
0.9983297122486314,0.40201040077435846
1.2207071511442822,0.544492234995535
0.37530722487545104,0.24067989212006935
-0.5724595612183335,-0.26811478129480276
0.4432378601648781,0.13991310541619775
-0.37404875033008683,-0.0958093777867139
-1.4694943230470974,-0.6803864247492206
-2.2790780120630507,-1.0008078949656385
-0.7608784195565879,-0.4014998080891845
-0.5499629615043778,-0.10837699979792914
0.0619893801195463,0.0412538614184373
-0.1287023008766664,-0.3094801812675355
1.5898588798422228,0.7084848546604878
-0.27734228249592285,-0.1561079999588897
0.14704414746024635,0.227455368247
-0.004383551431783872,0.09102100439656326
-0.6707186317337172,-0.24941529240763244
-1.0627049296181723,-0.5452443581514967
-1.6600295500044595,-0.8113855517354482
-1.0110414424424394,-0.596815069407178
-0.581967231643207,-0.2560914395213877
-0.24542595172955667,-0.12161328078580157
0.47715902145984523,0.19310306317184495
0.26872307818731356,0.16255046416039218
1.099846985874546,0.48209996164302094
-0.64790888830725,-0.1975721352019634
-1.1506474102536088,-0.3935407172600077
-0.921739608277931,-0.5590486293803476
-0.7295822362664066,-0.40220697259908483
1.2226893744665244,0.6873205062658831
2.0264171008186738,0.8136769385275415
-0.13981277463132635,-0.023025942688554596
-0.6809588864678086,-0.6845375228498132
-0.16509455700632658,-0.1432914380240026
0.3293230159669414,0.32779521820976226
0.9987622808617879,0.47091194111619056
0.44814917219502437,0.25695292362620964
1.8503858681590635,0.9569784999758331
-0.02288984853367504,-0.12638602701483453
0.30671254182469504,0.19438688232319354
1.1082343997365858,0.46562681993264227
-0.1060348021971893,-0.004320902384182625
-0.6640366358037705,-0.33733849052757536
0.5605929955671762,0.21993313853791585
0.8386744855598491,0.49680184908718833
-0.903974319911024,-0.44516273418333596
-0.9619197806306152,-0.35245621262141724
-1.118162460128445,-0.676360429250261
0.8050674291227341,0.4147950833839211
-0.3845349629715836,-0.1625730765277563
0.7173420397828447,0.2770841095402849
-0.5424451960752517,-0.30417931953049065
0.5805370484239805,0.2766459258840969
0.4268805186151487,0.3422243614423982
-0.6209018693408704,-0.35343959569281325
-1.8022472633720539,-0.8020860832867749
-2.6113708387609886,-1.306920842043631
-1.2844252505817453,-0.8284425334284802
1.6962102599533144,0.7677724645542012
0.8811159103200763,0.4657321225077988
1.841552118875026,0.7987109855091514
0.06718641057916086,-0.1314400042154905
-1.4313208969960678,-0.8826753242474508
-1.6911611231405201,-0.8876052744108807
1.1007900835940345,0.5444788847193341
1.9342041542030701,0.9351095855028219
-0.04943116767713707,-0.02497970290725263
-1.6621050693513757,-0.918672996492235
-0.7260455132579373,-0.34209334591691487
-1.2268843448653075,-0.7700188180269704
0.4686614756518459,0.42931369567956235
0.1740490923535977,0.15833465021317683
-0.62922406203449,-0.24380081378547575
-0.9553415080253382,-0.4208727121583169
-0.08273480974400133,0.047134343350829555
-0.15078829496852353,-0.08589830408926671
-1.4526667486197569,-0.8592211287949595
-2.135530857178951,-1.1413996121496774
-0.27917611381870766,-0.19635210109493872
-1.4387376083532004,-0.7755077553429028
-2.3476538018331725,-1.1685159292989429
0.01808959050633896,0.19214531578298147
-0.8086588942692042,-0.3378930621454167
1.3444124177147139,0.6885966291145743
-0.3518314048401564,-0.2331511794054496
-1.308282807151826,-0.6219228962608939
-1.0151296498866313,-0.5721444180147508
-1.1069196891151303,-0.5037138709439772
-0.7188552795130159,-0.28007568326994503
-0.5333851414442212,-0.2283773686521925
0.12217104974378562,0.17640466217032993
1.2917477760316516,0.6635390792254489
3.174645485849699,1.6280311401829513
0.7148323035599624,0.5424028647476327
1.1413437829308737,0.7275387859115188
-0.27736652176128207,-0.06321783900384731
-2.1467996918237806,-0.8516317185538367
-0.8189962855030898,-0.44195529474140194
0.3166126313275477,-0.05567605669667841
-1.83438932151321,-0.7092870615306971
-1.0170971657498302,-0.4966400312367951
-2.791638091497579,-1.251525845806176
-0.04841340933944094,-0.19578781189638914
0.0669752951594551,-0.14123346786313007
-1.6284957319215105,-0.6988116398776262
-1.6297153354753462,-0.8940742797869632
-1.4622221490887453,-0.7255172696959533
0.907099850436169,0.40706883499019947
-0.6968563645860564,-0.21111280380805258
0.32543149555936374,0.2184685339043875
0.509206180899202,0.3002318375657776
1.3442343169055022,0.667851307016594
1.5213623220533616,0.7887897503202945
0.27899202749947155,0.07597823186611534
3.2464525094960743,1.6539281183476022
1.1315118355418678,0.5418942109434214
-0.22565009429610416,-0.08691191008614019
0.738716411095711,0.3646044846148973
1.3005600946673788,0.8190253251952606
2.432047093407675,1.212055487069455
-0.6015139442722879,-0.31887388933071803
0.20716135783715944,0.3854782724827286
-1.2441190824071728,-0.6747597763989597
-1.114503078488847,-0.6715295224979125
-0.9625563714321579,-0.4170874183424866
0.09078551532265833,0.07833357769893441
-0.3278522282994665,-0.18731739426148947
-1.762383471155828,-0.8637651454077456
0.36892355818906086,-0.006658916734556736
1.4401510740633479,0.7603451160011594
1.946008796402975,0.956972108360938
0.5613428765173009,0.15668167456932452
0.02137335067251267,0.16837132277054462
1.0502596108198934,0.3382488132172193
-0.35723392324412884,0.030554167765331708
0.9543986896403205,0.5650525556655088
0.46623381935474695,0.3416043962936638
-0.01559236515837148,-0.02617468616172713
-0.009203643613435992,-0.19988024350061387
0.2236334474078853,0.08273037983191978
-0.8140955236896569,-0.24583708394594286
-1.7794935777883567,-0.8878872606604203
-1.0493811534364388,-0.6484491796265243
0.15234667509428446,0.09349354999660836
0.08820657895283593,0.060509276213866876
-0.3457582138861246,-0.33566274725882395
0.6538565263529295,0.4717744280749667
1.712750865206263,0.8084247171813613
0.7960996361923744,0.2183165795150821
0.980080639255925,0.6021305626031217
1.0519372428152742,0.49351732540046045
0.5650458807409908,0.23295230572286585
1.263348530287379,0.6348595363391837
0.3604363267789115,0.09314735446104537
1.561713911080991,0.6488980664267058
1.0932373874134391,0.4418359842034821
0.5483212635524026,0.3010395913896499
-1.3087472812175616,-0.6210022724786327
0.9872984678837373,0.6350913106661076
-0.30028013630495,-0.27702779146571277
0.9892523688991272,0.6570342698223787
-1.340902101785965,-0.5368765027881753
-0.42390854066232014,-0.28009117411792067
0.5275750830986098,0.46571051959884147
-0.7939753002058101,-0.14383787473033777
-1.7433923104310871,-1.0012843880984714
0.39843161348805367,0.19952132115963628
0.10108002000063082,0.0384083332792954
-0.09504589190940214,-0.300894628936434
-1.0173827339797905,-0.5725430701863299
-1.2570820916506147,-0.5435859074747348
0.5356912365051287,0.2589374719661648
2.2877972563201574,1.1611410352674225
2.874262161142042,1.5795655218982583
0.44245634719781485,0.1717096529921617
0.141828844873437,0.14196485182750662
1.365421512326875,0.81007435007369
1.7116461517011776,0.7723070418837534
0.12412835806940048,0.025918162292100685
0.4483801178832378,-0.06776689111645759
-1.32750792160567,-0.5957546290652146
-0.1090203733198134,-0.08997654101022734
0.49275015960486845,0.24172145974392278
2.102507232744256,1.1040977176196143
1.0875202033581688,0.4288458911290681
2.323681070066783,1.1430484345079135
-0.2800193753819048,-0.013741923518851673
-0.8975456254214833,-0.42271228000718286
-2.5196983848627443,-1.2005718738438291
-0.11191752892213336,-0.27705991060383134
0.08940145737843154,0.13120120903651056
0.5276666549071781,0.2674878707222297
0.035921210774366774,0.10801642764320649
-0.13820278939794478,-0.16263366301228088
1.3436825272051285,0.6238299836861229
1.0635462132938192,0.6946795949225215
0.5123412946627512,0.24329455201832176
-0.3073515396793097,-0.39274108861582807
-0.6383364956472353,-0.31591023623970693
0.39647035363852134,0.07297801719258382
-0.46551842959460243,-0.3167028569371188
2.3819450904175214,1.1527993913926107
1.1260728979991381,0.5134187414051015
2.1301333772680806,1.0633713962599218
1.834334659942181,0.7933080982171554
-0.033717696728276736,-0.13053900752977998
0.26537941945130766,0.06255685171294403
-0.37006931043293106,-0.2793270662262838
-0.7570149905968172,-0.31230580226387417
-1.7391757302868307,-0.6319946398908693
-1.8120522319380172,-0.7079638006596263
-0.6482727606772182,-0.044410264501710484
-0.15494987294066132,0.05074407969614636
0.8720469612157773,0.4818325587415507
1.5027173997305368,0.6392770182304837
-0.23537651439585439,-0.26575233420686106
0.7954244721719194,0.34297373630809436
0.7210870931363609,0.3551315672289547
-0.519784185473237,-0.36501914025340676
0.38862521520833726,0.3481507636279918
1.181973050914495,0.58003164387994
0.3535661055131314,0.1412682621168902
0.41460235983104615,0.19080877645877684
-0.7716400103981654,-0.1700502342402019
-0.7374311995604528,-0.348926702605125
-1.1938815749432248,-0.5158690416555278
-0.6737964998739894,-0.2427875136608275
-0.9115314840128974,-0.3914002129213429
-0.3562133108725102,-0.19403434608631687
-0.2108116213475073,-0.11750186656507632
1.136781941710424,0.5336979726004187
0.11114811375852829,-0.03724891919625982
-0.9112488279538714,-0.5088951753487589
-0.6496814950275236,-0.21541052322197418
0.8270524715554599,0.6797117252690625
-0.16175903017775045,-0.20858065130957082
-0.932192040385088,-0.42648463913520673
-0.5186767030353728,-0.36224079292270384
0.9258912800267578,0.4804533853122296
1.0063977323874098,0.6396183701177605
1.6186818759839596,0.7539559388941195
1.539760214978985,0.6967013358000735
0.22325458064144293,0.09552859901467772
0.4851026903380798,0.2740427879486854
0.967362582723855,0.5652109262761091
0.29339871132118966,0.19427695233313635
1.073624619555618,0.5697503175510754
0.3288342402539912,0.20425061350987683
0.15737732298687687,0.16340185564584414
1.8428886958445196,1.017193886703358
2.53723884536233,1.424604972450707
1.8958132908488645,0.9597551310352321
1.3200509038322676,0.6164202543442646
2.8617592964795096,1.3743695117435848
0.4189527604127287,0.31407091652501107
1.0303562778258697,0.6536504988876987
-0.1362525855219765,-0.04267029802944779
-1.0521210438676107,-0.3704718946611002
-0.8032694228860112,-0.4957179174155353
1.6304788969208996,0.8323985914193842
-0.24651706716543687,-0.10066662384336966
0.34315363325902287,0.21267740942120475
1.7245393638987196,0.9533823684447895
-0.56979858272906,-0.41007728367811913
-0.02319896127896859,-0.17486534168929493
0.6169365376433859,0.11373198350362723
0.1951179564990491,0.1998762012367598
-0.4544956821537899,-0.1552704773524487
-0.03348798073922765,0.03961022068842747
0.9383243184219049,0.3768582883578201
-1.1229393403357018,-0.6591612472261964
-0.0583516642930757,0.0850928441021063
-0.7917477965885301,-0.2940998712641223
0.8083911800275589,0.5357198941449666
-0.8903758368363894,-0.578898230952428
-1.4197671384551884,-0.6062724551998323
-1.3899459197974386,-0.5773061471495365
-1.3976120081381467,-0.7082181556637184
-0.08462375878370387,-0.3249152845241723
0.192739964166845,0.18618933947521432
1.8188396551899457,0.9853122275855226
0.648315901287283,0.4497270004654967
-0.7038858541858567,-0.25494648658649766
-1.2746303548880427,-0.6031890512087864
-0.6115686784955939,-0.10268865418449377
-2.281093297689629,-1.2257682528687703
-0.34362076240688627,-0.23586132250755126
0.8710848608038063,0.4185969757339716
0.0539383740865258,-0.03814203838628298
0.5780602428469345,0.1473063712953655
0.06812352626135343,-0.03176519409268545
-1.0184407678925311,-0.5413422803276889
-0.6250711798610838,-0.16862840350348754
-1.1770949371762442,-0.6334569775598609
0.5104480585215574,0.21617431439731932
-0.04152383903324203,0.13600338918989702
0.2655321306033828,0.14635222550682322
-1.0119645939009252,-0.3986926982034395
-0.8477067117920445,-0.48158512725859093
0.3781274296632971,0.38375465064162245
1.3337248523272345,0.8710709072049186
0.4990165330720977,0.10571609068695709
0.8547370314487721,0.46691314096296715
0.03336919358312024,0.10416593326410388
1.0106503852780702,0.4010767370654655
-0.2016305854942111,0.018852718725448095
-0.9170536108585151,-0.12513122926890496
-1.3379183986118948,-0.8254084699357632
-1.9721688636348547,-0.9791179247269425
1.2442061894523526,0.7723034793100735
1.0000333676200366,0.7482221943625063
2.4869468632161236,1.0914643301980271
2.314758620471335,1.1649106158035376
-0.14322692130045622,-0.16643358717176782
-0.6672371399446563,-0.12963300454330764
0.3212890869201353,0.38956248034617735
0.5721747260005157,0.21666414607501427
0.16850689589510176,0.006565963661527979
0.3079076218809007,0.29649286833349386
0.24609228454402207,0.08137753194891739
-0.4209828690296351,-0.3047836190453818
-0.507135392768971,-0.1454742802562946
-0.5428128643731281,-0.21830914056482273
0.7526342002486621,0.4027590002410916
1.1084218811039546,0.33744526866124347
3.629665876109721,1.6067036163163742
0.7382943149415133,0.41277290285543206
0.5128378971890581,0.17881239469973914
-1.5390959600395018,-0.8882458066512083
-1.9800664227122455,-0.8371615916236714
-0.9143297730990935,-0.5938307057633249
-0.4705618041624918,-0.3326420390330829
-0.34529834680983107,-0.16016389058819508
-0.5364746606535271,-0.48830719100611364
-1.0251070709469814,-0.21632353421571665
-0.22594395568743453,-0.2591891966596016
-0.9331153182293193,-0.48736689334640165
-0.9500008997360498,-0.5608439467310938
-1.7208262761532345,-0.6573997385013547
-1.180973434791437,-0.6898172823071718
0.30495460002667707,0.050503972304409284
-1.881466252997498,-1.0746639879325877
0.8026578347898208,0.48970763710039034
0.7868339554676766,0.3081266191836501
-0.1902640797493122,-0.11835974814235861
1.339526374707772,0.7330215070005712
1.5581221867130837,0.6350942774163825
0.25417098116176023,0.10273156456788274
2.0728422172779464,1.037708000481173
2.356428133182268,1.0162645973656523
1.501829123216599,0.7452379782687474
0.9032178654166586,0.24123733043441803
0.9043246517709667,0.38267601747986263
-0.3115594143055478,-0.066813400653609
-0.23788301676161283,-0.019694224152057918
-0.3149394782798639,-0.06155028917927875
-0.6367806840004574,-0.252054927696589
-0.35887352683687773,-0.16884339772709248
0.8867708005857335,0.41358935149632414
1.641602703533548,0.7785314627328346
0.5695006177875082,0.3831656415038494
1.4377570376104414,0.7124993501545593
-0.013503125168957908,0.06889405063376106
1.8137990736501597,0.8783949596693916
1.212643092469841,0.542385445489852
-0.6137551017333058,-0.4211138698014002
-1.8972831701671065,-0.8939929310445265
-0.3396767521424524,0.02762331953056163
0.5566635507526014,0.315774634902909
-0.9394651478952164,-0.37657880147739065
0.06585471862464098,0.020146184102941413
-0.2645882770598496,-0.15715597727677488
-0.45067775707542523,-0.22016352700637193
-0.9693259529632529,-0.2867688259539861
-0.3983877897388113,-0.34339350318338147
0.5002748417587553,0.29884030571323494
1.776089875370375,0.8848484648711291
0.41093587090965056,0.22577313015702924
-0.47711222512006185,-0.11490943367768126
-0.2803426065713765,-0.2853800322814957
0.616076321427154,0.24781830347371453
-2.1172707735914225,-1.1173750701776923
-0.8795101782912377,-0.536480338744058
-0.10765593957783814,0.046096277719504045
1.712649782950769,0.7844660093995297
-0.23835982491122754,-0.05050314497301424
1.414813678780431,0.6760244797342562
2.3367476736737482,1.1440352540676022
1.3972300952642076,0.714796830938843
0.4798838286747322,0.3438814090467428
0.43341724393921965,0.2768832169739773
-2.390888051314787,-0.9968089513938095
-0.8975840458745731,-0.45291126212252625
-2.3470345853411048,-1.2395321898541407
-2.0974295564949186,-0.8712386097550932
-0.6443450793340327,-0.5369132323673518
-2.4910178588136755,-1.1091650316615498
-1.0455719261802172,-0.5331959276911307
-1.3001018746856032,-0.5993716943716914
-0.06617061986120332,-0.16692642839700425
0.5673053257005861,0.30739253117102655
0.08401449982728465,-0.044946420170961704
-1.0665277168634364,-0.441181126610509
-0.12326598833880126,-0.08975096591263401
0.01185213905054075,-0.06212982261167842
-0.17685316270750534,0.10682892831682406
0.1090023421180437,0.02889540814088137
-0.3518018672696346,-0.11819944513892526
-0.5740779206245442,-0.2586154006825959
-0.9110544780705028,-0.4050751366281634
-1.441748833946431,-0.7676677104066143
-2.017777314750312,-1.0535035793451817
-0.6499051151012515,-0.1889443553658439
-1.394442946341131,-0.607724303687522
-1.4391674415975588,-0.7035230918438207
-2.5760199693951087,-1.192904623577839
-0.5258283124286074,-0.3213191803192918
0.3587926810484078,0.2164137829809659
-0.20576201692306287,-0.18489557423912634
-1.1313205643856565,-0.5819430018390452
2.8133093605862127,1.393202864952003
1.033744229956787,0.46244880128459076
0.2826810125020109,0.28589136920768865
-0.7670926824517601,-0.3826480401658715
0.24638116106417035,0.19952984685489294
-1.004744020719473,-0.6097238088249197
0.3705699242024859,0.14392018192423667
-0.18640116472016843,0.05101331695417441
-1.440550042995259,-0.7061568951103595
-0.1571612615651865,-0.22434611124426204
-0.3283941259193511,-0.2513407117418877
0.986485331485148,0.5403574217911213
1.76052852027082,0.7954016154917617
0.28989803164209876,0.14025527986008027
-1.4088952977786424,-0.6436145579841445
0.983626413392948,0.47205088501271975
-0.6396863394612713,-0.17651850083385123
0.6916916321813695,0.4389265694790191
1.906232234670198,0.9715844927720666
2.2976802700673207,1.071474794248502
1.1962363625716221,0.5909844029982526
1.2620852306975978,0.6176819043851469
1.9641814849109063,0.8210832395075404
-0.2962520575004475,-0.43290429526323454
-1.523537813840388,-0.7842073334263409
-2.387607502668259,-1.218562427293537
0.002982055325652322,-0.07872018764938893
-0.7743973580241992,-0.529630311770159
-0.8662344925299905,-0.5353068832311035
-0.6379195721661106,-0.3097439146844376
0.12642040052266867,0.10297650541946299
1.8793209146421959,0.9188224194499447
2.066709871317226,0.9596446335933635
0.5564040781486125,0.2801192202860441
-0.4833760304242759,-0.29576379136525766
-0.9048177065453598,-0.5236324172477685
0.2551296242586589,0.17684888865865084
0.08710941771940837,-0.04312485508031983
-0.06735812066181364,-0.1466851417894231
-1.2479643514507957,-0.6181579667947414
-1.8838912842070266,-1.011676509294494
-1.0842548906003693,-0.5525252808268619
0.8165218808633845,0.4257363654991118
0.8134527538066513,0.3778917826320781
-0.2644449642681591,-0.14032870409210782
0.6581296633748657,0.2529159556400756
0.29219883158602294,0.3228285937555183
-1.1539164152048011,-0.48037442744684766
-0.9541383530241233,-0.36972427033985267
-1.4508630851278488,-0.753687204151471
-1.0669297379853968,-0.5035999071495958
-2.5087511221632965,-1.3058798329183516
-0.8645492028680769,-0.5696672238843363
0.7646930651061662,0.5339732303979902
1.7234744710075873,0.7647932297295537
-1.1678610161567995,-0.6236558567073538
-0.014306611036584926,-0.1339971807469237
0.036868128532700675,0.01055631078942586
1.0749090318455505,0.48293512454529897
0.24267418370182114,0.021125618727721784
0.6761315513340673,0.39381254733575277
1.0095123859282424,0.6395256750138751
-0.2994862228119307,-0.21173934739931846
-0.17079681956588494,-0.18461540857517558
-0.0221262987413908,0.1364693805533045
-0.26504691065864694,-0.19018861062868775
-2.5910210160088902,-1.2720455442731542
-2.9607951454596813,-1.4072841077891136
-1.8128626993798538,-0.9056245363464476
-1.4372743797771244,-0.6809428543433844
-1.7111337229642345,-0.7659410144442569
-1.8004681257067197,-0.7851329547167666
-0.9340038402585978,-0.5554756192305929
-0.920670262337371,-0.5572838337298445
0.34670057069732474,0.11847173332456076
0.41749311094247005,0.30748181012067405
1.4073889997441804,0.7645868081315456
0.9231632124928442,0.5631676174533692
0.41467744068176215,0.09318689061759916
-1.2158709163362518,-0.48651612900678937
0.17504118727924411,0.11069501203767056
-1.9769716249903622,-1.0616742785357696
-3.059386144761513,-1.5901077689522343
-0.4403727640745575,-0.3184951997792904
-0.5065564100530872,-0.3846867238890813
0.25285679519396265,-0.18333562057588704
0.6265654927808015,0.3885119365588705
0.07999530415748984,0.010596978752386653
-1.1751722900578834,-0.5326834551807034
0.5170658875959022,0.24855617839209967
2.494076471475279,1.3492106943239337
1.2304609071515817,0.6804025183483962
1.904973129915767,0.9804221082289466
-0.07889681663310744,-0.028502830950228212
0.2770543796954059,0.21578132442314457
-0.9189552142618689,-0.4153372053193757
-1.1024764795046011,-0.6580507530465254
0.03365167763197319,-0.14349262875713792
-0.7981678547862814,-0.44923074832611587
0.6336872900672741,0.23089645105309325
-1.646654424406039,-0.7241644751781822
-1.6223546241202702,-0.7460916681189799
-0.17189342824349696,-0.09801149191913437
0.5951653072340574,0.2993484721689678
-0.7997340688045026,-0.4211859665990515
0.333682280777562,0.15545952435585486
1.1490619080904387,0.6639085303789547
-1.5966347279050328,-0.6189688942691738
-0.5018895288110675,-0.14492933493003596
-1.53214802505849,-0.8381428894597717
-1.501663111557186,-0.7989109444192727
-1.0790049937071107,-0.48464291845155877
0.8438822292628625,0.27499979057861124
-2.2974300461833597,-1.2139625043005726
-0.5466760322467386,-0.3075296522738346
0.2911238703178202,0.2533720677047584
-0.2592837733471852,-0.021731784886907926
-0.592295813526448,-0.1612496246213359
-1.8400790318017726,-1.02291515084895
-2.8553989028934144,-1.392926933171104
0.6759535766922395,0.4000777476795347
-0.597480400869868,-0.32605963235015956
-0.04692090470125665,-0.18771767856161187
-1.8020930796858965,-0.7401040791819979
-1.8108065690091664,-0.9488374959517932
-1.0011830569550815,-0.516441138527033
-2.2100634664622714,-1.0619959316925607
-2.132875834137332,-1.0960823750976676
-2.506645178821293,-1.1385469301817603
-1.4802097114468713,-0.8284931688169387
0.2888139958751226,0.013560497884994194
0.9808426102921062,0.42298943357239993
0.034426819490536276,-0.08770221189839167
1.795968092374445,0.7602473447494813
1.0927018845867338,0.7910872642710061
3.3314706171233874,1.7137150765788303
1.026929427666928,0.48691482266877567
1.0865328955592393,0.48686710384656845
0.2313161194212766,0.08095903119167777
0.5096194015322395,0.2599208313401533
-0.23358278288159734,0.11055543362939832
0.0435230151627688,-0.0651652065424422
1.353712365572604,0.7639170507343473
2.5973665111667663,1.3048147149812253
0.6011655941319753,0.39990188272032245
-0.6453413167296701,-0.3958241239797671
-0.5690286532694584,-0.24854109388037757
-0.45591225487177467,-0.27366936588143753
0.07195012350545987,-0.00044558665005925424
-2.1680873876117124,-1.1440359406870302
0.3307728109594158,0.11642386776262412
-0.3171913258126248,-0.0247609827886478
1.175739415052633,0.5396049943441201
0.554702734191594,0.2715199257413803
0.28767190791672753,0.21708203826189842
-0.20644848865746276,-0.1999653243992961
0.9798041433803696,0.3059568435550347
2.2537678305619466,1.0793915699173497
1.1109848002055804,0.5920377317534103
0.26549382950065487,0.2242730632433792
1.8066629915855275,0.7554024436261462
2.940846857988964,1.3825057822118885
-1.6790650104891935,-0.7847185968608741
0.4563475141500436,0.05547783418762081
0.7578638072259807,0.2680895570892026
0.12122620605036549,0.1374929437669219
-0.34214068878118076,-0.09586345162865212
-1.4376800674340744,-0.6782798751339328
-0.7553785735431431,-0.4710360512526058
0.7569224551868908,0.4243219240864562
-1.097899481030033,-0.6624442760742877
-0.8859465509159161,-0.5207663959901032
0.09543304863526969,-0.05917142751785452
-0.049518471046918394,-0.2253223315410377
1.2399768241775626,0.5137804007328063
0.5785383812800199,0.20528718531773255
-1.0538580857087718,-0.5158603632009878
0.13793693477801694,-0.02392089193197755
-0.16284249402641338,-0.09569962681689863
-0.2206147328671425,-0.009468670516008845
-0.3594630339304665,-0.03868909141252996
0.16369655034798786,0.1422598019963811
-1.0800733555683348,-0.7898135068233789
1.388549044566758,0.7834316112710908
0.8604218211365957,0.374538883154773
-0.9410536525698204,-0.39777086621967755
-0.2440633577581931,-0.1572549933838882
-1.4652541560951433,-0.7088839688642543
0.6931333866781199,0.36804881630173025
0.7381736463369128,0.33150746953217725
-0.44425633929320063,-0.19248550268405965
-2.3173443578045716,-1.257840391977301
-1.9068158108824975,-0.8759175120784631
0.613881921368843,0.04333229900205593
-0.2554239008529151,-0.04260578077486411
1.2426414762043292,0.6297923276411145
1.520581614685789,0.7670368222661269
-0.06023174258360142,-0.25985862330257337
0.7726704250887964,0.2086430894853808
-0.3643633922741228,-0.16736199478974434
1.1758291849654978,0.5155843856867927
2.3615419885825193,1.2602539090240388
1.3597021677657015,0.6014192872591523
1.6532794991690811,0.8488416447648974
1.5583536522834605,0.6344034680066883
-0.5671848383669917,-0.18204064046813107
-2.1476966844193788,-1.1148817350540694
-0.4045343904798604,-0.010243606876381928
1.6441963902558647,0.8034359602860236
1.1693020445646618,0.7030092012932672
0.8782703680234396,0.3347257487582932
0.8213038147687352,0.5178495954810673
1.2325615873392608,0.6679984894286105
0.4289524406519609,0.09411355674690418
1.1819977798715426,0.5567941380100306
0.4435807650868793,0.15794922079610718
1.097476634567008,0.6802102732203993
0.415215703726151,0.43432751689546745
-0.27387318403588107,-0.24400771171264793
-0.1882928056988285,-0.10850227932512072
0.5722025259242324,0.36914494177538226
-0.6316609654875676,-0.37878270238323963
-1.011129998737421,-0.486396479468015
-1.841533801290887,-0.8018125488294322
0.10975128082209895,0.14838678272756115
-0.4787943851681215,-0.15464789562980297
-0.45691239508747156,-0.24190680423958144
-0.9908666916063967,-0.49827755360613035
-2.4680611520519684,-1.080075980070664
-0.09348432817541408,0.09613396592152235
-0.3205861777030156,-0.09177139074305646
0.8320578069230689,0.26270373162034155
-1.0753826075085906,-0.6190240902745964
-1.5611445659364553,-0.8120489327833701
-0.3031171967664508,-0.15164476515575576
0.5617139240333415,0.07512062414078916
1.5919476363008442,0.8893311030091446
-0.8656275315276096,-0.5655970183080451
-0.47720478330307203,-0.4242402481855738
-1.1907984454068576,-0.5871460538329036
-0.5579802220760758,-0.2739216674852796
-3.2548594286916006,-1.7108172745868218
-1.1263039283793228,-0.4993829030619684
-0.6976748742150962,-0.6129694515159769
-0.052949664994886514,-0.2886486934177315
0.2553151722715949,0.1530440338445242
-0.29031349802773976,-0.14785496148650593
-0.8791484611001824,-0.43609865428483036
1.3289278347133315,0.9061665929219131
0.5965213803936396,0.25262751216070894
0.5787822236930366,0.5248342081607789
-0.6290487447318607,-0.37900906891350333
-2.1557996101357095,-1.1478460877212455
-0.4316589320588091,-0.32581225248636175
0.3821911880235565,0.14288398917028258
1.629073469204895,0.840541217941606
1.5630032373401699,0.8934190506697652
0.5913867891295654,0.047429149231508705
0.5070919255382287,0.16987452398299316
1.5296984397905258,0.904936917721041
-1.3412877380114923,-0.8073245795438271
1.1330114921809504,0.7622966661614257
-1.0042834506015674,-0.4928842377762892
0.13584076467520978,0.1006071564534928
-1.6565465250501161,-0.8424965500635354
-0.16324960629438423,-0.03275013578401141
1.3970602332000575,0.5347639003783626
1.730940897517163,0.9661136024190388
-0.13564144775159737,0.049804166311490775
-0.08137750114006816,-0.09766313685323386
-0.44793690341293546,-0.17200053961442263
-0.35094431764766515,-0.35461798231690467
0.11595029640194124,0.24546938879085817
1.0242579225756558,0.5195103557089703
1.7003563941816213,0.7875546309532171
-0.4894648304019755,-0.15547349565401702
-1.1533336432349925,-0.6886863240164873
-0.4174243676326034,-0.3003015351420737
-0.4824979923063133,-0.35773206239742783
-1.70926740717469,-0.8801164012379743
1.0901207268813797,0.5958651173230144
1.1034886606727112,0.6203866185423683
2.902336176003362,1.5836030867553612
0.38267124922573875,0.17897451875972725
1.4193722829110118,0.5415372614615112
0.9152422007001284,0.39784547776803125
0.09314378270337242,0.08251169383915277
2.0460039668646446,1.1288206361127076
0.7474525045989026,0.5990831449158573
-0.6942324504402393,-0.33157351462725315
-0.10358865157057623,-0.17982072181285377
-0.7067739226405761,-0.1882873789647706
-1.3700332933788024,-0.6393841203665818
-1.5749203454374148,-0.9153052277299374
-0.4836926443435333,-0.18337432975407508
-1.573531395613458,-0.9003473714845257
0.39890252417368843,0.298541630821737
0.33104131134042974,0.23644222382446423
-0.0039524772194424185,0.0079375554451472
-0.4146969993307696,-0.3359239972710183
-1.3006407451293223,-0.5487616776705149
-0.4270259890713638,-0.3451385337684125
-0.7103509802150747,-0.2615304357496379
0.11168800862463452,-0.026209145950133725
0.8292314641210432,0.40305193545990686
1.4532924726145235,0.7473284512931694
0.19097547626483768,0.33322519265555994
-0.7942001472114057,-0.246932130619089
0.5228495111241379,0.28099443998824075
2.206568111377405,1.0788731721034215
1.0776431386072403,0.5038388191645025
-0.3359736568546984,-0.20379099150058275
0.011630511037169083,-0.04096692551532015
0.5883429049860001,0.37940736007550363
2.0401608397716373,1.1000158342108604
0.5993548257942223,0.30505548088559203
-0.03906051639107738,-0.1867847504350766
-0.7239054151960777,-0.4796750408171166
-1.5409716813807794,-0.7147703466835391
-1.0473754092087086,-0.5455672096686176
-0.4180209149132361,-0.051643899432780555
-0.9114526296215733,-0.46413180551591793
-0.03855859709763626,-0.006515554122904861
-0.43422939748259903,-0.23959361653529168
1.0725152643408238,0.4246812584090857
-0.26922856725920563,-0.08854886957517977
0.07362904825777966,-0.022182043528309776
-0.07698594962910504,-0.007215125161452771
0.3235688737741031,0.0024994440064758927
0.13703815107656758,0.19160236554945148
-1.310210298616882,-0.7780531109564485
0.37573979032113625,0.25988400414083546
-1.0411910019931845,-0.5393308101204396
-0.7294139916449054,-0.40127671153456157
0.3014903172839536,0.04347885456487481
0.8302006925726152,0.4094988133260886
0.14641391856583696,0.15793898516974686
0.7284073754547126,0.16832603940587332
0.3075940151794946,0.14088569226724323
0.7265650857484166,0.4368026767180627
-0.4475785601953809,-0.35567420714013787
-1.6828381612811767,-0.9277540362475731
-2.2940906692223892,-1.1068041053582252
-0.6248459058893835,-0.5226310831465111
0.03220155226107013,0.05301447643281152
2.163909167908486,1.1153762239303258
0.12253102016935946,0.07733952868100447
0.007814763090378554,0.017371550989682016
0.024372061733114857,0.15286202879758498
-0.8637563457518632,-0.5187212679916223
-1.3820267332563037,-0.5395500734734909
-0.7595428326890995,-0.38564663068571003
0.6869024605255594,0.30741051801568076
0.1683238349396854,0.005906225948065627
1.3103468272875276,0.6879803328837307
-0.7983495350548944,-0.46676068625513634
-3.0858131470619705,-1.4507894727440804
-1.4151840613831763,-0.7756441981826453
0.7776746038590284,0.4816212498526459
0.024944021217591816,-0.11260217200156578
-0.5093893324581106,-0.26273468118533605
-0.061556174626084814,-0.05363164299569294
2.2159912623265283,1.2216065669667102
-0.3394504356755914,-0.12440376267078479
-1.412756257790303,-0.5812977968169948
1.3136933474060224,0.550285630348616
0.7848906385681748,0.3847259824882465
0.4668925622997677,0.3210445002131708
0.198527556307359,0.11774771939937122
-0.5669888744434961,-0.31500714546275493
0.3539771684710663,0.2521691708586451
0.3168019189992225,0.08609351605803438
1.1978475244631546,0.6015479451442853
-0.23496432066087025,-0.16208117501414224
0.5759917442467649,0.29994767291199154
-0.1599620943510161,0.013733731713417907
0.6140408320138343,0.381636682416612
1.499927896039663,0.7475175962538158
0.9918060172112544,0.5714817679381785
1.0653235002219001,0.4611225613810577
0.25196309713187964,0.2397148058657791
0.8112676362598383,0.40596571228236006
1.0626473856740284,0.6772050015492951
-0.12666068121659457,-0.1118378938674302
0.8833918397720014,0.5196944307783369
1.2793537166878954,0.7280174859472257
-0.23258669393481335,-0.0031117803315359183
-0.6529680051060314,-0.3224523965086854
-0.9039462497484463,-0.5969687883055841
-0.4106285176034522,-0.16616363749300989
0.06121165348109342,0.1291842333051285
-0.7458982197331301,-0.29383577939415495
-0.38088051878382573,-0.12426054010089864
-0.29959013817204017,-0.16223374176934938
-0.10584010362388538,-0.21882661702518968
1.581100197574842,0.9780600371680113
2.4401847894082485,1.0285165626519697
0.4577701841981081,0.18558565887870315
3.4433646241679785,1.8775333881888423
-1.447548887428841,-0.8381396278109051
-1.4270620774773919,-0.6718067083112508
0.028541510843105855,-0.06999073380045889
-0.2591396724350011,-0.03478027871023917
0.5810484791655165,0.37133325382925475
-0.3047316586087861,-0.2523257392744918
-1.378765458373035,-0.6990378049063518
-0.05116134459759247,-0.0019462643674280772
0.6776263494117148,0.2767352749506582
-0.43971461905203746,-0.2885104489388419
-0.587591520628808,-0.30663266335193473
-0.7368173901767431,-0.31775747688348405
1.0600811695334882,0.6836865632880115
0.1176341420245553,0.05520031908295035
-1.6524867455438599,-0.7826098784849452
-1.0160964504895988,-0.5184652870695025
1.277117145189264,0.7373545987031687
1.5635059128983426,0.8651577675899462
1.0965864465088153,0.4645255393030901
2.1623441079880017,1.1231007476326365
-0.5426134286116858,-0.004298517220896747
2.821069410141413,1.3859885530744385
0.4423892463037008,0.26037948757120327
-1.1958565077082084,-0.6204514994712665
-0.6278043867831136,-0.3418975437727263
-0.3602445111552478,-0.22208637151332847
1.5936439568822076,0.7588185076188142
3.0100564042117313,1.5855105006446786
-0.26321667637653456,-0.34040499220384124
-0.8366480595569667,-0.3757466893690946
-1.2171035897849682,-0.6575184570009411
0.36338621652084035,0.3684864488080438
0.5775526792592582,0.22584698868774034
0.6167458156758495,0.28442985483726796
-1.0375262934749774,-0.4313591631653464
-1.1714557900369418,-0.6295187709920655
0.1508556799320493,0.2670766583021504
-0.39917943674416145,-0.35492242264386764
-1.4697013708589854,-0.6604351621916436
-1.2966840226737282,-0.646833263304272
-2.276593774591179,-1.0987564281265514
-0.6467601785284793,-0.3557383624320337
-2.610132527055864,-1.241030911736856
-0.4940828465150442,-0.18378781325167565
-1.1691828701154416,-0.7549564833004965
0.741131225998563,0.3874765617610727
0.8429274879558364,0.4825088688804855
-0.33400790093354993,-0.1317547349190944
-2.511428738472037,-1.278049352310268
-0.5133992753895135,-0.17700488564991668
0.15407826176718437,0.1078593724846066
0.7589312546909388,0.35887387789662484
0.5019902404839126,0.24488903622449107
0.027833670513852993,0.19464594320266557
0.7693581666261539,0.30890032193937217
1.0381020487537207,0.5569489684696856
-1.0446794986504053,-0.44081979241837266
-0.06728566482959147,0.08308028535153773
-0.27353285149710255,-0.0992172600593986
0.3763775255664966,0.11545389225269774
0.8483649018722295,0.434492359725966
0.8143753292338383,0.5364800011486526
-0.5592818128421759,-0.27134578354879524
0.9094946300006603,0.38445808764920825
1.7296155847843957,0.8547797961291552
0.4995552378839565,0.17054981042455208
-0.28792627960387407,-0.17730109577384093
-0.4099020879940007,-0.13584741157664673
-0.439901101445077,-0.2902179003059032
1.0845181447852876,0.6263814685521877
2.3297155571885293,1.1195020452915234
1.2643021031061878,0.6466191147344196
0.8017551876615143,0.3216708889200308
0.34907528588634096,0.44643296388676273
1.3656508109169438,0.5808496523886266
1.6306691562103544,0.8270405662266049
-1.033550127087736,-0.4983693968161124
0.5404143463838319,0.28959325858786655
2.3383132115426566,1.1602185196747354
0.9736845164504597,0.4508116949714188
0.4698367586581763,0.4460119909568376
0.321444629469456,0.11075322376843919
1.8483997493607607,0.8165023803471558
1.253740310774642,0.6707181353097222
0.525650850607278,0.2935089966348417
1.0455163470457731,0.8056219099132367
1.0494522195994316,0.6076796715989987
0.37488297520243763,0.21412830520280027
-1.0935090435836476,-0.46635804871870534
-1.9095518214125904,-0.8419868062612834
-1.092367708224403,-0.3995153700596469
0.006403835774207112,0.13988597378261589
-0.39258317202159354,-0.2695733247338705
-1.2657383596468788,-0.6890150421683415
0.451661851302663,0.10801487982359669
1.6131707857402589,0.8663492411517784
1.3725621700059938,0.6810563942007837
-0.22662093293641394,0.0066487765471255345
-1.0212755750751183,-0.5944397014880569
-0.21195166456878572,-0.20003194095355076
-0.35116272533778814,-0.2176156332440429
-0.1821084019524608,0.015430228780179911
0.31681686112822727,0.07803955891365146
0.8695376567771159,0.32158817506537635
2.6508393215004293,1.2269343247827202
1.3243082307979903,0.5931069852585538
-0.7533974144377793,-0.36195711923299684
-2.493798507482362,-1.3096977463465607
0.4444556277746462,0.1919634260237605
0.8693802140657854,0.48713395710880275
0.9461464810014459,0.47497236475113846
1.3525261304000513,0.5361088121087676
0.7164251829779873,0.59877606079768
-0.3009660951905445,-0.14365853055700792
-0.6682725106032822,-0.3927408397833095
-0.924112413493732,-0.41198962051419463
0.10283365488299623,0.02607017025320461
0.06994143898633547,-0.07520627699088
-0.044480476943211285,0.09986381755690932
1.6307449529414777,0.7129452967823603
2.450658681815416,1.130555909032347
0.0948495763905649,0.00584889605677652
0.3349985989027425,0.1196650844162015
0.7152787458109993,0.285645148782516
1.4540611741839444,0.6290259624721641
2.244719383930936,1.1108584493400786
2.1503915353687875,0.9740412056693961
0.7094473455444302,0.42165249113038666
1.0981468845237685,0.5264095383420943
1.6825561506970992,0.6637864222775469
-1.391480223769832,-0.8812134112348742
-0.3357549000437595,-0.20121942628034972
-1.3532239156292185,-0.6292216694051541
-0.45579819547651423,-0.1342814783183966
-0.5648312337815806,-0.3122173226514707
-0.4183284851385678,-0.20626685447137386
0.40061135562320405,0.2757594276988812
1.1459499730670661,0.5058659958428273
0.003013191607952548,-0.09379214509088143
1.1176520657988982,0.4692808062281639
-0.746424152414418,-0.25573004417307776
0.8741957253065009,0.2789584626233784
-0.971419721025198,-0.5021709492457732
-2.485034151279007,-1.3094372168005644
