0.8760889027564435,0.4517814232887954
0.28072814455618134,0.32101385356557466
-0.24784883410189046,-0.16943586102422453
1.0012686847996657,0.4433802297251982
-0.2907933685063636,-0.13600242286435085
1.0580051915921427,0.38156969448500766
0.02046674861013975,0.04149268417994627
2.0826125885693316,1.1947253848641288
-0.3196417446158618,-0.1693806101595567
-0.77348012479495,-0.30968908078945834
-1.3129889143662847,-0.6004684634147509
0.72673623560813,0.3175863131911581
0.9315938062139872,0.5426798661867324
-0.1437940086612639,-0.08331691293383817
1.3693384299040603,0.7595297582144847
0.14261676034605775,0.20025681718680557
-1.049304467181427,-0.47114711588220193
-0.7108319578675657,-0.40721142015594514
0.19894172094277762,-0.013875870154589298
1.1035537904105535,0.5294634757720277
1.2519513353217049,0.6041309663532528
1.8096945142816585,1.0367125085155218
2.572713198191979,1.204695307789457
0.370475914803059,0.15300429771742974
1.6889843178980168,0.7854755970941948
2.633671815551333,1.260389886267692
-0.33905602580609384,-0.3105902446866115
-0.2520972184782478,-0.26397736456470944
0.9780521282552086,0.6639694275058919
-0.23297982248879878,-0.3233144919468658
0.757115262119886,0.4263058956377213
-0.8959448184733328,-0.5610950240642246
-0.380113630472961,-0.2231356363820774
-0.1646256365071354,-0.05952316217739162
1.2154231085532619,0.5920500764640825
1.6351312405755478,0.7114898326969546
0.8600267408082883,0.4688663465465528
1.1981089441555302,0.5573489918372382
-0.07974244881477999,0.014863455202317057
-0.5502860684992462,-0.2513677228657915
-1.6545550533693532,-0.9349914588900878
-0.03348441786390022,-0.1576162678396233
0.3985510127818728,0.2632704589064727
0.746887882697485,0.3830783944940721
1.3633802483101527,0.7673984073113322
0.8795090115912237,0.45282534714155387
0.5394453109441069,0.15830578404611104
-0.5354817181305181,-0.22252680753384826
-0.762150798416346,-0.33485243835374623
-2.0386473366793165,-1.1557537480100566
-1.7628728469105794,-0.875219156296578
-1.5432169833879277,-0.7171660577619133
0.2222588484773501,-0.005613123964635036
0.2520923353162768,0.029402298570244817
2.077837036018082,1.1933710617770474
0.30139171687802785,0.11813403274160492
-0.45039065254524724,-0.3366829731361296
-0.7838787432012857,-0.4093576494711212
-0.9702579990211492,-0.5491998480916446
-0.8240837270609689,-0.6012698259257605
-1.0759363350283235,-0.44366102586155026
-1.416736021511481,-0.7635864209863995
0.03038047649508724,0.14094596883193977
-0.7899382618295258,-0.5183104568522632
-1.2483985604737167,-0.6473254582667308
-0.3333798416415072,-0.1914486445958063
-0.6158878549696714,-0.3290140733352419
-1.5405999068696363,-0.8384899043286631
-0.540201311349344,-0.06045280245589424
-0.8169422708717851,-0.4382228327411899
-0.6269197474012367,-0.38028246527354564
-0.1177654368640656,-0.0766823407618708
1.3270281159348372,0.48159665153892395
1.0295119092811764,0.8028034077590294
0.6297225876358464,0.4218308183229792
0.6517850917756903,0.3354548846806863
0.5277944382409621,0.05235060270111733
-1.3658344650112717,-0.5862195611251327
-0.8337357597258382,-0.3820685395099142
-0.3849135995603561,-0.1314919984178283
1.6422531511240943,0.7856968645372383
1.293327212513946,0.4897027671616715
0.749121489855486,0.4716719001845723
2.8111068386206246,1.3439477361785879
1.0680734174847515,0.5529113086851342
-0.8741417081080658,-0.5020806467791957
0.566063421794258,0.37041284925810725
-0.6056508773233323,-0.19823761031996448
-0.422475999895208,-0.16469687460690408
0.17862783875371008,0.2242055969766657
-0.6937649461345836,-0.2980880149940025
-0.7762481630132674,-0.47056855072269854
0.3525847597695822,0.06486970560198035
1.8360730848936848,0.7418450922930016
0.11268788604184699,0.06299502148715766
0.6852636415016662,0.3413123712799973
1.498853996978259,0.7942809692130658
2.266181526489538,1.0812861076464049
0.7546615170703872,0.4081515590838433
0.007002016019436286,-0.10499243380991796
-2.1127022260285413,-0.983214594555951
-2.0697952527600387,-1.1686174065669621
-0.5892838264041642,-0.21366191950911084
1.0583254583279507,0.7553765065813599
0.3621243645331067,0.16267340784843098
-0.5511756954028911,-0.20866787632681272
-0.3450809371228897,-0.25021071745158646
-0.2560757442802201,-0.003757197202971213
-0.40100914626275824,-0.21390737839117063
-0.5518484079688677,-0.43561737945257784
-0.13994884708203237,0.04127535159352641
0.16617345910130218,0.11062194895835803
0.27253541180953095,0.08624205118352408
-0.25857417435251784,0.0492338021072144
-0.7537377458449854,-0.2703557718327706
1.9631568889388753,0.9936272154799409
1.0540730035056765,0.6574352346640928
0.08208276385007812,0.15306068054686667
-0.38005529752158446,-0.14350244656293704
-1.01890014065705,-0.365660040123606
-1.2248783214269392,-0.5485378667637059
0.3140792195936304,0.23422336232730623
0.6166066706602435,0.3730827003545449
-1.1235433282411156,-0.5485436689093562
-0.5813767467578105,-0.3605888386519228
0.7904169126457752,0.3479143452606999
0.43843764451178696,0.20915001770610525
0.16715654116399564,0.04453830862040667
0.381214937057323,0.16948217660748874
2.0681021098763837,0.8723909917949689
-0.3328710318791558,-0.2787783662097511
0.7652928811186535,0.40535143357533654
0.5340186903586376,0.2185021550886302
3.0036103794207567,1.3955282315095012
2.2621485086324316,1.1224215138301106
-0.7941051326243859,-0.4102082094607932
-1.2629316083454216,-0.5484851294586477
0.16974570052690052,-0.035587163738658056
-1.7651429507661036,-1.0813415099440071
-0.28212266468359154,-0.0639804918993516
-0.19035766457595382,-0.2638595174144371
-1.8706271546609645,-0.8550369917971841
-0.5493383040992604,-0.2941510733888031
-0.36192779329056396,-0.10265002489062831
-0.9079755486743207,-0.3559932538323617
-1.0811128893414579,-0.5196050620272145
-0.7724767722350596,-0.3044527295380499
0.8925789036841352,0.411731445261939
0.39554183894693173,0.2488200644099799
-0.3029151836940529,-0.06839492326783025
-0.049940566203198145,0.06246595963041081
-0.47444864163161254,-0.3783395100153202
1.2000102945346012,0.5992009832676976
1.1695770915070225,0.6695665709173205
0.5517512332998742,0.3071289605538462
-0.13100566800194835,0.06666268016194266
-1.7475569531631683,-0.7940306190194997
-1.9237204250329012,-0.8934736302733107
-2.6331095051371975,-1.269572698439342
-1.9895429971788081,-1.0345146282908644
0.8238272283022849,0.3636655838945655
-0.414544921786993,-0.03880409020647449
-0.9508196686750308,-0.4961452567700368
-2.0479408234412584,-0.8905902902931381
-1.6735810198006043,-0.7812422776845184
-1.1212592970333448,-0.6850176422076889
-1.005041017036123,-0.4842962072709939
-1.5634368831425165,-0.9193310131358983
-1.1592166496578644,-0.5722038257967339
-1.147834482007605,-0.7095889811036348
-0.010199891816606965,0.13719576000039904
-0.8317964441906288,-0.42480675693721887
0.7796730308425609,0.33965393686541107
0.39702449011737295,0.2083594192392433
0.7945754315782392,0.3302809274115167
0.2482655111241625,0.12809795220876763
1.4745970901152412,0.674458775503731
0.7417401557574355,0.2317315430956206
0.7491129879246115,0.3144135024307952
0.32741635571851324,0.29740468379965324
-0.24782079851551647,-0.0782596666007346
0.14587515531146078,0.03151948141689938
0.7143466348726679,0.2937102736366134
1.4133040795810459,0.6319257675302743
-1.414110043522826,-0.634739673203629
-3.44918715224006,-1.7807703933182526
0.15335931545126602,-0.010574252563603032
1.0985329363269098,0.5912008011052098
0.6692746654365296,0.3297894302615968
0.7141115992663112,0.34914060718816253
0.29544508464016417,0.19995887207849616
0.08523709447344355,0.07331502067251035
-0.049022643558302145,-0.026776595153840583
-0.006931704576729907,-0.054688312201055946
0.06450722806930763,0.10540410600525399
0.448758072349646,0.2800583741022685
1.1821677529154653,0.7189952246041993
-0.23929916584655142,-0.14696358289319217
-1.2134161856964722,-0.6261953088290433
-1.8211767969720687,-0.7905111643230167
-2.5287355088245436,-1.333463535080449
0.2731907374167347,0.13340817457702692
-0.7773113608264884,-0.4917664804002627
-0.7621641841658894,-0.31206655058620164
-0.24939480496283659,-0.012392001868346589
-0.5728490051217907,-0.16208554859242574
0.5808407748977339,0.18539709938335908
0.9182760940688481,0.6087751824432431
1.4145291536402067,0.6244169964251259
0.5357678180797687,0.2802864998789949
3.4117956322490817,1.6838397081294105
0.9944264460766592,0.4165012896514329
0.7745561860654726,0.4099438180204601
1.2619635948400016,0.6882577922864098
0.5729021989157579,0.46845737367738194
0.017312242915378473,0.1311208435973602
0.901336520417468,0.477357629579767
-0.7214129202776564,-0.35884334214378605
-1.2226063702194918,-0.8621080010779518
-2.162787872273094,-1.0016089342882486
-1.5871865939515923,-0.8925131281722346
-2.046629783737317,-1.1961732750126393
0.4563989569054542,0.3099675507960137
-0.11307950919212528,-0.17851663050634559
-0.43808485561157573,-0.26897741615285525
-0.15092075435399216,-0.10381088706130943
-1.93062039563003,-0.8885050857477541
-2.4614045295540734,-1.2925528251419047
-1.4377233339574589,-0.6711862061307101
-0.32383113521663637,-0.23992698028688075
0.24647792322708964,0.11276707394416904
0.660910185737276,0.45160582195494425
2.134301162422152,1.1297675618341465
2.7049478450750586,1.2760856721594707
2.0428634188647754,0.9579291476112755
2.2442992942242075,1.0851095832396767
-0.38514246476674596,-0.1812931299764165
-1.2462819480389453,-0.6641600687906233
-0.9207281018259679,-0.5147009361548734
-1.9362722608378027,-1.0603180438941608
-0.9782561906092476,-0.48227564040053567
-1.1157806111980408,-0.6689677201900248
-2.3968870995364204,-1.2558590646091077
-0.18783906515833482,-0.07680936503787728
0.5846172656160775,0.2738295847829238
0.5181141854333389,0.2141235906631877
1.3628288631615963,0.7907397319265999
0.7801882410541993,0.4221263933395264
1.4581255765125385,0.6278012916085267
0.18866103237216708,0.09235102593188478
-0.9925659055946346,-0.6656776203550585
0.7557926681216213,0.35487584856413823
0.5868286381942005,0.3946275119503578
-0.9226170012695262,-0.7172662130432448
-0.17081854499338095,-0.03661539300204654
0.431457897207819,0.27817662008274674
0.7473059594732661,0.38149303766666665
0.8215009802763246,0.41351885072749517
-0.5552241175690175,-0.3591493288695698
-2.1244630540632077,-1.0845610629840674
-1.4966000845796126,-0.7252102671761717
0.35603734225282113,0.09361481035671455
0.771931708886452,0.5328079478406367
1.5539717131710908,0.7545005394169227
2.0226767362008875,1.2257504200330502
0.6886821593079262,0.42696405582476027
2.824787361488495,1.4645322734845987
0.015627345779737456,0.011021714894609765
-0.3572112075443279,-0.16952283202833598
0.6747636655072129,0.41979253847325726
2.7436116426707775,1.401166899047231
0.5403470945434088,0.2979212552334332
-0.7479795553786805,-0.39711348497351073
0.2274282056972855,0.1640714436067237
1.833002895281878,0.9438683409909578
1.307317150214208,0.5689231286932914
0.5245001836996467,0.34023785797087225
-0.21410039761773142,-0.16267988173200942
-0.12216728543222918,-0.2131360055953997
1.2434308902273425,0.7294789958763293
-0.7295947343702245,-0.24887301846006912
-1.1436769253772086,-0.4695993985509147
-0.32427436808774956,-0.06269288568784118
0.3802460895606762,0.3305403099055706
0.01924548670100165,0.04512621613807348
1.893584165113452,0.9025448024812086
0.6614235253091096,0.4024978914489533
0.925074357817934,0.4724208367899199
1.4672747040112322,0.7779842692473324
0.2730100464429946,0.09004622603449478
0.904876756217631,0.519295167649874
0.5801488800018281,0.26354587316101596
-0.6219324580036076,-0.2815864939543153
-0.7152854188663376,-0.30669996104997255
-1.9314879608043318,-1.010200470698651
-1.7091352146236267,-0.8561016107701754
1.2856351461303321,0.7255680246286098
1.8293656718015443,0.8936568788327818
1.1195770106265273,0.373766564757818
0.8278603800041371,0.5277696613789634
1.825965583652342,0.963653045856083
1.6257956583051376,0.862128573074273
1.9881045633225793,1.0084519068387703
-0.05048755885615552,-0.21940938203768068
1.2295096672960313,0.6760416148118591
-0.3441250597702886,-0.07877091164900318
0.9420223692559396,0.6407023146156018
2.4396260155717364,1.3359417032785588
-0.23862120048757296,-0.17144877883587914
-0.02260364452766689,-0.2231657778916105
1.609582160447823,0.7392717608095839
0.4612347634770234,0.16285712243361739
0.743034758853681,0.4362380414906465
-0.5789265818573646,-0.29761347603286636
1.6653010353707014,0.9279962809852315
0.4143077173209547,0.17413459024589004
0.16533528561173774,-0.09379028662448967
0.3207988573605502,0.29573023851136976
0.7154197197015525,0.2089633736888116
2.3055406230131386,1.0445610018650362
2.3341485158930455,1.2417469324764054
0.052834664954398924,0.0011952137849168265
0.2652115777441517,0.12386279019381176
-0.7846463502340002,-0.3920293992782641
-0.660656783004252,-0.32115188615631945
1.2268879309648035,0.6190334812474391
0.11881863805715975,0.2745068309726608
0.633866724893813,0.2704333267529795
-0.801794821382021,-0.3667059249179896
-0.1631433771346627,-0.11298315848790627
-0.7979322794208591,-0.2811955632749124
0.2117669035150297,0.08349866352682457
-1.8149813506788135,-1.1225600531479736
-1.37674326425704,-0.7792609222879954
-2.131937775981662,-1.0900219720199298
-0.4059391454647506,-0.3849001934194256
0.6837391225690468,0.29230398133587576
-1.5208334997252924,-0.8276320002423967
-0.7414839086827677,-0.32473793594462214
0.9914018650941478,0.39996930419613747
0.7838417633842721,0.5934314776516993
0.6625490434416105,0.4973797856407344
0.902768198159862,0.5521014277053905
-1.1783099460455824,-0.6113393678439867
-1.2037491730461265,-0.6121891912629451
-0.6757662416412338,-0.42793028220432955
-0.7922606644832879,-0.6061641850050716
-3.011968635597104,-1.5537797376401716
-0.05424555378160678,0.07009796752937464
-0.1571962433409855,-0.15845992242877172
0.043620229804277544,0.023999700994081705
-0.8867060992848013,-0.4173412679040033
-1.4013730236337296,-0.574071779889959
-1.0973909956114745,-0.5867301465448248
-1.1803854595736076,-0.5322459607090364
-1.8410145033605934,-1.0304321438455983
-1.090384896641119,-0.5296273222128127
-0.13511940359765373,-0.061789150137823004
1.7257475025662834,0.8362460865715283
0.8709406745945986,0.32313237114651894
0.35109827645457575,-0.05357230124473583
0.25790660863107956,0.2833872255304206
1.098098094492331,0.5100465186175468
0.9685755507772575,0.5119052864222015
-0.40990278141901815,-0.21263027990329728
-1.4148485362397412,-0.6709539373051933
0.3464627930238091,0.08453674165518706
1.4891054081301858,0.786682022556664
-0.4954637345569638,-0.27047804727094177
0.2589588901141019,0.0028997443835372394
-0.44251864659286666,-0.2361873197768974
0.07834593131592243,0.008709057752676691
1.4271204967967634,0.7300538073341526
2.2314187905976146,1.1617461193751353
1.2622501405849018,0.42967616366453154
0.2820853401845474,0.2588233308683602
2.266760403614675,1.066153658738934
0.7182689720775712,0.4406832922582712
-0.5332889821168896,-0.28925065600106364
-0.9701709195692887,-0.5944335879820044
-0.20387494366365672,-0.07487780855292156
1.5309128174733164,0.7154259183320854
0.3766609418125167,0.16086966529494445
0.9222223179855207,0.4121945271883515
0.11686119635261832,0.03309960478832892
-1.2325490904781944,-0.6914631282121404
-1.4943957954179385,-0.8592162311037548
-1.29378065476038,-0.42199619400642807
-0.45830682014845736,-0.24769385535236257
0.4632541318334968,0.02249862182725068
0.4960250944514595,0.11801708138587899
-0.06678959730986611,-0.02601700533819073
0.2699886389226738,0.0861355148513743
-0.8777431041024726,-0.4941264462784674
-2.601648186633115,-1.1984678806434854
0.10965267319587468,0.0867803774132255
0.40298232240239695,0.2671735304271597
0.9096543826260015,0.3504112081144354
-0.32414673612472333,-0.21452017697466536
-0.5740044664592564,-0.3507611748045997
-0.1320968085533677,-0.26088365445559436
-0.2355868245450244,-0.03131239919548719
-0.30312445167163726,-0.13501205891954987
0.5561849941157863,0.15129679280648178
-0.7863712240328398,-0.38615553648693596
-0.0694387539567648,0.05749877400983018
0.6152200234017178,0.3800837699430589
0.1907041174033512,0.08468769767020168
-1.5914002886741543,-0.8165060795699681
-0.86204402637274,-0.46264357837126524
0.9930945624432683,0.5868443503586485
1.212679247092642,0.6006746579099361
0.35715533615107253,0.18065167009925434
-0.3130025310517095,-0.16804870963685986
-0.16571647840014858,0.02191177155368046
0.9193486257901915,0.3692877338108406
1.1572080714483994,0.417542406050227
0.40942557769573723,0.3268611762471634
2.672403089360047,1.4467356235289446
2.699843811594818,1.4074218926710247
1.582176957665263,0.7669781638337865
0.60279929323737,0.39341813637284384
0.7559229745173145,0.4098718467180235
0.23080282092160023,0.19806186235448725
-0.8867082793703791,-0.5666738709861479
-1.0010274168410644,-0.4953333506449646
-2.0130086688152526,-0.8951524024551367
-0.8420098202892717,-0.44487101891060876
-1.0634773981953356,-0.55766222946603
-1.2705783871428329,-0.6701235481748101
0.009223940810317743,-0.02368911084697759
-0.26021291897345067,0.013805592227294994
1.8949592050701494,0.9627809519346437
-0.15484365834190605,0.10608427588044522
-1.975231933795813,-0.8208492872185297
-2.118547462426198,-1.0346179266122357
-2.0021211398869756,-0.8341817541023264
-0.060985197649784606,-0.030680865687970082
1.595133977837573,0.9110108941191204
1.08112319916169,0.644278988257518
0.01065016726470025,0.026127387588975412
0.6622668970761918,0.5859754605292246
0.5283522518442023,0.2625417193604794
-0.6989369396404796,-0.5174071933596165
-0.708891556056289,-0.2547790581215179
-0.032267141566779345,0.01946108842285304
-0.6112250962660575,-0.19258821742039106
-1.548133144500566,-0.6548734058698376
-1.517303532296289,-0.6969337467542435
-1.2395205974418777,-0.5353425160132091
-0.9179996018437206,-0.5850956295659091
-1.1540980973330182,-0.6973926505572701
-1.0716982109624738,-0.35517467167818817
-1.988696071683632,-0.8857718932888152
-3.1625738630446425,-1.6002841589259678
-1.4349404539667696,-0.6945939143652338
-0.9046321551155121,-0.5656341516593101
0.25536683306152075,-0.07338851008642325
-0.9560568057326215,-0.42067591835880835
0.7689233770754593,0.4860885689988847
-0.16785435132181797,0.03123272811826784
-1.438839845939239,-0.6191773478599061
-2.7424777359180803,-1.4335485625893354
-0.7454686238285645,-0.38364798470287437
-1.460147671102781,-0.5468454578266109
-1.1411466429213686,-0.584257862893668
-0.8809514045476119,-0.4908536732185812
-1.5338122088602941,-0.8603078010750019
-0.9924224954015257,-0.5023780138443726
-1.7964744816841844,-0.8695243904724421
-0.10729988400298984,-0.2579374914809981
2.1145235971078264,1.077759666503811
0.6897723031602484,0.39565909922720466
1.6065841389259472,0.889335342328065
1.095696102316775,0.5510620191145912
1.4472022705933463,0.717339904770339
-0.04997510102882452,0.030661895496174013
1.51863751631366,0.5308773930961963
0.9686437831549297,0.33987276477516626
0.5189403919771917,0.2606361714868689
1.719225703184649,0.8125356949118825
0.001447001411822968,0.12298379483006906
1.3486927516521492,0.7075860402381111
0.2749846842935024,0.14109519552722477
-0.5568673604767214,-0.2907995235423929
0.0976707425525904,0.05008963661890705
0.4587627133493419,0.3613864085251998
1.1296219342529816,0.6211296944082209
0.23789785495343968,-0.01918021628340688
-1.054914385485417,-0.5581894507162778
-0.9201517078073069,-0.5559789524605626
1.550856453241939,0.7080171191623997
-0.927188511847264,-0.4629103708623078
-1.2167495958987709,-0.61195214336963
-0.23896869509895574,-0.02154232140552359
-0.5834712408476909,-0.3084320306771692
0.1422595627781218,0.03633882423391264
1.1494980972081326,0.6553879112916522
2.657564528542226,1.4301163742283114
0.9698775891310188,0.5365751636786011
-1.4895601085516437,-0.8528648140572954
-2.2192838421753778,-1.0478419759209714
-1.2842002867908289,-0.6450264100122003
-1.6749275504186043,-0.9478690217071849
-1.982306772986931,-0.9584596947415528
-1.4819639377616307,-0.6222099571668789
-0.13837751895330186,-0.06275411892420248
-0.6322990965699646,-0.33987058533581793
-1.4798115867059103,-0.8491846742636254
-1.2655088429885621,-0.6407835062883973
-0.3000669106839964,-0.15975470126623234
-1.5858092285075118,-0.7696625595940939
-1.1780657986363452,-0.5984698801845242
0.3501754101732192,0.15947296786571727
-1.2672924213159673,-0.6432523288996437
-0.3422184926887431,-0.1660794265870637
-1.08475777013152,-0.39132603089567286
1.2181277601586586,0.7859946557404431
1.183003193756894,0.6580057939178265
-1.3208684613951238,-0.5976159012828866
-0.7542360168625719,-0.20891669120761772
-1.0963308688115185,-0.5824043692509889
-0.5776724372694805,-0.38034094445404815
-0.16503773354533444,-0.113233516548558
-1.1101605731538522,-0.5163285431164716
0.20499714627790955,0.01826823456525832
-0.18666518007003977,0.028489413339360267
0.27662475238642265,0.27446163869825924
-0.26043089360874977,-0.15974575115808667
1.5681563934637106,0.7169578245668893
1.2999703021539868,0.6899659650519357
-0.20907395113141758,-0.17904375396541075
1.0407006574494901,0.6011549953361759
0.9309315090735375,0.5129069168320857
0.5130514099139227,0.18709794402452906
1.7408638489694668,0.9248399597047559
0.7221294968440457,0.30146513706054795
-2.191317817709934,-1.1113490259899288
-0.9602409374001071,-0.4879393259999305
0.8573450380628548,0.59110511925409
1.2926079619986055,0.6882815146787394
0.1863652108057769,0.1160421677725859
2.0494160923548144,0.9882972550547747
-0.033799376730198505,0.11403201970891202
0.6463680805621108,0.4442542539588365
-1.1190824905984575,-0.694727505306074
-1.5083079437795457,-0.7388140695086667
-0.5484569686613388,-0.23481295566767066
1.0236433443168538,0.648652001973259
0.8995585404009365,0.32029455112399496
1.3785631449638291,0.727330175909078
0.7911825976099837,0.5278944095713358
-0.8248991278624863,-0.28455214541649126
-0.26404506627295066,-0.10946800922920749
0.8248034577182853,0.39353101248843747
1.143960482867026,0.5085989161682308
0.19066551432979972,0.18696001293083014
-0.02837732968256909,0.16457815763162997
-1.2973447025340803,-0.6959820754728053
-0.6040697198242178,-0.1813594826259054
-0.5267889817608434,-0.20523209886025112
-1.195847918927085,-0.5562944383391193
1.5764760175866517,0.8572201407998515
0.35424057738186937,0.22082751381947052
0.24693727515439032,0.002206028553371625
-0.4963965216375008,-0.12959433837974071
-0.23671666418355333,-0.04798565389660697
-1.1032604537044441,-0.5693465387829473
-1.2022043735979657,-0.7728988024496121
1.2109825314579274,0.7919005236996417
-1.0009709870137677,-0.5506726689991598
-2.211346644689049,-1.1776745940497684
-1.2817873380678406,-0.4794502739194031
-0.646187704136494,-0.350411618433872
-0.7368933963099791,-0.23074217567053282
0.7766165151703188,0.3538455257492428
-0.05404851733731775,-0.0676559138490398
-0.5385420634751455,-0.21504792850916216
1.5679261697036266,0.8141584343896845
0.0016397601585355082,0.13197768843833452
-0.11578466310268533,-0.05220577106289017
-1.40776248517774,-0.7942622824287414
-1.4309489701415459,-0.632201312577685
-1.000793777538265,-0.5669327850961627
-0.00590066158228475,0.06574852421481445
0.43082817819620406,0.2622398058069877
0.6051699518949469,0.5351710692939547
0.24406091624388798,-0.05811023350603975
0.9507483368665259,0.5465405451835718
1.3660172451668111,0.6295096058655502
1.2534449724876189,0.4914878606765263
0.777724698742233,0.45890909888740233
1.9118883868000551,0.7947777673317242
0.5029190981755753,0.18237888047206896
0.6185421668098718,0.2617519502284578
1.569873746794075,0.7244685316670737
1.539844950192155,0.7431764181473972
1.444313891843946,0.6538357865247151
-0.2984532448665286,-0.10006019433407601
-1.1770383517016658,-0.3442332825081682
-0.6709161217624591,-0.3919480413364639
0.333592888045801,0.04326757486151331
1.231681571516667,0.7869086092800848
0.9067772669205316,0.5920905091828483
-0.5208190364835457,-0.21278615849807497
1.301686151684243,0.7334978583486449
0.23130033222394403,0.07824139379326629
0.8871296889499516,0.4692002300745818
0.5863402164403951,0.3326645713254379
-0.22057003948396575,-0.027530787743281215
-1.9295878899953731,-0.9474558493197592
0.9088455233862034,0.4653572379456192
0.847178964321465,0.4243998270007963
0.36038392872736524,0.17817262086565358
-1.1303752518989425,-0.5556178380286263
-0.01718256878800606,0.10571260004826158
0.6471656618974782,0.4594153536701117
0.8375206194666265,0.5618577108993831
-0.22407468281795706,-0.17918090432712502
0.48575631484977344,0.2679002802212444
1.0530950234091894,0.528010613817768
-0.4496062395673789,-0.17138094244954893
-0.007080045188522455,0.03858610189217829
0.2852752934235038,0.10399379655794053
0.10224041288887457,0.14287225907708034
-0.4767489043244083,-0.27873456720422884
-0.8383922162289206,-0.18219107844005827
0.30741753816433715,0.2090938238879391
-0.607506376893127,-0.2985333656669297
0.3592625066284745,0.3323652095708257
-0.23094437130708725,-0.1365970434488745
-0.27733127101892346,0.01211649564357234
1.448014577510136,0.6556304974433891
1.9089578409162327,0.8448520210947787
0.7990604501593079,0.4402370868411413
0.660864203809657,0.41864665952790614
-1.3915185034514603,-0.9092236143852814
-1.6291481844584772,-0.805342124326282
-2.4132743854800953,-1.4138509852406629
-0.4734814071889431,-0.35226231868687974
-0.5490743552035685,-0.38614583655308443
-1.1642582349702617,-0.6037690714328365
0.11738705462002419,0.13963273259650322
-0.7079063742226714,-0.24113076039424647
-1.1476762674419594,-0.44513581284131876
-0.6416000261858359,-0.11443940102436209
1.691458037033823,0.8710083412358539
-1.2371012950080282,-0.5272810680062094
-2.763960120616664,-1.301310931263985
-0.7749577110811798,-0.3208694874516955
-0.7331561248430178,-0.48443681620007906
-0.5029061629888084,-0.12136712772236444
0.9292486543633295,0.4065056864585463
-1.3227020389804944,-0.5963066704200297
0.2958957692975932,0.133894181354204
0.8805098595727053,0.45076175173828803
-0.03676685231223309,0.002652422491546326
-1.28944979310973,-0.6834681543069134
-0.045771664583658445,0.0743314159328041
0.2392688832171618,0.16616731018898906
0.6294163040493355,0.28817562904013816
-1.5151353983476887,-0.7833619106378502
-1.2884959759187398,-0.6012552982293462
-1.3653442371995426,-0.6121638889415774
-2.4608317300886755,-1.1961389399328906
0.9716211893055536,0.505101907405293
0.5527596568770468,0.2637190258657006
2.0055974520821414,0.8952727492818857
2.6416692030857183,1.393950373878709
0.6559816926035983,0.1523186766694531
0.8924014941399518,0.3955396658408682
0.6988876152200082,0.3424926363990294
-0.07658442868187115,-0.10810176678874463
0.3869205275276866,0.03549562463901054
0.5923505765215084,0.27545523508289277
-0.5411366539160007,-0.22699547619698826
-0.7021369560883653,-0.5349054401479764
-0.9632599908244825,-0.43520740001058694
0.4698346692741976,0.31342964214295216
0.17537438779103215,0.22792430388743595
1.058981826821816,0.48049915012054506
-1.4595850467406326,-0.6844842943186057
0.2838890156542142,0.17117534887988747
0.3006304845700899,-0.007463270670643313
-1.4499146736691806,-0.6964565372152949
-1.622722127199224,-0.7216471945485552
-1.4491491557669578,-0.8347409797438259
-0.8918313210650983,-0.4405635950199308
-1.2429905102427743,-0.584822093650539
1.7697113833945044,0.7746865835612551
2.877332134819741,1.599250546023839
-1.002648686377035,-0.5615043112044352
-0.4679230474546421,-0.08700795823728763
-0.854634208170117,-0.24881998012286266
-0.04610952767398918,-0.12353875491745502
-0.24977466609374865,-0.28136494168230114
0.8341264624049523,0.537688640783857
1.330329318481882,0.6130878195168339
0.5736554101202925,0.26410538561283275
0.22901662545438248,0.13269826592356238
-0.3457090715556983,-0.3450811521396737
-1.068321988094658,-0.5035963571389486
0.40523762494149274,0.15080573509594872
-0.7763524321640682,-0.5391472745163406
-1.9341596575394369,-0.8923388622480923
-1.8340794555663165,-0.849860809633249
-1.5904781130847847,-0.8265186567153222
0.5740209122655012,0.3550779391764014
0.2645979731696638,0.1042239800891576
-0.28195915706329444,-0.2402949088917284
-0.17699828138970541,-0.11066671129949968
-0.3371815728437476,-0.24498780669573655
1.8271729523172404,1.0419475609954647
1.6674292934124735,0.9653382619130905
-0.0885477536740471,0.029133162278737815
-1.4521222482332348,-0.7210137816053936
-1.0730276940534464,-0.5484874528018936
-0.9773468227329868,-0.6393439431229779
-0.9164086120302801,-0.43243010702590423
-1.494202044361126,-0.9630414848321253
-2.136018182130175,-1.0294293805692285
-2.6644957572345778,-1.184080731709586
-0.7357320919080452,-0.25077841320401273
-1.0040760067313717,-0.5141043374184137
-0.10870172943741002,-0.02035924954266532
0.4624539613522311,0.23899206506390677
0.13656538794100415,0.13136066972208077
0.7821776800783294,0.402751536107854
0.2816957517555036,0.19369221526861266
2.10338078836614,1.1621276461366175
0.8677962324452846,0.42249638943210555
0.48553496545730035,0.26472550040465614
-0.20338844220587743,0.04303968576993161
1.3515304284866783,0.6279720988097114
0.5701930659007718,0.18412720788672865
0.21576343474484963,0.07706383656628049
-1.0998582357757365,-0.5805155894547455
-0.5045190128337396,-0.23333908898131223
-0.3626987584211225,-0.1896682059111054
-1.516586490316153,-0.7206842134537745
0.5595969975356774,0.3027550571707816
-0.09595111071831952,0.027725534414260802
-1.465913231552057,-0.7205539297458592
-0.529110431363966,-0.350944253900874
0.08891604732478237,-0.0035401655595257153
1.9159682882669453,1.1059724200661079
-0.12141901772061015,-0.14316516108734978
-0.4722518467539471,-0.08952284966023993
-1.6305303385613525,-0.7358141908998732
0.327209937169597,-0.06041462810705994
1.713332322512069,0.769892933625875
1.4119868284223611,0.7270900069259338
2.0914943531420898,1.0083229827703446
-0.611147120383123,-0.30021195059898387
-0.27482783256990323,-0.1363704753116946
1.312681929032522,0.5307664975028084
-0.7077768386704614,-0.2914855247759829
1.4142796179348966,0.6790470139034169
0.8319596514249139,0.5730165584496999
3.9208892459480422,1.9314510359555161
1.9113701985198583,1.0543486257613477
0.22796833075946343,0.17864596936825233
-0.15886119666903314,0.008510238680636745
1.191800562586914,0.5055190290876712
1.5923951342764706,0.7868516842663212
2.6510192321308774,1.4581517993077997
0.5795151650273704,0.23138762407084745
0.5082408776538104,0.23906672593150224
0.1310478929399521,0.10767716155957398
-0.3559527222936386,-0.15118101193675215
1.1176107719828732,0.5454811841097187
0.8392855484876791,0.3308131710220924
1.562819602873541,0.8696392406391423
1.60251148288306,0.7602708006869185
0.9978015014855596,0.7762020108097478
2.0735441911507864,0.999980099676932
1.3649591792921614,0.6496685928518472
-0.1231485554381333,0.02427814986936716
0.61430885660069,0.4096790391846976
1.1217275183258804,0.522565469273361
0.5211958501335392,0.25473529261391104
-0.7859072252102206,-0.3911618582138988
0.12817050661646018,0.12389611925822294
1.4481140786002473,0.7117207793745213
0.18907492948930094,0.042205410001080676
-0.15607309944567885,-0.05580350761504935
0.5000910302795926,0.30869977203110366
0.7233157453164785,0.43544867750870864
2.2038000365641595,1.1661137341078287
0.26209968604852696,-0.03265351557547869
1.1068993265587284,0.4377251604842788
-1.5126022145982034,-0.7734439753338466
-1.5224843941352422,-0.7351834730490427
-0.3431550971290279,-0.14867700615518112
-0.06671266991806135,-0.06752021112262986
1.436904229451256,0.7850438394603083
2.3565988237151627,1.3227347686881141
-0.6094329130574073,-0.3112241529408284
-1.8268059315556018,-0.9477438546688933
-1.0759647761167117,-0.595086012678882
1.6059379205519613,0.7909910910786354
-1.079195658375434,-0.38435382369636395
-0.32773699530314737,-0.1791436439332766
-1.4836053948347505,-0.9211922448611991
0.27850488191783707,0.07466159245271049
0.7398720750872878,0.23519928870430515
0.04000741639888128,-0.11783706186497428
-1.5146183252038161,-0.7381915726706691
-0.2021459912124478,-0.2430808955996885
-0.7854833087026619,-0.4639716147619744
-3.082666304524444,-1.447259093088942
-1.3126023481483458,-0.4736497099169549
-1.0302259509478908,-0.5585862339570627
-0.7040615243322665,-0.18200845103311747
0.26871385275558823,0.20924529899768185
1.0452522871996444,0.44604909205983584
1.7498135348636388,1.0841423360202014
0.8768241224767214,0.25841622278189025
1.2380533009158654,0.7593153484156826
-0.4192213663367015,-0.19508801895339295
0.6148731588825547,0.5860490128933791
-0.5261502238823772,-0.21672223473220104
0.026141838742289703,-0.10060213577979771
-0.06063081863902853,0.01824688898233421
-0.26389184075311567,-0.3421511934087126
1.022812777492569,0.4857519019680483
-0.31266083349247575,-0.162508098217716
0.52983715751251,0.09718752971582223
1.1411506983442812,0.5046831124278752
-0.7946497723947927,-0.5020243414975591
-2.67793604243387,-1.4325152031103874
0.19428464191794792,0.08140052634965897
0.24469190130908935,0.15203296990239884
-0.8411538028014159,-0.3731270832074731
1.116649072565575,0.5493764430747382
1.688018042292816,0.9878608993422802
-0.6875323713720253,-0.3805310208371777
1.0004133544003972,0.34762563580421746
0.6617337447629243,0.5127303661665378
-0.18735293497813338,-0.3598705432181343
0.16818186206797756,-0.016406437036721483
1.8399839068119928,0.8674430772013263
1.763507534704345,0.7676157093509017
0.6307294790872242,0.4207300862916785
1.3577753408174693,0.69108997040673
-0.013173039643635143,-0.11183315671582722
-0.05553422102303782,-0.17619186006281065
-0.746182269375079,-0.45000032998619105
-1.3548053353772302,-0.6920838161906779
-1.8507473370283232,-0.7180468077529526
0.8096349588305326,0.4115160033019888
1.2622636812015666,0.7302083728538913
0.7953906135011168,0.46978191421266896
0.35725526108774713,0.2958868952275505
0.014003684710586828,0.12767051324834472
0.9170405240980287,0.46047381104481516
-0.9401624311179274,-0.5325836973004116
-1.455539030599265,-0.8334852718243106
-1.8815918565979428,-0.8304965471811115
0.3579222427360632,0.08539601175119606
-1.2501275549663722,-0.5402835271025765
-0.5560715446983587,-0.31636480793851096
0.7385910728775906,0.5203546345200257
-0.016975591228481912,0.1200303254444825
-1.155694495207114,-0.4835635378238308
1.2224076709913523,0.7231482751239227
0.28823580171373403,0.18034681763323396
1.2486075711085793,0.6395015347424535
1.9245385092760772,1.0857450559469766
-0.2797463838302052,-0.16994950740982678
-0.13111076469520824,0.13577919528904325
0.4981498008093955,0.009270307257954524
0.4892185730992774,0.28637781152250874
0.8256215508550282,0.45681161723522046
2.911874957719396,1.3478620043999183
2.00645636627476,0.9482505728466852
1.5736812545181125,0.6302773606252694
0.14504186315354062,0.14290928472164544
-1.5123928502569803,-0.7947773564428003
-0.9315613129830114,-0.5107764225349201
-1.3311170343373648,-0.6621837806128861
-2.2217947592335276,-1.2093001384746003
-0.8450394218653876,-0.43009141641493104
-0.34930647749521104,-0.11215787546333689
0.40137682594800306,0.1673703778311682
-0.26205241598473,-0.18715568876778754
0.03929035152025498,0.055629891720533585
0.18022115678838144,0.11053790309329908
0.3546974309734159,0.1283843300825776
1.149690045849519,0.7693065587451039
0.40139762823275593,0.20386521819898326
-0.16489662332074745,-0.12266073271554798
0.22296225251377055,0.1612795724283339
0.12983385179595278,0.02537364533254178
1.1452653167169322,0.5855453001575214
0.018975394344896146,0.22707660502868582
-1.0947076705489807,-0.5720653035401614
-1.4173013205958636,-0.6524510347944761
-1.4544756856230556,-0.7579298989687073
-2.061014988925402,-1.0988006894604103
-1.0479887816059201,-0.41657390421134427
-2.375909013002525,-1.2715278255198448
-1.026226802285593,-0.49457802716761184
-1.564110436094751,-0.8181393490874975
-0.9422977079784586,-0.46417696046143125
0.17901918490456803,0.07849877026400225
-0.4392938276683896,-0.35073100558560144
-0.5985746426778794,-0.3129635068260716
0.16146405756832238,0.14210181769871894
0.41491446127892323,0.21002389204126928
1.4543184536785565,0.7828316339720665
1.6662781146778032,0.6509738575943692
-0.17288919963982907,-0.20515537856697252
1.4277196966662535,0.8445012065194373
0.8429221721662078,0.5823781522941943
0.3544635702906793,0.13505505796280728
0.4926851780942,0.20791787979391982
1.1083740279791288,0.6934691928667591
2.5222772243792093,1.3712342699251983
-0.8032122002865728,-0.33285039293893004
0.672947175018805,0.3019107738805623
-0.10295993764162198,-0.09711514973814561
-0.0046685422547626115,-0.014373789378091563
0.43524988947729387,0.33175757418027463
1.1196260165794096,0.4810345546346278
0.4524807668937485,0.015841416218592197
-0.16941100794814284,0.03503584868275647
-0.7538560457981047,-0.4152124996143651
-1.2639791602457655,-0.5707020907307327
-2.4770746997461064,-1.1591227543661875
-0.6385830512499372,-0.490164818874231
-0.5314913214114403,-0.363454871769091
1.079522699562255,0.5257924879437297
0.035176116443141225,0.012425360897955944
0.3848867897368555,0.05531219936243345
2.5879087848556974,1.2298409621848652
2.006373010636588,0.8783214864498583
-0.10784445132401721,-0.11432234729213475
0.08614275064068329,0.05099981535800798
-0.4965040942621273,-0.25789255255799604
-1.1684269506284715,-0.549110060797209
-0.16615368501287914,0.04918708830869767
1.1193909410079723,0.7076476767431473
0.5087302562666977,0.34169074271711275
-1.198228522938617,-0.7643216476740163
-0.4030965299716307,-0.2941051932906217
2.2135527561361417,1.031433539780041
1.6976653338403431,0.7939184019490078
-0.08955931123438032,-0.007914188937693592
-1.1778330923982332,-0.7529663479035716
-0.5859771263686772,-0.33496875759087735
0.6808085846159064,0.45374254142023357
-0.6679550508056697,-0.19616833524838354
-1.126619936310851,-0.6160802696552687
-0.44867711414371036,-0.2374587298200029
0.08950877246984612,0.1106564519501119
0.2954374278504486,0.15749876016385997
1.5672435306411714,0.7183355742965585
0.7079912484858875,0.37583002822194567
-1.1194373133372,-0.5319504432181713
0.794495801979282,0.45246836190633044
-0.38110792511019803,-0.17860690297003454
0.33543259346317655,0.14772063340505068
0.5953547878285316,0.46484079964566355
0.8908271717107342,0.6248567827113278
1.5293923781867844,0.735015535371438
-0.06832218046097405,-0.08192798341378486
3.1784501130898937,1.5296102269039968
0.015196366957146656,0.06670361527270109
1.1923350736657137,0.6432234438765684
0.48491025730006604,0.20214732088370616
-0.8655644776170539,-0.3905947025871183
0.6945215563437153,0.24726007938860928
0.14056436483025975,0.05574025488372712
1.1682564541309646,0.6431097827864907
-0.18885152626473056,-0.1105624619671407
-0.27653430414548075,-0.2791099299231071
0.8504222874619105,0.5353333295813483
0.858264104577969,0.45755077615135537
1.1403299742722106,0.5997099152191342
1.5785643768100261,0.7376733020635231
1.0173162095714596,0.5518510340413001
1.2597483675622434,0.8324874618899791
0.4951148409407093,0.24917046640388554
-0.7096065903747539,-0.43350436102358475
-1.8348108198844917,-0.9447563365841928
-0.695321593180477,-0.457846573516126
-0.20091756408232267,-0.13351596305637925
0.2389208124403538,0.09612238728920697
1.6110950065434675,0.8757127354522989
0.19385948095496242,0.08516555511283799
0.3458900980231011,0.1436844821901591
-0.038384875664088214,0.028206619571768204
-0.7787517055097869,-0.462856172011352
0.7117853939019214,0.3608081922822794
2.0651257918534043,1.0387808086806962
1.8285156778006615,0.6608804147003877
1.1621820463932537,0.5936914520929149
1.3027574140151152,0.7579487457852879
2.3168664201821696,0.9113007047323438
