0.61585546329521,0.4253270558027711
-0.095999008973575,-0.02505894009066391
-0.334404366015395,-0.2000215778301745
-0.6396408146781563,-0.4438878721592766
-0.7754179576167792,-0.4458064157817075
0.8680530073980142,0.5391659494737878
1.008182733068843,0.3010342228493428
0.8232658486385037,0.28904027181719427
-0.8996751220253443,-0.34965314003796183
-0.03572346922440406,0.042625138164400306
0.5906778329809546,0.29374709510969405
-0.6042006107049573,-0.28038585505685054
-0.019035746198741432,-0.10522088863750492
-0.9649555198525981,-0.5154143036333717
0.38701916721238616,0.19626701871907298
0.5797927404253821,0.29089237867526374
0.7970247398034032,0.3922299361836004
0.8181374041798284,0.4506158023122952
2.596381087716093,1.4006471205479625
1.555888099189528,0.705604564963424
2.6320464274217703,1.374499476294567
1.718091056303129,0.929939526847647
0.002882253685876135,-0.04762331932570718
1.3865234084242866,0.5699224590616208
-0.20718557714235164,0.15150590595553248
-2.1215258958165184,-1.0404754331695272
-1.7899585888095764,-0.9612299376790674
-0.47778054632456246,-0.10300816240899832
-0.9722923230441065,-0.5277030665013324
1.207022470098805,0.6013631437353234
0.23607658969668532,0.1061382500954931
0.4942596376760424,0.23451711316372717
1.944786576199563,1.1973456352147636
-0.7254666363261478,-0.585877941651987
-0.06917090311466462,-0.06401293475450488
0.8667076217896934,0.5001423346574178
1.8508676585054415,1.0901742970480384
0.42370672384854247,0.2903608694555351
1.5219130553822562,0.830161093549622
1.9218591769928879,0.782856022428532
0.3394156246211435,0.29417682549244606
0.3475959120293064,-0.031639376187365065
0.8925422356573398,0.53431430665204
-0.08667744494844443,-0.17401699716326954
1.821296130896941,0.9590878727834734
2.9515788241817305,1.4328544461724873
0.7535440033981897,0.517555432778021
0.8271935021666712,0.18963997329534787
-0.37701148722422284,-0.3185508176395446
1.7163091498019492,0.8005861938788501
0.0719095569718553,0.009298096925330738
-0.40816310002400497,-0.21757017308237508
-1.1881929904366675,-0.5712681834422824
0.2730705913009046,-0.02144666608513754
1.1176535429443515,0.6544614010962512
0.06873713259905156,0.03005229406183557
0.2794182372310777,0.0818270695370272
0.6843988692763272,0.22180879038732582
-0.8974980192742693,-0.3149379997077084
2.594774551442764,1.4088088163821242
2.4289334860621286,1.1612200060985067
3.4196811941229024,1.698364641578978
-0.9440782683561776,-0.309860352734257
-0.9532223840566512,-0.34959428882232113
-0.8903597327995083,-0.5268266671890881
-1.3975016290911002,-0.5512333380055972
-0.014907884385772507,-0.0035087907907811727
-0.7315963953903949,-0.40569667312587065
-1.0576949657292882,-0.5819344863590632
1.2090407450956122,0.48498683117887564
1.1672206939959393,0.6308229179055928
1.2960077549282882,0.5105762686602862
-0.6140626587789331,-0.32123681289717154
-1.729615933375519,-0.7898918960635408
-0.9012262280567492,-0.3426887757434521
0.674728545636608,0.3179093581286147
-0.5004594561008769,-0.20003570189105524
-1.0471227669815566,-0.8349559155880948
-1.282456378707245,-0.6558421949414457
-0.38687698562397915,-0.24919463320736937
0.9362079567627295,0.5561980500680058
0.585178863997486,0.3132479938519317
0.5773282785054753,0.2694908259488449
1.2795249862312004,0.6979546261623649
1.9544713638895286,0.8118578548046328
0.20882402000605482,0.1469803107097771
0.9114924178344016,0.38019320864499073
-0.9021355567772477,-0.45589442105926503
-2.717495905151159,-1.3354914953725137
-1.2803283196640352,-0.5246627635328571
0.10027954698011554,0.25651876697130116
0.7711797755745247,0.4332309156996774
2.3697572576999315,1.2663413153295753
1.749297467880469,0.8828144558309424
1.4244135931274882,0.7659874776003098
0.4496373624732093,0.2030470745989429
2.296949379956658,1.3264258881461404
0.6126809034161731,0.283900883863843
1.0193921373559751,0.5263716081170372
1.7691358900183678,0.8733762084560194
-0.0806250186685733,0.02028670150801562
-1.3440343122693705,-0.8553285104752116
-0.5928622107508215,-0.23319297980078602
-0.6972769358814226,-0.33008507487609
-0.4536545967351709,-0.154013077316059
-1.8277077972696583,-0.8293999529417799
-2.1997307952545206,-1.0442410233740278
-1.180053388610938,-0.5625130250823783
0.8207163540567564,0.4758729367418837
-0.6972071083314043,-0.2755310940605713
0.2093895428718393,0.1633425517729722
-1.4014103915878118,-0.7100452938510354
0.4641387279792333,-0.0004344937992037945
-1.5232456587547207,-0.6530441337613181
-1.2556038947254564,-0.8481730712221296
-1.2885993407148364,-0.7969951703201549
0.07607546556695632,0.15000442890185348
1.0329546244131793,0.5214790789150818
0.1627150789967875,0.18037994338660207
1.6556349588124035,0.823255601921225
-0.5639356195128878,-0.34108579272869277
-0.8334610263912985,-0.31334083156115733
-1.12916709407043,-0.5934952526325895
-1.0821906085569049,-0.6837267831157039
0.470646291525864,0.19237615663433277
0.23504651154792253,0.09375212362123996
-0.8053072447623113,-0.5876581795206007
0.3653434670504352,0.06895603783640696
-0.42486494930853036,-0.24771503906775255
0.15773632426664064,0.0961754253960205
-0.1352752694074174,0.00248274456157975
-0.5850756695874908,-0.359796674664376
-0.7666903828290281,-0.42545942038068324
-0.4785909396389153,-0.19532646868359832
0.48422605193793594,0.20060205398795364
-0.8825642427086123,-0.5649531415121565
-0.8962698528473692,-0.4934060713302538
0.6412222711967269,0.4210284267200659
0.18358359417119666,0.08435468395374644
2.2232454368364802,0.9709394966075331
0.7599148205191857,0.299717592483454
0.28535373662164687,0.04307266923466513
0.3058132641575707,0.11747307206290081
0.35693330649829036,0.24017337457142068
2.0547729090225895,0.9897759770993209
0.14349421705757326,0.12091288032613065
-1.6055895792638961,-0.9383072898777454
0.8278289123285841,0.4548988806605504
0.4796659895240675,0.2931294173465253
0.9198366576364347,0.4310470295999562
1.466370984065227,0.8184781728569653
0.8889025378115267,0.34147803378194996
-0.5446968973348861,-0.2028967586790805
-0.12149449751164335,-0.17027941731662066
0.26418477926139694,0.06516816086393458
1.219978278938262,0.5175802328715884
-0.3149414779718207,0.013307220419888827
0.8796564244159155,0.47661941211022174
-0.1586543097209211,-0.2177879747077247
0.3856274495541234,0.020330996000777257
1.34017622549195,0.6431484130565571
0.5330511932565012,0.1504522379421722
0.03517717072740556,-0.03318653788648107
2.062049243801418,0.9976666956435687
0.6601632420765766,0.4442813669427641
0.6060618487291732,0.22914367638634414
0.44796261310870744,0.269248270991316
0.6622881986966764,0.3172337117168813
0.5139009772738251,0.24661834188624507
-0.1692658171213638,-0.1571693447358215
0.18432208133763825,0.0450642044800547
1.1536113533482217,0.5948229960344028
0.5039630195963666,0.33964858768851924
2.6177907362194386,1.2166251558138534
2.3087871795711146,1.1957873529618372
0.8136078896372029,0.3334228881951101
1.28944279125123,0.5452802455215634
0.20528348365216476,0.09290836922025796
-0.2991433749065202,-0.2093113397292764
-0.864710731314675,-0.3709553684618446
-1.0835768103029777,-0.6061626432245346
0.032633505422595466,-0.09559296087557512
-0.6950584392266008,-0.4225008390042784
0.26445655566571274,0.048918126966291664
1.482196013053455,0.6748126803658797
0.8113250092615534,0.5147504242771126
0.8888171204275324,0.5791667789475293
-0.226273419693241,-0.011550174708581343
0.22549442323732952,0.21194385217411482
-0.1607460526072969,-0.07888175331879282
-1.328505719197008,-0.7557746519227302
0.15347111186304818,0.19787071715961344
1.4055736879089058,0.5474091720682024
0.9768951235761862,0.5945517032716212
1.6840674248194238,0.8235673374494488
1.4932517570004449,0.8053907183255462
0.5481815797274171,0.3450274902640428
-0.606875030220984,-0.4131815064193157
0.3184755662630608,0.20242946679376178
2.995668394543354,1.6015494692263832
1.4355593177171597,0.713001213745941
0.0618265776109318,-0.12276136272797566
0.08165449490698848,-0.017485998708502246
1.2244146476450932,0.5720202144796561
0.43956344078805465,0.12390470797991408
0.8318008869381963,0.5288469179425184
-1.049619570915389,-0.5478641893904653
0.3814012275929576,0.27539228793455095
-1.917584960419793,-1.1259251234746337
-0.9765380305305852,-0.4476368228828892
-0.302589127171001,-0.20316814641129471
-0.8482763292162872,-0.5326413378291748
-0.4617849384549207,-0.27081510528176267
0.8514684776955296,0.3093028890455207
0.24585177579756787,0.23695920033923468
2.345473304328581,1.1267110058903547
1.0193629835874722,0.48672091600461104
0.7128557797738648,0.33586871636364446
-0.6190055643580826,-0.35198904479167875
1.0457999030242857,0.6676435450191862
0.4626732071511576,0.3328787904905611
1.2576214648123503,0.6737485448570998
2.232183886284975,1.2497810875387168
-0.8857263598423386,-0.46901355649107895
0.15556815999244444,0.007988945753119536
-1.081317962366843,-0.604007051857221
0.4793758273648808,0.21739622465289662
-0.016492753819810302,-0.05829953408558012
0.9501827538101024,0.32256099579655595
-0.049060061943458466,-0.009770463741216115
-0.4978849460656453,-0.15492003046313374
-0.6962091471393804,-0.3404392658892685
0.38018037880082745,0.27578618249046905
-1.2431004730291955,-0.5326450126381875
-1.7640033557459578,-0.888199943950183
-1.6622752717008127,-0.8013263372111042
-1.210513461504884,-0.6238675156139503
0.6816111581220267,0.1748581765719967
0.2631823989204747,0.06366565719004437
1.5840847458172072,0.856881235890008
0.8360761601572485,0.3050493781425905
0.07157609391752412,-0.11563647366673613
-1.2005646919026798,-0.6857783479970119
-0.25450136913292815,-0.14388792219054622
-0.05041629879386325,0.0627246242939786
0.6947205803712666,0.5078307335889833
-1.9588253199997678,-0.9380621063535778
0.4371484255479152,0.1614622392716058
2.1041559793309865,1.1302184630671865
0.6299873959870155,0.28164259765123023
0.35089150168835925,0.24976454413625665
1.4119740244534305,0.5950357565373257
0.8468761776773143,0.4233375000517141
0.44267646476504463,0.137450492143753
0.6657439476389979,0.29351527241607267
1.5302387675855815,0.9146299941156744
0.6228330620609517,0.30295421815675255
0.4406952971602709,0.20795424569446158
0.26882019756295406,0.2750683138643143
1.963078216468789,1.199597103894781
0.3368808458016034,0.006165482503697917
1.589511458957902,0.8173891091274138
2.1564622268409392,1.0223048358680138
1.970245759802201,1.1261689471916805
-0.15082253793621803,-0.2690319062733536
-1.3748053307142136,-0.5646341673296651
-2.0740212159948714,-1.095411526449406
-2.750180265674384,-1.3247925793854944
-1.6112978368737296,-0.7712406907724901
-0.6559340880931478,-0.40174926757791274
-0.9315693902431832,-0.36025365505091167
-2.22014252890863,-1.208235321154859
-1.189510005888217,-0.524765501636389
-0.20813985686185837,0.16667604053831828
-0.1780059335439243,-0.0551554927840883
-0.47225827960913724,-0.27640951438131417
-0.9503807635739794,-0.5757413719096397
-2.2383983063971855,-1.0619029972248994
-0.09724895763926744,-0.08579989714177591
0.7191839980718266,0.20696728347696838
-1.1715470191363813,-0.6017039903888008
-1.3650142352040424,-0.7512637811809804
-0.04827504567405716,-0.10238470624190739
1.929850616396453,0.9210790300039
0.9910927748154723,0.46957085767721696
1.2057167311076207,0.6316318519756183
0.6913066647515959,0.18890164828599357
1.813168123356453,0.6894719006225537
3.3934977479006045,1.7705850778120251
0.7828332528829695,0.4459512232012749
1.1448965261626092,0.48106313680594903
0.689390113044377,0.4193028660797808
0.6797471924239818,0.18861567178591668
0.6637493951400393,0.13060520414752497
0.837792087840773,0.6878521962342299
0.8102327199735238,0.3916389097826696
-0.34378846500106397,-0.18494620933976735
1.6570251633045403,0.761274891644985
2.262031180054099,1.2867218671633207
1.3411939937379764,0.5818296426101138
-0.5613696018106589,-0.2101794207357603
-1.3386007067437395,-0.6732926902955911
-1.1389197345936195,-0.6678513978471117
-0.3193940832037147,-0.2990755355419836
0.17125497812166857,0.17072546735628003
-0.772239406763428,-0.26848685241739867
-1.5074577013544423,-0.7012936409593279
0.2912952332412927,0.021825154632691246
1.1469957958325387,0.5469581690346089
0.24364550413200287,0.06238636186766847
0.7043701010365253,0.2529549991677134
1.1632902766332627,0.6271538504450213
1.8544389625812783,0.8763547358289234
0.028449239617661326,-0.04989602208164148
1.5268144976395406,0.5731443811508307
0.18779626244009795,0.07957215273083504
-0.1948677098447682,-0.11192572224003038
-0.0032508252672686644,0.11915910947330505
0.9513336628007154,0.35022495358600186
-0.008218325674439031,-0.14364215653303034
-0.16690537914416922,-0.23143280677426958
0.6340944252423211,0.4220942426799759
1.9305549731120428,1.1644381402437338
-0.5970204909961242,-0.2716800349609085
-0.36314612260006013,-0.1275232094489423
-0.21369157494392263,-0.14433829147016308
-0.7982967225943324,-0.40031453557265856
-1.2925696251061298,-0.7474852513862
-0.7609619798697368,-0.34969964186084673
-1.0814625499191952,-0.6548096276296704
0.9999483664597381,0.3624403721459478
-1.198597760268079,-0.7308958599497803
0.23467785234624639,0.0733151384124821
0.8878311568400491,0.5460321641973499
0.46360482578441964,0.32611090549906785
-0.3055111726131723,-0.12966303941927215
0.9244944607404906,0.4920368405887105
1.7490861980663812,0.734576590881209
0.06440998979866552,-0.1391085721161942
-2.5834366567943166,-1.3401110813840025
1.6800101054840821,0.9731767098946702
0.6546838077122332,0.281829911599112
-0.21007851322541615,-0.15569638267173774
-0.11864136396448267,-0.13204380926078507
-1.2968976123242646,-0.7517677291020101
-2.91301340983453,-1.3695332864485366
-0.7840977572843614,-0.3033364954153639
-0.17889968172002768,-0.07551541508397575
1.5413642537064782,0.6435253547000922
1.5740495990838808,0.8215434090391712
0.643705333533068,0.4927788295279482
0.12986791685240845,0.08595769285095532
0.9955729606373404,0.510926266443585
1.3280185377045273,0.6112789290717278
1.0498043835769637,0.5456686890269451
0.7095378325718322,0.5060887500355575
-0.4116567939189346,-0.15110253098624213
0.12019476740792828,-0.048789198560691485
-0.6796887436746987,-0.40986273203584106
0.1301366376270997,0.052821897168996344
-0.2897465793723686,-0.10267656387751051
0.48334652525322735,0.35762157766171165
-0.3270572936190409,-0.18069720386432625
-0.09313387599319325,-0.05917013700359716
-1.0740931387435222,-0.5426936882491799
-2.616959231795534,-1.3658460152864367
-0.5431961891749747,-0.33285802084497335
0.35333348060524467,0.3238806348648268
-0.30447995387520066,0.009847982879799433
0.5052957985130209,0.14483564276991906
-1.6225192780379025,-0.680773037173877
0.9098040778521509,0.5853004737369987
-0.895643932896306,-0.5553992964214531
-1.295831916286709,-0.716347921749477
-1.2982991366414922,-0.4987053259416264
-1.4300785500516686,-0.7386992543380898
-0.5370243363991885,-0.26939223823600655
0.7115296200106083,0.08883630154355754
0.990222177324541,0.503421023192481
-0.5734408393181025,-0.28739957543865885
-0.05888672760896524,-0.04130073270655246
2.0543953038228757,0.9221154195038981
-0.9759309053589306,-0.5728464592328182
-0.25078568700096376,-0.18624958673183165
-0.297437856051219,-0.07676665083387803
0.5620847817836676,0.46516616875921446
2.2897123196140887,1.197110131852753
0.3501876375090803,0.16549407653522663
-0.4072757084846788,-0.06989021015137084
-1.2536192994029869,-0.5996233752778869
-2.1477893742228447,-0.9694247401330529
-1.1165367410152232,-0.6341728143582566
-2.2832674992537223,-1.3485385918933535
2.086842459384851,1.164016716600143
2.4550460107226453,1.1974941137648927
2.6347857643063186,1.3381746595118358
1.5888096075695803,0.9124454043479128
0.12042156180289809,0.01845976660280787
0.19203954935444528,0.3053605974605599
-0.6753391310641295,-0.31483472229026943
-1.6623450888793065,-0.8549060979656755
-1.132437668468179,-0.5848876270221501
-1.085284968339776,-0.650201948796736
-0.29223325355665924,-0.18509128272026382
-1.6987492847695171,-0.7494434687673921
-0.5873510528803104,-0.4077347927604495
-0.051865646089833684,-0.12753675592624464
0.038370751843531524,0.01141037539895843
0.5410820539185858,0.3787402745859374
0.010948393089410147,-0.09968030937297936
-1.4099241317598294,-0.6824426426695525
0.10811163461883166,0.14427760902654474
-0.6378428539986067,-0.2554626731603214
-1.5044956954463613,-0.60265948526443
-0.5646191297150701,-0.3017782467549265
-0.9267404778999515,-0.3656279487973122
-1.9933251206836173,-0.8903148699805565
-0.13924073800301218,-0.3084327870316115
0.3596147400504717,0.03575698992601234
0.039161143771089896,0.13971015454861885
-1.042334115199483,-0.697288530368494
1.5698390524061792,0.8152651773720211
-0.39604327337691103,-0.30126964352393143
0.2850364448490474,0.1189387450123539
-0.1368966662837119,-0.00783109831186881
1.9195399318628805,0.9673436560544773
1.9237063968351893,0.8788065064999151
1.4032658374375924,0.8109687424626548
0.6577217831674573,0.17493103930992793
-0.658952361352227,-0.4231709884395926
0.04829878131897908,0.017385881180951406
-1.1177109536031575,-0.48970194652171195
0.4264983380444446,0.20816634776962797
0.08314879327376112,-0.1219358646674833
-0.8917270313467428,-0.2947734083696071
0.7803600829923069,0.49184151210565497
1.535160868559505,0.7521509322904861
2.965259851988636,1.479846276643832
1.3310596368310286,0.7390912865514333
0.503974448377607,0.31678026507318385
0.22795379713036018,0.15171693474725037
-1.369172774664869,-0.7588199005211562
-1.164723226222744,-0.5565278296080337
1.0595832360437494,0.43365396349538643
-1.5843232037513233,-0.8075267948631235
-2.6333143010237396,-1.2328549340797526
-1.4161006837305687,-0.5090728109557119
0.4456971035673001,0.275381614848864
0.08018288704206669,0.17765557139574267
0.21070029894426287,0.10187755558345687
0.0063376043689407635,-0.030242491064796914
0.3432026846092407,0.14238140191415904
-0.9584769764088497,-0.6569189605364372
-1.9765027970633868,-1.0112478451955635
-1.9667828321799488,-0.8371078508967169
0.7404996144389809,0.39616856317910953
-0.1750502208641887,-0.19478823036281856
1.2176081335355433,0.7694427296410034
2.087446740534133,1.1033443846801065
-0.18582025558270876,-0.2682944735313607
-0.20294149070593948,-0.11674117195125373
0.17694355288576422,-0.04913182728264741
0.9740533553592814,0.5010649733373836
0.14662547410859467,0.09624748446013089
0.08578743404361887,0.03985809251548699
1.7241231194990752,0.8285230651057403
-0.768634379102107,-0.3307389102094306
0.5922549224102631,0.15129750075569623
1.4630893060675052,0.5812960675878126
1.2872605803933417,0.49034436418169713
0.7847670242417805,0.3605955295138863
0.2550232766416577,0.0193884810985189
0.07197688035228701,0.08002829345258397
0.7514901995146441,0.24415484641357113
-0.5147928014007601,-0.35715547621541205
-0.2710375905618605,-0.05706240071016597
-2.5967288244683435,-1.3632002509521346
1.0955931042490377,0.6374220892203729
0.15089273296389444,0.13718185164086333
0.10697904307645534,0.08587088274281254
-0.5531909094881888,-0.08168182538935029
-0.9817570800281419,-0.6105634363323169
-4.050942794851168,-1.9363185156841536
-0.016844759602995252,-0.08254100762626936
2.304590722929834,1.3019709525751804
0.2314801555264655,0.18491665639552535
-0.8339246091945189,-0.516664373795542
-0.5340603960738397,-0.11782533379472329
-0.3802086765246567,-0.15505228542372748
-0.5900379158417711,-0.20993176270319985
-1.0620455467193655,-0.6085944951349063
0.17260679585029104,0.16340340133174913
0.5659046428222478,0.2931558657444469
0.14157191848175738,0.10717478998420096
0.0940290016603364,0.23444628715841084
-1.050798184073177,-0.5710203303670085
-0.1145792777459696,-0.12104765107618155
2.4978215992171946,1.2431332396469468
1.5982035443888494,0.880539432539335
1.3628110714229698,0.7097190459475887
-1.8149988793318848,-0.868593359888123
-0.07921993787820913,-0.014176896262650077
-0.3985989215171976,-0.21024848653740386
-1.9819250247747806,-1.196213420376651
-1.5657867214451477,-0.8595830640617221
-3.6596776900092634,-1.699609224682835
-1.3429821677661578,-0.8506023910292667
0.5708669108437225,0.20237129212981397
1.3958071994753558,0.7418645476103285
2.3803087318174927,1.3338827608771038
1.1371473015599436,0.40973208409583406
0.3936226148070975,0.23530745799407032
1.4739859345863773,0.7238441782783649
-0.5401017587088413,-0.350317681144894
-3.0989734342863073,-1.4321342149265104
-0.7803451149260902,-0.37609094156926737
0.2623844784042194,0.3033685662608238
0.540284994796254,0.2167469603700673
-0.6352296119126202,-0.21874334038068477
-1.028603552841569,-0.5448402669043723
-0.18242400050035013,-0.14803028985638447
1.035272219240286,0.4875740243974887
0.9533621343069008,0.6090321942516399
-0.34683215858687355,-0.23761918413130156
0.08744341283628615,0.026526686487967733
-0.7463595393132115,-0.4475315541400063
0.17035021176527743,-0.010707471231460972
0.480284927737542,0.1995635787175845
0.7163644245773095,0.2890024761155541
1.4025949416363477,0.702149926205621
1.5136662511736403,0.9333254863691609
0.8052938732307112,0.5431547123887877
0.8049413005343141,0.25499915911459153
0.7341428917257298,0.3210856361097704
-0.13497940808925557,0.008940406220008287
-0.6178496507516762,-0.15962772005149362
-1.4399685367230863,-0.6623690566807476
0.6362319910113863,0.1707114554020441
0.7355003543128269,0.37444533713258504
-1.011580718907858,-0.3839148154153193
-0.24021319195255564,-0.10461830448495862
0.8456158419229644,0.4349904297562873
-0.5843758345699348,-0.063126672422738
0.8609416384038395,0.6082826951504186
0.848552782233218,0.3557516497683253
-0.445234120314448,-0.11879594550997351
-0.7684889026119981,-0.4536869479325409
-0.33258114535715194,-0.3894629873648647
-1.0291199850183104,-0.7089656799638407
-0.7594363711617521,-0.472938910960716
0.8624207648615699,0.3486687159619014
0.6441169940134248,0.19167870174452642
0.1787950469437516,0.024222061372070655
-0.5291016943850148,-0.20002971486055926
0.01583192955071694,-0.13015052744154992
0.7384790974030996,0.33044351557531093
0.5532436314335534,0.20229463319006885
1.4258689171205636,0.7490307518829808
2.2991869646427094,1.0613046932510435
-0.18179189369338533,-0.02382654372341976
0.2520162117917855,0.15358839624955145
-0.20029058880904715,-0.09191919747066021
-1.3666205979319548,-0.7222134403440216
-1.3185656023554833,-0.5933429488808432
0.3086224392635166,0.12797042695528307
1.1998373493335808,0.7192186462069603
0.3864826301752316,0.31933214578667035
-0.2619185305048172,-0.08281587863475215
-0.11195143764563407,0.0496780568091811
-0.0518329829746796,-0.07181567127659604
-1.3971379824012191,-0.7603292074726259
-0.7812049851583537,-0.3924042701033507
0.8088978733108123,0.4388362196429903
-0.07448669774255223,-0.013078222789887406
1.3360726315084819,0.7851398947353896
-0.849399996481705,-0.40856850754032187
-1.562523845096182,-0.8600696234671497
-0.4006167256143446,-0.17733600948591252
-0.7210944631111922,-0.35711966390263267
0.17691132005498394,-0.03563676091496612
-0.5653848322494265,-0.28591456852528585
2.17645568934413,1.0847065034041767
0.22785967006076824,0.15852621066617936
-0.6434929321065085,-0.33671715671917596
0.7367879389669181,0.12133805967587138
0.9165268259375174,0.4762928300507387
0.30262348191411687,0.013425556612682105
0.7397038377576435,0.3832291557830255
-0.33171892685698773,-0.2007930057167862
-0.7379038067564839,-0.41174886583044323
-0.9081550933732137,-0.57493775452869
-0.3200600810147123,-0.19997074511223428
1.5977774845171773,0.7354475505670953
1.6263476274412734,0.8525065800175669
0.9640955093553292,0.5169499424228922
0.726256089685487,0.46661801885963383
1.4977174694469513,0.7703517192005315
0.8041262383627688,0.3679085293988428
-1.5892252660847863,-0.9856840367354872
0.8419121080836037,0.32423785625060186
2.3803079062711263,1.2540596736568894
1.5057431815693847,0.8408482528530709
0.8153913252871094,0.352254522576292
0.06381239058975308,0.1620848658274188
0.042782416387243755,-0.035629157933321914
0.9536599140934684,0.4676655540932325
0.16349254246241207,0.22705901132334946
1.1434558371130847,0.48735372079776185
0.8380209694104247,0.4528675849655333
0.4628979540250306,0.09633745855981704
1.542939315447603,1.0670489447088536
2.1088126428604506,1.0772257196746462
0.15323304847463293,0.06538558978239051
1.3280366579863543,0.6874205456603852
0.07438122288560134,-0.09758604171672067
-0.313274131728977,-0.3435573516281493
0.47088789331040737,0.14070862954303232
0.0639010592701671,0.12667982979313447
0.4985256820557985,0.40714470745956377
0.3533861498019329,0.17758571482251806
-0.779139666810891,-0.423629687560752
-1.2751692589159784,-0.6197010735592616
-0.8204368455088068,-0.29565353182148424
0.8994945349278711,0.5480974073641143
-0.8275765130538937,-0.3373356349064128
-0.2159352296232605,-0.2577231286912848
-0.724825756980549,-0.23792180040105504
-1.0811104288794788,-0.5163150909651744
-0.26186742353720815,-0.14460050860587348
0.07204889232102743,0.07834289090932876
0.7356254889419377,0.28662487334268355
0.36196794957401845,0.2301472913992979
0.3807582029203284,-0.037263671955640426
2.2628402594408144,1.2223132548560596
-0.5857968537581726,-0.3301718207963511
-2.00273522900823,-0.9909824422398253
-0.9658523932224213,-0.3163642132351491
0.4733079161125545,0.18818891060471427
1.81810007692091,0.8974418500884337
1.0640720674652464,0.6889445457820839
1.4461601302484872,0.7300019050736445
0.6259189699961413,0.3787234706482443
0.6135827316553284,0.334428620326287
-1.092495995898242,-0.7269305903667208
-1.8983461333526859,-0.8825201897277278
0.6837111405492098,0.4817202502842342
1.8002016985524567,0.8881818244875251
0.6512339798343141,0.2840959604844041
0.9913543190798377,0.38923706225689
1.4457558176907856,0.6632874338051927
2.824484721885649,1.4879603089781444
-0.2536139910458419,0.05352815835338265
1.2868454015113777,0.7136631751014064
0.19704404990019642,0.044056645408876334
0.9065430566527705,0.579404049379597
1.5949555301096683,0.8193443033429082
0.9208648100944691,0.42752381065813
0.4707916156983887,0.1516298814970698
-0.1235683453335939,-0.066884380523435
-0.39532603783682446,-0.05806318770362659
-0.2617484105916823,-0.007765004774888562
-0.20691273211854483,-0.15063955602006304
-0.29896807772319456,-0.19729829985419073
-0.3867781819242479,-0.12491557515792523
-0.413867151806941,-0.21740512315938884
1.3920460478484558,0.664016055075773
0.0860430865866002,0.0691068386386652
1.5050810798157803,0.8411278124617698
0.055407182918965736,0.08666845324168479
-0.27456310251959753,-0.16905622013832022
0.22472124259858908,0.11969540982561835
-1.072295895635376,-0.47823888656830343
-1.3142066992350063,-0.8139810071262398
-0.05791005340884059,-0.07826183287276184
0.015446861144924953,0.08823700534441412
-0.7436606450208011,-0.5322205684129885
-0.12022562036061069,-0.032479505826398414
-0.6234055979647934,-0.32125783099402416
-1.4431191736799083,-0.6677602348995221
-1.3241965713871287,-0.4693501606479516
-0.30476911611438323,-0.22532657444387716
-0.07895542562720478,-0.01104054525026494
-1.201162508185754,-0.6040206970477681
1.0765712243726935,0.4111304591000918
-1.0925644558134548,-0.6554525560553706
-0.6438009942469132,-0.04998464185533741
0.21262710206377522,0.1214705028415026
-0.20741309088189616,-0.05282640923846644
0.790905138292079,0.4209718045348288
2.27978894736847,1.2245294067423655
2.4620714073831595,1.3158690696454378
1.2745925134515923,0.5169389848169882
-0.5252431805173612,-0.1753950455202124
-0.7997645059920774,-0.28992573900570334
-1.3947648961395367,-0.7061372315142928
0.7303060749590736,0.2341567455766277
0.8627817565316658,0.47638947256894193
2.515541590000838,1.177140700107394
2.4760621233417996,1.0612965424017253
1.2478298573163997,0.7031952531729677
0.5644938194339121,0.454909862007271
1.720749284911646,0.9291702091083952
2.0471829433791062,1.0571718844730984
-0.05335844866023021,-0.14605910237439634
0.27757382246635054,0.041215000605173094
0.3246561036023229,0.22645232252787706
-1.1480582541272324,-0.4591839496546715
0.3611367480948101,0.18050852797651795
0.24293875067387824,0.1415589745848021
0.9456587587833728,0.4354036733501577
0.868076626873915,0.4879381885086283
-0.08283941292949504,0.04066224084141956
-0.05899428353770268,-0.07036032107202705
-0.05154901519962919,0.08234055353270814
-0.03845622042455776,0.036360521105602873
-0.02117989441640975,-0.00475492363323997
-0.6722396223963574,-0.3775851609875237
-0.1640943454569609,-0.11586432304289004
-0.622295691160474,-0.3608797535184431
-0.23323149627742815,-0.24791805202430545
0.6104980656903669,0.09143895023080392
-0.028094528092425186,0.08568598395361374
0.5523514385999482,0.19481957170660769
0.28544653129115044,0.02622951592317474
0.9410386187241776,0.5252583484402961
1.7371183712962646,0.9487557696318047
0.5055264789854468,0.22030097675036184
-0.702164558762958,-0.5246127965837137
-1.3070589509824537,-0.5945077999238119
-0.1952849484603164,-0.15793583791017513
0.8819827241583122,0.388634060635615
1.2026182871969766,0.5309331232256419
-0.17558630553989663,-0.2441032007212409
1.4980148787513754,0.8929162822742585
-0.4026174527430574,-0.1585764407339602
-0.8026645805873425,-0.4787040404704749
0.25151681350192473,0.11188498254422936
0.8568146394185147,0.45410879617233746
-0.8655283942784942,-0.44008196514555126
-1.122585688761456,-0.795774408284518
-0.6816831240049286,-0.2691397828594696
-0.70479720939459,-0.34351721162461607
0.18434473795874523,0.12101357983389752
-0.20854434452839282,-0.11301526355491252
1.5256859233811,0.5173064575165813
0.1628991590617126,0.13293210038957226
0.22900476327309005,0.16863335320203116
1.1597584290152367,0.5784189574023489
0.7139139741574756,0.19311635077666736
-1.031199348247375,-0.6297498990973877
0.036509938416848575,0.01891591004343469
0.03615342418385378,-0.022628873132442405
0.48194972653823875,0.1321989095030343
1.3665386884143282,0.7787710384275626
0.251657161092233,-0.07429370106270297
0.6914103826366478,0.32634621601477815
-1.2806087145186185,-0.6415111632432449
-1.0499716103989278,-0.4461553325428075
-0.1431416714398639,-0.1087316041999424
-0.6915023942579089,-0.42747591540304175
0.46267181981797834,0.20081369920177433
0.34424714231056514,-0.08624770554567288
-0.3694504788763934,-0.24785429393182157
-0.21381036953925783,-0.03076281284302161
0.4107495824430205,0.2988349426027006
0.5246901309320369,0.2878670358509569
2.1316697102362836,1.1934242049976627
-0.19648156145458306,-0.0978597983467121
0.33691913563761317,0.08198364869941907
0.8450494258657979,0.28176898173280074
1.8122403275005596,0.916207420462791
1.4976576518792672,0.7587223751223066
-0.1458627276109168,0.007450332610034013
-0.5849046165312066,-0.1937115822552297
-1.1534327441569747,-0.4910563134649767
-0.10631506137190466,-0.31293813791319647
-2.6986568608705737,-1.4308290918373932
-1.9190854874132732,-0.869782252664733
-1.6712988525393073,-0.9744711397473302
-0.9560132081448682,-0.46441203713329854
-1.9916649710540755,-1.038278329685839
-0.35485835176065966,-0.16407312650713549
-1.2804148351816464,-0.6425167902235172
0.5232035328571955,0.25372762263543286
-0.19289190518280308,-0.16970434284491687
0.00027069523846195986,0.11222512300603735
-0.15474568175450434,-0.0659385257490038
0.2531813855365677,0.16321320076639484
-2.2818387643787794,-1.2637135885425153
0.0389079411726585,0.06803278525001011
-0.00501343867614424,-0.10309911686822332
-0.10270400202670261,-0.2090324135186155
-0.6184570549850337,-0.30530800654470835
-1.3677163950677238,-0.63538221020428
-0.604321320371442,-0.24889175509759953
-1.7935106802348675,-0.9062111109097579
-0.6227227331454214,-0.3619250462345096
-0.7285661037004724,-0.3218900063155707
-0.8683570282482732,-0.49379291764022504
-1.637391212443458,-0.8390809590323527
-1.2233635992264853,-0.6723653800214673
0.9373753158818373,0.5021304443514607
1.0257311767980821,0.5563329187328488
0.16675972539427342,-0.004310496449968448
0.5703707237717324,0.4554422349570949
0.9295861281463542,0.32029637104059727
0.07337844501735774,-0.08356084082872119
1.6578980954158644,0.7818445504921435
1.2520426833790794,0.6389116766378076
1.6312821331211813,0.8715852924713887
0.7895442567486809,0.5711996192657428
1.0957494499195626,0.4865045741346847
0.9495136133246599,0.430033756458536
0.3322148916888904,0.05224299522247389
1.9088061849067952,0.9418765264757943
1.1979078762289013,0.5739433748565916
-0.3453096912041156,-0.10491851525459002
0.9366860947705818,0.44128215071548027
1.5947355759989688,0.9087284835720187
0.7693067224174814,0.1605414426052982
0.30891151211640727,-0.016289548792357222
-0.2745669523945258,-0.05129909650345116
-0.4504804862382511,-0.05836511922029888
0.22108966984547457,0.13957042026716265
-0.8160876603389595,-0.34788694176824575
-0.7447079626475541,-0.4095098436577649
0.010916476173414347,0.059034082495297235
0.538143518001035,0.4294904289545891
-0.1473398684021412,-8.778970786341156e-06
-0.2074309674835214,-0.023085967777676852
-0.10601474615534259,-0.08088124004335727
0.7811543550346483,0.5548179470742634
-0.47247968147697117,-0.11964908172580768
-0.6505630633054129,-0.3673991588362856
-0.7699226751203248,-0.45473425896422215
1.138638795805357,0.5214529364782406
1.1150384972500076,0.6495337971931164
-1.0779565621987848,-0.682848852421648
-1.0087064843966294,-0.6982522547270026
-0.45264987361883813,-0.22502547427154126
0.3292971303009006,0.10852324159704418
0.006244131421698773,0.025260826397764995
0.8169384317211766,0.27989110614875456
0.7207224642852695,0.3564974869902795
0.47600594238144117,0.30602792223775077
0.9265337479760101,0.4701783444256886
0.01738894244124667,-0.12311435986193708
-0.4375432924983635,-0.3420803309320424
-0.44995610405157,-0.14891501998431617
-1.2310249254585741,-0.5874732179090807
-1.5657170596535939,-0.7450626517153668
-1.2326591358649541,-0.7736966841708556
0.7249995456085222,0.4309027529990139
-1.4631527281818628,-0.5805953730161466
0.931073792271941,0.4173663562586584
0.6830602647379297,0.16192828842910115
1.3612850469919868,0.7424504848415501
2.10120580735514,1.141810230412898
0.19013407019938333,0.04534127252526192
0.7469461630955168,0.4574058987322153
2.4336052781213167,1.0811414935958608
0.5514768769352967,0.24476940119020657
0.8785966639951017,0.4355232169879153
1.0323202330803576,0.7187010703294324
0.1943215956978822,0.07073853058798447
-1.535228382862043,-0.7879692491004803
0.2981451723931119,0.16220182610148018
1.0723522255814621,0.4360317313981501
1.0271080850293326,0.4451900833181103
1.2162162185854688,0.6091795741278505
1.2431338563253713,0.6572631630984644
-0.8582581622286972,-0.38242842503108604
-0.19831348068609156,-0.17448448981049156
0.14239723617535174,0.021192429455922493
-0.044197656594462065,-0.15680181699633644
-1.0261472212723024,-0.4694254335167816
0.06442233896739546,-0.018272427362758692
1.1439866560681164,0.6763070936236827
1.7408777525933856,0.9734697269158744
-0.626796526813442,-0.24710386491269737
-0.599538821263514,-0.19367199842663546
0.42420733394104704,0.40627710301417486
-0.2329068954386006,0.04381930679801563
1.3989472203621016,0.7216200217829056
1.1123906534232826,0.3482000145031823
1.790770303805738,0.8685321881901645
-0.15364384786462926,0.03257225114965316
-1.5225335750498052,-0.6786332717194904
-0.7656639238420727,-0.2180049704000999
0.282139644391036,0.08330353000282631
0.5780199488669222,0.30531824652981254
-0.4052443941639247,-0.2374318756564205
-1.9056346868443514,-0.9067505771059666
-0.5775937120224789,-0.24409409110390995
-0.654734289588039,-0.3869773875901536
0.5357796796808132,0.18694578265666828
1.1906405840384042,0.646559599483765
-0.32415959902742686,-0.24552307478773822
0.7823672407787197,0.31030779422387167
0.8077281192324735,0.6189282739081269
-0.2930321157330589,-0.08375888995097863
-0.6595445021903047,-0.1685066607536772
-0.7586658851197552,-0.30120293687407396
-1.8117683769948945,-1.0078591194058646
0.3766553604529329,0.24571190244521443
1.2703792080940097,0.578664463526978
1.7421342988492534,0.7705141934226866
2.57894452835021,1.404975270502856
2.3531037131491344,1.2202899982936781
1.9048289672348022,0.8727231653181311
1.4379472242784408,0.7367330445951422
0.2984542781417028,0.20953509403091847
-0.14801129691152287,-0.22883432916807517
-1.3559341500546573,-0.6584646327167053
-0.09480833723413118,-0.054783066409519895
-0.6917541728984908,-0.1875775208598337
0.0644740209215185,-0.07810494054579435
0.30220704006867155,0.18662820958122828
1.4495863468159325,0.9326377780874533
0.7472281890477218,0.3889395497519553
0.8181931561160191,0.459182620628226
1.2713120616247986,0.6854067429866846
0.3333356630818518,0.1351098000310406
0.26275272164715135,-0.03411380789900159
1.184040096873668,0.39888446304941827
1.755135022076893,0.8044045961876598
1.6637366504015727,0.9030504209970628
1.0470914470872317,0.7091619585553477
2.511556451617048,1.075279195227108
-0.4933697458772017,-0.11788669525246209
-1.784299057669847,-0.6901336855352933
-0.35009402165772047,-0.2431082307680666
0.14385582791269985,0.020907910995478153
-0.0959049008708591,0.002592919035854138
0.12680351932978298,0.10046756518790528
0.8685866231162525,0.22323191396358716
-1.2747632463981793,-0.5436554795818758
1.5392667002967273,0.9090516533359785
0.784609463298647,0.41383659433977354
0.6606543355963728,0.33115036445403845
0.9630692694671399,0.5678423636538947
-0.20742756187918876,-0.09001006996034705
-0.9294430369193454,-0.5224184920192296
-0.552891809029276,-0.3088490629612585
0.10905292035263803,0.10246353103437045
1.0644863867349323,0.7275146282870029
0.6908220437186089,0.3035463888720211
-0.6499084374323854,-0.17588661804493472
-0.6055587846325046,-0.3057640747919629
1.727895977740244,0.9591262342936784
1.8213807769791517,0.8844377321315823
-0.6326596691323015,-0.14702753068546068
-0.3576402393189645,-0.16983949581396773
0.10299683509071136,-0.11952788718095485
1.0962761246306554,0.6510591581885251
1.3931123402105596,0.6805693910236681
-1.1024684039447772,-0.5273160832828457
-1.0626040277442947,-0.5997164866130468
-1.624995421983531,-0.8029587401285473
0.3412010622770628,0.17376255270832439
-0.2827618279897307,-0.2938289724252302
0.7440966325828884,0.18759616967964712
2.683746797752202,1.2477212624547305
-0.5281691988262153,-0.3408207606417903
-0.44054821046456005,-0.239515980222075
-0.8933872689899572,-0.6479463671151786
-1.5231700679444669,-0.821581328366749
-0.1488094304209644,0.02039444872115534
1.9313256630000817,1.027942241373019
0.3049072122356675,0.23713907386864486
-0.18056311838223396,-0.05262866980846671
1.5518150397275907,0.6414812694716026
0.963200303740418,0.6524649552421222
-0.7721725023465743,-0.5364849129347451
0.9639352570879047,0.40617560499662775
-0.18557454629900516,-0.1753930308170693
-0.3315034774017771,-0.16934512479162941
-0.6895213271297662,-0.28914450371510064
0.9685534417014056,0.43287559563151934
1.6656334572713072,0.8680227486297014
-0.7923118565306452,-0.39346549165187183
0.23524348692468228,-0.13757907534877742
-0.7469802369557462,-0.4152749268333503
1.349022495625876,0.681281330526368
0.15104500873202054,0.20809568230560957
-0.8574336129442237,-0.40210668625532825
-1.1547941116723588,-0.6140366852090933
-0.21198003842221658,-0.09147145798133217
0.20225927700704036,0.034789345017374726
-0.29908925735578085,-0.14760472912287717
-0.9537074807680518,-0.22443483555852817
0.09449828986976039,0.06090789404429668
0.8502819398718313,0.47073657244202005
0.19414622922012326,0.17247080969440765
0.6922028268369166,0.3415297674708049
-0.9440241901873588,-0.28319552602350423
1.577463591905712,0.6729820565349164
0.9881609133519311,0.45346817501945025
0.18166460860284162,0.2896661059738273
1.068466170475256,0.5418594085606862
