0.5415297860280387,0.29349399420045913
0.10804162210970233,0.08561318944771557
1.200620659222502,0.5215826240869946
0.661014801938838,0.5057094420882068
1.7003398358602526,0.7934677018495498
2.3285102775563065,1.2520953702841737
0.10601998173960381,-0.07307969063581801
1.2411449845387121,0.6399188084755123
0.3558326947777989,-0.03905433208162959
-0.09632975281817,-0.12096719672206029
-0.9618714151235684,-0.4794702593020114
-0.30896360209812335,-0.3216748066134465
-0.025797118233768512,0.10676007072289473
0.24132542501955573,0.14469333070307092
-0.5518286989105166,-0.1716812999774191
0.3904619715093442,0.23718504384043876
-0.8393806762946076,-0.3747894379343754
0.03569707605739719,0.1641914545284213
-0.06585794030671252,-0.022961929538765444
-0.6911057510844907,-0.11485082430681859
0.35702316151450136,0.14776656072830624
-0.6496796472041075,-0.5524755253537112
0.48116140298685506,0.32898126182833876
1.535572253405411,0.7405277250475646
-0.5471844850978973,-0.1431608231374361
-1.6221501370877278,-0.8600602832693728
-0.0026478709277707457,-0.017167609533292418
2.8800548052643173,1.4604593336554392
-0.1412449479807908,-0.04342846935915491
-0.3862346318145099,-0.2635400582185973
0.6321853455301389,0.3842220204504089
-0.9513012064592147,-0.6040167124699596
-2.0076799083999486,-1.0433437146238844
-1.5773178147724414,-0.9176400865221712
-0.967924898735593,-0.6117328236538666
0.970926183930259,0.34539427536848516
1.654699690212384,0.8573657874913357
0.6590261455174629,0.32130476974590305
0.7019233218703502,0.3127311524671272
0.09937712624343659,0.2138978679721272
-0.623318644124965,-0.1857928137611426
-1.378223733749931,-0.7620041142537893
-0.9844333530230278,-0.6882423313152624
-2.3753263036712067,-0.9964628244523961
-1.1040782209084974,-0.4918525997272177
-0.761755264892775,-0.45993407210968457
-0.7840644510887684,-0.27889435833160264
0.10910773598450912,0.21885885058681268
-0.664842850737836,-0.3248240537153806
-0.7261268140720013,-0.24489602749426942
-0.12898737717760927,-0.03834404172209044
1.5143732119501512,0.8023283145350191
1.0653486798570373,0.6235523103554059
-0.4729025595420161,-0.34620133078946935
-0.5818762290800239,-0.3085018011059402
-0.6066707047326523,-0.3061241738755866
-1.01263178595404,-0.4341407335348663
-0.4888088745353019,-0.0879104252175048
0.11273160277220196,0.02285271657382138
-1.5600786713650803,-0.9647761814372635
0.618245105599441,0.518690374704832
0.07927381774983838,0.07543425117583319
1.1223087403172893,0.3370319422025746
-1.3996467399104087,-0.5982871349977723
-1.165596240639961,-0.27059183033411355
0.8504285362652456,0.2350662810237377
1.299993675395706,0.5247689537631677
1.1517878754858286,0.6617979116623771
0.23071441316487118,-0.14206028443364394
-0.8020123795098921,-0.5416717288365489
-2.4843377288601385,-1.324254236031674
-0.88561522735177,-0.5195156682931693
-0.025598648593042228,0.19130377656213718
1.350117342649464,0.4794403877932188
1.5186234623900305,0.9997421952237244
1.4492662012897632,0.530888106287634
0.6376523894677304,0.30954805475967045
1.6674382134841625,0.8217910865898487
0.8713408550565195,0.36634846757213857
1.8381102674444465,0.8855552520531219
0.618156041355653,0.30641943278499423
0.857928371442697,0.27234975347037926
0.7574661740523894,0.4206425434591241
1.1012040039901163,0.7336301736102194
2.3073165424152617,1.1671314330851108
1.1438949125745295,0.5845477847379538
1.8342301554126528,0.9269653748694564
0.9633618145490578,0.5352902594107045
0.029136380654172234,0.05561798081542132
-1.2979444430091063,-0.6139241319463836
-0.4436106996718333,-0.25958636312152655
-0.4277829917570841,-0.22636066173449987
-1.9907816372282765,-1.0976137406355626
0.7074428572549255,0.4693710973886548
1.5934989371009527,0.9807810587976505
-0.04957940372777381,-0.06813908184551404
-0.14235207479516,0.03323530498397553
0.40060366049861423,0.239063875271198
1.1353453087710972,0.6497337291303854
0.180066394507995,-0.15186915090424308
0.8235179299219167,0.6108738761666201
-0.27071875874080786,-0.0986741139961351
1.073871168349736,0.7557028399070843
-0.032053936588077536,0.030614333282621274
-0.8909215044412258,-0.6066737573368277
0.9498362912743585,0.6273571338885008
0.156642995692848,0.0024286938426941185
1.7257356577141336,0.8627148682273807
1.5978436747317186,0.8920261984317092
-0.5832255870353301,-0.22039381674146294
-0.8447692006005701,-0.19207633521896209
-0.9822963044639408,-0.49306611919814625
-1.1512922569286808,-0.5140643572216026
0.6450757926562103,0.44932584684336485
0.4880527990634058,0.19563383133618706
1.4724642366108924,0.8578667865155785
-0.9722315833140641,-0.5150791579714623
-0.3138325968053779,-0.39056747807885694
-2.103755084720234,-1.1815628119538881
-1.1315545926880128,-0.509862327325298
-1.5255778514734728,-0.7027776780207698
-1.0582479251522987,-0.7199804951699086
-0.4398520233705064,-0.15361525539832388
-1.7450732037663994,-0.6310905961628255
-1.11026702614414,-0.43487347589062997
-0.9937918541454116,-0.6050549665181528
-0.6586736265758992,-0.2828156232470924
-1.1481287944535115,-0.5803187588898308
0.2580749405846834,0.01833220472642806
0.6550830949629691,0.3693697615126277
0.018594152023209132,0.02865774430259396
0.2867392567911894,-0.09624507561679752
-0.7185830555835344,-0.3740198054349485
-1.1450544055505847,-0.6446114126731874
1.5066562964616521,0.7086891032385059
-0.2153034188775108,-0.10590496371279808
-0.4106985258017021,-0.2958252438240333
1.1711686786503535,0.658798398803279
2.041038483044456,1.023197013717964
0.852540639274968,0.3968051245018763
1.4833556225797369,0.732504555624256
1.6238069211138288,0.7638419974569395
-0.10790264212600842,-0.1586560010480152
0.8232000195156508,0.49124100838901313
0.8160453996476653,0.47787627009501427
-0.47477364071880535,-0.2398179911777058
-0.6944715778227725,-0.40476274795074696
-0.990890686262502,-0.547895658387141
-0.50436883405827,-0.3081552046140712
-0.8965124815751468,-0.3157637608388507
-0.05025588545138676,-0.05919940612462417
-0.6285468303902303,-0.49695108789601794
-0.4681888650710689,-0.20115849903595706
-1.475609555612729,-0.637847870927813
-1.6403702093159627,-0.9548283633046604
-2.397866940047216,-1.3141381459904529
-1.6905741081292183,-0.7776505165199152
-0.36866854312467434,-0.04590276500901308
-0.7269167329831424,-0.4047968635116316
-1.7338991690757362,-0.9985231661348095
-0.5590122724783071,-0.19023885962108722
1.1867391619764658,0.5700524545099834
1.4160527839088735,0.6899112131729306
-0.3720880022209643,-0.26907187930978266
-0.6954116232314808,-0.5361475736413834
-1.117487669720834,-0.46324107778680196
0.35077293932854126,-0.008033238805500442
0.9888190174926598,0.6928918448056312
0.9407014057179004,0.48385711568588363
1.2004695971599117,0.4950756168773379
1.9091258875236843,0.9689495202788311
0.8353602593400627,0.34043980688321596
0.13544948903040138,-0.06902077988952257
0.3243682241617378,0.18535749036713858
-0.08737001790836535,-0.00194524392852094
-1.5320957331588747,-0.66900156374442
-0.5325095768969588,-0.34769490051673024
-1.158115029352415,-0.7279935113539134
1.715018561511457,0.940055943298539
1.230438160793796,0.5871800188519529
2.2534037678255974,1.1757414323119273
-0.45706685980848505,-0.06179986844489985
-0.08371709326661783,0.016298530216262784
-1.0515841250464604,-0.6247110772701743
-0.62880417785208,-0.16586305271804355
-3.2459985841539063,-1.8181774604398735
-2.2605831666235243,-1.1071425691912067
-0.8598674725873715,-0.494176083093621
-0.04261241178712061,-0.1888641651389818
-0.6810615978506035,-0.25811233088918356
-0.5519706653453391,-0.2797710131917373
0.6909910883237909,0.34317518237618483
-0.3538555326947526,-0.3110138158610418
-0.9241591761727628,-0.5855544213135107
-0.2586341912254404,-0.3325803841043037
-1.0127393311913733,-0.46418916070803273
-1.269284901202282,-0.5339063566166866
-0.982086257349025,-0.6482483449944065
0.37975950309730466,0.3774216159417702
0.6946845743316985,0.2907926355189042
0.542475961068623,0.3026795309039904
-0.3394245793095176,-0.27898546104197913
1.1849509848565947,0.6450703460813291
0.0769075385299689,0.004730725922264638
-0.6983663153712205,-0.28281876628313485
-1.0373411654040121,-0.31659759906369533
-0.4529466968764221,-0.1352097748110066
0.5431582587515362,0.4629857131638675
0.8591506224881222,0.4830638654676192
0.33041623381861573,0.05529562183516311
-1.361887723968891,-0.776876360318636
-0.10021555751938893,-0.11466345367820593
-0.3831670335248117,-0.1538782251640375
-0.8101773792428705,-0.43717625978170027
-2.4226492786275196,-1.1860142880136575
0.5994879820338839,0.28088215985834286
0.04230252505060372,0.16308991104945333
-0.008483924383558283,-0.081790454001431
-0.9353574633120534,-0.32567173379817316
-0.2088156629393228,-0.14461070226021772
-0.8342122258613465,-0.4264661810712626
-0.219411053402793,-0.1174481709285718
0.10756026825126364,0.017493001613762313
-0.361180236845739,-0.2886474313933583
1.710804402462656,0.9753312070781115
1.503048109802116,0.7909758414398909
1.3234767348766718,0.6149012695895307
0.7890931112989705,0.22364699841460092
1.3713023147431982,0.5514194472745966
0.4340030915657184,0.15147141948002657
1.4094176172824107,0.845419885543838
1.2342948402625344,0.4665481407286751
-2.26199322506777,-0.9456796044208917
-1.597554237300033,-0.6749016941609025
0.743444990947927,0.511138707034521
0.22760000728273735,0.12655663329680517
-1.3132189634063782,-0.8164695411660089
-1.742076779806729,-0.9638286218877052
-0.4813798155124658,-0.3190236954874415
0.610688592054478,0.44617501456500924
-2.1520714968694814,-1.215201720295636
-0.5893776830109714,-0.26619572209389347
0.34014002692617146,0.20319610702641636
0.6847859584004791,0.19565584633268226
0.538939727916677,0.2226730596191866
0.8452668714253716,0.24955773523865996
2.815202087098212,1.4306942168449037
2.0350359597688565,1.1504969182955929
1.4317115889544876,0.5440894926145797
0.35681248975876084,0.09933645714540813
-0.10202259940804184,-0.015053220893117211
1.6892459903206414,0.767265898747863
0.9393658203536613,0.4270539344064684
0.86379139642816,0.5954351315305999
0.016675038645844298,-0.10409200034606375
0.38361966241747286,0.3364206816965385
-1.3453941350688141,-0.718162074535743
-0.10256496568252926,-0.03410731588190849
0.6602659555746987,0.1549994093264272
0.0902083748453793,0.136004485867209
-0.21365310221744313,-0.05497426494545453
-0.41467771560518973,-0.34096175287431685
-0.07267496597346099,-0.05938871321672269
0.6134123975856508,0.17465134374057087
-1.121289707322577,-0.6035508970086244
0.7781199057906668,0.5340106962571969
-0.6818986239757155,-0.3715631362336958
0.32103683617778545,0.07795361861203182
-2.613075663410158,-1.2391569872326087
-0.5666046035460763,-0.34367104748550625
0.3598962062863335,0.10857461261160706
0.7995838296805302,0.5197332098066645
0.5045264185408492,0.3275417855317734
-1.0973234495354536,-0.5609734414455649
-1.2458949419293481,-0.6944552875228158
0.6124409899143439,0.34947600193325357
1.4662440960639576,0.656392620518298
1.3451083013089828,0.9811520474641371
-0.8741242998690179,-0.3701793669552652
-0.5105407505474387,-0.36842081095780754
-0.09935580344959427,-0.18998804210668738
-0.45240282068049514,-0.24209848968787875
-0.21932515966215502,-0.2525209872838317
1.8270896356456177,0.8981110315867754
-1.00585368326758,-0.5860085355930215
1.3225504197811013,0.5510229289414404
-0.5890183536700632,-0.30643344184262444
-0.5969958142826649,-0.49924438079868994
0.69124552446167,0.35264511537489557
-1.3791969557251522,-0.7224263671023181
-0.72054414229981,-0.38030374861473326
0.43851880034228,0.08990132640688192
2.1010661557559343,1.129872104214592
0.7589422370292134,0.3929249067325604
0.25541597785189407,0.06118415606111298
0.3248361896905425,0.07483092640564318
1.0578605517307944,0.7148195682195384
0.7650270812654815,0.28691045328097986
0.9841602649916361,0.4333752457958756
0.5019646441000942,0.42385167429990156
0.43812047075182387,0.052193191803900724
0.2699376951540279,0.17214809875557527
2.32824496611778,0.9645371367978728
3.3002133269551672,1.6228331414291823
1.2096891357284003,0.6551164325507368
0.9513602469536839,0.5793313137160335
0.16330540881304761,0.14597471387685168
1.299330051717367,0.7063992081983604
-0.7227915985223134,-0.37925580631678657
-1.4017476731299583,-0.6816986279759566
0.4501604212373318,0.16144786366551317
-0.40586470967778576,-0.03855119715530561
-0.34265501925480346,-0.2525453480815469
-2.2800374452315966,-1.228282860368012
-1.6571693074016323,-0.7423897163094284
-1.8010720475521858,-0.8892479474121254
-0.8387806789655426,-0.4287588989941645
-0.18023891400890735,-0.1405818716752583
0.3165183072001355,0.10820624247822472
0.14487059513168954,0.20740117082066
1.170435323793356,0.6951797799490602
1.8314100460250105,1.1715930762088438
2.6770231452488886,1.478651374698825
0.6172196491280545,0.29560726578248586
1.322621358864601,0.6293251073448733
1.0161122645976155,0.47270950207851736
0.655937434546451,0.2612012270020617
-0.7059817349241218,-0.5690710718424202
0.5948819751201526,0.46524697586410324
-0.014128324833493466,-0.047627789689970876
-1.24339336972961,-0.5381866646149316
-0.674852605119554,-0.256933178056916
-1.7317203810841542,-0.914218355317036
-0.21120723131716634,-0.14645027290942478
-0.16644770201947784,-0.11302303704905038
0.05221392870919764,0.18010544544890644
-0.6786528069275348,-0.673453745763806
-0.18250190826259835,-0.030376361266378174
0.9951049301815982,0.6262090150148127
-0.37413215200534056,-0.011317956472036317
-1.4386842205466839,-0.7353794117933145
-0.4195406396473994,-0.1467791904947296
-1.2303013890530683,-0.6069940280540933
0.5266287916970219,0.4432212926496147
-0.6918776271723481,-0.3814405097930212
1.2900387677524878,0.7774738663355706
0.004491784298750634,0.03204604667670539
-1.7395415664097247,-0.893090379484548
-1.1959803470242063,-0.6803337318356972
0.4827786398548267,0.28643209297362265
-0.5194786682075991,-0.4550076865840471
-0.3377784333912047,-0.07137236379823342
-2.4113227622446045,-1.2087507450789852
-1.7663082385317266,-0.9320523621024148
-3.097965517214252,-1.5588575522907786
-1.628521384624242,-0.6832910839807266
0.643582736195183,0.2801992209046491
-0.5512811506505348,-0.33477679877105704
-2.159237240575884,-1.1247020055080732
-0.6902792133722169,-0.4453700723204751
0.15077037239733454,0.11755530466063915
0.3825479221466136,0.20119639002874087
0.24517190758030472,0.060643365549747606
-0.24184673353485017,-0.15287225011456743
-0.14224245768294813,-0.11645398237302843
0.5672564704035452,0.33009868065838976
1.1210286649859702,0.6729829716439579
0.21584670047597337,0.2632935156219266
0.9758188222443412,0.3780655266683503
1.1236362392790091,0.796158946074086
1.469512812429675,0.7122065123125456
-0.1762342834829399,-0.16631774059919224
-0.010956602349356817,-0.0004911443680886297
-0.5291668876232757,-0.1527869793843719
-2.0460173934155574,-0.9051443459510504
-0.4257931245374099,-0.22640746909847434
-1.4054608381367206,-0.6535533500062752
-1.7044157252181542,-0.7763291055021406
-0.9479211587987284,-0.4056978165105615
0.9236575514078103,0.564726212061887
0.357237637984418,0.25003210551106303
-0.7060781033610595,-0.48269130708658337
-1.5758103296628776,-0.7561504684206132
-1.55972111844657,-0.811679512885154
-0.7111561902484946,-0.3613184179232769
0.842828272696444,0.45368134696044227
2.319739859158699,1.2736031162567663
-0.04980600601556329,0.14059602399455787
-0.30057128652959075,-0.05253192534123011
0.09904834513112432,0.06503972921802098
0.13620250873636872,0.18972914855086553
-0.18898930045212145,-0.1080073113018186
-0.26443730814752786,-0.020703830784087426
-0.6735649837255641,-0.46812813353755767
-1.4841187116100523,-0.8223375672662736
-1.718884173455007,-0.761127936118354
-2.4065934509439098,-1.1489395405788119
0.23306662690139412,-0.036202207296132966
-0.6712965186539448,-0.3741063315833198
-0.46809075327018856,-0.38572826177652153
-1.0289418392736616,-0.6001037224569464
0.10558181579539005,0.07845713216479314
1.345878264522156,0.7131569642544824
0.6064616298288382,0.3382048143366334
0.3126405739166932,0.09865847220333052
-1.3096890704752218,-0.5980223159717881
-0.6914936425011691,-0.4103315219205095
0.5504001230387267,0.1666917264417057
-0.8113127132276913,-0.4417552552037515
-1.4045985791104159,-0.6780046074488643
-0.7478266698406515,-0.32054535311457794
-0.9599885021709484,-0.37957424530932293
-0.4735414837183848,-0.2685782804420757
-1.0220747049173058,-0.6462406850219968
0.05803168485481014,0.002312929590078276
0.12689648502582274,0.29995673142801976
-0.028301091770007114,0.1331094344415889
-0.8412175329549946,-0.49934067237898466
-2.0386404404633316,-1.0378542743028247
-2.1982744317561593,-1.0653727284855847
-0.8456645436932224,-0.5756429341144759
-1.2599856188856282,-0.5751035348768797
-2.256483071449699,-1.0577459163101657
-1.8066116605917126,-0.9847374661155719
-1.5598494282060795,-0.8045141442937739
-0.21653797891846882,0.027727450677920512
0.04171683899541767,-0.09501758160612828
-1.8265048668372839,-1.003621925901452
-3.357134135635001,-1.8169903323553709
-1.4982592125452492,-0.8830449885785999
1.697751221525977,0.7727747740307753
0.7311744427383042,0.35081586749567895
-0.1199275968827791,-0.05139507957508011
-0.376942564135554,-0.112906056918047
-0.6593896743184309,-0.34012924244370224
-2.052050155231747,-0.9567414144970408
-0.21860656940970358,0.0047377584025604935
0.07436364717640534,-0.0942411421423451
0.8887118924838784,0.465244729236894
-0.6895004199576993,-0.34240146068411026
-1.0142855485355375,-0.5553045074138928
-1.185016887270776,-0.7388470037666028
1.043683421883642,0.44812776802484944
-0.9144298046540215,-0.5106918401500073
-1.5796961246642798,-0.7167871639342265
-1.376566543468786,-0.8821086362501398
0.863913015935312,0.296722453025665
0.5086201699280076,0.23252540191739324
-0.20899502159046202,0.03566536301753978
1.0953850383034265,0.4682687661374683
0.21085564013712982,0.12936050117367567
1.5209087201851634,0.7049140606589865
0.5330875871195379,0.1440474083442044
-1.4015243459392512,-0.586568079685656
-1.113355932097574,-0.6663398856833803
-0.5034498514866753,-0.06150300311658502
-1.5776916900897497,-0.7965011566037464
-1.8435640260982533,-0.916467495324905
-0.9865550944340512,-0.6033207517411117
-1.1936458344967034,-0.5973976901980336
-1.6203317715778203,-0.7762603927674055
-0.7458575040404392,-0.2558248658759275
-2.206433107400166,-1.2028546468557437
-1.0194899517308982,-0.5203751384526911
-0.22730954857380087,-0.14999703795502223
-0.5622981309150265,-0.3672594415382755
0.2748191921993114,0.20204535715030453
0.2552628443847478,0.14674741992775187
2.1187443807178132,0.9055227919950294
-0.7304826801683199,-0.26463733758028835
0.8556665732895135,0.36947047699110735
1.1378978020380544,0.5376233192297106
-0.5915977618155678,-0.17046214665918993
-1.3114414556149878,-0.7231956500128819
-1.3774142667287603,-0.711832757084909
-2.160931298787817,-1.067446420912447
0.32894935586622676,0.14857351135384161
0.5976874951715044,0.2973734287147153
-0.3043923971793313,-0.11122911652555574
0.14089628649525596,0.19144299627016004
-0.37649099457977825,-0.16919010305321347
-0.7223579692639626,-0.1535237162344078
-1.0525811622616663,-0.598401734678502
0.8983553902336621,0.4049943316629675
0.008885373393575424,0.0959349381951749
0.48868597399270663,0.3359891690769646
-0.22741519494904144,-0.11770826222404265
0.06684706431332282,0.03160953936101626
0.21116855040998364,0.04216721314684738
-0.2327080930899792,-0.04991837759393833
-0.011113723639426837,0.11308288655298106
-0.23055837268994533,-0.009632149373404938
-2.4220886318592263,-1.2307480217970195
0.03300149404504216,-0.09020714002109032
0.19876509580431476,-0.02374269192557367
0.4049281787229474,0.27786715109094784
0.7092414491280578,0.408908667741787
0.26284290870091254,0.14650163759445003
-0.49192942642563076,-0.21391733536259988
0.9483964899325238,0.3629268084123189
1.174030867755199,0.4740193199173485
0.2778256819842327,0.140301171618484
0.9462767701636525,0.4172727377073589
0.6105045083546178,0.32006110770915563
-0.18526124347354345,-0.03728477125542257
-1.9280873816794055,-0.9452368213274464
-1.3780223619331071,-0.7195364006721007
-0.3559886693233166,-0.21635669787260012
0.006496835902771864,-0.0461059531184506
0.34788803644178806,0.18971269538639104
-0.11123271466712081,0.0053100470225095064
-1.4223647806620738,-0.7487603470988382
-0.6806488638950757,-0.280440446395674
-0.6862752517697643,-0.572111755304562
-0.9465795342229634,-0.42792437301094316
-0.12002474905446536,-0.0504466562476474
-0.3884760062712967,-0.028607840371788568
0.7428555308570002,0.570422025460994
-0.6346097091946736,-0.15762760559303782
0.5993468854389283,0.1986053553361518
1.6773408436286654,0.741752553644722
1.4955696403877168,0.6012060428075104
0.4700721643931619,0.1824327844507762
1.2560627145766032,0.7369310009726919
-1.347432105901206,-0.761902971227164
-0.20661412362081694,-0.1131427274186135
-0.4352446855390064,-0.145766127851154
-0.19867808545237525,-0.31508805859158695
-0.5595185798433321,-0.34129346221467005
-0.1713975561565494,-0.14381028304555518
0.07267150114410559,0.03989373424248556
0.43164324165893275,0.31548140657801604
-0.32849132281376725,-0.14948393069629534
1.8293367466267503,0.7231650347685332
2.1460102524427636,1.0739759980557733
0.9558881976344881,0.6339165329869447
0.8779873297150336,0.40221972642657994
-0.33729101304788256,-0.10947729066635413
-1.053446402922058,-0.4361430202361568
-1.2304409682053719,-0.5905313341054854
-0.28026580318260147,0.02222492368833598
-0.3678548467077728,0.02589056267639006
-0.937868433948986,-0.43631180040389583
-1.1717873479462027,-0.49225440863431236
-0.1177840382000736,-0.22707191051866757
0.009341889656024657,-0.03460583137511778
-0.8253051579662488,-0.4569148551750155
1.4411782759103362,0.7243084671784545
0.9114932707111644,0.48090933360767457
1.0167698044352185,0.37287761546070014
0.6686788031759455,0.6037730603031682
0.4288023529712854,0.15429262372140676
-0.4453191334377108,-0.3532092157976929
2.516886932293043,1.1690109773780484
1.8500117782955934,0.852102676393646
-0.006947081184909498,0.09836877521794195
2.0409957943612236,1.04773479207337
0.48447197277185694,0.3919632864179179
1.7506554663069471,0.927237802361509
0.278552871927495,0.10121290543315861
0.7581673400339906,0.467935693660936
0.767840762651808,0.2257200571939793
-0.6900603818664541,-0.4697184718180989
0.6665780170175384,0.21326952159803503
0.2751644279499333,0.417881440625122
0.8020229762951445,0.3952891160292079
-0.0712179003468702,0.017319566980340657
-0.1415935021488407,0.018480448655280785
-0.8759857551818961,-0.3710167627125578
-0.7937657705001014,-0.42310662841328983
-0.3678878525688936,-0.12527521849097845
2.0928737235157935,0.9607642289787355
0.03712171066874226,0.08307944924659297
0.1528436531376296,0.007379190537377053
2.074672103306139,0.9576062853880075
1.5914164046811154,0.8041727581662661
0.9694011360136059,0.482498367397284
-0.5198727158606427,-0.2460936714918639
-0.1826122898529887,0.003338610379647347
0.3083339046180253,0.006986447734925738
1.8678159558388785,1.0190363860914915
-0.11168780398643308,-0.21659462857396317
-1.9182219705584598,-0.8924964591550776
-2.016393531768977,-1.3548826146575115
-1.6111573595576834,-0.6412918993669978
-0.8916573458228585,-0.5074070203972857
-0.28320611575752735,-0.04329531670969865
-0.11055617636925308,-0.040012883193412736
-0.8718824912531193,-0.3645534654100292
0.2832156431455549,0.1479930623387025
-1.2672124266659313,-0.6929568645699644
-1.3948729662935393,-0.7396943483722395
-0.1506102428164242,-0.12294842569649217
0.23537033709887428,0.21479012565900393
-0.2932727462528899,-0.10334358885555761
-0.6171961499869674,-0.041625797387814856
0.4096837268135735,0.1685915144037217
0.2847880369051469,0.10748461955984821
-0.3865726522705134,-0.22047424527518666
-0.36945435349706146,0.06142150072830324
-0.03927335490041639,0.0793941145053762
0.15592110961026331,-0.08753697190908984
0.011967778252631553,-0.022841785432687802
0.31545194701717094,0.10569895252469172
0.36409715442125645,0.0799326681133912
0.0629670459080792,-0.04027825507724292
-0.5260735054137099,-0.18507522995085127
0.008215917630206515,-0.041595892040649896
0.02972978907495494,0.01625578619821023
0.16978840131914047,0.09946948602699243
-1.6925350463737487,-0.8427554940002843
-1.2215928177099182,-0.4833818426551205
0.04710887013419773,-0.06800097347573128
2.3067813867432228,1.121919561286831
1.5621177034402571,0.6522698187090147
0.8881321530071179,0.3517197110057502
0.524830783425521,0.32504953615624327
-0.5961298403242385,-0.09426018999304886
-2.4654776184550906,-1.2292408875089091
-0.34458029286079556,-0.028635929807262178
1.533764182021645,0.8263993252290732
-0.9913436791071942,-0.3679964614265969
-0.393556204572701,-0.1305346199610961
1.1743232383221398,0.6324256406016577
-0.23336817043847002,-0.04743289822266884
1.4371835734190324,0.701559842424123
0.17826984364909332,0.019906064025159764
0.30177690032585275,0.17398969369758127
0.6296507723187205,0.1690904742185426
0.32578425310138776,0.10907723033357886
1.3657277927664064,0.6561111939479354
0.13190132992929438,-0.023649841045264283
-0.39788626927915943,-0.20181092442105156
-0.933913613337328,-0.39222780487618436
-1.2934338810857595,-0.5096309359492971
0.38305509533830184,0.17295486257455256
-0.3905360086382535,-0.19401440082966834
-1.344905876794711,-0.8865779119887951
-1.2679288802834976,-0.6555474169030154
-0.9639936122209315,-0.46054146136055657
0.4500902818659266,0.27516648444412306
1.2391230500780595,0.570483799303153
1.374125402663628,0.5708457339345208
0.7887215427887045,0.5798412076840779
0.2989893251883636,0.06329500691345838
-1.3752588511889787,-0.5022687360462632
-1.003503646049786,-0.26744021871249035
-0.7873182379380216,-0.33305643574730065
1.380383854690172,0.6455435012461397
2.5918213176510294,1.2257058086992998
2.900439268838727,1.533357832023186
1.287464095272445,0.5619527752079978
1.7439039054776675,0.9347839473645706
1.1798191745739683,0.5618927882768647
-0.2399920573711316,-0.04487308176779313
-1.9854635286862485,-0.8979439018484114
-0.5258881734220057,-0.12629252606011152
-2.259904515338564,-1.1502855970111738
0.23331584515438075,0.14696784425721746
0.8388501199676418,0.6146886041428967
0.8678869936531286,0.3081550030828557
1.3136575568937732,0.6703867409628002
1.0516509141295032,0.48831377800914894
-0.9894140517390273,-0.49527184875257113
-1.0293896103576294,-0.49652932681806033
-0.15391881348771674,0.03788391247483812
0.6634702367546121,0.3520796188383728
0.5924648759158062,0.2311522544220078
-1.746377265106867,-0.8811553263958803
0.5003761518117901,0.2736507326825163
-2.1914418209029387,-0.9230123543520982
-0.3392323341307018,-0.1502004980086316
0.6581184479865576,0.36186687809541124
1.1113197493505589,0.633672760652537
-0.2372666859169924,-0.3148036704374199
-0.7720113115844679,-0.3563104738367442
1.1566691773769728,0.66524966140987
-0.2050824264326787,-0.03210104395725673
-1.1860852146350147,-0.6609008811332132
0.6823941507552075,0.2293715424644897
2.3097311477467266,1.1663156467820321
0.4967383798428034,0.542131798193488
1.861622678667166,0.8809967550672049
1.1529240619762886,0.7218732950254295
0.2831584714825666,-0.009017736465369103
0.21922956170108862,0.23289744835813958
0.4963480290895191,0.4097034886343419
-3.0224128010035574,-1.4344240994011244
-0.9275104659872794,-0.4639606330047661
-1.1721279243455842,-0.41733408855921017
-1.1170745202707824,-0.7082983774200289
1.8329182032452138,0.9441756192544816
0.4411372794905378,0.27447432561546653
-0.6844118974395144,-0.20276713268049754
0.6028557866110883,0.3124126875500169
-0.23290238558187426,-0.11197442460895962
-0.006498831222771367,0.1066298135380948
1.2688850123365973,0.6543250505807395
2.2345146520961605,1.2841764078711277
1.320734563389113,0.5802218988175267
1.1935209541653555,0.5122935602189345
0.9155986132000355,0.43792762608334174
-1.5237799041988827,-0.7293510829849791
0.24524001263557405,0.2843875010140992
0.10084974405556549,0.11250196967484924
1.5198827939286033,0.5547364436677897
2.9480065556548105,1.574409654173783
1.3760562597191912,0.6560762848049807
0.13767638383270409,0.2243035868168369
-0.44737043720051095,-0.22983778693791188
-0.55768320909264,-0.15354411213723407
0.04481057361596419,0.030049890694098635
-0.4812877619448556,0.05522580360299581
-0.06753846796818955,0.09979493461722626
0.1122635622190242,0.15971177900170913
-0.8144618889607544,-0.2952399267702021
-2.289975323032729,-1.0735276454793607
-1.6119459117342672,-0.786336087439371
-1.7129510212998162,-0.9254447944135209
1.0514971094882108,0.4224086779198705
0.10119386688601695,-0.21352945103186527
1.5165620112696392,0.9804764502437235
-0.15219437803547076,-0.17214631154055676
-0.11189021731281865,-0.2182440633412011
-0.21001907694579539,0.023981970358682395
-0.37379219848806144,-0.3115228366560772
-1.276888749277291,-0.6337333544447249
-0.17007540556552736,-0.05227586255343209
0.36241818329607706,0.30948874461249803
0.7581376671860096,0.3940049425205695
0.6429222049318517,0.37431389515212266
-1.6267127357173323,-0.8701462712214816
0.5366630385131304,0.21457292573150943
-0.918764594450737,-0.5005226948865567
-1.037705453406689,-0.6923612351143913
0.14388467099439772,-0.13645839376978058
-0.22190643306878366,-0.215440901122807
-0.996333964983219,-0.4933807408242044
-0.7173630199508727,-0.22252742395515304
2.5968556121300264,1.1629603105306274
-0.010895995682365656,-0.09291592876277233
1.3032349984225704,0.5771783693670202
-0.37444686824015627,-0.01457894083879785
0.00591054791258061,-0.1273086095343628
1.6717193650003817,0.8738332507309494
1.9021680883213175,0.9735875306323145
2.3732936295323084,1.331146485807002
0.36337362253780886,0.15280223498331783
1.236256240971945,0.6331090614707325
0.2757460804996994,0.12126553219224133
1.2774669732607706,0.6232443840342515
1.524715409632432,0.6737249371073114
0.022472188975379725,0.07917806208680615
-0.8559551945214244,-0.4741923213268305
-0.3899724295315534,-0.38863639630633773
0.8942224236343881,0.7060593985825205
0.6796443511276264,0.4356647988150134
-0.7634601486033836,-0.2764449311935049
-0.04987926633840334,0.0134187234197497
-0.497025016681567,-0.3632622758156643
0.3529584084184172,0.1440631895872927
0.06817804380065548,0.0895251129870328
-0.1707866209224446,0.0758576031225953
0.14127712444034515,0.20736961815280336
-1.519965691112037,-0.7700691082267082
0.5675193326914437,0.16794872697160018
0.2966192352513818,0.473820038687126
0.1660530711507072,-0.005633838442516387
-0.19044206312534906,-0.15536435366458548
1.9845931946673963,0.9410776867602434
-0.42399881672974504,-0.13558457462183818
-0.3971694273051169,-0.18178149498047202
-1.865965326566497,-0.8811516806607794
-1.161364995324281,-0.6514115023328401
-1.3469030743728645,-0.7089775954399282
-0.2318211678220095,0.12947710722784841
1.3311054532288495,0.6132515840039154
2.826267089624194,1.4172729897596916
1.4772043417523406,0.6591377876103285
-0.28679235993993946,-0.08480807924566491
-1.5668988839330085,-0.9283617277497219
-1.5273901732047965,-0.7868486232908161
-1.4601493735082984,-0.7953932532587176
-0.9124021880479674,-0.511032405604774
-0.5943833967843186,-0.22798792876592208
-0.12054294242433844,0.0771305681324509
0.6752530398964075,0.2576189422128934
0.2444792295394578,0.0030262273460929107
-0.24758015806330938,-0.17294835605864078
0.6298240118433075,0.20716614127132071
0.8104969132791494,0.3993022686451535
0.20970313961366688,0.1072973966356708
1.2094037329977385,0.6949796551222004
0.22261878327216322,0.14925941228415962
0.22076194330639656,0.10871555811808095
-1.3099803283824125,-0.6331998281143508
-0.4410615198383641,-0.3199808316018785
-3.0529184442211252,-1.8106518043090143
-1.1374780735033838,-0.6009577776510153
-0.14398558069810635,0.061158039812740816
1.947506579436034,0.9307705639982005
0.4142793014950448,0.1541171831345408
1.4929214094079128,0.9077993074876959
1.7078716132785168,0.8160540210075633
1.3899298534546256,0.7154036182312424
0.3539113995352706,0.0010032115599757363
-0.3550791630867134,-0.3702777670461876
-2.053790224574989,-1.0586548367821742
-1.1591881867640534,-0.4497632730546772
-0.8785329966682169,-0.4817369213558149
0.3765739599304063,0.14454489826936012
1.3642573182931945,0.6019626148135021
-1.1217466020265432,-0.5859392033219892
-0.46600956307679925,-0.27098512005324676
-0.32350136356893155,-0.06520926730265975
0.5012007895415791,0.19222423269677696
-0.1793523839884767,-0.061576635044110956
-2.5317634139073255,-1.2161476588770894
-0.7640316151912216,-0.26921798462033225
-1.374744133102333,-0.7994021317337768
-0.48173484031054087,-0.16170741903097552
0.40842127339024437,0.13881020800628802
-0.9596078921855551,-0.39624970456720693
0.3789655650692897,0.06901208851339512
0.5955676685474668,0.382150858580121
1.8642189823699917,0.7381656555191574
0.8811169364485718,0.48000631402302596
0.5774308373122229,0.24610285873194648
-1.2057353285726093,-0.6402482157222084
0.01824903884691531,0.10114074251738138
-0.23279903283971687,-0.28289903727283205
-0.4783705877011205,-0.24374482180944193
-0.4775776971875223,-0.23213824350913514
0.1301835630813601,0.061599073836907874
0.6567445117983111,0.3423193151000008
0.7041496535301867,0.34651746825925295
-0.6970575500681653,-0.23340543198844893
-1.9470188798634465,-0.9133432262882718
-1.6089717711594937,-0.6584621079445864
-0.8892710578681418,-0.3898120328617597
1.684834597027813,0.9005994571659799
0.7329244053748737,0.32227257396667147
1.6891409002867668,0.9206813008026714
-2.0406507941162877,-1.0940444121757078
0.07631938298758156,0.023199102296909965
-1.2488004466863996,-0.5045535629050893
0.06210980444515324,0.19115836014953697
1.766325775758463,0.9669206703225594
0.9639836014651284,0.46174860495856257
-0.13628702594016306,-0.0731354445427044
-0.5983349538184627,-0.27738903977625345
-0.28007150302557315,-0.12813740709595173
0.7409093323441365,0.30533222615508554
0.9580235577520455,0.42947335496908345
0.15773248523621863,0.0886653846726907
-1.176058787781626,-0.5914857652521724
1.348666613459551,0.5023164563418396
0.646911545446063,0.3445044184022181
1.4408162968165712,0.7910498742524016
0.2188657227888196,0.09559729480523849
-0.4541732898154625,-0.015524836629166427
-1.9960500815131088,-1.1454530571708912
0.07850582361448954,0.03755425343297224
0.2511982372751805,0.25610503749009983
0.905404127858627,0.4707907460011114
0.47805222009365594,0.30840986130181386
-1.4855727353596735,-0.6887065732084461
-0.3641668899202246,-0.16806674302641406
-0.24306094171024556,-0.12515889426207605
-0.1553870000631307,-0.07165091579791928
-0.08689874458682917,-0.09282427736730081
-0.6117630123793016,-0.30848444557643045
-1.3811490418148848,-0.6599108585168532
-0.04048858646641429,0.08457181704023914
-1.4074604109250908,-0.7304038887622578
0.2696495972141585,0.0929821475762698
1.219241310217461,0.6428774050354413
-0.18259112910783015,0.03759392731060818
-1.4589994411358245,-0.7506479598268652
-0.5635381837178977,-0.300387424736251
0.10468984131651482,0.0647887370365061
1.1321116912735334,0.6112153209067535
1.9029373929394806,0.9982630374881982
-0.8477723524570066,-0.4310618539317373
-0.6351476569774998,-0.30784484959333996
0.5505423196006114,0.27401730739985586
0.9290419947012427,0.4430590588613052
-0.9215387832607451,-0.5267659124972618
-1.9968249920436176,-1.042660713323983
2.960922030344931,1.4065018476583293
0.4932273640984457,0.3316245492747239
-0.3884910299315029,-0.38697187221409896
0.8705760684035275,0.6911352512237527
0.4034365934989914,0.12887039261527727
0.6183227813750183,0.19613555164416363
1.9250079100012445,0.8353610897085705
2.016166599915641,0.9609916921898597
0.8241575962605947,0.32275936406916816
-1.145539884566187,-0.7587858888668765
-1.7497760625608092,-1.0099187582517837
-0.5236081229909018,-0.20460207449599674
-0.2904377015414293,-0.2617641083227126
-0.512498853482328,-0.22916358867701558
-0.15265326056040254,-0.08196216979377963
0.5189384166004334,0.24959668568107293
1.6063121836343042,0.7478181540045399
-0.9007925885307025,-0.37168851600283426
-1.2286878022335403,-0.5778928873301417
-0.14409330004984539,0.12348360586002735
0.1809627126700557,0.09734944741259145
-0.02688572563265937,-0.055942354463376656
0.8308379764224234,0.29243965587821674
3.008838958938127,1.404978308997871
-0.25657557945716136,-0.07845101141099445
0.576891358846108,0.2503782456175153
1.1152260028797114,0.49476853656425135
1.4071295246658653,0.5693016447777496
0.6019669951385667,0.3061034462393417
0.8570210971196499,0.3433727757448068
0.3550776401525735,0.09282422929847131
-1.0062662372898297,-0.5130385384363187
0.28761006592656535,0.11083848297492749
0.35803420765174965,0.09856393208759462
0.538809042059579,0.272467004332821
0.5959580366892417,0.38867326939212343
-0.6259707300526618,-0.3491752860101818
0.3266794974341858,0.23933804004107861
1.1215707915529216,0.4804995243312838
0.18760768277581008,0.022372082416582645
-1.0012390492677932,-0.431579451122419
-1.2255042598538708,-0.4786372878628735
-1.5852985146410186,-0.9311306549397221
-2.0723532237762345,-1.0940712375682562
-1.7079716869454966,-0.8782872615860444
0.6775343810277162,0.1911438382939523
1.7986875871275079,0.9463497145629232
-0.9251114194923541,-0.5457353254465186
0.35198293541369774,0.010593330450483773
0.5421643139373294,0.3294632155583205
-2.1637496630080246,-1.256787814951532
-0.1798946523503756,-0.023642078021207907
0.8373198346504165,0.331304623417799
-0.800401926750435,-0.2381463258823648
0.36874994153382545,0.31218332406414917
2.1022182262053324,1.0580500606671033
-0.2178777912955645,-0.24672590901782543
-0.2450230632958234,-0.1180590357462389
-1.0731458101067384,-0.47433177823738043
-0.01132869870793296,-0.1323795315736748
-0.29032702685298956,0.08977633580702679
-1.3934379708304405,-0.6382465283900136
-0.1120911322841538,-0.0621916987034002
-1.858743715629664,-1.0199089642662595
-0.1368677315300817,0.022445697420299615
1.1619743541327543,0.6178313002789131
0.9058449188581588,0.3210819570363421
1.406711055500574,0.7185839078235036
2.492550611167715,1.1014569295939745
1.3088098720882275,0.6291590734957208
-0.2414665283381564,-0.11687308579808335
0.8406204394472752,0.4431485038028216
0.8087439626467479,0.290023779905915
0.8832430973859313,0.4284617612349409
1.4623629963568425,0.5919167609478121
1.682324328617769,0.8405319573132648
3.4511419417541482,1.766864924364404
1.3791214760587343,0.8085404609622381
-1.520812075911691,-0.7331361494420852
-0.09154143790036717,0.029366823690705132
-1.1542134924514151,-0.46997050557602765
0.25770853256649195,0.16661532462161996
-1.310323963616352,-0.740266849954706
0.5285463004737079,0.34298259475690646
1.2316427244482182,0.5143701626416116
2.0369977590608332,1.1026238041387952
-0.20982044293754787,0.056483451867581386
0.5965161102456233,0.27872867157068937
-1.703794014486966,-0.9011768324592082
0.630951038284034,0.30046787466998126
-0.18457499468733396,-0.15035481803983328
1.1843266812725242,0.5385146934901478
0.7912063070569697,0.3215730934760397
-0.6937022008820297,-0.45057396206797673
-1.2363863850782122,-0.567847480180945
-1.6549490940797478,-0.9758151087526931
-0.15255881587941744,-0.1617445809271174
-0.9194426129908244,-0.27977775372226943
-0.31988769675062745,0.07018660869867
-0.3604303615316866,-0.1008468713665171
0.3616487250566268,0.1324746569077039
-0.8408598554970355,-0.4112474465213076
-2.337825514646657,-0.9836310150456448
-0.9884977583572135,-0.5728874418432559
-2.111297595307945,-1.0823337066120218
-1.293124663448093,-0.6861431349177713
-0.2951447927158777,-0.19041071551480196
-0.62213688302772,-0.3819651375110424
0.7362153447148658,0.37561491612562836
0.14567505372712536,0.12739706338846563
0.39080294040689045,0.16472314217363915
