0.007385162730239292,-0.0010812358648878834
-1.5547874976190599,-0.8055631866838401
-0.6724811704072647,-0.3361731643760247
-1.7200069294307392,-0.7144148574784139
-1.8769317122769342,-0.9251899013327093
0.7081028488795941,0.27548658317251823
0.7140860642366628,0.40546534305994575
1.350185699760485,0.698446726901642
0.6841762949433364,0.380663416557674
-0.12535379745300113,0.1291066459141388
-0.12507001543817312,-0.10433774454986425
-0.7088418478533322,-0.2844683723544263
-0.48707238544409154,-0.19946620421201214
-3.3088106539453888,-1.6789436910170203
-1.6167309740126612,-0.6591690075407558
-1.5530485770708222,-0.8257476571155177
-0.6787845648044002,-0.28376624535841066
-0.7293386842807759,-0.3426153773987736
0.1011649642300344,0.09909202173107678
0.7854437421614372,0.26963422204652904
-0.6783075980866407,-0.21121389381155134
1.0984953911711792,0.44667625904022207
-1.7189075171961805,-0.8331579095402476
-0.4917350369151381,-0.23345468758184898
0.9945874194300339,0.5412251606018068
0.18585180486884084,0.02365350754384217
0.19086424001356372,0.062052295069682725
-0.6206101684968882,-0.44455625358199324
-0.0898253180956155,-0.01301799522750196
-1.255635301560232,-0.659715640021761
-0.009248418693417082,0.052774101571839316
-1.1088015827878386,-0.4743057473148432
1.1378512899260258,0.5204796734193419
1.5936256014099346,0.7393165495513004
0.5203824122305682,0.3957234951452633
0.12371585689143291,-0.08048246510537337
0.1776006543219701,-0.0905205069948957
1.1756120948430497,0.6023445707935301
-0.08361397194736175,0.014638349887652925
0.040850196352410925,0.09481535538572297
-2.4427320178470886,-1.1344955959743566
0.24261203007433163,0.05368248772214897
-1.2821615075546937,-0.5927195540953601
-2.78691817553732,-1.3212874928288978
-0.1699236766196609,-0.16967919388574465
0.3566602409372595,0.1671830587407147
1.1577982555049964,0.5415142921628769
-0.1226642540884455,-0.06564033850808211
-0.5805859077037375,-0.3775721361488886
-1.7582588632811984,-0.8647195412591353
-0.38570327239449037,-0.1947320111224587
-0.19036777729495785,0.05492398908521448
0.1064086787421964,0.11035200291725122
-0.4885581520065735,-0.2641040592980107
-0.6276964490121422,-0.3280122485566367
-0.41340678717917084,-0.29650413743954496
-1.1386303794071648,-0.5737234288491379
-1.094599249913203,-0.5294251610853559
-0.022242012924097776,-0.2255166346919784
0.5273277270432893,0.12510532765868138
-0.45745662276820787,-0.2102742060580002
-0.046080308664937786,-0.05244291853934499
1.5983237631825467,0.7466627888203334
-0.40028029490897277,-0.05183368190564111
0.3595209479591925,0.0747951732930156
-0.9879044375427655,-0.5243374290342656
-1.197702638006434,-0.6071697913820293
0.23726401498739624,0.08384150696263312
0.15074379251778394,0.14718949262408831
-0.172214262384618,-0.2506111202496745
1.4447370428612614,0.4179599597824514
1.6416002693982157,0.9595338132307983
1.0620122185188314,0.45384196041655184
-0.7202917812219887,-0.3141156673213814
0.13298245405032788,0.05929902201942619
-1.395471289773654,-0.6359294492860453
0.10847881242060209,0.19437135220223953
0.3559785653464943,0.03344602714222497
1.5483803912328242,0.8394725077992963
0.6295476744950682,0.4690494823310781
0.45559188414007806,0.08817897986981663
1.2246831807108265,0.6697538656848385
0.7412646784967349,0.3487139941459784
1.1161883431519828,0.5376041133559843
2.7674558879515927,1.5499637534094661
-0.5752804485065145,-0.257650737422266
1.0797115813566496,0.445887735594144
1.9306444359931083,1.0267572033917987
-0.3955190848087402,-0.0937440832573575
1.0705942967687274,0.6061118054962303
1.7762689420768893,0.8580733133410025
2.210709654761247,1.163300439506457
-1.0675905596836723,-0.6882859257053997
-0.573732656376532,-0.322475463925045
0.37693239995329003,0.18382174244244737
1.3740311220564436,0.6591265502868737
1.809096170612949,0.8464294468110555
2.981360815947696,1.4925760105948447
2.449686689209215,1.2159346461062623
1.2928045650913027,0.6304250965197529
0.44793470546336767,0.27739920149950814
-1.1098076482624095,-0.5695618156231673
-0.39856935937406285,-0.22102639814509978
1.184287088259873,0.5796576341981308
2.963343799721091,1.6332078829569046
3.707999736027406,1.8401364139318437
1.7915340541060054,0.9365058514402468
-1.125977163837919,-0.5696799038718999
-1.6496894733893055,-0.673269083898874
-1.1953592649030664,-0.5483121858824079
-0.6724851299887716,-0.43926768993384846
-0.18774684270399505,-0.11819695792961672
-1.6625363623861813,-0.7727017839856936
-1.7202662232867154,-0.7472637803459117
-0.12346877284159308,-0.03234552960596037
1.912199890777271,1.0595660334989887
0.706750596466191,0.38044923730738783
-0.03549866697552695,0.0437489432619855
0.6580311427345767,0.4736898426252004
-0.31409133390605287,-0.17722863369698127
-1.4452186520687207,-0.8371997114220491
-0.3543078577234272,-0.5061059681684326
1.2756396379072705,0.5681704049721341
-0.17451372766571727,-0.026998344772343835
-1.0469632112353484,-0.5769087547261786
0.49990944477897903,0.3361807622221677
-0.21558349138171362,-0.16674481387216342
-0.544880707736026,-0.33877689080344703
-1.6583917428037607,-1.0744276726726203
-0.5413311192474408,-0.215452210945681
-0.6971622652768872,-0.302909378272924
-0.45319320183567535,-0.34559810237101984
-0.6037035186981062,-0.4294025234061547
-1.1402336120008205,-0.6053286908369888
-1.3638765915768056,-0.5984701318763749
-1.1994799914384289,-0.5424438519397936
-1.4745866653329198,-0.8112683561324323
-0.13811683356015736,-0.14481748773850206
1.5235089863779159,0.7496065344904476
-0.9514521877981953,-0.5156722922463004
-0.6701263899134577,-0.503781953824294
-0.6516054119523323,-0.27769549515124337
0.09720808633802636,-0.02313347550376156
0.036789585280310524,-0.044930657433335665
0.9730290935663672,0.6549971591549006
2.385675744054767,1.1934080039589585
0.3106255584439257,0.2461231405259166
0.73113377029515,0.36284109325283326
0.9320541255540964,0.40212869346803837
0.7099558552367352,0.31969099205492363
-0.2875968799099005,-0.09901706623193822
-1.6429146331092683,-0.8059610153635696
-0.9694769945733084,-0.4444010298162374
-0.761407959247013,-0.34351899401223357
-1.0599341936339945,-0.47829393542458887
-1.2900983229176781,-0.6047943799217786
0.2508386692978545,0.08095539086664835
0.438660483764857,0.2107700072453388
-0.487650228707007,-0.32650038345681637
-0.07088941416995093,0.03582439025321406
-1.8168401112330281,-1.1244145880703533
-1.52985515334122,-0.7992511810251204
-0.6566923906752088,-0.24685178993219944
-0.42199019380298264,-0.2809228768014649
-0.55773875624622,-0.2986304935051892
0.9937863785706587,0.5014315027258226
0.6075530542128298,0.2235341525306253
0.519601393162058,0.2680560728697213
2.194209629228614,1.1952941495827256
-2.300692032308723,-1.0443081757473212
0.6249243605095023,0.31838842612308726
-0.8223057635346271,-0.4393092470132028
-0.8897532955592342,-0.4502835325046657
-1.0488850307979471,-0.5927438401671933
0.013492972354764765,0.008434173157208597
0.06054023470935616,0.10416578620195928
1.2216606720900782,0.413421666353212
-0.7622182610455138,-0.45345249871062426
-0.5175359720764212,-0.25562232602788454
-0.41653818525946673,-0.16249580825544246
0.7124304899327834,0.52723370279537
-0.9093973400880544,-0.45208714125585325
0.9755984538657125,0.6160987354291064
-0.07955750902977532,-0.01805348103527219
-0.9524817590059534,-0.3130475791777908
0.8565800204652917,0.40461431083821014
0.24698841293512278,0.10241511613219761
-0.5835083656532065,-0.25651423127237244
-0.7206625623267505,-0.3524673169387531
-1.2751566460177504,-0.5537357288728232
-0.5293464462777362,-0.22927162191877878
0.04896776144027776,-0.06151299682167517
0.16669748411789342,0.014566839442917007
-0.28872933436251785,-0.018452678653048227
-0.17724061388427131,-0.092808024406115
1.3199328426379495,0.6459564160790902
-0.8490279772468424,-0.20546972497454974
-2.2934954059105905,-1.2350309494115985
-0.4105702444607248,-0.1985900521293755
0.3645652178768975,0.15006945519458811
0.8504861780248388,0.6749233104272326
-1.1573161567232482,-0.5242718375899653
-1.1208320172623036,-0.5673939110925242
-0.09305587923446762,0.0834108395503515
0.20988469714077831,-0.007203929573745757
-1.7465626209728358,-0.7640885431146707
-1.460199437368816,-0.7190578009749979
0.17826738245907947,0.07561040781165199
0.8278447460903965,0.5001715276235961
0.08301721987224259,0.14004967566549578
1.2009313643923596,0.6664859144080875
-0.784214711823491,-0.42042963718817816
-0.7491467645004277,-0.15794788358811074
-0.8425932189753333,-0.46358786216230236
0.22991495889031416,0.06179838194191604
-0.44481671379134663,-0.2548025567287921
0.13666079283242155,0.012164782171356761
0.2819206389306256,0.1469537983126859
-0.1627397796728949,-0.19264675279533638
0.9370561359445725,0.3464165841924878
1.8118818791929936,0.8514689270545089
0.9070430050526429,0.34701984666166574
-1.2268989141686175,-0.7024132941019051
-0.06158065876650687,-0.014202293282952416
0.34028278224019476,0.31104798037401793
-0.5469018735844489,-0.2863342116229736
1.5314150932525645,0.6652647750153047
1.0794715431708364,0.5342403301609376
0.7927604951496847,0.5286374456498726
1.3695390623391852,0.7120680000004369
1.0584903195502973,0.6242495446847313
-0.4301859456899756,-0.30991555759315237
-0.7861647787016091,-0.5290599656265582
-0.5528113814819184,-0.34667253809809556
0.31802064676995034,0.19900528332334153
-1.03729944001252,-0.42977806993403045
-0.31388565514984823,-0.1773700644197429
-0.22058133404340924,-0.11926554075074126
0.2547947954681091,0.09195985609000384
0.9734010007595717,0.43118676894690133
0.92581516070133,0.45412566992238584
0.8013422384983113,0.3315331475025549
1.1472933181179,0.513611773885029
-0.03406183889009129,-0.013167587251511246
0.06826359491560842,0.09694501413795703
1.2966356503930736,0.47090573828535776
1.199772263019924,0.7500171799348829
0.32482322923817014,0.1941221093448609
1.4723917246940663,0.794869690343455
1.6329935102322282,0.7617262368371344
2.162806552644553,1.138726698559089
1.0809828686636924,0.5781721666521169
1.6911512507398356,0.8424741685116661
2.2024109030608505,0.9493099135699945
1.4855023960764395,0.5824068750278459
1.901578330011103,0.8515313477221855
0.9457854393555111,0.6957139531358163
1.1643106814199973,0.6408223280646844
0.8956372563189714,0.3362922607850779
-0.743894994737853,-0.27759602514746345
-0.5900410854513105,-0.36074097286458395
0.38988359510732473,0.23819224058187452
-0.6790462377487607,-0.48181998413024874
-1.6803798941837038,-0.926121996042143
-0.8055185003727011,-0.4031322423339276
-2.4484796125625046,-1.2292299817978938
0.20222448448201402,-0.025592293307166863
1.4411604320942377,0.8456673788824436
1.0027097251142436,0.4401733344187158
0.2993561856001428,0.14263225900694074
0.7174094646289302,0.3021013523819773
0.9701786554590435,0.42955432027035656
-0.20887072322093425,-0.048335281504359534
-0.7967252125302107,-0.2228180432837791
-0.181337839105026,-0.13487264141268585
-1.622562428645385,-0.953934880006949
-1.787518311560928,-0.9757773231799904
0.03663196746098807,-0.06913956183134201
-0.02388568754059799,-0.006580166326662027
-0.9955401532230989,-0.49680979684843557
-0.7443624926535344,-0.29073992268010806
-0.4589519910204688,-0.0945506670468515
-0.2255639974175007,-0.14729586486795587
-0.16142157605672164,-0.23729530353383138
0.6106819086789183,0.18527395731621382
0.9915459266862046,0.346620787067222
0.5201077296424158,0.17594156153689844
0.45486583376718576,0.17272222552398084
0.7360528540621234,0.41060196271926663
0.828360908385454,0.4033102767610803
0.4791764133186772,0.17600592186698383
0.1337302640370587,0.1265740922971767
-0.18804822171875346,-0.3705967128006302
0.17198551850637672,0.1154393306547138
-0.86600985220698,-0.39692344685305775
-2.0218313255386406,-0.8154002728089091
-1.2531459208136062,-0.8089440782639277
-0.5587025624814239,-0.38113439726866666
-0.23830088587479784,-0.0981722506124669
-1.4385352971725476,-0.8041600782457129
-1.0785187545204045,-0.46509503033268307
0.40149440577275597,0.09495463639461464
0.07599548502123832,-0.06914170071013892
0.34066529062905254,-0.1272105816534835
-0.30949893976183473,-0.09499963439898909
-1.4334452431365394,-0.650548551453586
-0.23545154109825284,-0.08882729482384256
-0.9888454762446998,-0.3609827277903487
-2.04143329334972,-0.895348277318639
-0.9750493187446831,-0.6195605589617844
-2.0296551150908213,-0.9189364790127226
0.3584684354843578,0.09192013371648697
1.2782598479086906,0.6709759593051354
-1.4182610293822995,-0.5740065544452498
-1.0000819380564634,-0.7070182234220698
-1.9893137582418459,-0.9786900930300478
-0.5503905491528545,-0.13361796255126637
0.20108433731341008,0.10475593390654654
-0.8045274368422074,-0.45933635937779815
-0.7544072759360514,-0.5343740757762365
-0.04593694323931424,0.03970575915462102
0.10002481875528907,-0.03014895995513918
-0.498297381493209,-0.23942595525437102
-1.8314230197804782,-0.8095134314094012
0.23097477646509135,0.20518733596508787
-0.30820554887254237,-0.244284222834409
1.106071434017574,0.39231056314167156
0.4912802474492564,0.36357730173782704
-0.19543982954351757,-0.04632075812157466
-0.011605626867855046,0.02383914572293345
-0.7359826967628775,-0.3853237372211705
1.0500213730083192,0.6715732262464814
0.9824248938052493,0.3644230864251611
2.072753133068352,1.2096303026565112
-0.21634062411915078,-0.18337658332841944
-1.3420366149061331,-0.6295879469917975
0.2476111428007326,0.04907358328418805
0.3558038136606425,0.28427072557540867
-0.25669025529999845,-0.06007012464528762
-0.3409801759327594,-0.2321672888616551
-0.20487867184465877,0.005922543959419144
-0.8178541740685495,-0.4155237326142324
-1.0202865620448038,-0.48277387665621896
-0.7114812117331036,-0.3634607945585713
-0.19989041761211845,-0.10752880735892326
-1.0398120272730162,-0.7234812264899044
-2.220432403383321,-1.0584687076707104
-1.7392488826730061,-0.7532745461553614
0.022056155343582406,-0.16394308531124419
0.44644905622420716,0.13812478816374785
-0.524176690560064,-0.42530113567355576
-2.913816576103717,-1.5855225345658706
0.5127214366250625,0.1729126665383379
2.3389687907351155,0.9205459509590641
1.589866403473835,0.9220229030481615
1.1767415983936307,0.5613942733848475
1.354912320155516,0.6412151821014207
2.0533786045434326,1.1492962066914725
0.22367921112038225,-0.011798814611606312
0.6014282269354482,0.12276817335314988
1.2926270580181605,0.7921964377540116
1.6565815387561618,0.6731405346848133
-0.7653159371445317,-0.3397159814073917
-0.024704897719048102,0.11534608489718909
0.07984810295023526,0.04757546843718437
1.3371180679830734,0.4726750841607894
0.6402043293923142,0.1902818323128353
1.028129293866169,0.3499724138247239
-1.1408189440104195,-0.23628442031739172
-0.5926358910700585,-0.26070081848064786
-0.9658650295741431,-0.5688250147878994
-0.4021223995774708,-0.07634987153282202
0.5430913919482878,0.14928334835175666
-0.539328681789095,-0.27278337869742225
-1.3133665384163562,-0.6549858696084573
-1.6309971253464597,-0.7768768610436341
-1.0307153348981388,-0.413865923159873
-1.218822898535496,-0.7137254248012287
0.05703179641469891,-0.0737332880123935
-0.20531819457475203,-0.1456322773584232
0.041527782980155026,0.0380917449411149
-0.3232279210210383,-0.080803382088516
-2.376324231656379,-1.2938668769740136
-0.18314693958624473,-0.14175478420917637
0.38162158927177464,0.21100256861146646
-0.22090078405673413,-0.07673198280209938
0.7988778695869325,0.3566288673010536
-0.06678476046172788,-0.16293935436384716
1.9656675355083515,0.8696146818629743
0.9631597803639814,0.5663425713698053
1.5077222442711116,0.7428579846445705
-1.2122807064375203,-0.3682042335143436
-2.1950752108794815,-1.0708221619441394
0.3771596099933938,0.0974714143835672
0.2769719599382327,0.20064737064532712
1.07000692076084,0.3474405680973236
0.42228228835049175,0.09217293892837675
0.6634085406625886,0.28329296745911525
0.8626982767371317,0.470318042348644
-0.3779474118271201,-0.22985896940841083
-1.1447153329996609,-0.3308704107082043
-0.47131173932066683,-0.1319281508589929
-2.728751959920836,-1.39777219791495
-1.8426446673989418,-0.9353774312169881
0.5258387055401799,0.2899073371781618
1.2746206626198295,0.5823985445461306
1.1913429461098164,0.7116127401629564
1.5388463988703176,0.8586457160209079
1.0323836998064009,0.5071522293099314
-0.7244299710056846,-0.3425668820520157
0.1436456795694207,0.05790273353012189
0.49522750459458437,0.4114803805602071
1.2136889187601445,0.6489307272187624
1.711741333401428,1.0636477614952389
0.8239145992812494,0.32237813276213073
0.9681632148018204,0.6164019710542954
0.23829056770921775,0.05643335098865242
-0.07643979250419763,-0.04639315819087805
0.6253820242337276,0.6312639554286059
-0.3687870105965374,-0.2770152840562241
2.777566662769516,1.223742192688822
0.3459797134112329,0.2729857238377641
-1.2072659980388254,-0.7247434371392011
-1.0385691205905498,-0.45391984482107667
0.12644531737130726,0.13645984576748993
0.328522108501628,0.15081785866610614
-0.18563038246306718,-0.06544863084713104
-1.2232820340012782,-0.6302047382177345
-1.2892181467875528,-0.5653387311803297
-0.36525185448796393,-0.13009244069523898
0.25866764531043623,-0.1359935344915357
-0.7913222818655165,-0.26359222818969064
-0.9955968084644882,-0.4628293273467402
-1.0487197717830417,-0.6717774635107443
-1.9985500288797624,-0.9417234531216262
-0.5417626528596033,-0.04510518645485387
0.6132100648668074,0.2764137747567598
1.1720095995334923,0.7153013655910219
1.2977898695455126,0.549691435144415
1.8780334948967479,0.8936034987184396
2.1292992160334387,0.9730606283033514
2.7705585168810214,1.3843541213569996
-0.9030377561009669,-0.5298009078686988
-0.34755389620579924,-0.07647955680142964
0.9727932012276135,0.3941905214673913
0.19720391712003166,0.2696770617173193
0.5918165749711164,0.25282708744858007
1.0566583668639558,0.4948219785954326
-0.8198104800097071,-0.3523187729706653
-1.6410950377572011,-0.8903170658317145
0.43501784436972446,0.2253570026274163
-0.18302290578105723,-0.03722761050198418
1.5468148406576874,0.8256892895319534
1.2131048367179977,0.7189189923373355
1.0738485877754467,0.6880290531740807
0.3008539573407959,0.2139335678162067
1.2940786954581638,0.46765127625685743
-0.5456665894272972,-0.34351635610726905
-1.3274454150111563,-0.5805180308684592
-2.811347218180706,-1.499756990813517
-0.39730170058245085,-0.289669178705077
0.058573651037235774,0.244510804943928
0.39468526953269,0.12102018366377923
0.03462653195078794,0.12260919351203518
2.0015354818225934,0.9407140534586376
1.5508095599828655,0.7932868953303646
0.1947061212701593,0.001453722504796709
0.8647949413805198,0.5736130043855118
0.464233409124779,0.2784755855528122
-0.11655655567499595,-0.07412119507774495
-0.3076305624031058,-0.16010279893321408
0.2151243997485012,0.23375786333023663
0.8601502874239473,0.4756248506406362
-0.9151231176141836,-0.5953338114257198
-1.030821308702504,-0.5114570872989552
-0.7372098239641324,-0.34390293752255985
-1.3241498112062573,-0.6411222637265284
0.0068241284144390235,0.16077661255710787
0.48317460945282364,0.26247514113566556
0.41469479122303976,0.18360947203369407
1.3112102951966158,0.6767757013543779
1.5103917335403483,0.7166894113775101
1.221733284779074,0.6506472827944239
1.9317528805203157,1.0226029374144459
0.6554969893717468,0.31859758826010465
-1.0270427743365893,-0.5026521380273403
-0.23686682330410913,-0.1823564631152061
-0.639184805780446,-0.4243999292346302
-0.6645475524382602,-0.26775639115675476
0.4185703889556786,0.16875667720260923
0.7528698355162234,0.2582761991754494
0.9129347048586317,0.6172476779453355
0.2710010073059645,0.14285082184855144
-0.09805417009958253,0.08830972618363152
0.8057217390240318,0.5014651591603744
0.6497876178007804,0.3361243669414393
-0.6991018052251328,-0.4406758522376294
-0.2148603968016833,-0.23862481668791624
-0.17891421034754734,-0.15067144240273564
1.2782746662938143,0.6638086745693169
2.4444582813677034,1.2637523772226649
2.293894384516094,1.0745255260487774
-0.061657072703273585,-0.10869575509807367
-0.9680642496480973,-0.6267265355688405
-0.25590777372032913,-0.27276263872792006
-0.14431953399109346,-0.09687709475487781
-2.6338291133140017,-1.2039530789066701
-0.5900344094255856,-0.24841822600178315
-2.062926299548375,-0.9879177654912588
-0.7972922472159096,-0.5394429734770706
0.5453898949567542,0.2161382438373084
1.2100997326025262,0.49336028607056204
0.502203092212207,0.2059912863948486
-1.0912911646251955,-0.5260773994067277
-1.2796125313446667,-0.534771773265518
-0.3386173159285495,-0.11699707323017508
-0.26941212914342033,-0.07088222626180779
-2.401622412133241,-1.156926291029305
-0.9490795945921325,-0.6156560200630676
-0.3048951654971759,-0.26564718859327746
-1.8142986272506825,-1.0132841569157234
0.7268929908690422,0.2932313760513078
2.0383527285024767,0.995339301986036
1.0939436239295357,0.49585692488235056
-0.14970242408498224,0.05621600661467879
0.11099807697011738,-0.06385985150805092
0.6305074246470213,0.3628242104967109
1.3523977132521319,0.6028206309156408
-1.0409373859756843,-0.4124840931162665
-1.6683230849965636,-0.9079417534761781
-1.2613416095207188,-0.742067328012635
-0.0638706321287893,0.05537056513174711
-0.4025628749842145,-0.08127751475710589
-0.06242350360286944,0.03907033476389102
-0.6485508739786463,-0.4421595975094549
1.5649226967954286,0.6964686893409704
0.14091731890002235,-0.0005969863768195832
1.0598178706342174,0.5840404079461131
1.0473149074909192,0.4440646189586377
1.8548001623393462,0.8798617303418838
0.24189979328505717,-0.09363350845916346
0.4754690629211765,0.1575604374391742
-0.705538719942034,-0.32336312121897265
-0.7630794304501065,-0.27986878420545847
-0.0052074515460932,-0.05888849408058267
-0.3113872345677268,-0.40035048588677424
0.4681371560193405,0.11016668828825493
1.1771481882366268,0.5492942261057638
1.2944917228712107,0.6465763953307648
-0.8516840356289098,-0.32069277576250615
-0.785500109252468,-0.37694843186448557
0.3070556159491593,0.14787997004429942
1.551742096335171,0.8488785600067088
1.392228251726796,0.6539305211579071
1.2012669825252866,0.7666210888712053
-0.33321978482791526,-0.1460179346903567
1.390587564023536,0.6051876853148431
0.30163983487927787,0.14946084704056234
0.10472600337493516,0.12448614509055941
-1.0028323302121656,-0.5980790646135417
-0.6998967494650794,-0.37167090305829376
-0.027029208403522353,0.004367852667666438
1.9789919179174604,0.9816831974832155
0.6055968599497322,0.39520367095730846
-0.3511026159660759,-0.07677459625066288
0.05304650569833108,0.21423262642572033
-2.344940315083149,-0.9762648363854608
0.4635155501389503,0.24633565392570073
0.29718253983990206,0.18376000462270375
0.6013149892016112,0.3654084824813653
0.5680060387247811,0.34776186885336957
1.3972472667264764,0.6357321815865741
-0.7210326602859286,-0.6187573026867556
0.13885865188334573,0.1147067082942017
-2.2616772513053345,-1.1123789558765151
0.10819490206112825,0.056051178308854005
1.318683245830946,0.9534107318622479
1.3532719340823707,0.745882707192426
1.8662523124595611,1.0057327259087212
0.12406026398212411,0.06772957056266779
-1.307942297474316,-0.5894399680716585
-1.3162772665196472,-0.824649516451198
-0.8317966976767838,-0.3682778974986553
0.6980811825403241,0.3029222781346482
-1.6429569017916261,-0.874770765024313
-2.096940244969096,-1.1134472116814238
0.3381254206946779,0.13945996018711007
-0.8432985904341455,-0.2463496533707094
0.26892499808254366,0.1682551181543828
-0.5166875328843031,-0.33760756193924574
-0.040301528230565764,0.07566808734032852
-0.25204489897852156,-0.24133122812833732
0.5248649971706575,0.16096837761860572
-0.6179114896946287,-0.17503647815836657
-0.2118966409938021,-0.0460144127499799
-0.4849360669027057,-0.13560779486155705
0.13940442085601212,0.07709801324379646
0.27200252289470805,0.067436310837721
-0.1678897793658745,-0.09719018890529302
-0.417889614725504,-0.2878889846181132
-0.03602876311874634,-0.10827214539213871
-0.15619819561739007,0.02627094695794857
0.6127849159640555,0.30517321040020057
1.368513391634116,0.6721007186328278
1.1242184774238264,0.4670977215000986
1.2351894703093982,0.6018116043325551
2.771103911822377,1.1352337330773026
-0.4781254496577557,-0.22276306643376445
-1.1333108456154188,-0.6039602136365283
-0.20134962251063382,-0.18972157048051225
-0.18326784311418104,-0.10154597283632005
-0.5655490799002951,-0.2693392017350255
0.5645534578215203,0.28946135682352225
-0.24039773156533673,-0.18249307070244386
-1.384157716470117,-0.7698490560486967
-0.9433311189791893,-0.4430317053190778
-0.8666525572049042,-0.49011240504621834
-0.11846368905887233,-0.06735225649974785
0.07317707113796054,0.08895102324383067
0.377826254016137,0.22144122517478199
-1.4615901101725268,-0.819095026087729
0.8700491172182239,0.18906112435187022
0.4682184852227241,0.33950289091488206
1.1891399097492092,0.6489362712518624
0.7188782429124153,0.1542343277667463
1.445751864379015,0.7759129922301083
1.0389906723301818,0.5864758430705729
0.9864577559048711,0.41106376506390296
2.194983939408643,1.1140089380680398
2.002492387642594,1.1064866764177477
0.3508222427067787,0.13318793751449856
-0.6224528322880306,-0.211897164091283
0.2948793584599313,-0.016327991202395253
-0.27646723977531984,-0.152726152494191
-0.9401270595272315,-0.3426075254161217
0.23292999861200214,0.06088076805055474
-0.002775903512522132,-0.05127278969231313
-0.02980171327174346,0.03762889445106524
0.28613465966965035,0.07918238600701386
1.5745199892922832,0.7094043209725329
1.4862710688188105,0.72113333339883
-1.3475980981458133,-0.547904438721227
-0.25812994752829455,-0.38243974979661194
-1.7730930891352275,-0.8449210558551746
-0.4682504981237832,-0.21083698260669403
-0.1815086611945038,-0.08787293836985687
-0.5468903182148049,-0.3747477201709492
-2.508687357711482,-1.0029869993472698
-0.029630119377341724,-0.03807118185705559
0.635944614262635,0.3082263762993958
-2.2591794721087393,-1.354129822881481
-0.2085234704813329,-0.0979727977630194
-0.4040597530389458,-0.27675991263736294
-1.159266500573607,-0.5043055255706621
1.2856104370133812,0.4906909559275008
-0.2134229117111075,-0.23941330151399298
-1.557901353095709,-0.7713580529188159
-0.44291805393216954,-0.3027978838043612
0.9765873357771568,0.4919746516246052
-0.03459140960403251,0.05528352602367258
-1.6733612651424057,-0.9662117697585177
-0.05247697828087483,-0.07058086822728393
0.22055087741409585,0.19390534228442585
-0.5444883150483438,-0.19057504361730046
-0.15797392411092726,0.04445594895563364
1.4315054617192569,0.858016046903118
1.1178714711491577,0.46291662428785824
0.19922493980586414,0.008229109527829181
1.130342258757936,0.40293750724079125
0.5413317851666322,0.2526444291983959
-0.7523538886388266,-0.4612072706429312
0.7836089574624241,0.3726811334651322
0.8014529604211249,0.23775325432372296
-0.39740193121633915,-0.4109032040089367
-1.515798223465899,-0.8290279197080869
-2.364646827539275,-1.248450772760926
-0.6814385902664741,-0.2973267336360314
-1.0550888384131625,-0.46744710489166436
-2.5548525197060856,-1.218527028089603
0.219156122392408,0.3492548750490584
-1.137647198985678,-0.46615752531755683
-1.1793055647586352,-0.5275254649163682
-2.8771100805230914,-1.6232742065692882
-1.520245057786667,-0.7369251141056468
-0.44857101096670937,-0.09216457169985895
1.1147091532655264,0.5792163065345097
2.4831629851852357,1.2779316262910383
1.4043859875747207,0.791211065787091
-1.5416153556311138,-0.6256455265824679
-1.2195650992632248,-0.5280389707789759
-1.7731600259171736,-0.897102001479331
-0.6093097514181609,-0.25345330558866486
-1.7004401242099152,-0.8866481475839474
-1.7665944908173956,-0.8501848379828005
-0.8743958782826546,-0.43142163430660724
-3.110398267657544,-1.63476165731535
-0.44437249169231147,-0.21021094778249877
-1.319877734493682,-0.49025604095535025
-1.609913784676515,-0.7928963723353848
-0.8814416444000654,-0.4714250459748928
-0.5494282466665129,-0.097406081927356
-0.2689015822974447,-0.11176085866034546
-0.6998671329757061,-0.41275092804046143
0.02601819638819891,0.06462816233556345
1.1912753498210387,0.5685602977230562
0.1362313002821533,-0.145373341558539
-0.3242322604847404,-0.2918379464967425
-0.12687852089776147,-0.11354795711805254
0.8384842663394754,0.49642950998664465
1.9006113606758466,0.9137073793265412
1.1977222983084865,0.6237757598044711
0.39761596369347535,0.3801615927711422
-0.8490472140789433,-0.45180930764694494
1.7113727608985618,0.8350250897994831
0.7907474864708351,0.35198539585265043
1.9533671863137718,0.9475386145760951
2.1858990734954817,0.7890690272201082
2.85091785783989,1.4045774780176155
-0.024859890951035024,-0.20254749267235644
-0.7944684081655057,-0.41959156083858307
-0.908010220651724,-0.5503043165337167
0.6932408788815135,0.3822120177964718
2.0058439288748104,1.0351885158493743
1.0364051619135894,0.6206312517534934
0.18768138670057932,0.11562853746586126
0.029893242679507964,0.15138241792314205
-0.9805421897367341,-0.5587619449355776
0.7001970165171467,0.4441171916295821
1.5560323809363816,0.7927986995316102
-0.18165501935527473,-0.08527529821686215
0.8217430306780593,0.27119171360218763
0.9614475382586191,0.28158042406136746
0.03774675470485195,0.0427887926906386
-0.18507876480743574,-0.12977055659208236
-1.8647538773801144,-0.9039759074872694
-1.0670018015589913,-0.56243446462273
0.09054266695802882,0.23176988255971562
0.3947125695082873,0.028088064015645203
-0.9284370676920745,-0.31296738362531357
-2.184658748429799,-1.125327293985591
1.8485190416260222,0.9653437776955875
1.2599305330316106,0.6553379426904595
-0.2844751205700685,-0.12523842028909402
-0.960777468722015,-0.44668066626515096
-0.26297510057015233,-0.013530300612941776
0.7156328576659325,0.216361039544993
0.039284956718433184,0.16836042187748054
-0.6075918533053604,-0.3731206142687232
-1.459875639777716,-0.7280984343165505
-1.5129339950768208,-0.7059094559019996
-1.1890014284217088,-0.6500372730547963
-0.03594824195912916,-0.0039352436238351985
-0.047192412782278786,-0.09975620001524547
-1.6085520707376069,-0.8195124284597873
-0.03684414539261005,-0.06658698278525671
1.390030417980502,0.8180902965907019
0.6796607971594595,0.37621705480765283
0.5452801256630926,0.4274088045545039
-0.37299976393337736,-0.21588512458204692
-0.7914224972384134,-0.31137165539109596
-2.2063532213775185,-1.0316371527870594
-1.4746159794530562,-0.7211120109037105
-0.6978440703781712,-0.381859189852708
-1.6636856218342166,-0.7426371436955298
-1.236194069182381,-0.6357587212669297
-2.319004017805651,-1.176176462785925
-1.8517608722454248,-0.8882314220028352
-1.6375699265297297,-0.994328052691459
-0.892555524187426,-0.5994886100032036
-0.1470266544681883,-0.1448295294025439
-1.1045398708310359,-0.48751867025554174
-0.9870874986806653,-0.37271698256021835
-1.2510175127391756,-0.6346036151270471
-1.6253278113371579,-0.8392773382289858
0.30654934936010414,0.09429496033903681
0.2352975303664855,0.2684375268134568
0.11254330979700515,0.000905074483003164
-0.4932103316102897,-0.2299499467318449
0.4187482671393727,0.23091810846654906
0.8393548729712413,0.42100290854971545
0.05954857403877595,0.004654509735991474
0.20810277304660468,0.29859728577233
0.8800184080829698,0.574261414221814
1.3725170375230593,0.9292611390216035
-0.986851027330013,-0.5777614904169666
-0.6115306902889919,-0.1821027403319555
-1.224261043353387,-0.6835386960910989
-0.4918983867010077,-0.3580378699022241
0.19054328329625503,0.013608923345534082
-0.536428734078652,-0.1759070900562844
0.5067195641892619,0.14013768354852751
-0.41570545638608775,-0.1494871143983097
-0.19937667612211535,-0.2447969248007091
0.14587299379565938,-0.05383441466547351
0.45115026893302984,0.12712446552590861
-1.0831870109525965,-0.5246501127053349
-2.488083051630399,-1.1955105639277965
-1.107159022056935,-0.5421985367434737
-0.4888681327209831,-0.37020296182169826
0.018042012784007688,0.1016836142461209
0.03228507187993182,0.03727633300801407
-0.0820827595804163,-0.09698155179728127
2.1489189626291845,1.0822109793083559
0.43641700994977123,0.17837735826197768
-0.8384542184086292,-0.5090607988802898
-0.5537546579927217,-0.4362423621125514
0.8355637438976138,0.5187546383528315
2.4393482676732106,1.290217246801206
2.6138673809724233,1.293906471458854
1.4828837983429568,0.8135646925407877
0.17845677631620682,0.10581473561200558
-1.1247406021646564,-0.5768262501577003
-2.831824609001626,-1.476453819932882
-0.32335857291457715,-0.03404174263781781
-1.2115444282302459,-0.7716631591907412
1.4347474309608352,0.795624800382439
-0.62217037499201,-0.3084539080294669
-1.6621708229140686,-0.7458927284356339
-0.7638927344616067,-0.270664421717397
0.2523564961640264,0.0020242613605987725
0.006881208146505141,-0.18884747722132506
-0.5675938571628021,-0.283832304609659
-1.2552459728174465,-0.5474722937114977
0.11250124615668144,0.14056823901611745
0.26205845467499145,0.015353990596253975
1.0234778488144989,0.3948596634422684
0.7521103134037133,0.3138747682962204
1.9354218969657662,1.0067042050819928
1.8995764433136433,0.8093003273892112
1.0429374356382353,0.5130541518193922
0.2865124209477967,0.11064508346155819
0.6891470910245067,0.3932591796903854
0.15292736138077379,0.03878008764480181
-0.1657479438536293,-0.19391839407512182
-0.267769890005804,-0.2641328488680219
0.9554674308448567,0.582459875630321
-1.163021610387759,-0.6509798041087458
-1.067348743155532,-0.47115482362225947
-0.896657268260302,-0.48829369493491076
-2.1767978383982176,-1.2438297920606545
0.16846724528654466,0.07440017399243055
-1.3919427246185787,-0.7160194112630552
-0.279701738145898,0.0036123481169724747
-0.5027894590187107,-0.28150836248832123
0.3337723977674513,-0.027465193168521362
1.7189038159954566,0.9211703873757993
1.3634842133702598,0.7848318415167171
2.6558661275832134,1.1072015510258577
-0.8280754828443768,-0.2673820801200568
-0.4731880702133527,-0.42952646955315416
-0.5707102789025191,-0.08185435796299512
-0.5715749547756437,-0.5183659577788997
1.1371073444835123,0.39119942629431415
1.6331454756547625,0.754826497801621
1.384693861484254,0.8521383402777967
0.18422548538693473,0.16421906255256957
0.07244671333466518,0.19082031642773814
-0.9649117014917976,-0.3481987713865091
1.0763397263855468,0.5907580602366677
0.15594713944469607,0.1279340113785159
-0.8028307585347975,-0.43955643727616145
-0.791812513608462,-0.4131731521912511
-2.020907010369936,-0.8854214068193285
-1.58684729117345,-0.8164645490344102
-1.369233906365987,-0.558748164842648
-0.6190179798750611,-0.40020976963334687
-1.2792326962817784,-0.6225877675171342
-0.5955599207023878,-0.24682494269218055
0.3421640373575629,0.1339522996175418
0.570829997048388,0.46118703106761333
-0.33509211225199137,-0.14280883198146
-0.07750759835218712,0.04139430492407657
0.4071043539200295,0.2119892613703807
0.021381036387931096,-0.0886453572842573
0.7421968798534645,0.539831911427385
-0.40689909009681174,-0.33930051021959906
-0.8552181412359078,-0.5210530549711042
0.2656070992991282,0.30342494714995105
1.6361520328346093,0.8772028827299944
1.2471691163553802,0.6114585745902138
0.28479481258803757,0.19971213615492828
0.05416913904709045,0.14866134910312606
-0.511863722152348,-0.3745684780903428
0.4252237772481676,0.21076939084468593
2.9065731903604353,1.2926299441610063
0.08542953141638066,0.08558319735323455
0.6351480648465206,0.38218966932632464
0.09840654098484725,0.07264394651613827
-1.2727347891973437,-0.5619734371791032
-1.2120172999775105,-0.5816205497003286
0.266858982263823,0.09173050595781335
1.73045028802236,0.984411487277713
0.05307215152583755,0.003210206769419202
0.6765043384260784,0.3675062917146635
-1.2104203967970733,-0.6226494924295615
0.004183509385756734,0.16084425467889302
-1.1535543570131073,-0.5429264654965789
-0.8706235045159427,-0.4380945107408001
-1.2836609243847117,-0.7247821011065575
-1.8666197403234426,-0.9852417489632069
-0.2997911210165838,-0.1782564486298106
1.589256844962985,0.7074641207392842
1.1769162145670735,0.5310613395317787
1.073160527073246,0.5575682859750918
0.0816541973822163,0.14039497299569983
0.3189436385181523,0.14307924676345682
0.0023152131849187574,0.015727448863064517
-0.4357213587955626,-0.2469373779366138
1.5645570779928328,0.6754010181927892
1.061150780144681,0.49024783457226817
0.7390286375387416,0.3518452846917287
2.6547232342336593,1.3067515840466357
0.44164444683253307,0.10513149012350226
0.02167105961874405,-0.0170555768005637
-0.663492413635604,-0.3702313596424
-1.2162671050715015,-0.5729840996298443
-0.5822320897596268,-0.21390060998524862
1.2989874627440932,0.6806904570922865
0.5848657543905348,0.41739920443368594
-1.436843716335047,-0.722788873111302
-1.0749254485004796,-0.4298325816288871
-0.4790553963757429,-0.15462776046890658
0.11393232433465239,0.06491930927481737
0.25199469648448386,0.13012663904223948
0.8997201829397468,0.38316569233063646
0.4896967581824838,0.059522816387499816
-1.0644579073665739,-0.5643585857844243
1.308322815347736,0.5107133588266914
0.22387698885512153,0.14687660126856886
0.24213090287170938,0.15058943463129604
-0.18188952110947648,-0.24522555997997733
1.466854893690163,0.7177054917091147
0.515171770720844,0.22276260454886296
1.7781479924870227,0.9219185376607529
0.7285143847883291,0.42071929424827476
0.5534386135563797,0.21282893032359224
-0.24542658276679152,-0.06633856892879472
-0.36426680920359655,-0.304129281539222
2.387969997401892,1.3942031149668221
1.056179041603285,0.46430392192251096
1.602132000312218,0.812953151208353
0.429219340059115,0.1559875727684773
1.6036903816080144,0.7849178158261443
0.9988879272521201,0.40652077875740145
0.5917910479412611,0.3178387263723496
-0.23055380148592147,-0.09344205693859561
0.47693220642984513,0.21778978788596812
-1.66641365628296,-0.5542166930247898
-0.6484919535157887,-0.23175196898919023
-0.3352490856352192,-0.208341935621394
-0.20308205206540225,-0.05880847263411002
-0.8093261332030657,-0.3639719122370392
-2.503563416073152,-1.2343019091873315
-2.5422670282404622,-1.1930540206015874
-2.0746984595786717,-0.9061992015507494
-0.9607269255068106,-0.5344633055339267
-1.6035345380509884,-0.7932880552562573
1.7295127838598985,1.1094237219527328
0.5111053060861735,0.22751295294543783
1.5550855169518853,0.9560285043615534
1.501797096646181,0.5325185087651719
0.3117910123350408,0.23480745697414018
-1.053031680956452,-0.5638864579519586
0.3927708851212256,0.15246945586138627
0.2192606935555682,0.04864755149626952
-1.0465275838022174,-0.5302297417500867
-0.25206289156292605,-0.08963734078738098
-0.44764946332908334,-0.1526557318220971
-1.2160409246699435,-0.447586261694925
-2.3198563357609516,-1.0120339976964265
-0.993681126456116,-0.6099074957660412
-1.5487197219553086,-0.7783383263949253
-1.2707609360043455,-0.7125653887458909
-1.3618736218113878,-0.6444284078351914
-0.6904875651333563,-0.3865327892083518
1.124559764220268,0.6388599281904763
-0.17657238301957556,-0.08110868713337362
-1.2114225935451144,-0.5676602154235482
-0.4177884943169481,-0.09620184322373798
1.3632320174735264,0.8038230358520024
1.0288788618920546,0.5925216640202592
1.111198785833452,0.49405303674881684
0.7174235281020925,0.4680234385210786
-1.8918783105050423,-0.9654764421578689
1.555366442530504,0.8768723296725812
-0.29373840603110446,-0.22136138477454348
-0.6028436961285495,-0.35441979884491537
0.1554450306706862,0.0336059250415419
-0.09785632085346671,-0.028742445241135645
1.7278945999934712,0.842799694567946
0.43433501700270805,0.313581662532946
0.7991866483025742,0.45722135306462175
-0.16598334414415228,0.015589615411092272
-1.0248013713799218,-0.4987218099998663
0.6908981743181327,0.3785039256988377
-0.2300808193812548,-0.1041868419273714
0.6580063657860927,0.30495863836997344
-0.24273087318208675,0.014229484533686304
0.015017660925999654,0.06894152421155017
0.0942175059982825,0.21559898241444367
