0.5361224321966875,0.20892363655924462
0.7870772505127972,0.4185879225682486
1.200334832886546,0.44028656148609613
0.24053930514083194,0.16602384605056203
-0.2664892138291928,-0.006354151772633848
0.10417064368302206,-0.06417424477636224
0.5484575948657113,0.21783232006348902
0.6251112019837268,0.32680856501923583
-0.8153326061908557,-0.4257404818819901
-1.1095967064313546,-0.47736383432756446
-0.7423833187000273,-0.45017534292775463
0.14883164810004346,0.0823696588913423
1.8314175984689638,0.9254167911318942
1.1197278538118773,0.49820253558957317
0.2853341655125058,0.12398371275002365
-0.776670984184516,-0.13340563761932173
0.8782258313235385,0.5163992198254346
1.440764370814394,0.7960182639903653
-1.0820105470820445,-0.4363599996915615
-0.2901677463752168,-0.0904633443597192
0.09594741113834346,-0.0009160721376247696
0.03532931029550839,0.1575999082980184
1.433596200220254,0.6157549089425391
2.431699117981175,1.2553865471864805
0.7996573288685518,0.419914233850356
2.5768621747617875,1.1962770132065277
3.1743832134062564,1.5438523241328146
1.656679018445895,0.608784778081136
0.15002588653975513,-0.03205156496664424
-0.5995722375413793,-0.5365937267424563
1.299177607254098,0.6820929486798321
1.629222756123955,0.9218908354279112
0.850969953662346,0.45748124035960164
1.4657010666853687,0.773284515193488
-0.8333610434024333,-0.3948203945079919
-1.1186608998133913,-0.7008260048211225
-0.4486503116248338,-0.19413682759130219
1.0381906827455576,0.49467494530616
1.0647868145665287,0.6302845604960448
2.8640750298991846,1.5688244293735045
1.2518036111407134,0.5501634337824959
0.6743816266506508,0.26417969034050426
0.31159328896772803,0.21737169108413618
-0.26603775531550583,-0.2085865163082487
0.02540843742907803,-0.047118622776072476
0.8404862911152978,0.3971271998264018
1.6925117988795781,1.0155016320874413
-0.8805621008654736,-0.39004931302481805
-1.6055089079851759,-0.892493123638245
-0.46643547580132827,-0.14016653994457945
0.08680964978575506,0.018266710251195205
1.426063141193312,0.7074769343672677
1.5342814125663184,0.7690073442793013
-1.024609351044702,-0.4309712181419066
-0.27846503395251854,-0.12784608794103738
0.3496457912333719,0.3338717386483848
1.5770499624957715,0.8932911978911997
1.522144019518716,0.7138614485014954
1.2330748760309347,0.554060935136307
1.7954577628962358,0.8396999791638533
1.8551792707357178,0.8868196093243609
1.5684964631529756,0.7413766188634942
-0.4630573084174767,-0.31841482503753105
0.7214297919857044,0.4105898188972895
1.2187138018534331,0.7665583161476968
1.2274195011611444,0.665761055412279
-0.3598020961214087,-0.0942073299891299
0.2446384905012243,0.424906732007847
0.2265364876046663,0.10468974793705527
0.31584316589713035,0.15842162431571988
-1.6289114088209702,-0.7928463292362568
-0.5061829732620111,-0.3280048541764594
1.2369229065052076,0.5765663909159982
1.5036278316167877,0.7290785594503697
0.9556928975484792,0.49999690476613057
-0.16775804422747997,0.052777417001564464
-2.3531748932817695,-1.23129889718842
-0.3353361404442957,-0.17226137404500755
-0.2297343415433876,-0.08381815087562874
-0.7708331246194502,-0.28647025650733626
-1.2784782684323548,-0.4388723259123903
0.1942615375218868,0.12297437438549666
-1.654530567516953,-0.6421998305960137
-0.7046082683155509,-0.36114840891960337
-0.6463538338522253,-0.28438783137245666
-2.0556591811637093,-1.1139311908193776
0.22579323263194306,0.35419880091648664
0.7706115347244695,0.4994585574216464
-0.36098031424568905,-0.12267559738226519
-0.48936509711962295,-0.25079550594725425
-0.7227661392647986,-0.34381417962656696
-1.4704563371087473,-0.6647532096937407
-0.02085476951226739,0.16168542653585086
1.5921952819575,0.6320047512118134
0.8972442241350451,0.47562530518511614
-0.5094198560559496,-0.2736168919421455
-0.7740323546832673,-0.452150125527475
-1.6571396371085882,-0.95719915770153
-1.716670451772743,-0.8385780648165421
0.13525506424365785,0.0974784251367931
1.6421154570000573,0.7684745027838904
-0.23069589919653744,0.15341821530333305
-1.6572311457286533,-0.906175813530083
-0.4256539705337737,-0.46085119351543075
-1.4333656216267483,-0.6301021467975866
-0.5454980441091359,-0.3006064953626111
-0.18010927442268776,0.05487860901323857
-1.047607973344175,-0.5479198081270376
0.018744657598878,0.07050275056980365
0.9991663311139075,0.521198670948514
-0.8641511905892642,-0.44263985801450756
-0.580554479093915,-0.3651387012104427
-0.13763688831120574,0.10689773552352036
1.863053109504128,0.8872946783739589
0.7650511165636467,0.2884738716345405
-0.013036411175486318,-0.047788988875069015
-1.1232302720354375,-0.7452168204367207
0.018210601237728108,-0.04655031595022222
1.342748887897115,0.4694644118611625
0.9672480969850419,0.5612837094793783
1.3049723853546875,0.7434086342303897
1.721972898985264,0.8553125644052106
0.6932271025125838,0.4577955977680868
0.6245245607901169,0.25139684167003884
0.1936871069180422,-0.03379576857837058
-0.4062007403324891,-0.2144834386658107
-0.3870741957292295,-0.30483721357242455
-0.37204530269763936,-0.15563849443778344
-0.24443670704667508,-0.20309895484573928
-1.2214383009435326,-0.6083034803512911
-1.0159525083530927,-0.4497086046619207
-1.1774855032497002,-0.5517694525021088
-0.05079158583904264,-0.03789933321329367
-0.061113212441256136,0.04300407857126319
-0.7416109618800758,-0.5585712494997488
-2.272449355111617,-1.0775428244347898
-0.3892973882651571,-0.31090804757072554
1.6026627459861382,0.7666014272367995
0.6558935790660987,0.15239446495031855
0.9364839906472382,0.4766343647096168
0.9677126956653666,0.5036633405589491
1.0987635700307323,0.40659721914856006
0.37719208148213723,0.3414154268903633
0.31930717027451994,0.12091546251259991
0.0846884179362197,0.005640190955639189
0.2627332786209752,-0.0070035156231385565
0.4496715553772601,0.30844255225147477
-0.36980548757759946,-0.19413973883572064
-1.0410135239849143,-0.5843846515083101
-0.055221243882821014,0.13621127116390752
0.2674392820550779,0.19284858567979102
-0.20490885051148222,-0.10909669725392165
-1.0431066441990506,-0.537116824755113
-0.30837719718208784,-0.06156353726327812
-2.0709388333183028,-0.9970993017779599
-0.44199348560925494,-0.3406413330634839
-1.9769191567653883,-1.0879126998101059
-0.4341693127614232,-0.21978165145021328
-1.295518373307274,-0.7100151669205307
-1.0501735179337415,-0.5902007174256263
-0.46208559066870675,-0.15445053246859042
-0.4162472084235425,-0.18038296074020355
0.1806676532122562,0.30164093231378053
-0.8309930213510007,-0.4737650572057879
0.024423676017162,0.010077403933620138
1.450493097014382,0.7950053734465341
0.43188765157654996,0.25056686680455614
-0.05306247157665195,-0.020995823045517073
-0.9970395188380671,-0.4423020063257711
-1.3809307338759544,-0.6886828960963076
-0.8479875985773606,-0.327846711418749
-1.4235470746868848,-0.6063816049581933
1.3638735866417058,0.7247246901192149
1.583373947563163,0.9738701961159871
-0.18264123503762486,-0.012013058027771972
1.3494192760053518,0.580418119960227
1.6638849935720874,0.7958136230334425
2.8444038834268106,1.3810657151268853
0.4022097822011759,0.3444535605701375
-0.27714205946595183,-0.1463458349224942
1.436543973666234,0.6675043994702169
2.445900211570116,1.2537500952405713
-0.4654139921715874,-0.1403322426017395
0.5319957852949367,0.28331709015554274
0.967921082255925,0.6757390993279722
0.6532183772849898,0.4390646514018867
0.3842653558399553,0.11086685368494772
0.31655434905096946,0.11974744398354581
-0.2815830787861409,-0.24527100315601777
-1.867889056813029,-0.8961253711944006
-2.4855761130288276,-1.3297085045449264
0.6629169560253431,0.3194983175578991
0.37044657044763807,0.13484810730836638
1.0802169457015023,0.6096368661460344
1.5013548925535365,0.6773724148233089
2.068388200270732,1.172613849216182
0.9655194470683571,0.5091103741293117
-0.0279438305588392,0.14442542896308577
-0.013465624622674933,0.08678937715185124
0.9253907419291313,0.6025057460703228
-0.34071298906338054,-0.38287880693389753
-1.3875469385676102,-0.6439034524968202
-1.379544764782271,-0.6026750607325848
-0.6553927843550258,-0.45782883168362076
-0.4693307462688136,-0.26353862609055784
-2.515779313969769,-1.2647443872632962
-0.28828855724697877,-0.24949192587065958
0.6862791462328539,0.3878982775900102
0.8741770489211353,0.38005809088420106
1.1467112397539576,0.6612309937306687
2.4603984750433026,1.1416973625802798
0.7368490974203928,0.5234933890246625
2.202783509014557,1.136240398158628
-0.058028593258483974,-0.07623521047072827
-1.0008945288284048,-0.38861502359592515
0.04042068657051123,0.23907692328211272
-1.242362596144314,-0.6842744451904398
-0.42450783092025035,-0.1583806835084048
0.647295573804527,0.3015747312877256
0.6243825798795855,0.4312125749678063
-1.8105905604333512,-0.6894065172085962
-0.8797182864716167,-0.4808311367374869
-0.5903831198657068,-0.2784062049686732
-1.8131555888278112,-0.9498452146858904
-1.2861239725781968,-0.6222336616588208
1.7539882028946199,0.8844461112287381
-0.39019823729979974,-0.3248326898721089
-0.52391574100777,-0.17300502915157767
0.5844318798472286,0.3446394392744652
-0.6089350680716208,-0.4195237363092764
0.5133243520724241,0.12591572675891957
0.4836959842509805,0.13138459951007975
-0.8093015120772022,-0.2707805623532926
-0.7145551261605118,-0.37298825106625316
-1.2945079373304902,-0.7583318112519545
-0.8665519830618917,-0.36268401380714105
0.49661746201103346,0.17542850154375272
1.2115297392429818,0.7303345483798334
1.9036204772320091,0.9164999356927462
2.2012668745234696,1.0770187010212977
2.9650369322709835,1.399094245005939
1.2144431397821198,0.6646350179927829
0.8822767731685709,0.543125565689018
-1.6521953510749756,-0.9650269317508882
-1.7856887273935773,-0.7645068653456175
0.32099120178681817,0.19350678525396486
2.0605626894821327,1.06986616557411
0.3278856538908281,0.26855604229218705
0.7904736968014698,0.30024792263290545
1.8715873268509693,0.9099918081355203
-0.649865741470432,-0.4210315189211252
-1.2857817672034064,-0.6091667414589427
-1.036538894340381,-0.4784693777222121
0.21582113977903972,0.0746766091244015
0.4973315828294723,0.23897476233730466
0.866473824606208,0.32440329975341664
0.9943055216285872,0.5164726095009895
1.4219653174870803,0.6061737745828999
-0.628757754550219,-0.3313853917946939
0.29760303545207567,0.17128949554612266
-1.3583116691303831,-0.9515616870474337
-1.9590217853060792,-0.877519344632193
-0.09417037299717246,-0.044171806941823294
-0.008301439114743327,-0.09447735553605738
-0.07709018940874117,0.12663638406397087
-1.3451676472225804,-0.7458168424913734
0.38290985052493465,0.2096774195351285
1.0182600955898184,0.4622566389869151
0.7037272155789888,0.3828821840480182
-0.1272808231656229,-0.0873567578660531
-1.1369633066501124,-0.5072635931832927
0.4884008327956382,0.1860182982944936
-0.06272652891234048,-0.19960239360930976
-0.18585313106742513,0.1070644408721968
-0.7255777008711595,-0.25508127938362285
0.03089890166142495,-0.03207176858630573
-0.8503028504520337,-0.45348290760042687
-2.5821807974606767,-1.1148977082930263
-1.745969242580021,-0.8759482892140396
-1.546697026763317,-0.626636428437244
-0.49966276010038135,-0.09861680734011644
-0.9946777631598739,-0.5402699410324644
-1.3880331887919404,-0.9436123042493416
0.06588335351776309,0.01175316809094503
0.6488739207370363,0.29195497704658113
0.16708442834557144,0.028502530856687594
-0.14139276392674305,-0.06449901012333856
0.8412944551448817,0.38089294792855033
1.8502845753869037,0.9632333425350531
1.5133312227156477,0.5956935551620102
2.0185789529536877,0.9269103398417727
1.9070001183324667,0.8393826617471574
0.3421221171646265,0.3469691617542926
-0.6591672111984451,-0.26941301957779207
1.639429181537194,0.6664736200674746
0.9851682346807142,0.41879280982451406
1.188364243482781,0.6405075659772853
0.6802634914329644,0.5635821175451527
0.018035005971372142,-0.053282106607672186
0.06456417072163577,0.10599771161435534
0.8317095343934519,0.47576083969482896
-0.14891914225722452,-0.13480039076766012
1.1787948739389682,0.6071825150076247
-0.5049104238499893,-0.15699257647297035
-0.5806324989983629,-0.2596371716154065
-0.9667013511744204,-0.477657084908854
0.17658983961431363,0.09076469834613579
0.3982540290891927,0.3022038136171082
0.2195974944920082,0.19977208867788165
0.3728022424832903,0.24414781156045046
-0.5174628149875562,-0.34416611710359873
-1.9451290152272076,-0.8400066727745527
-1.1765340859999815,-0.5313802963639263
0.6509487284987119,0.2853154693783602
-0.2613631818326472,-0.10420708977022836
-0.6272030986724547,-0.2506881971503607
-0.6120797671598561,-0.38930215297922066
-1.3309548224411494,-0.45505210016807307
0.07990587361367574,0.10116824665600888
-0.23444242890204275,-0.08932477655431899
-0.562059525876093,-0.3885953675366309
-1.1021934286623887,-0.6575516564824991
-1.3223639892163155,-0.4883824194588546
1.0224864284773674,0.41824475429863617
1.4489623443103852,0.7171510364036857
2.5018457281314084,1.3504235901810595
2.9652027758326285,1.4472593045703053
-0.5105421944956556,-0.2084619306420719
1.188491375989692,0.673801749986372
0.31889133596489805,0.3263879909439989
1.1448401048026922,0.4695323515813544
-1.8395677266376913,-0.9862997517452113
-1.047255788900641,-0.4835842089682447
-1.7082970506258004,-0.946517648965458
-0.9469695966943072,-0.47081146507421007
-2.2461718993159,-1.2991140414585765
-0.9904691623319012,-0.4473291206907337
1.190106830539658,0.5386690374888116
2.184635759347568,0.8972754145750311
2.925215469017793,1.347682823687373
1.7673928274605126,0.853640558682752
1.8118362068344933,0.9013139015187976
0.35669340289023915,0.2940118220355621
1.1712739047308716,0.5813633994932375
0.8353102425764104,0.36913552521756626
1.5022858291888128,0.7635055064279324
0.22496745178731492,0.1644679888285349
0.0011334331620647953,0.06169648569113945
-1.0154110405168486,-0.5971575109549583
-1.5872003735858318,-0.9010983689116188
0.8718305808121917,0.2959077906059889
-0.13126742933728375,-0.09065628375905618
1.4369185208576647,0.747969662873303
0.7533427778049112,0.2696206374154791
1.500922136990128,0.841221109579316
1.5844736094033511,0.8933121947605087
-0.8050106389953895,-0.41639585467069895
-0.6981997688750371,-0.20881001967869234
-0.40225842868319767,-0.25828877762918623
-0.6508076847150284,-0.22586060854377515
-0.8755176960914599,-0.5467089190453975
-0.7593733752373335,-0.4073825632017184
-1.135306108277926,-0.5035236836495139
-2.457118459925101,-1.431174688518469
0.982435082419976,0.4673522993893965
0.3518726676085253,-0.00967326568022231
-0.3156084254339465,-0.1692165281047066
-0.6745384982852984,-0.4492814723925006
0.043714613311096884,0.013928899491243334
0.3654181085456255,0.2390013022407277
0.9273733933502479,0.32485863691745726
0.9353983104543793,0.3060002677019258
1.6992183000917431,0.9345744041817718
1.893083985826238,0.9673907466822623
1.1652168066305733,0.42329316197499756
-1.9907030651848632,-1.1055018559672032
-0.17051776872346947,-0.244971192027709
1.037968419604467,0.503276014380771
0.1943680353508358,0.13050405879227978
-1.5152691992536467,-0.8897909365010259
-1.405391129610038,-0.6500028555669699
-0.5643563202574015,-0.23064164609127633
-0.38476121748717634,-0.06799807651253661
-0.7726846644185205,-0.34549755846151925
-1.0814604875691378,-0.4195109635185218
0.31144831450211696,0.0167625243095825
-0.10265652702611894,-0.022174699141180074
0.7522519577225157,0.42317103860152583
1.7007710734300814,0.9583724286017745
-0.9605908430854153,-0.5965987013621051
-1.6231096030041972,-0.8284414763936755
-0.6270211905633664,-0.3297354086788309
0.49278638929722096,0.3029879898475047
0.7946218602714572,0.4207001319361146
-1.3564110024471085,-0.7705726578409915
-0.150460870874506,-0.17754751969491933
-0.6981335135456326,-0.2982444329670639
-1.9008500418519556,-0.9117529895502157
0.2310435406524639,0.18528337238821202
0.7123071124779081,0.19500295418020464
0.8335117538901786,0.5154812008893187
1.565192596588217,0.768290083283006
1.1665768173683453,0.7693885747194632
-0.6703833033107844,-0.45709909832191054
0.6180458143206822,0.2349853811369968
2.0977898223094735,0.954280416210818
0.12760106962988416,0.07154810848830659
0.3383932822903039,0.3301668735535589
0.17335543270088213,0.11221675569286824
1.6350956326760662,0.7641402704388522
0.7973922043960637,0.4658260235292744
-0.4740986691809528,-0.3011053544494369
-2.2247317771310398,-0.9649617167503388
-0.09605855630774385,-0.014463419203747468
-1.6375943850014212,-0.9453499199290828
-0.7596033549276552,-0.3967603241966888
-1.4600104649714822,-0.5513269372992481
-1.1762326595567179,-0.6056890516258641
-1.3104191074167335,-0.72637097590811
-0.157637675361949,-0.07329026609780788
-0.3687126397308972,-0.2988197447746982
-1.0096834619027024,-0.5935406066839917
-1.5593055306138384,-0.7987362767902488
-0.9768420562706024,-0.5856869103144695
-1.0774298957751554,-0.6725538473495687
-1.5088423477800323,-0.7589330827147028
-0.20947100903860028,-0.42289463263560134
0.7947250520480791,0.44717307480053053
-0.3366596560681715,-0.26722129004842166
1.275423928971034,0.4585768935235231
-0.24686927072508813,-0.11891836245561287
0.047347155475768454,0.09725925856839852
0.7934914291523937,0.26671944059385544
-0.5470900230750537,-0.2628830244569836
-2.155680505418854,-1.0372182102534557
0.6154251228319725,0.18938672662405537
2.019530384205483,1.1390250919208795
1.6361909889893003,0.853597602528649
-0.2607107692269337,-0.2205297302989192
0.013471915992520178,0.016886407355795212
-1.4999380200910237,-0.7552599980883624
-1.8811163555779307,-0.942379503824546
-1.3603237289130248,-0.7347446652004702
-0.8627669073702765,-0.4854686721177465
-2.8684509464048085,-1.4486027160546333
-0.625595169617529,-0.39680120505630434
-1.4895054961864116,-0.8676644847752669
-0.6458657206717038,-0.3320535146296446
0.47375680476491927,0.11560561153148874
0.4723307404127213,0.31625159704151856
0.22959389303559105,0.21270939723383092
-0.14205172895149615,-0.1367366697725002
0.042534593507275384,0.1734850600086096
-1.273088923198022,-0.5574960250735714
0.3067932548179553,0.11092268708786288
0.4631298479286686,0.25735671138820815
0.6897291613592755,0.37758923076680184
-0.35081394781565745,-0.1929548146884691
0.4045162907113344,0.14528731654292332
-0.771930159794433,-0.33817505504895806
-0.02749850543286847,-0.16094962346622843
-0.31991722647063564,-0.1485133686455246
-1.1705834825577546,-0.5169944533793035
-0.37818436392046095,-0.25622966454039525
-1.0962522255784921,-0.5643733891882314
-0.6658353821573224,-0.3191467256189353
-0.18544394996260094,0.1286182877613385
1.2000285958178323,0.5222751607024997
0.1855847766181496,0.30511741391929675
-1.7092790782980651,-0.8356023775780153
-1.0948594950161952,-0.6022459740655453
-2.494352436919045,-1.3576852612539967
-0.3990488836031607,-0.35390477082221794
1.1672165741459828,0.6509476465563879
2.6862275397823026,1.3662214260982684
1.7861590900643218,0.8829303726774493
0.15404578251568923,0.055805270211080504
-0.45283183069976574,-0.27475315380831566
-0.5656178048502333,-0.42660853085677597
0.1336837685077401,0.23339121550767472
-0.29365000843364447,-0.1501601142515789
1.034405406657785,0.5278977584305558
0.938506616161884,0.6554133570524253
0.5635058443302321,0.31215145433133434
-0.20393437859383445,-0.18142783952115407
0.6210323886087543,0.32734436482419504
1.720368248968403,0.855209196601476
0.7376351370719791,0.2775173113714704
1.1175917524141283,0.5863647107491562
0.9695298363006177,0.552980661739514
-0.010587571103574667,-0.03296754601298433
-0.1744843588302785,-0.10556693330529815
-0.21705766275695448,-0.08264158937493377
-0.37596050898388655,-0.09977921717913904
0.11618542582883579,0.019468170000354043
1.8566452583778656,1.0441940728736616
0.35162305220806445,0.18532286414898835
0.9740223681239393,0.5090876698591528
1.1397692583007069,0.662729795111062
2.0933584533325122,1.1454182333088314
1.0415202592116481,0.423682668184235
1.4285040579430464,0.6949757832909726
1.438213090714084,0.7479184978253565
1.4213135675398512,0.6201297260530003
0.8433570216222063,0.5045301101728477
0.2252147982877601,-0.03899670824003673
-0.8257343024990634,-0.4313658767511741
-2.2541274588851787,-1.271816252084464
-2.9462124457514243,-1.3750044070821577
-0.3553744849470477,-0.14145719498536177
-1.1564591138941265,-0.5093539035281275
-0.6733501870552745,-0.3993934782307801
-1.997641573913307,-0.9028789321436838
-0.2697897401403574,-0.2881744616615156
-1.4312325234031964,-0.6586545962101528
0.02932228138812898,0.019206066498139003
0.8737166979792559,0.5165916858404639
-1.346250758839802,-0.7921308540290418
1.5438325726574464,0.8391799787975086
-0.26099373344354426,-0.1360748618954947
0.24478875114046694,0.09435924670526273
1.6220581349264516,0.7868505863432494
0.4172842640907314,0.2255421065754031
-0.726011512589112,-0.4671208458132285
-0.11848545020722817,-0.2517264247698494
-0.4922866782341176,-0.10605337940559473
-0.7159996005579905,-0.3519440218284136
-1.206928475446703,-0.5518082371313374
-1.5380867709899264,-0.8098618381480499
-0.9493636387451441,-0.33468589870918863
0.8984670973007234,0.3134510358749013
0.3137847306624227,0.004871013289664383
-0.05133401827493847,-0.15244518515182248
0.7723490267837555,0.3543191523690964
0.43251549860458527,0.19889724476295112
0.18597001745832675,0.08528003046490612
0.38853389649934256,0.281078454126217
-0.8899388470780547,-0.3831454419600857
0.21223081890135542,0.1946314919154532
0.5042872168059245,0.33354718629118907
2.3320971396489685,0.9212059577464246
1.1509445924896116,0.4632868063610913
0.8217363909471627,0.3789253579857346
-0.45103330300535105,-0.14959161587793599
-0.4372992223769904,-0.26429754782723286
0.07127578562575515,0.07407065850674016
1.3152759577450333,0.8000744544689006
4.650617811095261,2.380443745473161
-0.12400267792169961,0.10166447366633635
-3.347551608946573,-1.683150577845307
-1.481400775963591,-0.7393645756056759
-0.4359754610261648,-0.23972436734985664
-0.3192187303295049,-0.27805512020733264
0.3346496747990052,0.20734418250061112
2.070000833231685,1.2194977704113885
1.4282462133256963,0.6580520573579537
0.6948148010716882,0.3444895915879486
1.1016655291895936,0.5783695148123542
0.2963170096089192,-0.04064525735524882
1.0367430751582192,0.45275759563755513
0.39547153961572556,0.1432013978931744
-1.7366310049782487,-1.0295162261401691
-0.5488099713604273,-0.23759479284995835
-0.7482910586798996,-0.36217486666825294
-0.764532177380093,-0.30954886380136215
-0.1748056735485804,-0.09310193437566844
0.5852531702379077,0.3815486435163637
0.5889521873116438,0.3848829232501591
0.30318899351995987,0.19547344507230097
2.1591825463078598,1.0824025613438584
1.2921286181131022,0.6265392538663385
0.0033818206958456942,0.004508136539411376
0.7614450039179803,0.4242150732738878
1.472726141482393,0.8886949750067497
0.2222004851964639,0.07690901225549054
0.7272636426041229,0.41972418434581615
1.7431456860668848,0.6912099280320196
-0.38175714829878893,-0.2764514591261602
1.924557479214199,0.8859237321107415
1.9216866713905785,1.0131319886313817
-0.047058597462986684,-0.02848134630628104
-0.052680177716952395,0.05001398800410436
1.5294741065322737,0.7862824794314746
-0.09975978151548581,-0.26860328041447434
1.1281983724537343,0.4241542595609423
0.3918361430657547,0.01967746131288564
0.882683091860347,0.45429833266935815
1.2954360339140831,0.66586880874864
2.2195093465988784,1.0983149439998914
0.5257909070605356,0.30055922356698384
1.0942945057042837,0.6062187203731195
-0.21868997851036565,-0.29478531327298274
-2.2895530940760143,-1.051008923906422
-2.117584581114671,-1.0819833582849414
-0.7222909974736974,-0.25974342536807693
1.2964284953629928,0.5787744097303343
1.7739108895422961,0.8359499295035239
-0.13322594997040926,-0.08739735922327745
1.688106415002503,0.7764093021471012
0.7048307726538069,0.22455358844856357
-0.04909598593474851,-0.04841936410325273
0.11518817802083484,-0.1044106123996855
0.4799218074904007,0.5242470973451839
0.6133586529140371,0.37044375547423103
1.9896305914592005,1.0117860045588614
-0.9375235995368524,-0.6924976622716092
0.5907339431354564,0.12239332137550357
1.3602797818163297,0.6948026389468727
-1.1343525518026327,-0.668147870919175
-1.162285073784882,-0.6218549094817801
-1.6395132508003827,-0.7348026846228983
-1.8906950831366927,-0.995702305594889
-1.719099354013239,-0.7903335458677855
0.19379527809588537,0.09729194079550732
1.3193685285827401,0.4683140825808866
0.36870256964061693,0.10445349559318196
-0.017933905099878522,0.08778345910735995
-0.06970831115669357,-0.1509175455699747
-0.19372909319078208,0.09139905688431502
-1.107366802322157,-0.46972190992518303
-0.7839296761881579,-0.2920187667135054
-0.17116138283293242,-0.20464908533957418
0.19613428697125532,0.0691621519139561
-0.5110186816231216,-0.2896321285545997
-0.46858707249557363,-0.2336837226817912
0.3274273390020831,0.11823250558159151
1.4241118250272893,0.8127229524421642
0.369716302439675,0.15045364286029805
-1.137250662284969,-0.5163815108726508
1.0977370754889948,0.6578675188895486
1.83525079055787,1.1054408553775283
1.6686102400357694,0.9962296359852582
1.553157722735269,0.5629147205052654
2.0871132983171465,1.1993496557625052
1.6163425350196077,0.8766161640162519
0.8474838105744555,0.3660277020060579
-0.24969222020335818,-0.04289243202327814
-1.4390168231262537,-0.6672013940938848
-1.322749249734597,-0.5384922380506709
-0.3089043103525404,-0.20138388611204747
1.1318582139880542,0.677358853901063
0.48584454870694477,0.31750861212760423
0.8490096427320064,0.41682870878282546
-0.6548224913886973,-0.22849330561456344
0.3496619256294484,0.20246616569255232
-0.6822944443644285,-0.39887035353030725
-0.23806349940132654,-0.23734109671176407
-1.1103862260838866,-0.6720680575162209
-0.38366623523202276,-0.06707634394865833
-0.7543400921783754,-0.39326181686731676
0.2341344872800009,0.19838950154433532
2.090256711576878,1.1508965198817336
2.068386624325179,1.2484822077685467
2.095650357578553,0.9420838996905034
1.3710339083073155,0.7501972322623467
-0.46825992158071084,-0.13663975108811405
-0.4494931840224565,-0.20418147719859098
0.6805419546126413,0.36735782198890593
2.84159468819727,1.2677637098920296
0.8177251433468734,0.5088839192700906
1.8076293351781936,0.7812623410404166
2.99102735906268,1.5336394867777448
-0.3221186136486399,-0.1293209396839779
0.9592434173546937,0.4703770149379231
0.530452727881049,0.1937358020470853
-2.605985651747271,-1.3584453740003253
0.6781579776449695,0.37641790226221195
-1.096320456469945,-0.6799790183980479
-0.46631670427337496,-0.39093738084659635
-0.39975268224247806,-0.16669077680610547
0.8636744829367811,0.40129930051936413
-0.7158329020787892,-0.4873751500162825
-1.0461223751234427,-0.5786448162641473
-0.8043481098555814,-0.33080278449008005
-2.3958546370495695,-1.1224857341709262
-0.7479167041900241,-0.23701882654101206
-2.623443947421438,-1.2375019957136946
-0.9406849597786288,-0.5971538733994879
0.011537096258036561,-0.07684155427696437
0.4815018844652742,0.18515303691571766
0.5151925495476882,0.3476871330411634
1.0345076494846805,0.2761489569778349
0.06068361537894229,0.10601531803906832
-0.8066701442726254,-0.39243303667851087
-0.9682255962135896,-0.5102158472684067
-1.286390444356074,-0.7284916235662354
-0.9802991937545192,-0.6275179819724116
-1.4884004480165358,-0.9020914098964907
-2.6111831244871677,-1.2570843003814924
-0.929516287898962,-0.6779450790220294
-0.15864899170267865,-0.05723646824999462
1.344082997157066,0.7631607606607786
1.4407984477549725,0.5600615027989395
1.3774433598727507,0.7875347237597333
1.1147523954277134,0.6402516596642529
1.5788061762031824,0.6269256706044132
0.1547365181728949,-0.07171157569597472
0.600768870326997,0.3868527551608636
-0.6071464475014328,-0.39939631905288786
-1.2186158685059807,-0.6824548051386893
-1.7543728065666886,-0.8819220359389286
-0.8397547264615569,-0.23256778193049354
-0.47962486219800426,-0.23837318500402802
-0.11281839629836679,0.001174178025890496
-0.018408855697606814,0.10800097138147766
-0.010986478869192079,0.030906008570818124
-0.9790811635729071,-0.3525418929624511
-1.4568422011897249,-0.6226559557403395
-0.07812683719484781,-0.11001342811230039
-0.41375197533200564,-0.05353249379798097
0.15389658794571537,0.09752329501847257
1.403422954557789,0.6683457363487689
0.33000625840283077,0.19868343264391455
1.1915873095700027,0.6273668041459545
1.6009179927573816,0.765658948672419
0.3722428571669842,0.28234535635705105
0.030321025623682357,0.06625565852084375
0.18892492291176755,0.25801678595083466
0.9804263856500233,0.415758615312193
-0.7358741675839346,-0.41540597515666317
-1.3582521598296835,-0.765497082808603
-1.7017995439942413,-1.0962551857397491
-2.025629147759098,-1.0735972617565757
0.14694832170732475,0.016701017208399026
0.9475949300789615,0.442295048858187
2.119022304182506,1.0153995094384842
1.411030768365689,0.9089601283524408
0.9438578299367423,0.32195581448495464
0.5576136716674247,0.35807086559395007
-0.09601599736931221,-0.12585355332247605
-0.1808241298499912,-0.1408371843250085
-1.3455513646148602,-0.8333771473711112
-1.1593363136090495,-0.670179263548115
1.6955625823739529,0.8409789775719606
0.6739402893465183,0.2244641855073428
-0.009906118889969673,-0.04287402801057674
1.4264606174509011,0.6310547822872621
1.0979762995039963,0.5351505202966684
1.5152023427048311,0.7237410360084396
1.292680838478763,0.6578956895276736
1.336006183008303,0.5669421052407188
2.3464139902494914,1.2639605563229392
2.106887878740858,1.0750713584238722
-0.6802554900886328,-0.2450044895861624
1.7314347706502546,0.8476546651020858
0.47455145268400345,0.17052845257415772
-0.03231293922678341,0.008714725368210219
-0.9063455625491388,-0.07489449450695673
-0.1052980813932688,0.1003886083931392
-1.9304323196904318,-0.9988961536413846
-1.263055152196194,-0.6278894852518253
-0.8070122689991517,-0.3545306418348755
-1.0423815792319708,-0.4496093150912939
-1.3678686177114132,-0.7123185636649738
-0.18038381944453652,0.07040866266423193
0.04571429553099274,0.021437953329886097
1.2505281522399971,0.5982642692218999
0.6960876090246125,0.2612126601637149
0.2340016712195141,0.1251725086895767
0.1454894597112866,-0.0777656075415676
1.3385287158208914,0.770749151896177
-0.5498422872515429,-0.23074353561589106
-0.09174494105107234,0.09715877215251481
0.9728354315306164,0.43656373109781144
1.8797185716998408,1.188602978687254
0.13202423992043344,0.06321110168907097
1.1716928623776082,0.5460014005940169
1.1271351141397936,0.5086645783016654
-0.15721364713846042,-0.11742652561249597
-0.0697059527087366,0.035922117231691954
0.43691548155794985,0.33372166935310815
1.8658630240596699,0.9481223646267395
1.3064539015876164,0.7504477156833608
-0.5909151593238143,-0.2639651969821393
1.8700986434305946,0.8987119504958568
0.3405875988730877,0.07119489627960489
1.7842173093331475,0.9018424655900947
0.9111614984653587,0.40679651203026146
-0.6500626943174833,-0.29431250398426395
0.5616671378667626,0.12507524759862665
2.4311016470880404,1.0848084450012419
1.148384919419524,0.5185130113278782
0.24268524700199556,0.30454657394308604
-0.30379882380343515,-0.18442620526125786
-0.3981853139079278,-0.24811986235550823
0.071392373839476,-0.1424087683849725
0.513701334600125,0.2594817837589929
0.2661517104826825,0.1557560839021765
0.19137566901212016,0.05718038621644178
1.1701918089572811,0.6608974431119624
-0.3183073723287232,-0.16349183951661161
-0.8306370816965076,-0.38268841521521046
-1.571843986716842,-0.6003530359958846
-0.6411107650784313,-0.10926507904415056
-2.2281903184835388,-1.1552599085409059
-1.8134834026089428,-0.7946250085136709
-1.0375319523433704,-0.530147185714421
0.9800951374697292,0.49640552952860356
1.8524538607788188,1.0568564904277615
2.0822167127601006,1.0135703904064854
0.5819170802389158,0.259822022731412
-1.165448210471463,-0.5769664839289868
-2.316661932364834,-1.2551940220892446
-0.9054126558455738,-0.4773138625668975
-2.255588542990329,-1.190441496321228
0.11790993162278707,0.1700628570868917
-0.8656582000606248,-0.34105105934745117
0.39664964547358644,0.1656643269384782
0.9245944122488685,0.5196509130169505
-0.42819413336374335,-0.18464002242281802
1.8256114687421214,0.8579314124550493
-2.3275062088485017,-1.0730528935618917
-2.103017079545881,-1.0330226989666427
-1.3508037865493006,-0.615260023571161
0.06339005652261365,-0.010723535397486168
-0.02121715176392814,-0.03555463099763688
2.129156299600867,1.051955543585519
0.9095399310942198,0.30124948797985457
1.1156278819260286,0.4537312037460429
1.6875409310575815,0.8245845855919881
1.7636926978913108,0.8674614982771383
1.3523462552099852,0.721250626887527
-1.8272864603111834,-0.936526724932107
-2.1903028707827445,-1.1485334022999256
-1.196922012495965,-0.666775406126715
-1.5083419251807477,-0.7695696175675374
0.01594788509834666,0.09276419201119795
0.4973810693732221,0.27364129014036903
0.1607777979197394,0.04205828950585286
0.35886977290265154,0.3577873091941194
1.5938897458430419,0.6144196867122296
1.7038502041522987,1.0788196869866196
-1.1485637800325645,-0.5284198047860945
0.1045508093416877,-0.08423126664188257
-1.5325208106269976,-0.6384664402142124
-1.9309675765228338,-1.0634993728452184
-1.3205440747277217,-0.7605940488269787
-1.6157258411625168,-0.7619491622312664
-0.6573631049301979,-0.3267844309210346
-1.137783191793904,-0.8081298245159367
-0.1005908810952959,0.19834202403929738
2.032866872361132,0.910069081404092
2.3517396243398974,1.4274282627187551
-0.29871128866699026,0.03824827035423639
0.7748437857985837,0.1750176664881552
1.0938863118788258,0.47855557721944597
0.6297913702210761,0.3391934842759026
-0.04074557375962656,0.09574029021551722
-0.08594398011242475,-0.016071842655811255
1.201443685304724,0.7347444535687017
1.4943235811638442,0.7758159077084827
0.25311098899884427,-0.03143603162365116
1.2707286315421011,0.6220114595878087
1.3211723399127866,0.6432955810667212
0.35102057587515634,0.20240785722628782
0.030293089708039483,0.019199999782453313
-1.7060597286824433,-0.9653743200498381
-0.3101614561400315,-0.2064696010824617
0.00866092348498812,0.12315693928489359
-0.4704952973581076,-0.12016569258611542
-0.0437372443633513,0.22698932019922316
-0.3999037554299708,-0.27931309477814853
2.1122379193352345,0.9437015500333819
0.0037607436742456146,0.09401984189253948
1.5097698654061837,0.7431514662664235
-0.231887970462895,0.04052711940693801
-0.4862495240242364,-0.16941625519369247
-0.4605246125393582,-0.10775470896499456
0.4154816505990718,0.06012185579028623
0.4390880193835437,0.2969324071247627
2.9624462399063876,1.4008172858148502
2.423155019606167,1.306600129428704
0.42984322578540785,0.1511855209797564
1.3870784582690123,0.6968432251016217
-0.5915034457024111,-0.2490086281132902
-0.2338592119157454,0.13438195507094247
-0.617254857163762,-0.3493178818970192
-1.6116923025375884,-0.6819959934874551
0.42351325705707266,0.3228894050430986
-0.18426158321961333,-0.06522193521333786
0.4949682899479091,0.2550577604714052
-1.1538125416624723,-0.4382732879526886
-2.5168303042890736,-1.3580108951533156
0.04001721341240927,0.027682058389699643
0.6442726988001624,0.24508960858214496
1.679125390313278,0.8797221509746056
0.7098314597846777,0.23835993968702213
-0.18916995500938077,-0.05624189238439536
-0.561007450373696,-0.3858304592726164
-1.1140930012241126,-0.6493164984360247
0.635133297942476,0.2792995648195614
0.041067545074992606,-0.06697739864770348
-0.9668241846250949,-0.49850071690702535
-0.03353770600326833,-0.09451558332888851
-0.2904686029108383,-0.19650071117550008
-1.9615140289384059,-0.991641899657099
0.6925246781677136,0.36342323519136177
0.8796848320764288,0.3991734021619032
1.8307026748406257,0.7719510017668627
-1.2296784829786653,-0.6231802642103494
-2.73368481709695,-1.1937948141493169
-0.797956684968919,-0.5856428407181402
-0.36032541584055944,-0.024235608957037746
-0.4041678450071712,-0.24006343927912746
-1.214676587687522,-0.35908322817666866
0.48812118777119406,0.21918542243333516
0.49699748842834135,0.25057375351282846
2.805392706714316,1.4990556029160365
1.6093538807969638,0.7266084571242007
0.15298424001682498,0.05960587083826244
0.7162173918535422,0.4058172397943972
0.28049494612346115,-0.0049471555047226334
-1.661274742083731,-0.9921666351821737
-0.6811379371015707,-0.12995973529646387
-0.8636081197360079,-0.427327950319465
0.10358056377298724,0.06952665256216382
-0.3827242505867434,-0.09848963787401842
1.060494140164657,0.519751570004686
3.5008160997971745,1.8158054389761624
0.8386794201215366,0.5072499666740601
-1.0358651959364846,-0.4505440189704768
-0.8572915592085235,-0.24181759476479792
-0.971212174160123,-0.6542431797291428
-0.0244121439855578,0.029982510186027635
-1.1127009388990021,-0.5761063166548196
-1.404546077472195,-0.8408792292705629
0.025997647879229202,0.043076556226612245
2.3652069263379616,1.3252055706818502
3.0405081087157537,1.3331332233343436
0.09804434795836037,-0.03709135197791846
-0.519528978360381,-0.3370424393855749
-0.6945155608636491,-0.4452561807105403
-0.36503426231603986,-0.1295999476117472
0.5373825617392705,0.2678973663991619
0.2641169189102664,0.12057094603057686
-0.25247492252006576,0.1110040085831423
-0.08621507393353056,-0.04274466973538528
-0.27906244585773177,-0.1445207429146368
0.29732177308477614,0.16402497355796752
-0.9456444340935242,-0.42453783838089415
0.1279599963395932,0.22181152801465318
0.06541190644536093,0.0019639890510856177
-0.4970446127941633,-0.10039219814183589
0.6100663396044874,0.24489924392666634
0.4643825302440704,0.11003366441744966
1.2274898756424242,0.6333514985249379
0.35252681770607236,0.15711767795391635
0.7301136557830444,0.48602969139644125
-0.15151054739225278,0.0943627531419409
-1.533072418017345,-0.8742635448973332
-0.33480231237098457,-0.14732785239512175
-1.4367854721759423,-0.7032117396568469
-1.6259429806188994,-0.7572007670592495
0.004717974176554951,-0.06892279684141131
-0.10237829351192856,-0.10254083240563514
0.03330033153033078,0.00028480522046206436
-1.4738427310457256,-0.7648026208148769
0.6011502997730571,0.2881322975058641
-0.7887357384648258,-0.4114013377858918
0.7725817047306118,0.4045504756285273
1.330933508739688,0.8157315514673398
2.7365115146928014,1.389379327028132
0.52439874936768,0.05993502040243495
-1.4756280194992402,-0.5709468528473529
-1.2880749768686253,-0.6391399636506059
0.03238271341730914,0.1265454734755538
-0.4340195176309072,-0.2905073501420583
-0.9665676235904941,-0.4713915226510884
0.782607338638663,0.3772381284172828
0.21975246343546664,-0.04271819704650291
-1.3588487381757188,-0.5219897750307124
0.5156654325747357,0.37904065819365385
0.2854317796765946,0.20010985471465859
-0.11439749192027249,-0.04667734254501012
0.7928784968114423,0.3874233958891603
-0.10683840394609195,-0.12642289192619494
-1.8128370789152237,-0.7822304828231649
-0.42613603869277483,-0.10930232111495436
0.8808839045416481,0.35610076834627125
1.7777808064256964,0.8617022928128701
0.5057038693936994,0.2736479633396296
-1.5385488878985145,-0.793747865367188
-0.6221848658381635,-0.3639661150856131
0.9310686998611677,0.4550332573397091
1.3259743537983226,0.762636195701394
0.8788964641064907,0.3487971265024701
2.1175972452740712,1.1171204266611416
-0.2623029614121287,-0.04079990246757931
1.1009960367478833,0.6171772496261128
-0.5119081686113276,-0.20837967655897222
0.23308371489676571,0.13535211360768518
0.7423803118803542,0.3185562909962341
-1.052296516058527,-0.5001047368699802
-0.5256408056169006,-0.15901856587432978
0.8319155536833758,0.4571587763987722
2.075189900526114,0.9534385358833003
1.472315247961038,0.6169797578030858
-1.1891475799819238,-0.6414878348500676
0.8365781450105287,0.4995961239738131
0.4504344419079433,0.21585626586235493
