0.3402791826973743,0.06983316527327489
-0.02152855345486146,-0.12933860919581547
0.6163029577577409,0.3137440002703258
0.5590051445241123,0.28983519904969246
-0.6523265566326119,-0.3311242829661054
0.8882843138962462,0.27977458729983784
0.42650070842642174,0.19575235901289895
0.9120153316986808,0.4000246989485721
2.640225854493062,1.2328218557205999
0.7914072524540222,0.2686939411916319
2.562746121885761,1.4730968563659048
0.6100561123094157,0.10632104281932239
0.7538494913109892,0.5411241025361507
0.21648309808627267,-0.035859807259606705
1.8332742188446414,0.884263247493231
-0.7763761264607065,-0.368365060330702
-1.3326522178955045,-0.6310477890403495
-3.09908718488066,-1.6436607603431561
-1.3208553874899425,-0.6869568038496956
-0.41076519627424596,-0.2526335648558103
0.05976879170679833,-0.02325963668308209
-0.8065357622583473,-0.20654510946928395
-0.01003459008047114,0.06798180832341848
-0.12063192088709779,0.011851518669538277
-0.8622349535326214,-0.42571498461936724
-2.76734432864043,-1.2711929661910324
-1.1858348291371954,-0.5737467311497269
-1.7473895574534013,-0.7911212951413316
-1.4339517188797997,-0.5274285788597837
0.024410995587616724,-0.11036400213507189
0.4418325039579502,0.19258611555641153
1.3903739207789436,0.6343007037590587
1.5640137510406946,0.857045792050768
-0.6131956270531722,-0.2753306958263058
-0.45073070014490213,-0.1950674775201746
-1.1222772972378694,-0.433437469755795
-0.639381429901727,-0.16764631064739857
0.6902303762581468,0.2812549895401503
-0.9097958276650943,-0.547646402073099
-0.9036503780251808,-0.4615793704512825
1.5981741859294665,0.9135614542323092
2.214378369345448,1.1446155665812172
0.9446177516118688,0.5488874854640917
1.5701673802409881,0.8213322277893468
-0.10449204995239825,-0.09957993526708595
0.33124538910275036,0.340602166472076
0.6351792694570431,0.2618202694887276
-0.3328542499652418,-0.11839531871882117
-1.0484348071135141,-0.5897837418716115
0.7035746891550733,0.43499927405471894
1.8232330984795055,0.7317219326139993
2.1603742547806464,0.9431704638627603
1.2473111297855985,0.5481410888222586
0.5077599570558203,0.4019938615074439
0.8803870768646387,0.5514989106541689
-0.9214816312301847,-0.4139777618295989
-1.7371791412791668,-0.8642649702379084
-3.082145467821681,-1.5157989404495842
0.43216388443993226,0.13159331215677517
1.2462270210261797,0.6136955468752996
-0.06182701243751243,-0.0894253829039198
-1.1373067812813036,-0.6984025415432409
0.22756090933683848,0.14814825517037486
0.43460915926220856,0.19437414679201248
0.3533986723079988,0.0500974405318749
0.23221685007868065,0.040755617954762915
-0.41008136724777516,-0.008380381522812536
0.4537069608485032,0.16367092509703446
0.7803338045638241,0.3911017579322455
1.5021648135633043,0.6577144805899192
-1.3916503839800853,-0.5433479703792099
0.03449122882796285,0.05837338764821861
0.2466797093748629,0.1726129710475176
0.12168989445152745,-0.04648231988387996
-0.8685227653604586,-0.4552497949059164
-0.7591680440714755,-0.22375248916171955
0.0645331937031397,-0.20460232324259342
-1.3752846545827584,-0.6593975516069299
0.41734466152398786,0.3517901491569785
-1.7207577695044034,-0.8182335233782992
0.9896306470208935,0.39157924231205904
0.42305451436534947,0.30484556018395675
0.7752408074395636,0.3946073425204386
-1.66030737196273,-0.7874061364166965
0.23513528903879544,0.09286450980674774
1.321679313818641,0.8033332944473621
2.0386998346676157,0.8740343857794118
-0.6640796575028841,-0.30044035540499003
-0.01766101829218586,-0.10236417439802017
0.10309008028276317,-0.07353427919513797
0.4220241829430852,0.24827924753006467
-0.10132905875784842,-0.39036085407889676
0.43831430740407595,0.2260073437189841
1.291168803897151,0.704483629917324
0.7049642045028666,0.5022966515942839
1.0108536228484053,0.41233807498738884
1.5587404231034514,0.5804380768250347
2.442919504053827,1.2474735719776087
0.7900507680080567,0.6107890439832268
2.6091601847282786,1.372282179694123
0.7725156623605428,0.35797431984307776
0.8584435689602471,0.3880048045889977
0.8477436551087392,0.34409035380494774
0.82605150923894,0.34879853376425013
-0.5714601682699036,-0.37375477855405337
-1.6516336847180144,-0.7222295140463005
-0.33295332773909064,-0.23804258036925618
1.512840917663428,0.800983973360725
1.1284450437840923,0.413854142688158
0.6045046734455892,0.26359603737541526
1.2312182571568835,0.5820225282783283
0.907119762086914,0.676121200983578
-0.17558960561621795,-0.1040454277491795
1.2856084448640277,0.607561887683918
0.13104205253676127,0.08169462459663224
-0.3070754716437052,-0.023500330223126753
-0.494434037992194,-0.255698081196836
-0.6354069741861861,-0.1941569714227817
-2.180171803563426,-1.1549259496791184
-0.0982335378680973,0.04545341579898447
-0.040552024570437294,-0.02099862565115655
-0.8710527326111644,-0.4556024114528882
-1.4194469603773507,-0.5834863922964095
-1.617853479758301,-0.864747128688815
-1.022185543694432,-0.5629951961629539
0.4924191619759569,0.25518394242444337
1.2083659346873117,0.8593600753768138
0.7560109849528048,0.24182323117663396
-0.5477265801960951,-0.21377961866134781
-1.3122942290080164,-0.7422926488553833
1.1458388478839998,0.5521579002916027
1.809022725846113,0.8893370041191118
0.37973496986284777,0.2621271207629738
0.7623908419424121,0.49314937403628234
0.8728954730546621,0.42227285917788515
1.948538918943406,0.8356079671216707
1.3727859690291457,0.6625329470187505
0.9055335051430122,0.42225113796738467
0.8694571924984923,0.47518879929079005
1.055786865216786,0.3413803456141
0.5077488522395657,0.2863984455086379
0.17775446271660142,-0.037087360231197616
-1.2708372998941357,-0.7893094125965667
-0.8187487538795032,-0.35244446024502996
0.6993919766715768,0.279061358749615
-1.0344830502342803,-0.628947291687372
-2.3999418800942434,-1.3532761291848419
1.0201186728166014,0.35928529235302553
-0.6112851460086915,-0.37076381084446774
-1.0745862434288989,-0.4892316531537192
-1.9282948686738337,-0.9908164020998498
-0.21904791889630548,-0.05128406625467423
0.16806493321559346,0.2502401136934428
-0.2852673904107986,-0.2805949067619373
0.3705397958680714,0.22629528244745695
-0.6785394813233148,-0.38549270873369396
0.2851393962113451,0.17486733425134532
0.7694142052015345,0.5038747740309617
-0.9766125689164611,-0.5032469487873042
-1.3599163044355491,-0.8553950877021989
-1.4962607045132854,-0.838449265751825
-0.5861763346161516,-0.04780014575671096
1.888978244616975,0.8684423454760647
0.7123084996833698,0.31552740119779127
-1.5144491193021739,-0.6908222990141697
-1.3452818534053383,-0.6132592891604183
-1.7174445007456767,-0.8219504101876574
-0.7965586294953494,-0.3681863340505532
-0.09651929888571659,-0.01259838914041471
0.7224345425201391,0.3544500324711795
0.9947905715553709,0.6464887874025125
1.0417079264075884,0.4961484942053168
0.5069849154312995,0.20787401380400916
-1.5017563594768215,-0.6703382311597712
-2.68454000903061,-1.098485158169467
-0.16692670176351787,0.025452862943138185
-0.5569543588137917,-0.2955729038335784
-0.17375495414864683,0.11501432258515465
0.4259853247635196,0.1613496340157892
0.06379745725310168,-0.13575538855759073
1.5643840681518693,0.7978153342457567
1.5347951155628712,0.680779686180373
1.6202726483437195,0.8445925285282225
1.2479412684170677,0.6376565166124104
0.7812794847517324,0.2707327408201963
0.387932171261725,0.276113388359904
-0.25494690718806406,-0.07763222865720065
-1.9030359732364086,-0.823149188047563
-1.2219799497598083,-0.6128536377095598
-0.7092814108033167,-0.18662411635935433
0.3652541408935261,0.1443435293497084
-0.08688785545660332,0.0028074280537835755
-0.5913522681222636,-0.4067056032093626
-1.1515952747001306,-0.6922016017323936
-1.0963303703118745,-0.3579906393868876
-2.074197723435664,-0.8671637573844018
-0.5074389489385904,-0.13904554118530088
1.1199330979679145,0.5252606441193852
-0.15360505897236731,-0.1423110436150244
0.39248973877933907,0.13509391420335892
0.7535645603513788,0.33098429361304005
1.087553275012473,0.5434328116221047
0.05891509584199528,-0.009968429953067522
0.3172662558880482,0.12750573565908785
-0.42481141081224194,-0.45970135995832
0.36042523261002396,0.1525787813201256
-1.0930134529792535,-0.5484854594833416
-1.6799352178050524,-0.7029471096240273
-0.7458398771432344,-0.30778444469184296
-0.5886097439654626,-0.44960755715504286
-1.7705392417593528,-0.9080276823254426
-2.264122037881801,-1.2795396126681624
0.22016882337203203,0.010746535999981932
-1.2925566852778352,-0.866977000188222
-1.832122558765544,-0.8652399575468007
-2.8249899698405154,-1.4418909381377936
-0.2949461535546333,-0.10058947652717568
0.21468743209386673,0.007860705167997459
-0.5769825966964806,-0.22505741562607112
0.7635564272516607,0.35917820176816706
0.16010437538342565,0.12349603103821422
-0.07916525843125295,-0.07394151815585184
-0.917525496664139,-0.5567606939747582
0.021322354739501836,0.02654656830664642
-0.21204676438622344,-0.10794567299432178
-1.6542265771105267,-0.796654233166817
-1.503545342272925,-0.7323985258030171
-0.988032504372653,-0.37347713096048424
0.8311534957049053,0.4910136713470891
1.4125930619016582,0.544049220137243
0.03741608822913789,0.1428499547142528
-0.5113135569279307,-0.12529474628158918
-0.8530306376292134,-0.5986485731704232
-0.6313456585980441,-0.2925383434447689
0.141025215148548,0.22332823822639403
0.9006516167839335,0.5366650852427003
1.7847601750061943,1.0706559642084401
1.5553454343495163,0.697888172829757
0.7186595960693007,0.38940343698649416
-1.6746468158469099,-1.008603937325527
-1.2775715623473975,-0.47137156683886283
-1.4834912135407956,-0.7912201605605945
0.9380459678528503,0.4835896349949214
2.0351270198297393,0.9286027342165013
1.423255725510968,0.7377020613261575
2.6609812448687977,1.3567664595399778
0.016255756033625723,0.11247254344204413
0.13806056953245474,-0.09501943108488585
-1.054414882558379,-0.5877429139101492
-0.38516350299089885,-0.10890147675872576
-0.6023958178480511,-0.37303893565420243
0.8775678934331282,0.37479329290632174
1.2208897195999975,0.6903325520993469
0.6995538563897348,0.39650652632647104
0.9884319266948154,0.44113437848848613
2.4051267149986537,1.0371512776440974
0.7775880527194414,0.37641712710762254
1.8229799594364966,1.1161964418446724
2.584509062941696,1.3371250150488339
1.0113828334777981,0.5991077777747883
0.16814916861727025,0.07182819094738804
1.2281716278719328,0.6160905197680236
1.007063557765127,0.4889808808159855
0.8502151351231603,0.33478687861004064
0.021812018763560315,0.19450280130742723
0.1825623620831066,-0.03340036794417453
0.9874227972061107,0.47516592296254423
1.510192381483915,0.6095596548299478
-0.7667283939095054,-0.37705747574588183
0.10100838885689917,0.12230097565663461
-0.38072446906797563,-0.0764791254261909
-0.06084784154576439,-0.07028671269273482
0.5017876652772953,0.13595048210888075
-0.2344870539837815,-0.05373200360666856
-1.0868740733498345,-0.5791664850034526
-0.4868713407175018,-0.15176669023358502
-0.19791561657718948,0.0501982726197118
-0.3247638783897686,-0.0472311423736734
1.5024686300558916,0.7997048187702276
-0.2400638478460826,-0.07739033133517312
-0.22437199115333667,-0.2731170050181671
-2.1246003382123315,-0.9934949206376243
-2.3937850006537174,-1.1407741738102017
0.4660026797519613,0.21063580916900052
-1.555488564061146,-0.8112038373162967
-1.3781446152669325,-0.6283901707386602
-0.20570501571835886,-0.14602202276162815
-0.0313320870617145,-0.027174185687820138
1.1929121912642664,0.5191688702180498
0.3759742024053468,0.11030870405839653
0.7686654389566923,0.46086570273336025
1.4514489111987934,0.8246364503454175
-0.037904514281474344,0.057844266775106845
0.6472229960646749,0.24914508337599323
0.34356029327593407,0.12248161146008524
1.4186377058481492,0.6591871439214074
0.16869244199156574,0.16523083152551526
0.6255533503513426,0.33217771588748946
0.9780671761767751,0.6441220857878166
1.1789130670945749,0.5765483508136782
0.6721918763631484,0.20622587080812033
0.7070681134932258,0.25616535634307147
1.4338736646144497,0.7488187031594382
1.881902331995714,1.088822683543386
0.07873708757131836,-0.041690684956692536
-2.8264087581925175,-1.5102873276685278
-0.24118681029926048,-0.026335374327117453
-0.08897073242656572,0.0019656281417453625
0.1794802366819557,-0.06728713303956994
-0.7531144698081463,-0.2731333044057713
0.12209544390254379,0.19920975660892876
0.22044875138993392,-0.0038319295880587106
-1.7813187913273152,-0.6320202817950902
-1.8892132753570332,-0.8647208705220314
-2.486678309936771,-1.398141611602687
-2.0563008727035283,-1.0987731756457386
-1.5143270813602627,-0.6974528849609138
0.2466924279368624,0.1379124065572175
-0.11795897360152816,0.1061179260087451
-0.4537759852460125,-0.25182401218709505
-1.3872046720174835,-0.5478063979234229
-0.7976127967376371,-0.31342910741836905
0.270287730720663,0.13296915105800938
-1.2719509404503775,-0.5966584564028301
-0.1026358153588528,-0.19432071789781039
-0.5355228977617411,-0.2629238496732845
0.7518534293807055,0.30190472408502345
0.48608842965659604,0.08307445387110796
1.1950413590248647,0.6656022329625798
-1.1754611334053375,-0.7577376416506107
-1.5951832447297867,-0.7278279564560856
-0.32722060365997085,-0.13491687789430107
-1.633726271063031,-0.804317236001876
-0.37204316257644665,-0.24333549417247138
-1.2569751201518071,-0.5591072618868108
1.0334424254914334,0.5122205623611769
0.674194306243628,0.29396412531238975
1.501708833867796,0.6278767350165054
0.6490365345740028,0.4524584408538374
-0.09910211983547079,-0.11061204427754942
0.7082023336816919,0.2615340804836295
0.10725854572837529,0.0246334026850865
-2.0136447297410767,-1.0532165907753923
-0.19853679879392838,-0.32717641289771093
0.9792371860933274,0.5077952213591264
0.25586241119936054,0.20408627527582082
1.6548750341396956,0.865526628930351
-0.10273260407726703,-0.035515465574729156
0.21300722765393537,0.19667901601284973
0.5636650539452539,0.259734406688901
0.9102689925863116,0.3033559803049449
-0.08396945717001603,-0.12647979607451149
0.8333180664893889,0.4531775983475082
-0.8841987923791225,-0.45598762837520046
-0.3598811849774429,-0.17059499546453302
0.31405753896600774,0.14001038130493879
2.063378027654926,1.0164454841268804
1.9506677065971345,1.062030400062599
-0.8448398739306178,-0.522099138784951
-0.4885750916435531,-0.24187005068143894
-0.5177782285303814,-0.37870419323157
-1.623817764039512,-0.8933231598188092
-2.074451315623566,-1.0946304887880696
-1.997921001621536,-0.9734425182124139
-0.908321535492479,-0.44884111148417316
0.007146316852872703,0.0621718459106821
-0.8885120092311652,-0.5771699506686186
-0.9187239127428202,-0.5475868790755737
-0.021456228310286263,0.04912323345906954
-0.04300201009298374,-0.09130229129979282
-1.257032598745391,-0.3982167030504487
0.6635136031331619,0.44016017283576664
0.4316773561146467,0.2831996332853643
-1.0333890853293495,-0.5341154005084
-0.22363977936929125,-0.10743342314113906
-0.49181000084653514,-0.3082872688684061
-0.19926526607376743,-0.06225755526829196
-0.7183930070210764,-0.2989579809967586
-1.7150121719565163,-1.0920897651046795
-1.4446647330058275,-0.7668928126160356
-0.16831176668549008,-0.15455996420979945
-2.604110864654985,-1.3437889125427205
-0.6151877872895535,-0.26555376242400086
-2.153749612312785,-1.2874869177090738
-0.8214157230695053,-0.38340794033965064
-0.5509875263681107,-0.325169340686124
-0.9565509036607447,-0.44598343583303296
-0.10679948505580988,-0.08281409301146954
-0.3886876717903479,-0.23895874487825086
-0.27531653570707526,-0.14919441099998396
0.06182522354845829,0.07819544157983646
-0.890444372816623,-0.6271657161419285
-1.0696491601648144,-0.5483600606266896
-0.14259362617377846,-0.06224289354364662
0.21103654532067878,0.08967238692880813
1.069335450253104,0.6331443734378124
0.8343882319238964,0.4489899495158466
-1.0827720577067417,-0.4757369455667077
-0.936315938766514,-0.5179051218698045
0.03400118769438931,-0.05190969390932405
-0.5669617608824813,-0.24779993519658194
-1.2030524757829548,-0.741276525950629
-1.769013284109251,-0.9970635659422205
-0.4495970443849461,-0.19417696808274648
-1.8522349950412869,-0.8588501011889893
-1.3120076004454018,-0.5342278916306654
-0.640826361970365,-0.48285518997861276
-0.8524750345182589,-0.3997317280460282
-0.9719823272414403,-0.4880452986386602
0.839606591257729,0.37787405560061765
0.7399107137862999,0.35309792037456467
0.492895792850307,0.36172762952012527
2.036924501212856,0.8116843572180588
1.3568802823946458,0.7314150808929918
0.875969765083787,0.2519472972260549
-0.008740516706630341,0.1276817207548834
1.0952216992003012,0.5216987887117632
2.047709082913295,0.8863286685814149
0.7990436932668716,0.477451137434226
1.2565759489507953,0.5850247824977085
-0.345995905016277,-0.05024537633708036
-1.6992952328817523,-1.0187207855474987
1.7487472989264599,0.5908543643717032
-0.014395416121715243,0.0802052102122813
-0.7846951451773906,-0.5797993861665626
-0.8474112966952875,-0.4019594414921754
-0.2508221144815984,-0.34871137380320677
-2.0846181257714846,-1.1706942349836948
-0.3953083233620842,-0.28035367726875254
-0.6069029855645806,-0.39701719416794967
-0.6901644720301734,-0.4067449647731347
-0.9760204716400306,-0.40097958338531114
-1.0932551111698392,-0.5184990926746865
-0.9797455100653972,-0.5128445981873829
0.9626570570800624,0.30325167075298687
-0.35318755699619364,-0.2063753475880445
-0.40626388856072687,-0.1869497986026053
-0.04671665365995337,-0.13768868406871015
-1.2509445903793643,-0.5184858233099241
-1.998116425983279,-0.9293935052956733
-1.2198166529369938,-0.5452052667651823
0.6221019034633583,0.30118370957150664
0.6161494030068021,0.23547276986684332
-0.4467797256691691,-0.11637782510749868
-1.0085604796634873,-0.46009436377872026
0.44016609686945185,0.10230177214494089
1.3865228685876212,0.7824065030868632
-0.9556356789675489,-0.582005000977692
-0.4596450625491812,-0.1924585814806413
-0.5044040533144685,-0.3807535606532744
0.14525267755391297,-0.10397623786779756
0.8208159107239908,0.568625959343448
-0.2392673797753489,-0.17003716525910678
1.6499593191096762,0.8189431271488711
0.6587406238776878,0.5143262395376977
-1.0434330216308507,-0.5344190303676242
0.18759441709001512,0.13126981046262715
-1.8167933788648876,-0.8903377454852573
0.20140456116148975,0.11584174010959214
1.3677896216202317,0.6910757641963696
1.133743418355875,0.508370338144275
1.8564973782051588,1.0530488530712607
-0.8986268095533229,-0.15949578092305405
0.19301784566025404,0.26283656259279065
0.039812024144432565,0.12423269653595284
0.3643432405983721,0.23757507176888898
1.5112435813536156,0.6452083672667235
1.1621816679559838,0.7790424537731955
0.362218754484532,0.06504346802649241
1.1665209058585333,0.5170713374445671
0.3441227749585524,0.10146287653339113
-0.497770018239362,-0.18065902977683118
-2.045743342207284,-0.9195542503441783
-0.26001055535684314,-0.37407822539824465
0.5467936886046378,0.3980690573514072
0.9533395973746012,0.4445023012124077
1.1196553856528237,0.6033631002061393
1.050493588669866,0.5194206231288442
-0.030962845616421486,0.07563664895493279
-0.4790892952234543,-0.23138065013305156
-0.5685196237482943,-0.46323944976249054
-1.813894132071166,-0.9787971575306966
-2.3667670780517507,-1.1326933168096873
0.12073365235714295,0.025406604848295766
0.7434242419446739,0.28482453612816044
1.3791238317402212,0.6904678962166662
2.222486800123955,0.9191053669247695
0.9778295458534954,0.6379478432677734
-0.7655450514563595,-0.43677604924912733
-0.2341742722953943,0.028233855730850535
-1.0525044679387912,-0.3436589609236156
-0.13015457683390663,-0.07515672814618446
-1.791682100948514,-0.8339924569393765
0.1618773327278934,0.0985703008163048
1.4150130583154092,0.6164674455323804
0.8534289955315364,0.35845987872058865
0.6588153035568493,0.3379654776522469
-0.1495498361586599,0.0189748878892909
0.056948272356686924,0.044775691450367416
-0.3706315343010742,-0.042661695467687305
-0.5399159559428172,-0.15155382066085427
-0.6332032433452484,-0.31864128528700636
-0.7317273181541851,-0.32520742191282553
0.027234266222475156,0.18040802746015006
-1.3734683452813894,-0.7423421697528026
-0.9784322969809855,-0.3684383596740057
-0.6722323328067141,-0.33822005570402
-2.3893666689391626,-1.2940404630592317
-0.6147861705347147,-0.45862469490787316
-0.20023534070054752,-0.05812096873562123
-0.6169477367193379,-0.23899529885080073
-1.5697672052023586,-0.7029073869233406
0.28574310064870867,-0.003412370096206735
-0.34923905364236085,-0.08571183011437938
0.3793477241738201,0.038300522840769874
-0.5824085810433122,-0.28575906516313393
-0.9723483565304787,-0.45364046239551886
0.05472710660914204,0.0984464316355
-1.0716191422796255,-0.5093780460727276
0.3087415715025579,0.2700479596265594
0.46197783990450336,0.21821274871011526
-2.116981619073809,-0.8130052879208679
-1.9403079811177815,-0.7731944491913406
-0.23837930366067184,-0.20059148143950634
-0.05682410890978952,-0.0842608889746485
-0.1502717212493598,-0.05404645017821415
0.18835367343753465,0.1115344502437857
-0.121360113512539,-0.049441031826936425
-0.8312394054462255,-0.4093758055352996
-0.03451061942956002,0.0863129495306344
-0.4464332376319349,-0.17241679472435617
0.9857285827401747,0.44872602680434015
1.7633657061951475,0.8423373746313649
0.41943967367358764,0.2119253551942649
1.2563040463471158,0.6608280260075451
1.9107281003884433,1.0398709458749837
0.7737394792344463,0.43597074335456476
-0.02013910367202515,-0.2153874419249541
0.642782418692418,0.3304844523845859
2.794331412482542,1.3664732044619177
1.5322083297263953,0.9454638988052556
1.2940077931146365,0.5918127124234956
-0.5174305387904603,-0.3576986592491528
1.0111465642011161,0.45006957613299103
0.9218784567461767,0.42025732115435666
0.8182475582921923,0.4487757954686289
-0.7660877679208925,-0.2379038573266959
-0.6014307783283173,-0.13256225740954658
0.16822354326969952,0.17774337399317566
1.083403948284902,0.5289939467919832
1.048459878255773,0.4197128311362325
0.19882301994820034,0.10872839483542605
1.5043457194352827,0.6092561038437665
0.4271289285202023,0.07306596518666775
0.6878766022530992,0.39649222623841796
0.47793009437742706,0.33540870564532294
1.3658688321357266,0.8517945318009298
0.5747471648016422,0.3258745049433027
1.0415412792422747,0.5169857894867508
0.4680029107185207,0.246607387976348
0.09729566273318987,0.09853599421338234
1.8579076857134766,0.978169950538198
-0.3251994657017414,-0.254695023619799
0.035443515359822764,0.0037932597079567906
-0.6567039592918105,-0.24689559617282364
-0.8079996831560083,-0.2917200365393137
-0.0707077711271451,-0.17811993256824563
-0.06527187083754318,-0.3078337853640326
1.2725965920993492,0.6740561672844161
0.7411683141620649,0.4237719833023657
1.649180271808198,0.8909086069857169
1.4644337327627932,0.8889296665189175
0.46421508775266973,0.3300615396045367
1.9522417935649674,0.8801401676505437
-1.0132916257720663,-0.5656524319692524
-0.7385468617682055,-0.37572832804578254
-0.9713618862283153,-0.48132219267509524
-0.6319178342375742,-0.09643671083348657
-1.038321087029224,-0.5949061054802939
-0.6807750420596037,-0.19662205784020545
-1.1596233307691235,-0.44522991866126516
1.128651717454101,0.574883336704647
2.1087048408516056,0.9118365904533408
-0.42294419638100467,-0.13442242730819576
0.15975262121786155,0.20629037767789726
-1.1650607148186296,-0.7403025734702948
-1.2910364055647168,-0.6824776665250462
-0.1368352391408454,-0.09318513582084095
-0.41283873460123055,-0.3571017169698411
1.6924033054584893,0.7936976036392309
0.5264188051673773,0.3893033723085513
0.4722306976580442,0.35648274443866
-0.7902633400774175,-0.4036647380187109
-0.9533028331872779,-0.615733746348499
-0.6650737756201361,-0.6162009311293823
0.8968267593711652,0.4987833358549947
1.306065746423755,0.5456902904949538
-2.1568465001980766,-1.0717391057460772
-0.27406253700814664,-0.42342872662458325
-1.6719620815042149,-0.7656969519761531
-0.0927363061707287,0.015219428373036838
-0.5503373687101245,-0.07721949907561443
-1.4098774642013001,-0.6661023608480036
0.17458604430492974,0.26368260229708046
0.41205691329327987,0.0843775775505119
-2.432747657197254,-1.2458653554390269
-1.5771041589137695,-0.7682999765633961
-1.6843675919522814,-1.018540331190343
-1.9550060821801605,-0.957352764074413
-0.03974014413292415,0.13204282908660026
-1.2445298670483727,-0.6238486163497722
-1.3180133479086,-0.6793695423779672
-0.7400773265460159,-0.4405298714620012
-1.1854738669550908,-0.6435640693816312
1.114053469933574,0.571893663629125
0.821824535816461,0.38410502259075774
1.229190969143549,0.67459191861995
1.8388851322489357,0.8773009711469842
1.1977856402572278,0.6316454554640597
0.15362466221123094,0.017760070807560285
2.3602465457098956,1.2268461134424624
0.039318206418356816,0.06920646862940996
1.3561486750531297,0.5057545473215876
-0.021374509462677937,0.18122976294794169
0.42819712329009635,0.003779210759513263
-0.31031491685154466,-0.2591903430869484
-1.7481474834919708,-0.7676005895925485
-1.6454297670097668,-0.86540106691514
-1.905099140899137,-0.8944822409671042
-2.429597291113925,-1.2509801062218047
-1.1795507146640805,-0.6009967658345392
-0.894279547704639,-0.40776339463144645
-1.5593255653999762,-0.7756063256725486
-1.553446679948525,-0.7296422605321548
-1.521141093142321,-0.85339491313455
1.2848679456633403,0.7795501804924745
0.14172489335885008,0.10177705814357695
0.8543912907084193,0.4432109656572224
2.585235362184694,1.1665738500218124
0.9407443728122562,0.5676010239805649
2.332072748968789,1.127114168858609
1.3633069647331015,0.6783546804177528
0.9920419811230583,0.3615914544305878
-1.2578703444955694,-0.6694330496757241
1.2797495636290899,0.6526102477047946
2.195937268204906,1.1443038719806706
1.2343970102007444,0.702499351988754
1.3227625246445156,0.6221912274742354
0.34834554453085914,0.12826609297194802
1.3097076821853424,0.5290651343070456
2.6582131993992806,1.2702389419370155
0.44081699656864926,0.3186185881779295
1.6102479815406232,0.9965221693095184
-0.6419788954706342,-0.3029673124661817
-1.802541391747461,-0.8919212614988516
-1.1750048473067136,-0.49133136380614106
-1.8857827336824091,-0.8672192241034952
-1.9536042676614893,-0.9724900506753984
-1.1123155578157866,-0.5218653798219101
-1.4036761073412753,-0.8554366751024944
-0.33366080027721007,-0.21738859256475476
0.45749454613995044,0.2404932253510394
1.1472999009134852,0.6010564184378407
2.799401843711337,1.4404306241024705
1.127063648007434,0.7097275581753115
-0.6420868259359841,-0.343485085063874
0.7528382676412378,0.46417810086427347
-0.4523780026627828,-0.2016599911975493
-0.31276254307393897,-0.25512462436516964
0.38827892678744164,0.32016504885576336
-1.2066414631905282,-0.6156073454269795
1.2976123977342549,0.8360300420916952
1.8027975436422263,0.8805059148512808
1.060092134590629,0.38243783100693707
0.976966448188854,0.5951052781208304
0.8197887512944846,0.44015888934620595
0.28250679651904853,0.26201670994086335
0.8753440885215511,0.49512443526437966
1.0116176395904266,0.5758304395240478
0.998617506466032,0.4440811868218768
-0.3083084106809242,-0.19948158024413915
1.0192818642502897,0.6593233206454858
0.9526550177598441,0.239479713765841
0.688357656587165,0.19965534350303188
-2.3566888011447458,-1.1956456103931026
-2.8265816904545074,-1.4506882845379743
-1.538452008343505,-0.8481651019016793
0.268107059013743,0.02216603860469986
0.07507712600828631,0.039724990671767456
-0.9249912526004207,-0.46473000944306425
0.2598861888951407,0.2114106309277347
1.171999527984465,0.602325191605094
-1.3874436835830584,-0.7778964590814386
-2.8546976751563795,-1.4222053849109808
-0.5633451620072025,-0.21681824429437502
-0.6343784543184323,-0.2307760441642372
-1.5902443172295462,-0.8538773361182778
0.048529513204929264,-0.0330813717489416
-1.812582020791567,-1.0846972826305006
-2.0583189542027025,-0.9837059299492805
0.6197933309304984,0.34592023622434115
1.0611791299805875,0.4629702154528149
-0.5920118288505171,-0.2328802180306086
-1.3356524902187206,-0.8968018253037697
-1.1519625070297885,-0.4472077006975175
-0.09115575221605077,0.028165069242348698
-0.4772400868708497,-0.18186797085186832
-0.43050492791068007,-0.2894401679434002
1.3549285204776145,0.6403532959135287
0.1499940593069239,0.04181179154213643
-0.004407642898583683,-0.09517689421354109
0.700535406044628,0.3143099369950444
-0.5350928911912944,-0.09637049452020019
0.7380660974684594,0.4089847712342917
1.252901991325818,0.6123968325316945
-0.2530411629584679,-0.05074915662856028
-1.618454739591705,-0.765275571391247
-0.9473073164964637,-0.5523103670762575
-1.7885257184511467,-0.9562663275883683
-0.12117594989773472,-0.12691703233147056
0.21444354068077284,0.023294054393672062
0.7320430276246161,0.42068120610277326
1.07952392366789,0.6462850782862318
-0.039653029739195045,-0.032939338073763716
-1.599283261619659,-0.9958040945401168
-1.4780857386224215,-0.8485269449955086
-0.6507528715734067,-0.3183911886339057
-0.650215970453165,-0.4517755073085202
-1.1488161626794176,-0.48961542227467486
-0.9612537723012347,-0.4457089901422487
-0.4908809956195744,-0.09236304031908707
0.013905673133155938,0.16463054268830635
-0.9395189057793024,-0.4142881188140174
0.44651370759884634,0.28416048626586793
0.07250283825493356,0.14103011398351623
-1.0109834933727122,-0.4234553476098053
-1.5561329628838316,-0.7986076068712208
-0.5236120072113675,-0.43367223392851695
-2.119417018821826,-1.282374687463849
-0.891324125112924,-0.4563430400922671
-1.0504122954662538,-0.5189650840980427
-1.3953932735974979,-0.6999188375657732
-1.558233233165333,-0.6354578286578778
-1.0265056111734168,-0.4179399330662104
-2.9752501542427767,-1.4505034039289217
-0.25246848811632183,-0.13017508851446233
-0.17746617442826265,-0.12333254008159572
-0.7032114681171853,-0.26915906747637275
-2.629147962955638,-1.272046734092979
-1.712233312944647,-0.8640336956625589
-1.4371507548681919,-0.7343210254515449
-1.3415201975937996,-0.6314811877351421
-1.234177849500139,-0.5255491198231317
-0.42504924426459034,-0.2617658751494802
1.1268274974790815,0.608968527789988
-0.10558545231613559,-0.060695695553020054
0.996391308106419,0.5937667928911178
1.1754614536446049,0.5912862751263501
1.3574663032308856,0.738807345556275
1.3448340852745724,0.6480221176335843
0.3787481083516359,0.21225366496578638
0.5267763947071675,0.41034271330824756
-0.9961773135794869,-0.5981271051470457
-0.909957381339779,-0.5875185525443785
-0.7405788132268234,-0.2306384445246648
-1.2761544772003894,-0.5492431372798677
-1.7594168740022582,-0.845540108218191
-1.1471072604206902,-0.5186125933232248
0.3488423183834649,0.146887898595016
0.251559200894092,0.10370210866978617
-1.1334366343213316,-0.5374039089569148
-0.6253627559011226,-0.3433116637380885
-0.0845058619670403,-0.01758890296563606
-1.2976984200376533,-0.7507359863427334
-1.0987116693736483,-0.44519541641058363
-0.3210410484958962,-0.11639849219147097
-1.7265287152063091,-0.8508032689862697
1.1807381413984608,0.5411635464994593
1.8974390780694272,0.9426241246498911
2.760473428499254,1.4182060679286566
1.5086379421370277,0.9152057766153964
2.0388005022523776,1.1112582386529186
0.9624263375113202,0.5988839752563815
-0.3488813302511349,-0.09957604165799369
-0.7354389154231114,-0.16316062314882238
-1.6675158016730711,-1.00927782837335
-1.2473498864456982,-0.747645857621928
-0.39912276136178937,-0.0832377420565678
-0.04130588976757918,0.10089060333074287
1.6977508154480554,1.0042265897420706
1.0746063538922095,0.6506036270112058
0.9865017503924907,0.5055104544857264
-0.41858824440299636,-0.15479205991234746
-0.843934872459266,-0.47263853477328005
-0.2508260926363812,-0.1658272973053153
0.6285598498176457,0.30644675642212027
0.4512660706077419,0.2629392536572455
-0.17366850289103564,-0.14534681209737615
-0.43294059404400753,-0.2711209534185045
-1.407276686938233,-0.7017603465981304
-0.4567576306280406,-0.22994758395604187
-2.26521909780967,-1.24895060533998
-1.0898321558620185,-0.3968537426824767
-0.5072937581341724,-0.14731082807137785
-0.13125043316885493,-0.264830495012062
0.5511519091816476,0.30688510147331216
1.1339108421764383,0.5189384549634442
1.259460857381712,0.5319280370877906
-0.16077377441575225,-0.12207759841397056
0.09748091278416428,0.10729685819367735
1.0315165392012657,0.7404523698459438
-0.5714072662753922,-0.2128567705874443
0.011168734376694744,-0.2573317738330546
-1.7638260263251835,-0.9177553720510027
-0.4007888479737235,-0.33008171828275185
-0.6899458448859568,-0.3510407074707841
0.4386012817896637,0.41483181470424835
1.5228219207993,0.904280505072429
1.8944897151339226,1.0641323652129566
1.1816612398698294,0.6285354512111244
0.9108188827733151,0.5751336724313045
0.5890904158292217,0.2591224644346913
0.11653193801944439,0.15636376391959556
-0.01604623623201032,-0.0161724952324713
-0.004740259225617434,-0.08049709699799844
0.7687265868208502,0.4009415076508691
-0.006322401840186731,-0.313142108694559
-1.2780673707102934,-0.6959239652411437
-1.217628493498688,-0.3813916114927268
-1.3398014414204829,-0.5729211415213356
-1.341514884362101,-0.656442037477008
-0.02261684214669657,0.12886673252172962
-0.28868340562089506,-0.06929154431921146
0.0194424771426136,-0.023701700080265675
0.0762313445262193,-0.12477368042672109
0.3420738365451839,0.1565607112447081
0.2611144261888289,0.11312692203703266
-0.28765129722982624,-0.0960617793129472
-0.7752070020238249,-0.28374827855739765
0.6239501448666822,0.2966724235549822
0.6366589051918252,0.3904948745086345
0.31201816573102115,0.1082336903023736
-1.135963795662682,-0.746810546731806
-1.745611096853676,-0.7984016217885788
-1.5251711457742139,-0.6599281163669604
-0.23530720721607012,0.10761571522481586
-1.5788405978444617,-0.8403450569415774
-0.12454442166077162,-0.0550209881623806
-0.22024195335371982,-0.0510245162512265
-1.9163647515403976,-1.0022267993018246
-1.24083082696241,-0.6070981217379976
-0.7308065464093049,-0.32175773457068146
-0.40335444305672546,-0.45702531499560883
-0.6663957568774823,-0.29323739920749575
0.2449035867471398,0.09791122572258518
-0.26890808331320226,-0.1484482673385575
-1.190781108639369,-0.593524699385439
-1.2246879717280748,-0.5578425847920551
-0.9556092588630136,-0.4407265885451328
-0.9212480461401347,-0.4587823050896488
1.277774850650811,0.6050517711480584
0.542196196134431,0.23873546694659928
0.3339475561163419,0.22789141536708188
-0.48049813639717276,-0.354331736181422
-0.05062718180925735,0.05246095283501363
-0.1200125523868077,-0.24201643728310432
-0.4520234419183191,-0.22020355513751233
-1.635491427944799,-0.6835667920996921
-2.9282788378390014,-1.6074090704193027
-1.5043201056956494,-0.6981221034350741
-1.6731128522619692,-0.9224155912171004
-0.9345772030920569,-0.45699393544699535
-1.1575817054309638,-0.5733084672989863
-1.315164663612686,-0.6602603175724663
-0.7601873455806727,-0.3551864433084245
-0.27874137869096816,-0.13276193388548363
-0.4691038991655603,-0.3797579815149532
-1.262307046705909,-0.7358466728210962
-0.8576013166045742,-0.3524482209403486
-0.6870431979533062,-0.3667139314625903
-0.36191255114254517,-0.2730753316721295
-1.0695494724221954,-0.6629555515426406
-1.8470657081981323,-0.9365059209424443
-1.2835586603199083,-0.6523408042934847
-1.5287969055434174,-0.5922074816197431
-0.7555410453552192,-0.2859100013265128
-1.1058318096921347,-0.5080146801700667
-1.0349128239158063,-0.5426739842436863
-1.2987382996041892,-0.6487933317324031
-2.4381019322872226,-1.1565390266779583
0.08091105932513443,0.10967383396944362
-0.5062419709096372,-0.30293333810021433
-2.4307022823523265,-1.3943410639239509
0.17579747651363697,0.2261650368253844
0.44142867390980606,0.22608176739380698
0.8788545917865345,0.5148307531344162
-0.7333144337690903,-0.4552715911816886
-1.878496599198067,-1.031982639195835
0.24267493084721614,0.16850738559823739
2.2524037445965934,0.9838467094974774
0.2816558695386343,0.1923414781810296
0.7568384164363612,0.37989425863413623
0.15960751753213165,0.13187650736861606
-0.3030351705770215,-0.27039173642074005
-0.7670430649604946,-0.5094054734953452
0.0405653912607043,0.06610934850931394
0.5909347065828581,0.20259240739646817
1.13080329248072,0.7036031681357358
1.3798023381644287,0.584407752072057
0.9780176739019741,0.42409876904418703
0.11968798788673557,-0.002179329436492225
1.3339895520138805,0.4563821791101348
-0.09727094262722025,0.05897025544025554
-0.2711362688782506,-0.11598222224644003
1.384224944313357,0.5591963369895756
-0.02725662199385248,-0.03494749412769724
1.178367026593974,0.6913858055437905
-0.5776217973967805,-0.39985149497566624
1.1668126296256722,0.6086269234201601
1.1150700264348057,0.5173793615185333
-0.006079094493568582,-0.07003631456843216
-0.8794877928567244,-0.5230038876497854
-1.3155262632940588,-0.5833386715297333
-3.4028308014235025,-1.664469910568723
0.3507807648050737,0.19632960393758028
-0.5970022859111934,-0.22111023307707087
0.45276338011921236,0.31678737964332376
1.1071346811950469,0.6706291034239875
-0.7395584361928018,-0.4032181355901201
-0.7644373444794491,-0.4392980845892724
0.9030653491733039,0.3531837761189629
1.2105356604301498,0.5539138774963323
0.9448404393508558,0.5714838788300429
-0.04734159346854727,0.024451437107702756
-1.425515745608805,-0.6377498297548155
-0.7695641702371956,-0.3066581238768499
-1.7055634677651517,-0.7843264599669703
0.3630905080046084,0.3106739842507913
0.9156070666288273,0.4561319667948857
-0.8622292601646777,-0.27784709757781
-1.3714995035430388,-0.7256314359579601
-0.6361587926708242,-0.22039100944085982
0.7299805545196529,0.3619367131685188
-0.19412186089355543,-0.08692484927122252
1.2841115859149408,0.5127522220067124
-0.17012208183715016,0.02073383310758309
-1.330760691942041,-0.5831866656985119
0.7538749430042304,0.4480162265115996
0.39459417583259826,0.21314861494910364
1.5354450483636612,0.861565753735873
1.956296872397942,0.896173264763978
0.537705940218082,0.3979248022704682
-0.17361929585109082,0.008650065419149908
-0.13144622725005337,-0.11968139483769058
1.1403477965963162,0.5592300558402407
-0.14918089409456903,0.0024025224981645277
-0.20535025765379536,-0.13649253020914354
-1.2095554302779268,-0.46529098196356644
0.41152516249562887,0.06761908388860954
-0.01446646309698324,-0.06023648352422269
-0.6235635046275709,-0.48483816119079337
1.223967736700724,0.8239957401216793
-0.6038567393028569,-0.15825679939190676
1.0790025795009317,0.5179367145114152
-0.8016143843158524,-0.37275700449110827
0.6831946236253144,0.3554633447217168
0.80752003855334,0.4256525375517537
-0.3407275820339398,-0.28225897090001734
0.7990081370463024,0.44546602949112596
0.5395743963240281,0.2722575065913745
-0.5636598636580976,-0.33849196720315466
0.43557256284108353,0.2347108431704192
0.2198747380027466,0.07773705021190797
0.6890144997070078,0.22513606366133354
0.10289084416582123,0.009577628491277808
-0.5645948084399721,-0.31282408782891624
0.41386864020842634,0.12500676218260232
1.4511052647480778,0.6303073838255898
0.8714651429757578,0.607975795075505
0.24251082647806538,0.031372620641763244
0.8842167012642858,0.4330527429661417
-0.14976768599808432,-0.14488587843686035
-2.1733596890069538,-1.0977437799561702
0.7919321531425632,0.4325365472567986
0.4111509993954856,0.08526542272965792
0.16410196366393975,0.029876385497939507
-0.9435713139743287,-0.5041271833702469
0.7901184375719057,0.4027250696896189
1.5625514921560146,0.838026634305284
0.2720355575677542,0.008011836428994307
-0.9913879721609702,-0.5573696446495834
-2.0243773576547666,-0.7672584111869882
-0.7589873999284403,-0.5136180820880565
-0.424747445157948,-0.14605594469474426
1.3254296424003047,0.5885949904984787
0.0024780343193089305,-0.04589414551346352
-0.5854100382887991,-0.11684261499763055
1.6627747906111447,0.8304333898237821
1.3431005693332474,0.6102059301604141
1.3455044119689663,0.6719779884266786
