0.3688181773306926,0.2433231049489869
1.6322998516241602,0.787678906205055
-1.4205163609511733,-0.69126926255629
-1.0464719501207194,-0.5942882930131432
-1.192056888964784,-0.6385658056716347
1.2995095460392743,0.7248928369013742
0.4171945331359096,0.1146238290711724
0.11103541512575787,0.04411209899206141
0.2252047597334671,0.07067074264536838
-0.10648508629214948,-0.10192552791923665
2.0412422038495333,0.7778317421996046
0.8230180370646794,0.2868983006551244
0.016330592919905573,-0.027655842333784875
0.5444045879396185,0.3625180412654208
0.1286115188044756,0.19297116121024122
-0.09920068518334141,-0.15425538005186565
0.38312463680364583,0.23990020016718985
-0.4361489668384293,-0.07704329885297195
0.367802442031249,0.2672278325209732
-0.1075095306119144,0.00853770051591448
0.1246097720051069,0.22660423131679452
-0.20672377056889568,-0.054662073311289534
0.4928205707218266,0.33741170253895675
0.27665993317158494,0.0007262149085410508
-0.43897553229490427,-0.13257375511471647
-1.969991468754961,-1.1450440684673833
-1.1154914760319743,-0.5989853732767637
0.49025584046937487,0.24887861766861452
1.421080721683586,0.7783922095588118
-0.4268125750320032,-0.25492087820932774
0.3999683091643562,0.2467373037980318
1.697886960220993,0.7429287482697313
-0.6189815187051455,-0.2455960947661925
-0.9633662781409067,-0.42787550031195065
-0.2106899255875488,-0.0659313621912811
0.47104358231152277,0.1909982634946241
0.8247097603932128,0.28435015036081684
1.122291634599589,0.42984315078285074
-0.12848812830283862,-0.12123629907208786
-0.8497998345900852,-0.34541745280711933
0.4248987915171142,0.10533079121578377
1.5672946861447201,0.8370787910759407
0.4276547202283822,0.24873123151062973
1.0210942142142916,0.523904982238634
1.407836400937894,0.6941497445719719
-0.14069508966168343,-0.16686415463969317
-0.18902703759406347,-0.15628030405245194
-1.2450581251546526,-0.7518828351134546
-2.32436512445879,-1.1136798747326428
-3.466417726939065,-1.7629906049916884
-0.35135959916321624,-0.03600081324785498
0.3763183731630336,0.13943375950456535
1.5073727135581723,0.7934138211152268
2.199858593761826,1.0184219491511604
-0.011741545234009387,0.06436817836777768
-1.3417926885046654,-0.48201829373133853
-0.40873282702186364,-0.11675199450416272
-0.848756400107452,-0.46149099073674144
-1.4513252549076872,-0.8939298870285846
0.6170275103141284,0.36163564909928647
1.0233288267278464,0.5002467402083105
0.5653688794046328,0.3751808672387996
-0.7829733392079463,-0.4165382398302954
-0.6402702881974176,-0.28342581055875027
-0.4983819730657043,-0.3449964245352466
-1.1965546241218776,-0.7975724164970802
-0.013152858204946716,-0.012640189376909056
-0.09333038843060955,0.007729062586240058
0.8220126909339143,0.699077762882668
0.6032555146034505,0.18836211908472114
-0.32405497221878427,-0.08396693800003924
-0.3535910757594298,-0.2711149607199986
0.3954798847869323,0.031003067752852026
-0.887163087027196,-0.546308888696692
0.24436557099152212,-0.01348027184216119
2.041747597751139,0.783447177298969
1.1916454832303582,0.48699496820014665
1.0357730802776637,0.6169728327202795
0.4961695787425526,0.1853210367646118
0.13547788572897376,0.3438556719430703
1.9936960074563124,0.9686104242842072
1.249409222566725,0.5937186505522021
1.5633964450945577,0.7578524283416194
1.9621758179832922,0.7533009416618741
1.8758691412878876,0.9067453636576293
0.8042677480450164,0.40393562993342685
0.5867809949112589,0.21163148544811905
-0.32640471026173296,-0.08036798014514059
-1.5827302098747482,-0.8217499983517975
-3.6495400161830855,-1.8807399463489398
0.027873071900398116,0.029215669178056937
0.268419444983951,0.14837984332064336
0.695963211124083,0.34768129028755285
1.0858907763677283,0.7047416292564829
0.2300383874329759,0.24645427155168154
0.6362562398647349,0.32553102925442035
-1.7638595904973633,-0.9485614078743916
0.20367818256500858,0.009625716803602302
-0.029011727225061013,-0.0342487536364731
-0.5944763909015255,-0.38390590704597954
0.7249914394277406,0.07338068712385398
0.14651681372611475,0.04561140557253446
0.7116976108012493,0.18871675354728137
0.8351953397538232,0.29970304993640384
-1.2283249608216387,-0.48156688917904034
-1.0606439404452113,-0.5977210104858435
0.26687772982677904,0.07199553738085056
-0.6449190537520216,-0.14624162826782944
-1.0248719624139708,-0.5525954024309102
-0.5809519788782431,-0.32516835532689864
-0.6039547126170242,-0.21648677560351104
0.24632509538077907,0.026485202941975525
-0.19631143850417204,-0.011534327449130438
-0.5450997785783874,-0.2381782253887066
-0.08307550223510846,0.08281377589495065
0.4458378928882737,0.0021110861158634697
-0.12507001016738356,-0.057942246645929035
0.3903575988598485,0.23576853853215296
0.592862711967286,0.37604323861575034
0.5077416691783864,0.18896099271421257
0.8531659213633693,0.491328127402311
-0.5578003657969428,-0.3108383198997472
-0.29398675483976816,-0.20639018029777156
1.1086202052541563,0.6086155472027803
-0.7886527559914237,-0.25476300660639994
-1.1288114568228287,-0.49595240853341876
0.026720121915465467,0.08854140181783601
0.7104328319706797,0.3235121494951447
0.3480111553935864,0.1409598379829222
0.19087745103211512,0.017252919037999997
1.5317474020252015,0.789838434599185
1.1263230394926016,0.6245333962108874
0.09067518826794241,0.08845154537620442
-0.07638960171794795,-0.06657181329044481
1.5079239724815217,0.707787448116272
2.047510917203483,1.0302388300983654
-0.06281815578517447,-0.19029795111286796
-0.01703215433190426,-0.08254633715240572
0.6651128044873408,0.3718519786679765
1.2982298425840622,0.6251051139222438
0.3350316672808801,0.10928610181943949
-1.006398384701817,-0.40194340016951075
-0.29034249199476014,-0.20692939719351938
0.23741284263666315,0.05509113087596172
-0.12626561274452183,-0.09450856920545367
0.5914646244687224,0.47694438847232395
1.0112719548606717,0.5080509721915916
-0.34030446325079966,-0.21550784105228749
-0.17429613005676958,-0.0461146676276372
-0.87025568716784,-0.4468205830730401
-2.2708972222495456,-1.1052107619899434
-1.0650685452740585,-0.4429653482270216
0.4990154425204706,0.34609764628646944
-0.1195369494101825,-0.1354406429665195
0.18668610318882756,-0.02343925589134145
-1.1615745993779216,-0.603969975914225
0.1692237226221408,0.04614677185240232
0.5203450913239128,0.3080861454498214
1.1993360916711908,0.706540293305015
-0.514950424790314,-0.36203120639972675
-0.5807440360128733,-0.2640544586494228
0.16783952793139156,0.16648086124352823
1.0355763270753717,0.5005790332839258
1.2193003318846238,0.6144402720996507
1.7624269921109779,0.8600308387923457
0.8408301962764979,0.3085447943585456
1.2700592233462857,0.5905391684300543
0.0266911871348553,-0.14436320964085536
0.4413960749655693,0.277823006430648
-1.4593855127698294,-0.6949928173813741
0.45819220145956707,0.37040065009844414
-0.8934208976674882,-0.2436756477698934
0.05415102518228376,-0.009571952098235074
0.46429010813778043,0.18406152156921396
0.8895241204334513,0.4366148665628468
0.6950823253192178,0.4877901644337503
0.6435235977507142,0.26418188508321033
-0.17001211043690861,0.08590063791555183
0.7653724206609682,0.4232365407891633
0.48865370502664257,0.4078706129467103
0.472557625153988,0.360109111291534
-1.3960243507412673,-0.5131732112511102
-1.4511034084075431,-0.8590914064803623
1.2848881362041296,0.5585215827400097
1.2369690525207475,0.7590759368892763
2.4907176941887963,1.174707893084808
0.9898733806523164,0.4733569948539158
0.46299787308633167,0.26874014958020803
-0.14756869244138482,-0.06324816384364032
-0.9487591741601932,-0.5131402590264972
-1.2725282569242986,-0.7992304042733448
0.5949215009351837,0.36546653795461403
0.3239943827670442,0.2357922524704415
1.750921320882325,0.9065186755470553
1.7672596763305894,0.985193248758417
1.5502723358658415,0.5003183512262356
0.4496265277072428,0.3344384334724736
-0.5644033571599514,-0.23720641587406247
-1.6496896407134705,-0.9635120044481194
-1.1757324617878693,-0.6709739907916072
-1.6859396246331575,-0.8029993077133064
-1.3092818823705856,-0.6824615141715656
0.3867367528396509,0.07988305782944516
1.4130762848728773,0.7288628316903506
1.7346291754264582,0.8683993378590893
1.7416775126954382,0.8504589506623869
1.425007899021371,0.6069642107327776
-1.3669177484182382,-0.7110875388516535
-0.09347366065738283,-0.11279561270055694
-2.317943759712254,-0.9630000287792726
-0.44882983901029905,-0.31071859778313715
0.7510514203743563,0.5749115027445507
0.59765454942531,0.3157340881369938
1.1532875803421274,0.7047629383646377
-0.7680230367875922,-0.252949939962982
0.5174828723270612,0.21459941612767044
-1.036016914919718,-0.3595407231863954
-0.6879558615544766,-0.15390695736697835
0.6071366812421115,0.23332560358475762
1.2045341769682678,0.7316534111741363
1.3341891047201662,0.5144689367680129
1.0301223964304091,0.5389027058682223
0.23128486456075176,0.19725002829940425
-0.5229369274014048,-0.308341816331552
-1.276090865661414,-0.6379951649967623
-0.8093902032623982,-0.539598190550079
-1.4503394007924346,-0.6624325457983686
-0.813517749293216,-0.24511196190758375
-0.4763841750345547,-0.30992775908454917
0.460986153278645,0.14567262401538686
-0.23223815596982234,-0.13614735602110412
0.32214565344182533,0.15301157625078385
0.799164101775964,0.3615757708304876
-0.1686022031056696,-0.02291925119798413
1.7243578042170893,0.7975582724258223
1.5774227874762339,0.8070072576959134
1.1437325365041062,0.6278191917078464
-1.508622269552196,-0.664712916506431
0.21934267515250594,-0.0620014861772942
0.6999224290127575,0.20176110600706396
2.5864669117197345,1.4360211408526238
0.8465256034391162,0.27169469506669125
0.67557232165078,0.26336843270767785
0.5417775394367375,0.3080716736691671
-0.3200330218391427,-0.2394474691040404
-0.5497869690378386,-0.13408073412063412
-0.59199617506582,-0.42342579136923464
0.2971094198829315,0.23062412950755606
1.0473759509422602,0.5071133393022114
1.3000036134581898,0.6620011591635083
0.31033985837755534,0.3646762375821273
0.5953738486491211,0.23849743963247183
-0.9154228355884776,-0.36141559631225534
-0.4815581068268552,-0.054841711175151825
-0.6549113295837599,-0.24925641448058666
0.27420164908613087,0.2852172413296404
0.28976874797899066,0.3245697349823833
0.886437943063228,0.5411386110081491
-1.1102868882867063,-0.7252769927914231
-1.8834372179565033,-0.8828549007139702
0.4701872724010674,0.14108620444372794
-1.3912352802287924,-0.7007275202851422
-2.153290579285261,-0.9378960699969723
0.42243289404448026,0.10108167105784507
1.6382039594003925,0.8130690892644342
-0.9255514526641125,-0.3454567012437375
-0.9409638164135385,-0.4803659054640661
0.1435906340986316,0.04366382297007097
1.4768486480868173,0.8012168399204248
0.23621480812427004,0.22318947503556427
1.8999437236851715,0.7839375477540754
1.626535549673747,0.7659585458715304
1.9319810709324916,0.7929909443349723
-0.5403814624556904,-0.3672625123133463
-0.5311222110107726,-0.15078801600070468
-2.6019129287808878,-1.3967010254339722
-0.3002214017622411,-0.23131028273459658
-1.1271830057690377,-0.6026956095768562
1.4721251525444399,0.7780439457475112
1.015660028024293,0.4915698320831091
1.798563766982506,0.8850518365639484
2.56218850554268,1.134888523460226
-0.023375416632949175,-0.06599258006978871
-0.8806317975209614,-0.49791462221742255
-0.06932172831118555,-0.03762106436682779
-0.21016603606433273,-0.18194181466895232
0.16929764324114072,0.07308148500139634
1.521595379053287,0.5464710261065316
0.8228758235667406,0.4571899016510689
-0.28311007791183285,-0.18429005224772776
0.20359716979635584,-0.018224417352680863
0.15521339207937823,0.1459750511571626
0.12454858178336899,0.16276001091105088
-0.027727137267720664,0.16932523189399035
-1.0587332092355803,-0.6124380363430345
-1.984499809253209,-0.8793532788937467
-1.8498980068947155,-0.7565553059358313
1.005868989804547,0.574344342535533
1.0591803909639321,0.6560608599830977
1.605184470089846,0.91989113793779
3.4032019524619397,1.5805093605590939
0.24927648117752899,0.10661553545733024
-1.0722089894568239,-0.4596461972059873
-1.3402964224780864,-0.5560848218621105
-0.010858108324207638,-0.025642015134910955
-0.18423046671005278,0.012142851749777958
0.49897870591965565,0.218519913091719
1.0793916009199618,0.6366590480382794
0.10308692704398453,0.0587647509274072
1.4294110375442761,0.7825269557253909
2.2050456213368657,0.9884275636842822
0.2889634592971255,0.17884946831069018
0.9289129112336123,0.5739447855102626
-0.7474377399800981,-0.31158209450904
-2.112150331444956,-1.0229726596737558
-0.7071890306773049,-0.2821905873178235
-0.4638194099391452,-0.4679253116421193
-0.09574820297740927,-0.15151257131532236
0.30189799517233684,0.14358801805098437
1.4146637252954533,0.8006930595648444
-1.5371028413260184,-0.824404600080908
-0.3143766066120368,-0.272131749188001
-1.4937731991576935,-0.6661012881459635
-1.8494423668690927,-1.0378272931174397
-1.202566745921406,-0.5065423934668318
0.7619539331746609,0.5786298441689425
2.6722219072695452,1.3760931697968963
0.4460096691740556,-0.01022777906947589
-1.6169598262673839,-0.8171706925974402
-1.600891519647146,-0.8495099503953132
-1.3249939674530529,-0.7275657046580283
-0.46320640963223403,-0.21653515023863007
-0.8081281525353075,-0.4422112705454828
0.5370581112518065,0.3522376513893136
2.1444422072586393,1.052202996983502
0.6650092982900901,0.4208431245191272
1.1457193582617473,0.44550453625821007
1.0356329230516867,0.4682303768638541
0.26627711040770835,0.053596924832234286
0.5922880140794912,0.012374919021351682
1.2708208236134335,0.6459643952659251
1.3014787962954202,0.6506321312739715
-0.7682974619868727,-0.26117365126893827
-1.7899016527930451,-0.8757196009166457
-1.384079680864444,-0.6487396197355962
-1.8218583609214472,-0.8155166925198608
-0.030011970443072356,0.22103202322642138
0.604234436657434,0.14621714970478306
1.6822038644020987,0.7558677375388867
-0.5330504741115318,-0.39684278644715054
-2.2236313866351876,-1.1029576987109118
-1.2116549967169363,-0.5893751136664183
-1.0119883838945576,-0.4716049417826752
-0.8813399427758157,-0.35828174740662133
0.4349977848241835,0.15605127324733542
-1.899936247551933,-0.8796390167288335
-0.038601853563282607,-0.09671579238017142
0.5016519434620671,0.2624081106054904
-1.8071006948600403,-1.028341152198456
-0.585844828582281,-0.25906908960728947
-1.9795456063116985,-0.9183632399309931
-1.1468450038699904,-0.7328214141502705
1.1321001308228307,0.5144232870828032
1.1922348310134199,0.765388590631247
1.4833465642969066,0.8247639938105238
1.3784664118880108,0.7829007734205082
1.0453141065826703,0.46963799981911547
0.9788768241680916,0.3646422496131888
0.10877085833441175,-0.0218361994749887
0.7166819154744892,0.3501050211870229
-0.6091052763382894,-0.4228958206795783
-0.4887242527522423,-0.3395447179603608
2.7904043059552617,1.4779066708460724
0.33206256377228316,0.1777604937212952
-0.3360124689155708,-0.12815633256130532
-0.07683875051079858,-0.10286438301487716
-0.5587044183482492,-0.3563179843066199
0.24921812097249524,0.09575518511233133
0.5910072456364147,0.3592633407924921
1.6335847678424198,0.7946238487870821
1.6484054817052374,0.6452584658544985
-0.4640419363122035,-0.27405020036795413
1.9818768774204856,0.9848200017731081
1.161047878670718,0.6349430586098196
1.093022191388977,0.6254621503327531
0.8443734298619905,0.5746753912877147
0.5553070386232688,0.24705896452579515
1.8279010645480198,0.8168419104724809
0.31241703365834583,0.25669240327350973
0.7175880491111061,0.3026536908452955
0.6722449125167376,0.3639685028592504
1.218604093270966,0.4678270003855643
1.5311185469736184,0.8231121249128601
0.6106586261474017,0.3296440997827057
1.8054598870506207,0.9393357615329422
1.158773552631907,0.6503926743690763
-0.49051644641397574,-0.3054107563369577
-0.061393309437027366,-0.0325965646030067
0.40889247307186793,0.3323445046026051
-0.9899530486846212,-0.5902305129253682
-0.5275363691887056,-0.20618998175467962
-1.6113095365857066,-0.857402940409577
-1.2232361848031075,-0.6254239841717211
-4.249577709120403,-2.160104758639536
-0.9503843410846828,-0.4213543563420449
-1.4247149196502107,-0.6276918830349927
-2.268733206791103,-1.094637905577612
-0.42717412361729995,-0.21835619209491441
-1.3598843535592542,-0.6156884579985324
-2.4761086516013964,-1.1804063794654402
-1.1681904826234752,-0.6239037550331998
-1.8694334002164235,-0.8636560518959784
-0.6019268780521867,-0.30108719665879097
-0.18916451604221382,-0.09968667720773744
-1.6389377382964108,-0.8006888127913084
-1.7246147837451988,-0.9307261716828663
-0.6018643521815261,-0.08779999210320888
0.3536990427397598,-0.019618683813569765
0.12137451382987853,0.269199632268417
0.16628895419207762,-0.032707726101276216
1.607190440984117,0.7993309839446179
0.4036953833802387,0.04783550894962635
-0.14597569719461878,-0.11738360502356532
0.8263209180895655,0.333249413056542
-0.4237454239724436,-0.06477841427360734
-0.42666858396289775,-0.1157474291498486
-0.6014908425876773,-0.39346586591115895
-0.5580917530003636,-0.4270828229209862
-0.059048181262731037,-0.07869221832430615
0.020841498733869708,-0.010159182201686622
-1.5102108622670032,-0.8870182587530392
-1.1014941716595021,-0.6352486470890009
0.9690653476801099,0.44014717996463976
0.24557070607298814,0.0611322048784241
0.08921914506069344,0.07588483213648041
1.094024695453765,0.5041705799596116
0.6881864916901479,0.3031040032421293
-0.7907100343013124,-0.3678313150037067
-0.047299520547262774,-0.02151386183216893
0.09142057316205618,-0.080688567192558
0.02657405116535925,-0.07584596172603242
0.13544246726733833,0.05348715799299884
-0.8466031241159703,-0.4365755620255519
-1.4942832946173603,-0.4893304497946706
-1.2613190958278409,-0.6143206717556983
-2.049427174121123,-1.1095635524846097
-1.452834829175821,-0.826184584317494
-0.350373947268986,-0.02478511852343729
-0.01933279188502557,0.22095762549822914
-0.5108460385910214,-0.20762559438105005
-0.7811669146621947,-0.374175643402004
-0.987986046425523,-0.5150994791499177
-1.816418080634714,-0.9180509219037278
-1.161585385778927,-0.5482634850122381
-0.2777745844748691,-0.17553298733938874
2.093703048551407,1.1134236217429299
0.46908158007721146,0.23404805898758593
1.2291104962172728,0.7116846440640844
1.1946874474253875,0.6956471001652382
1.0892458893957746,0.7418730422353045
2.5932705252035397,1.3029883220585545
1.4042622416806276,0.7743864199020648
1.735170278091812,0.8477617218116814
0.5628406671801738,0.29607640999145024
2.008898192331257,0.9454627950323475
0.22181625737032995,0.1950252353141272
0.6427962267583328,0.38957022733248076
-0.017379921442385593,0.09908071356913155
-3.038748522768379,-1.5687434914468357
0.3301875803553377,0.13115403407490178
0.875331131872038,0.5708325478043746
1.547796340755649,0.851542066315259
1.350097114483341,0.725241619298505
0.5317270229872362,0.2763250322275457
1.8553085035954875,0.9396042019515664
2.4299282560301356,1.2463524349500248
0.3519015147041712,0.25692458312765376
-0.5028654004196937,-0.3602009710990432
0.9788374639987915,0.3891188159009751
0.8252323832231836,0.330753652415091
-0.8166388868342145,-0.4287212215094356
0.3072141175321569,0.4317439357987136
1.0214560287307954,0.575949797833723
-0.9751644872427885,-0.530820249567419
-1.3924189392606567,-0.6980329364352638
-1.2588591359711245,-0.5244149455818582
-1.066242365986478,-0.4224775546489042
-1.1120525395000143,-0.4708583552318759
0.6996432683249074,0.4051490786646512
1.6331207684760014,0.8632662962696853
0.17534449323014611,0.1650400447574496
-0.13695905358247645,-0.07386868193698076
0.4085109109569495,0.15619615619856303
-0.6365423926728808,-0.2726840245969684
0.40751375657200506,0.32353409332394967
1.8170138552100257,0.8678212982413247
0.3916007891517733,0.2889859563083524
0.8452847918994473,0.3542031011280782
-0.0823996765606827,-0.0936271810209898
-0.8803410690417264,-0.4149763864838017
0.14371632019806102,-0.002768403328561736
1.500926861930662,0.6874565797266255
1.1225866422390363,0.5391744102160263
1.1538444347568113,0.6651998035112587
1.0103009716357598,0.46376238188548663
0.19145508546946355,0.058561861258005964
-1.2582020596010286,-0.7741628902886496
-0.17475896791044682,0.016796993276194563
0.22845480491371312,0.2709102423252902
0.5747498830248269,0.34949704990103936
-0.5105722098393413,-0.39125174100384263
-1.1200482117036992,-0.2519230266324965
0.46810998530534875,0.3285890562884414
0.20914420597251598,0.06293445244019732
1.4873914207018175,0.865028617648023
1.6973916450723272,0.8351157181902548
1.2758839864808413,0.6523683561071539
-0.36699481906550613,-0.016536873298729993
-0.740584130136372,-0.2628219665118226
-0.7872189450239289,-0.22851743798842844
-1.2846430730949758,-0.5328937820270476
-1.530904666283921,-0.7955283102227849
-0.10726014108430082,-0.12119375506412546
0.5928476407348535,0.4992033841474999
2.8154529754780535,1.3660310641949618
0.11535804389085724,0.17285783994549925
1.0664020954833222,0.6349012687215438
0.06944871943380004,0.056188790135335634
1.7045017225870385,0.7423564946847733
1.8199243835028585,0.9083938889417943
1.6443748601927903,0.9052628141960145
2.1120738399812367,1.215035358670427
1.5540030691596223,0.771083216291571
2.6019937556760455,1.2316493618081008
1.055129420429551,0.533622711515522
-0.22167354504530234,-0.034818040426306554
1.4479649563377077,0.5891053259366427
1.0370023027567894,0.3360997010789063
1.4627242099096553,0.6721459389907551
-0.5975680892360399,-0.37410731006228287
0.11988839994515249,0.1236106812021859
-0.46451887357041727,-0.25611541338782673
0.22614542607307486,0.10693855174570013
-0.3319403356630177,-0.08792761280745953
0.6498159605910954,0.44719761905820365
-0.42923471435210825,-0.1562363775138682
0.06061155756631742,0.05787693584469662
-1.5966449741685196,-0.8308691359403142
-2.686297741042065,-1.3237681353556148
-0.3385756577851814,-0.10243760209256339
1.2752545912226934,0.6927013446391475
2.5684465979199804,1.3458922938462894
1.6631371476524146,0.7863934088565394
2.46341279494339,1.2257437002215938
-0.4995306998785426,-0.24310440508225237
-1.7084558109743195,-0.8569906679074213
-1.1573057431250968,-0.5767773444284163
0.4261402574472545,0.14551025046079422
2.067754893505026,0.9659734795189278
1.0490051368579403,0.6344955845841842
1.2394971500514707,0.5836600592041459
-0.06781812951617838,-0.12531430977479555
-2.4135571140560264,-1.1703491908069779
0.03351795143324521,0.11748387752716627
0.6384604482863911,0.41762421472550637
0.9864311641402721,0.5207881026878198
-0.40976724039908474,-0.03724969553567681
-0.6571055915132082,-0.31118527654860445
-0.8361557877728247,-0.3305947603380013
0.7453805690162092,0.23491538625793457
-1.8043543214508473,-0.688171788745908
-1.4727879868379836,-0.746956400370894
-2.4068331152024434,-1.1013202785923415
1.126546302241748,0.6490356090196427
0.7072252786447968,0.44287519079096915
0.8354392872302069,0.33923534499087526
1.5210657659981974,0.7212686373346859
0.9554688148586103,0.5413215585527756
1.0616403421151261,0.5513264338063226
0.594854638544977,0.3552719727537671
1.3881684445026758,0.8640834587262074
2.989468430621623,1.5399983626943357
-1.7280549791448685,-0.8571892738596844
0.5064635777349551,0.4073200629270821
0.7153774272627215,0.3899043630919966
1.740908182451102,0.9595650707223966
-1.116888552344082,-0.4196791614687181
0.6079702007930916,0.3421128322749221
-0.3195953887625792,-0.2050269658760904
-1.3428258834993263,-0.6305015598913013
-1.2560790680032563,-0.678004004321611
-1.8338895491092675,-0.9119119636866981
-1.4399560765470842,-0.7468264512420992
-1.4922576215360213,-0.7442336232816628
-0.7288681949404932,-0.3332808870315094
0.3819702775620219,0.02529429488859611
-0.315788249186534,-0.08882755036147032
-1.4052668076178279,-0.6971331071287366
0.3980278732487287,0.005841854433172089
-0.41450624567029665,-0.22781692752718158
0.24203770721039441,0.18783402709977887
1.88862890184604,1.031660117631444
0.886935561756522,0.41383017969688723
-0.936786969159493,-0.3275089344357458
0.14558657775014516,0.08780580629453456
0.15708609137807222,0.09400089717008112
-1.2195008303388915,-0.7475614883743891
-1.1080585790245836,-0.6298631146625586
-0.148716230248504,-0.1381954000757419
0.6105849085007586,0.3849362410933174
-0.4308499255405359,-0.32170118124486385
-1.3477042636418972,-0.7213287269095383
0.8499805367500748,0.5382911176196639
1.0228627159567298,0.5775976050820695
0.28920776939223075,0.16551693889126812
0.2904062314648461,0.032432661011265004
0.988290139110412,0.4489416809122415
0.14985930137634818,-0.02756668784429636
-0.09833087396356487,-0.327978356114674
-0.13586020725653364,0.059732471170341805
-0.836433228582713,-0.36986696145396003
-0.462456843321529,-0.23542144609957816
-1.39557263211558,-0.6793494988535619
-0.45977844741001206,-0.19516317780077105
-0.6845667068863961,-0.19981672632418584
-1.9842359192761152,-0.9346124972829974
-1.2148418504334775,-0.6950245569986742
-0.05514511356914764,0.051600517189769546
-1.7159199087286228,-0.869662300704582
-0.6021464609759966,-0.30958066925369443
-2.2299553308943096,-1.167095149993079
0.341073447373229,0.25355099841502704
1.797358956663725,0.6933875728865457
1.1291933733868942,0.5918724855715053
0.6584332325930216,0.37926883398340383
-0.8331099960383199,-0.34913129787795405
-0.793355487429322,-0.2804692375813416
-0.1679946767639941,-0.08331357081166199
0.45728359037995875,0.18089198844667836
1.7417381740550903,0.9100961363972285
0.726822281619505,0.3209571113478074
-1.1219415155371586,-0.5785483661184673
-1.2566717808378705,-0.662827300444393
-0.2043734955599683,-0.11693929246851618
1.1378702505071325,0.8473926406704914
0.20305285692582287,0.1340037150616342
0.26254211909836256,0.20536407473580087
-0.15162929541537248,-0.21370749980911136
-0.38641977728856397,-0.3217331975465026
1.683851060713649,0.8005429627982874
0.17083335966349367,-0.11690265475225683
-0.1292008474487496,0.036951819398936755
0.8118131810791641,0.42149278747639324
-0.18541290263342275,-0.3031778593648187
1.0800080596053712,0.5066242739180872
0.17232552783831806,0.19031804436097796
-1.2008369701763384,-0.7551062156006251
-1.781154763484563,-0.8411394239556799
-2.346104551030187,-1.1231259143715326
-0.7334132751607689,-0.44983177470826297
0.7386716896356644,0.35553436955720097
1.18916779235157,0.5402129483842029
1.3638584107919667,0.7264837777316834
-0.3137046212003348,-0.12526998372785114
-0.45639505488554294,-0.0975759628844744
1.688917646407783,0.8072503621746856
2.4095178730474345,1.4087412343325882
1.5773904019529237,0.6390119372922591
2.2112106465543975,1.1004279981532963
2.3981050983802272,1.1404208039086177
0.3601656564806597,0.07220905060618693
-0.35639981526629905,-0.08673571347816576
-0.20404427544827336,-0.17987386022936674
-0.7942485392572665,-0.4846226115478799
0.762654176661278,0.44225978493695345
1.978363602619103,0.9125752497779528
-0.9368645114945391,-0.4500760636842386
0.16569388144705743,0.04253637601907184
1.5219289114843302,0.6881572289232771
-0.4774169476215673,-0.2316932733894276
0.03691268225641142,0.004925131554266809
-1.578348226204455,-0.9228109359805208
-3.266823662832547,-1.605871171702104
-1.3804122341814082,-0.6720596229671111
-1.6910383489515743,-0.6948423006550357
0.6337867542394405,0.1592113296646099
1.8359431365317598,0.9639080199087614
1.0982436484691096,0.5671295646751862
0.15074780761228912,0.014026567637980353
0.5163082122389251,0.3476711118105423
0.2124056120498084,0.22902899997066534
0.5228296728042412,0.21898348347765528
-0.9954827780074886,-0.6410993776170667
-0.41133580418968085,-0.07250747198333213
-0.2686061294606731,-0.19313989204571902
-0.16910433618281795,0.020383762964767765
-3.0487120089183324,-1.4925353126820542
-3.0317355538452397,-1.5034412206122103
-1.5946940706253927,-0.747153326860958
0.77779708706586,0.36828241154180713
0.9518836840703224,0.41163392981707836
0.8004673436792404,0.30121419851666964
-0.05478952909003115,0.0018470029282539394
1.1356944979233448,0.4804648827497858
1.0487857894064998,0.3960405704808182
-1.4603883724685185,-0.8021620164333494
-1.4896590480764529,-0.7339929728990753
-1.9269662048185356,-1.108279380337574
-0.6232560331411747,-0.3079192655073047
1.6611497193446139,0.7639336663822198
0.0872498377304669,-0.011250265898722758
1.7069941493165661,0.8947978994477561
0.08255301829012585,0.04280103687987497
0.763214950510498,0.46235388046254655
0.05854146957835604,-0.04122039250646577
1.1669234056010722,0.8588985977342025
0.3859408693228255,0.2508740034491863
0.8660915796906999,0.18856985243358954
-0.7769555423444556,-0.3265032507980958
-0.6884280412077828,-0.2770432581661493
-0.018985958588243146,-0.09769954598983466
0.7948889604576513,0.5355519592683512
-1.5729873694942416,-0.7628667165075262
5.073008183287264e-05,-0.13696664055170016
-0.21596764712223254,-0.11841662198414614
-1.4079254236344163,-0.5880385346197531
1.1901629152054278,0.46193812183626526
-1.1071816349366324,-0.5992031287290805
-0.05805085953555078,-0.026447195959055793
-1.1399862817760658,-0.5097908081886765
-0.9095862172657657,-0.3946767276339491
-1.061526701211893,-0.4646906661582012
-2.5088055534535885,-1.2045430059131117
-1.9903504335691382,-0.8992691838240331
-1.1796901944883713,-0.6785435036525178
-0.38692094228301743,-0.12042912301461257
-1.2010791255582438,-0.6146566042354524
-0.164474998918201,-0.11302026456543383
-0.20633522060024945,-0.290096396411277
-0.4008212286718563,-0.09205451233971113
-0.7143828639434621,-0.4040792633841576
-1.2888189325121497,-0.7147005282201354
-1.5617047050053596,-0.9153293808258178
-1.3884403294691343,-0.769372192075629
-1.6792096095755387,-0.7309113440840451
-1.9904301979798675,-1.0769115070943502
-1.6453994009717134,-0.9014658771723597
1.1538126581021206,0.4666003848449053
0.25093127860768416,0.08005863894281756
-0.007412765852616715,0.024641498194101673
0.47138438697238455,0.11701766378851247
-1.9104202927083933,-0.9934260447901895
-0.4057096661421702,-0.24889991341398376
-0.779609430389736,-0.3419537181869306
-0.0919379807438046,-0.10114382683595205
0.4962042838882933,0.09207237380570038
-0.2019671263370995,-0.01422782152149199
0.15254480490897868,0.01960323702625765
-0.38798222264668425,-0.23188241723681402
-1.3737683007500876,-0.5747677984527683
1.3835727923030121,0.8106282112030836
2.0498370368951946,0.9015965692091763
-0.2656713834121286,-0.007733994141479461
-1.0996232522298903,-0.5100681558593076
0.08431095261238708,0.08098979164524855
2.1040971414562017,1.1704864723834933
1.7366356116188573,0.800724739914517
0.6067963503588204,0.1970312641157691
-0.650105060818847,-0.2369236209734496
-0.8229788787520752,-0.3710427624842236
-1.8094571987870505,-0.9112956645466771
-1.4035305428226188,-0.5930451834081334
-1.0854976988387393,-0.5344356061194211
-1.257109680419619,-0.5097387517455073
0.20799290041908258,-0.052913038133521884
2.3634724155202824,1.2126367319782807
0.09659368093857457,0.03748805310786922
0.6062367239326156,0.34440413965450956
0.9671711602293097,0.5559400557562787
0.14759781206115713,0.14402285810273993
-0.1398413663728493,-0.207069371380955
-0.27257602126355235,-0.1302822450756138
-1.2324956642047147,-0.7086812584835122
-0.3136270719676514,-0.1469031534146211
-0.8846121238022068,-0.5545694575854362
0.6037330733626833,0.2575410891464522
0.6035736489204885,0.06490674445734218
0.12626611151342232,0.28046248278858554
-0.6337429966387013,-0.3683401617898445
-1.2433277288285316,-0.3752198203078827
-0.7698929400657188,-0.24959874803213095
-0.4169568430326291,-0.0816942431236174
-0.614670925744295,-0.4146990823425304
-0.5237396010554181,-0.3399740225815633
0.815383328597036,0.5013115176218772
0.6494535689006111,0.2338563292756402
1.261515246101196,0.6476551079713124
2.4904916047191845,1.3680877823674025
2.5884640754084103,1.257790087532247
-0.8570185503456795,-0.2260272149027614
1.3712639856106283,0.6661389805658139
-0.08874256025794125,-0.00887540290454912
-0.06755403351725922,-0.07647240703628141
0.4854620173179243,0.20335550240522596
1.199103102862044,0.5010667877242996
-0.9321383169838007,-0.5140386782245996
0.9216106485650586,0.5751475539350304
0.45021608688891923,0.12678016726361507
0.0661773272600186,0.1979284854736374
0.7835466989561433,0.4290600901082003
-0.13483702902553601,0.03862156519881263
-0.7032462723254881,-0.19634669803895208
-0.8288449094121911,-0.4908131977268392
-1.0921806554098041,-0.5672039660752088
-0.2535453479851784,-0.11610125811512038
1.728187604783433,1.0336657098651287
0.48314705640091726,0.4227636652491589
-1.1371789272168171,-0.4689159547166447
-2.3590379789506173,-1.241129671112472
-0.721447075140537,-0.5086486387284176
-0.10303880819216005,-0.1801798210356856
-0.8156664450095353,-0.3834325454575666
-0.21222334055938086,0.15711396800108685
-0.9647966976420083,-0.6229073136447637
0.2526173836058969,0.17273533871367908
-0.8412258953872676,-0.6118779101965192
-1.9119026507696402,-0.9338816115214681
-1.8780852670585015,-1.0323196008939888
-1.8500442126861603,-0.858299179515899
-0.5993876896733239,-0.23035401001784772
0.46844530290496655,0.15546622532830634
-0.9358792976365449,-0.6082536492086065
-1.025852998127187,-0.27460535714246026
0.4662794222236246,0.21526214827702453
-0.692194250798754,-0.40991822151266327
-0.03930209332361634,-0.010058010676743738
0.8649388858063778,0.3402211571543877
0.5814036357276411,0.18570020957538008
0.27520808159775506,0.11770575692335628
-0.5166385648247139,-0.3754372370708896
-1.270495729665613,-0.6096181974261958
-0.24801803959169866,-0.06728766325255219
-0.5048124924677491,-0.2551359437174753
0.5087083208152212,0.33765747107170957
1.6195370751887075,0.7416226767240514
1.157930890609711,0.5985231610171797
-2.102918389994235,-1.1596352496032583
0.11999006092442277,-0.12305660139350788
0.29924160712564624,0.24540053855191482
0.4818520322208313,0.2820614959808202
1.7968567633218901,0.9427841843347344
2.0845585462352307,1.066107785370902
1.3913885133466564,0.7962146050234069
0.7852570132753091,0.3860350342258443
-0.24699815367906375,-0.1402310862141542
-0.16218042301807445,0.023337132543074568
0.9101063853715886,0.21808766983812428
1.189759671844564,0.7604218059994894
0.24263705390349588,0.2783950201241038
-0.32135274451641616,-0.2869204120405484
-0.7849658712133991,-0.44018812567299287
-0.8645524526788976,-0.4267682193836352
-0.33904118822400353,-0.030309086585297268
-0.35415159406960894,-0.12758103527482706
-1.2937596123814556,-0.9638599650915249
-0.9290042954841655,-0.4061077575380358
-0.15017072598547898,-0.2120086580842085
0.6046962147949605,0.13035235309107082
1.845051101969785,0.8805318430596127
0.10197751908550612,0.1072929058406985
0.5178077173247788,0.2554210987506107
0.5453170306128786,0.46880758297776726
-0.8568763698023113,-0.554598176290009
-1.2084492496171455,-0.5824457739723687
-0.6410466472339577,-0.19930244331682206
-2.5177814988552076,-1.3914466317700218
-0.4948950677871677,-0.33969128197389353
0.7537820118724416,0.3370830365147116
0.9980431863289407,0.5063234457181125
-1.5413054243040034,-0.6426578544483228
0.4127353045803813,0.24725642870629855
1.6486379073824877,0.9165213871120055
1.2636437620123608,0.7368207407320426
1.3973000174864043,0.7729158969116785
0.5768853755903642,0.22800026893715852
0.19620521212866762,0.07394739558213825
0.9906899989836686,0.6009165469363288
2.6349031584496116,1.2821859569816045
-0.28167107657590007,-0.21761878526605516
-0.6787083099758311,-0.292212272130256
-1.9862567110746114,-1.0768633010814352
-1.2638467357968572,-0.45078093999552615
-1.5637413729763616,-0.7411304409020348
-0.41293297008184393,-0.33330429133507383
0.7785449292682989,0.4835003715859598
-1.8005753171914183,-1.044420354575687
1.0756311705191137,0.48622575917212735
-0.27402541258277735,-0.1171462125304498
0.2425480974229235,0.19211475948934653
-0.4651398941629493,-0.1567320441614034
-1.16856787613912,-0.6895464519757684
1.615961176471764,0.6841870517853357
-0.7730867677494445,-0.14525141241809564
-1.6229328775884144,-0.7213771964316223
-1.3520711090945579,-0.6273291910888288
-1.723065399520911,-0.8545712922379267
-1.9171640721850265,-0.9407627700289342
-4.233366929283609,-2.25148842358364
-2.0180012196526644,-0.8687637730236518
-1.0361189872129144,-0.6506807013640369
0.12003910643152871,0.04533991478463552
0.2349532581919757,0.08662907623447857
0.8184330488151917,0.42554713818748224
-0.18620200227400258,0.027199920456921295
0.23459311222649118,0.1802637578347633
-0.7149283815311669,-0.5175261172987822
0.9897286928219239,0.579529514765825
1.1433018558168029,0.5685311665846908
2.151676426054692,0.9422004170320657
0.549140475202682,0.2008628940172382
1.1229735966481424,0.6005578738283608
0.3562108590529136,0.27906368982838625
-0.2883788602919499,-0.04345483768601559
-0.27872732484523854,-0.13618251160798678
-0.8465891382137903,-0.5374756714449036
0.4196660715674173,0.41346372158748046
0.25879031171710376,0.0950367236157411
0.07711204757047878,-0.16859312280706282
0.42655099240918565,0.11199505781849008
1.0947772252830177,0.5505669054484019
1.3621120958533424,0.5945641464687178
1.3803779161466372,0.7753763338034505
-0.3552330355358452,-0.004078467408949543
-0.2036722877111587,-0.14578542661101718
0.22580807715424778,0.010517549752111569
-0.197969820405572,-0.2131279612641404
-0.03970653836944166,0.027639601932164415
-0.6991100398090391,-0.2815671874672889
-1.0653946031472254,-0.669333757531885
0.25923111426318546,-0.0017075005044628888
1.41719354640196,0.7206793906162667
0.5682961481019738,0.09474298744733281
0.006939085065346351,0.02849994152885707
0.03441474033490677,-0.1005512992801384
2.183096325231818,1.0351092017989756
-0.3898984224512406,-0.1467066433227672
0.46362944172765325,0.21053326124542596
-0.8585766960826149,-0.37527983614714033
-1.5683740826279307,-0.942744150778276
-0.7482076429370216,-0.3485418655208473
0.5369540035634692,0.24895853578168725
-0.7434433030455951,-0.24294710201707095
0.01753547100931835,-0.07216482734644734
-0.1946731155608106,-0.06778399464813133
1.644719357996006,0.8714007963953768
2.0265768099630814,1.231165026393122
0.23489156344679885,0.22843970673967712
1.070278508019081,0.5364243060526607
0.16253500254735348,0.23325243081943964
0.019213442858506777,-0.03237245820526062
-0.5913798171365495,-0.36802914079599414
-0.748085952236229,-0.44950880806583915
0.19736226760767556,-0.03879977861251366
-0.12127321021179613,-0.12300704032844395
-2.177261426120836,-1.1153180807588805
-2.731943083381056,-1.3368209617161293
-0.7823040795187769,-0.3607285886373347
0.6421128563878793,0.26302454469216746
0.5451229194400946,0.16063855004842853
0.7072246370617485,0.36808022735436163
0.277548291659164,0.16288970486274137
1.0391843605170723,0.5339371460114014
0.42964367333037556,0.36176950005237296
-1.1628509051222529,-0.7000970206671457
-0.8750487309366807,-0.3422431106219666
-1.2515210201309381,-0.4936337787739997
1.1817295797805838,0.6538838900707947
1.5340425588981332,0.8218666476599861
-0.6140151216528918,-0.24995567639758773
-0.8822964421884907,-0.5774961353277027
-1.327709957211097,-0.771096742263294
-0.6397669500866103,-0.4076188898623828
-0.06225952896622955,-0.07592740061064826
2.179512740210666,1.2796969992889229
1.6557837897798944,0.7752293027614435
-0.05909744321554666,-0.028970300939675685
-0.38095868159627555,-0.02153126685621895
-0.30327879408079556,-0.15989728319300228
1.4659791109771438,0.8605091951499981
0.8203366956827651,0.42155751628272486
-0.08110368397119011,0.010183897814164344
0.3207798004153693,0.18349600441756198
-1.1489793984588896,-0.5423500937016961
-1.1345140317793736,-0.5520611692729959
-1.4961478238385513,-0.8108786584969133
-1.5831395653013507,-0.9176647352919485
1.2462906241693643,0.6174218899331421
1.3176945292474884,0.7572591726686315
-0.27746257764274984,0.03763514581023561
-0.11975110036749728,-0.15131322146218468
