-0.9455079984826014,-0.5937016754270013
-0.5849686500915752,-0.08285450213183221
-1.1861627996136974,-0.7702576383721823
1.2909827480909475,0.5254470851372043
1.7984969488455331,0.9567696877354802
0.551528643515644,0.49791246200852124
-0.13266228870109625,0.010385474190513763
-0.4032603480490755,-0.2302182312716615
0.10561671088576968,-0.04723658570574213
-1.295466621965342,-0.46362027074156464
-0.5927198498031067,-0.2525398863346078
-0.24512517021795832,-0.2183489178026178
0.516293840320321,0.10109292717496957
0.5592357473584858,0.3243101878131372
-0.7422928217358262,-0.369014264898033
-0.06590289643706504,0.08214963057621273
-1.6509927770802582,-0.7119637812565097
-1.1562792914225855,-0.5907979482178185
-1.5336804537830786,-0.802144597325422
-1.3338790159643157,-0.6913865054663618
0.48441285579415516,0.1702091214503028
0.4247125806188313,0.18756551431178553
-0.03081082096530907,-0.04197339357080646
0.7866389034555571,0.30894985508765127
0.6575514633932737,0.17208759884427638
1.0747213656630845,0.3767170472530029
1.059405386850992,0.4337616829414286
-0.028357095188735304,0.09719637892055398
-0.2093057783259561,-0.02164596217042762
-0.2744138541307969,-0.32136132490519825
0.7738427160990029,0.4673560311877442
2.2607578871176,1.0188644527710107
0.9490808887774742,0.40650610798832476
0.886248210950332,0.4381143913794293
-0.9584812294822036,-0.5022170408269405
-1.649034875065528,-1.0094226510672177
0.35774796163121614,0.05455508065576696
-0.23433877656196514,-0.2403408718405101
-1.4737632224909005,-0.8641057452483971
-2.0594871357909783,-1.2100719887869678
-1.187821934579338,-0.6056542932123544
-2.3439147403355296,-1.360975397858698
0.6366930822244831,0.3226507626095921
0.43685696120530726,0.1708192002505394
3.182425928951621,1.672298163198909
-0.38861497215982355,-0.08073430752248183
1.100942243352313,0.5622352078646705
0.8542326490389012,0.34781163680282917
1.0893478659735654,0.5297670100746837
0.7890328262858883,0.3008037937208214
0.9712719190099827,0.45177421477651036
0.7178754823848812,0.25976909356977984
2.1775164283252373,1.0339409858964197
0.9679377511885058,0.3113248006998295
0.921930898091242,0.39220831974109294
0.6120293961076204,0.29148094444751044
-0.7199410570830573,-0.39299809716551776
0.21470360477548545,0.14757597575284861
-1.1933065477007798,-0.7847648101908985
-0.36229600520468536,-0.24050250325206335
-1.7725441032478237,-0.7610221964218098
0.17916786175837862,0.0026834864884983933
0.2230503521152849,0.21012954054688537
0.36592419413370714,0.2917165721734764
1.6278182959081688,0.7974753556552024
1.1958462207865406,0.6539471320067866
0.06617280654027713,-0.0526479975855462
1.6163839422439144,0.8109599822278108
2.7156284297990774,1.279751226646069
1.0186630964451713,0.7008408333752438
1.39730454691088,0.7272279843181997
-0.9962193136191783,-0.7345323570835993
-1.0697433956149707,-0.48971512718927895
0.05912345165678712,-0.07061624107668979
0.1173567347320147,-0.0646059818431404
0.9683028328858959,0.3235615371173585
-0.3873072776034664,-0.3708525716669125
-2.1666160159780126,-0.8693553762305987
0.9445095092544411,0.45448038314796585
2.299319622419917,1.1882218960851538
0.6000051296222362,0.3811233434947102
0.952728829782679,0.6049875542400576
0.34925911617876293,0.08135724117449222
-0.6929595821047944,-0.4881597836382865
-0.641876068336156,-0.2512642920330727
0.9509858446139057,0.39479520080411984
1.4300779086970283,0.7257217228167027
1.3166239918832527,0.5838057257061431
-0.08398112598279739,-0.09189418725622776
-0.1849985807671989,-0.030690678498466142
1.265172833393819,0.5568073988417106
2.0570404147838453,1.0390393666731241
1.5452562780405557,0.7446674472117066
1.0080491736175354,0.4523300672400875
-1.0360146234172785,-0.5736768710765725
-0.5168381378642292,-0.19774857220924202
-0.8093565001244796,-0.5048109841342434
-1.3793805955292626,-0.7334037113111407
-1.556801680161408,-0.6918168841680736
-0.2889908423353985,-0.11370277031824
-0.07435096233277225,-0.06474258028972452
-1.4930991290098123,-0.6903303917390146
-2.382097163103232,-1.2024875088275482
-1.4757457091943942,-0.6571135216899983
-0.32103234137807535,0.165118435271854
-2.1731201145979724,-0.9258661229200816
0.26615978930315787,0.06591666251077731
-1.2887088600066472,-0.6557359791966166
-0.8077119408134615,-0.33640129947899566
-1.61913920062769,-0.6913036180100282
-1.0932654659455237,-0.5303342932223299
-0.581415476279582,-0.359277267676341
-0.22857992747233657,-0.05889927714876237
-0.9142416977656593,-0.48733025961752685
-1.9006037149801545,-0.9463682677547706
-1.020225134121341,-0.6313011950672153
-0.03183721173150034,0.011731630684337763
-0.5158627406946088,-0.2274180081020312
0.08372855127209877,-0.1034354404427126
0.0638699483299438,-0.06492727579908641
-0.09311480932161294,-0.1427644830375437
0.3399851555766716,0.04946610584321584
2.4621588645139956,1.267338015054426
-0.6259820923856988,-0.22659203974239478
-0.5695325884910937,-0.26258616035329596
-2.1584681183771743,-1.0832782051662182
-0.3946595858708316,-0.07677204136084557
-0.8117943582751418,-0.4672821624163579
0.8863162669234914,0.3461241582327051
-0.2758551999057559,-0.14168971229267488
-0.007658615183870093,0.03795968371776094
-1.1027058339689384,-0.5088663493449266
0.08083180606363427,0.09176791105672832
-0.20116483857170253,-0.10924624277442559
-0.049469836566342615,0.06682638092106913
-2.2505628609842554,-1.1581755135550444
-2.6525472881741754,-1.36222868461027
-1.1658797885859422,-0.4845333080934895
0.5696695702335848,0.43049605597237794
-0.5859595360491683,-0.19263299192310723
-2.776695859841974,-1.3041614520266873
-1.392556616957819,-0.7311833352104691
-2.3802621882359825,-1.1453420072035525
-0.1799863618429779,-0.1628279473683899
-1.7152923726693987,-0.7632518355438666
0.024845280907472622,-0.027148519110899966
1.3214650720993788,0.8276042348099644
0.6430732728710888,0.3205077789647262
-1.138479785417833,-0.5063865670702855
-0.6266629263700445,-0.2790815456566111
-0.2199850587329407,-0.04017991340415311
-1.650643789104096,-1.0108780692152115
-0.191023086722512,-0.16649136386310243
-1.3086678320926568,-0.7870592386982954
0.12866950902306917,0.19982664637479164
-0.08820512603145732,0.03958625779791034
-1.1388335679538004,-0.6309326054870861
-1.5500060286147597,-0.9003567851932351
-1.3331660793888889,-0.5747580324880082
-0.31759145922762555,-0.3234051610324534
0.6878291859991278,0.24926393822747597
0.6704839950541646,0.46066635042434784
-0.5215598741391214,-0.12068086985385948
1.3266202613813758,0.6934173534115095
-0.4070400125575877,-0.1776751852813347
0.5957830672465019,0.4341774941051011
0.7869579144156702,0.35593718583449296
-0.3527681227338697,-0.11849359294314257
-0.825384730438006,-0.2423152986188672
-2.050115669777079,-0.9164928724492539
-2.268476167376688,-1.1342754976819467
-1.5348283849700624,-0.7975416557580318
0.38677398873366264,0.09966230340850266
-0.8217285218180806,-0.35122462871756277
0.694231606903752,0.3298564761723333
1.4151051710698834,0.7521403696107072
-1.0929494807664872,-0.39324805578681366
0.2667860376279194,0.11245285327687465
0.1775772290284243,0.21082201466015937
1.4116833320378803,0.761091136518129
1.5883601543658783,0.6882685143729479
-0.23088028338113975,-0.28567900204910823
0.3086042008910106,0.16794935137432312
0.16528665453067445,0.16099928758908577
0.2750254978456148,0.006457875237247751
-0.5496332030250299,-0.44426693985342836
-1.9404615699696914,-0.9664092830247819
2.4286674545707294,1.1157820503459137
0.38228463045316485,0.14463464329561607
-1.245114756438051,-0.6240960569059524
-1.0920048376335025,-0.636784077458696
-1.635600032923846,-0.6248485837739496
-1.5721231366056976,-0.8397831071390525
-1.3681113982294488,-0.7757238695197756
0.14996177417611734,-0.024519807615507025
-1.0213633344729744,-0.6506591347875661
-0.43860478762377775,-0.3689473365323524
2.753772728562373,1.3949934521189848
-0.35081803469854744,-0.1965061232693726
-0.7292731701152319,-0.2342906796113102
-0.33182864862532646,-0.05960526313099493
1.2483017597272517,0.6910227533525982
-1.3958996566944046,-0.7301248011926823
0.9966880597462457,0.517019774663095
0.7378569757210682,0.3491260449905845
-0.5408651747528948,-0.2507608838150416
-0.6908949846818419,-0.37897487998540536
-0.7013793454044697,-0.3433838758965819
0.10890978220246295,0.1714574706278571
-1.1133758195622487,-0.5891750374637528
-1.4869696130124996,-0.7497408222735851
-2.1851190012107597,-1.0444554545841287
-1.4512884908899264,-0.776755325072764
-1.1776781834347616,-0.504308907846044
0.47551794202064435,0.3470511944366141
-0.20657686986703644,-0.22911174465229694
-1.450701642377589,-0.4817379871229186
-1.1290511246212183,-0.8038748236116968
-1.683401233347921,-0.8187062864155676
-0.35296796813261183,-0.28611957593739323
-2.379694156741552,-1.2211588496332688
0.11478288893802313,0.10735524490293169
0.23323186801644324,-0.08021898280430695
0.23612217166361013,0.12196171225107401
1.2166707334535674,0.5481156261797605
1.2752924256290386,0.39066159106950493
-0.22372791158011673,-0.4164812001515028
0.11577167809413502,0.049468246877586004
0.06592206455985644,0.06506746847903902
-0.2338041933246701,-0.10976102900696674
-0.6791318661642579,-0.4663015929431711
1.4857478539449829,0.6221052538947165
0.43420504562504947,0.13821435595965142
0.7724904426104742,0.41805179592094843
1.0695856838352737,0.5421171447040084
1.7261822921330527,0.7954637556708001
1.6113831070989195,0.6751516651960406
0.9896801877468252,0.41047751919033904
2.6992132284804704,1.310279722630949
0.6637852548026943,0.3260776674962732
-0.19802807650982912,-0.11030953779787443
0.1257746081988994,0.03238318733892339
-0.4860644388053048,-0.34971267599162703
-1.6992309363068048,-0.898803562068415
-1.1568575420725713,-0.5217080106105138
-1.550798083596384,-0.8683390493718706
-1.2538150807473416,-0.5641877298867207
-0.024103916039457052,0.0317632029996217
-0.17970937475109233,-0.17490899069777982
-2.9356458291879117,-1.505486942805573
-1.1252297769668695,-0.46816927088324856
-0.4778724785194057,-0.4038704132699247
0.7168401939287377,0.43052538538200635
2.438862644018332,1.3631296032594777
1.949592232439134,0.8532647340151713
2.6545487975375486,1.339484943854935
-0.585285887022998,-0.3069475005129295
-0.06621321982515982,0.03276975686171013
-0.564501625324128,-0.6178735702188615
-0.7148742449110939,-0.2517320689954298
-0.6795232296231415,-0.47196115830901186
-0.24929933281901936,-0.17773972403257188
-0.4469703522922731,-0.15893194035733815
-1.2167216729755368,-0.5417427555588036
-0.3939551916861772,-0.18953663172311982
-1.3985697520664253,-0.6885363411475038
0.2329643327336346,0.323744498200035
-0.1316301381486315,-0.01706288134989433
-2.0412115089749565,-1.0487900102249255
-2.40077564052536,-1.1004724246834625
-1.640228439227592,-0.7035091486253311
-0.6989586059435331,-0.19463738393305166
-2.2643296192117957,-1.185093104741581
-2.3688204408280478,-1.2038588009396594
-1.1464479827721272,-0.6875180099094
0.9766187364494816,0.40978927765324996
0.8391517027745303,0.20876700507568893
1.7466107957198087,0.9422782991290151
-0.689038318442453,-0.4256350436276113
2.2444721953646547,1.033992395119751
1.7559380209290127,0.8368689938942151
1.7144493082028776,0.9435296312336432
1.2159931564797013,0.5465202679726875
0.06996606813081718,0.23462729135246443
-1.1808426104247367,-0.6707913635566168
0.7030841815859381,0.38739891874165533
0.36348631935719666,0.25803656060483454
0.6382004343136778,0.3136401081570315
0.620347412116574,0.16572006689693314
1.620016678854921,0.7043700570866649
1.1974332638354377,0.6125795482660737
0.15016909018948316,0.096942661529834
-0.11386817966991296,-0.04623392942124301
-1.028147460142091,-0.605236807309424
-0.2520870056237721,-0.20287554936016344
0.26408251961613033,-0.000806447485284828
-0.6129794604629936,-0.23396647284525984
0.4568318809926284,0.16039062813627714
-0.2084595707092156,-0.24712099092891893
1.1754082815487925,0.5886700224970091
1.2738629537223969,0.586974687581736
0.9045240821920657,0.4205371676678772
1.6273998084684909,0.8979906028933979
0.03593466156077618,0.07351368158982388
-0.987054837857244,-0.3646683569150072
-1.7529002145571382,-0.9428031076455718
-0.8686150758805108,-0.36196868719144154
-0.26879082923157616,-0.09225067106839746
-0.039950117101808735,0.058716927747435796
-0.2315260257778089,-0.1711365659367291
-1.4956280213275215,-0.6857800254607818
-0.9232267974630147,-0.6412294668461845
-0.5129152988233604,-0.21657415502860305
1.2921295310066936,0.7980783068949646
1.8191583627476087,0.8233822341687095
1.804185370711001,0.8720419958079623
0.004388691819181889,0.19336190809205486
0.13755545311034606,-0.009830202937524318
-0.1141896352549586,-0.08691591054878611
0.2728442864685248,0.14619072781835007
0.11999439250189452,0.07594894383775612
1.5762293568304904,0.944613911802061
-0.2938475384521768,-0.08593294286507344
-0.8147828340777182,-0.5569289051351953
-2.1863044726110754,-1.1270903323093944
-1.4489972985971158,-0.7626471960363
-1.2886754894309238,-0.6284929548342756
0.9874043041742542,0.483888963156477
1.1181394970057155,0.5394138968943974
-0.03803611132825546,-0.1301326297314987
0.41668260315450034,0.19330985311672066
0.4307981911688313,0.2843524541909233
0.8867008280275175,0.6362260431661229
-0.019073939737722423,-0.1448013878724434
0.1614304570185937,0.08775607092051657
-0.5913242270990025,-0.2971431640876348
-0.8674137755023061,-0.44843641792688155
-0.938860774097777,-0.4708995503694542
-0.7210138909160333,-0.483519811791164
-0.18037116528582314,-0.1556343703942884
0.24580007479793647,0.41026293308991335
0.3964791099174021,0.018460839869252788
0.23022078241165736,0.017060827253550334
-0.07463501100321607,0.015438966550183071
0.7720472757645206,0.358073800380197
0.13794950275004336,0.11028613457847392
0.48436815354330626,0.3315089313715395
-0.7961815945534801,-0.17522044999667247
0.6550671447830921,0.2950601949680256
-0.1557152741390796,-0.0513040309498828
1.5351632660650527,0.774470366606996
0.49009997492275037,0.18198268326380163
1.292170543968548,0.5915665065738971
-0.7647150724649003,-0.3822599071169117
0.6060704881772141,0.34674536410744583
0.4676455488428076,0.3210535429749123
-0.10703861770041961,0.01077813057542197
0.05510783595449209,0.11976974386057263
0.7332200816955741,0.07873203207566315
-0.8476765886991967,-0.4505823701384474
-1.928995766739149,-0.9766373002679016
-0.7772094535394058,-0.3958572571401328
0.2183878253396882,0.17582176430970614
-0.178469662946031,-0.1335770800470182
-0.97053305961078,-0.45128120264691907
2.007562752601152,0.9969505976952034
0.7850235700399139,0.4609324400247764
0.9237797747126284,0.47141480942149566
0.005548908593861701,-0.009510708188870096
-1.1313522298551777,-0.6085929352417059
0.02960149097715803,-0.14701645095310514
0.1908060939839269,0.09334637899398554
-1.1068309866557424,-0.7382648053623567
-0.44919227270012607,-0.22308002918008524
1.3308905596099683,0.7066170704323611
-0.13198448894313963,-0.10050698605130641
-0.4580601585593882,-0.17146222246137227
-0.9244475726246746,-0.5106960974562375
-0.978754262932124,-0.559349407799465
-1.8019910136244413,-0.8396705116114397
-0.2050147278263268,-0.16903994558916946
-1.5410550970302657,-0.8089593631822753
0.3562653846386108,0.15310306068494323
-0.013405298935273424,0.12300416236596096
-0.2752409505226648,-0.24799165347653207
-0.624663155360817,-0.27090057256144734
-0.3645156609489024,-0.11210667094082435
-0.20823874351271382,-0.11991141373471989
0.8844774728781254,0.5333674529478174
0.8570287628580192,0.23816969387339282
0.20036403342563358,-0.012829012127609507
0.28630725645225874,0.039789686730739196
-0.07434356885281632,0.020168063554257584
-0.5687323620334133,-0.1801762038907217
-1.0701657409409255,-0.4444687780904629
-0.5475798898286248,-0.3814900675431636
-1.7729360345316447,-0.80170717746033
-0.20226126289785773,-0.1687349174408187
1.1882434407019962,0.6513278103704462
2.7713657299675756,1.6289296080467648
0.34994642870933634,0.010097076227527313
-0.49376173107176685,-0.19391299245894522
-0.2800554241314729,-0.2712000394207552
-0.3950292972327441,-0.29135908297463897
-0.5363298834847687,-0.22908568929346623
0.9351225613573395,0.30530630340574577
0.5743120416673665,0.2200956243109787
0.7757966306793396,0.4815257300723165
-0.09817799222717916,-0.05501047760094277
-0.06678351807620891,0.035742731256113644
1.0769129063849696,0.42774474193775397
0.8680896235091311,0.33711931585530175
1.2353186145694313,0.4452765907864983
1.0043525948442866,0.4713278060075456
0.827406611236484,0.2737868041068653
0.7288598705576792,0.4773850470237476
2.698116472949831,1.0774049393259093
0.7998917304652602,0.4779496896037791
-1.4132293641140785,-0.7623131701006397
-2.0375602661293817,-1.014707517172489
-0.5038399058758154,-0.3809271799104602
0.12292006523377624,0.24425773643097193
0.28877969800865655,0.11677651910537945
-0.8170671526863131,-0.4086103542614052
0.4173297676320453,-0.05084601619111745
-0.1680618586499218,-0.09746666446473577
1.5806422998357204,0.8592150298180717
0.7484218962154392,0.3896244064619262
0.4711612304551843,0.22541924413380932
-0.4842471738112756,-0.26521646039929436
0.36258578864783686,0.17454846241296418
1.6293377417587205,0.864755627945632
0.399864471233973,0.02987388879612113
0.8988077333728661,0.5530686652079077
0.7714806771455515,0.38165137448197084
0.565902219298996,0.2837844396203308
-0.4338284111749938,-0.278944551977137
0.7597011140091383,0.22947727101084175
-0.6981525048496171,-0.385136068111839
-0.9802017811033139,-0.32764674113565756
-2.476138172993821,-1.4154668451644057
-0.6952820303023678,-0.12288747152151977
-0.5160875412370823,-0.2603459767087077
0.2916683552615919,0.18263516406822233
-0.05169871563429021,-0.14662025856706642
1.0075373649154746,0.39432065635977676
0.7680385325301995,0.33907966484239865
1.193538061825019,0.555094000682229
-1.3899463009524406,-0.7092248897346037
-1.0676632711714347,-0.570473197276923
-0.2830101382465306,-0.02944534834762204
1.8764845969623534,0.9350205173639331
-0.7606236806998311,-0.47461444919710527
0.3125095520224362,0.3059328514995965
-0.18068424634766464,-0.1558724061012755
-0.8030932704257215,-0.5975892422059232
-0.9058063327307078,-0.3653300922411571
-0.5228915312450966,-0.09536613987083345
-1.557847678285377,-0.7952647100280472
-1.4153351655777606,-0.7655252127148399
-1.3235205247662871,-0.6220458754969227
-1.244607993731022,-0.5813773732506163
0.3028991653127253,-0.005963591306521521
0.5271509006553878,0.09882838392090187
1.0956756540576098,0.5111268382489349
-0.5337855601774063,-0.35154288280791657
-0.504807481472623,-0.11760525110577058
0.2966776795348147,0.19879340262661016
1.379439608482189,0.6421386801976069
1.3386938271921722,0.641836224991776
-0.7075472478499889,-0.4136750451078638
-0.89934395557676,-0.352703257757167
-0.07862643095162913,0.012750684879258525
-1.180091035516903,-0.7079664478890895
-2.3334614611202054,-1.2744774865323354
-1.2287391814292845,-0.5599364805463822
-0.6902705405934861,-0.3465213503314782
-0.629204271691992,-0.4294075618095191
-0.34574033448355507,-0.14501842611863047
-2.0129392273974145,-0.8868759202804912
-0.1319580763019098,-0.025239817968196902
-1.4310642949364294,-0.6118510968819845
-1.8309507144236326,-0.894247426805895
-0.4813564530373342,-0.2681276954921949
0.1548180599315061,0.08159173614772615
-2.0780070997448585,-0.9416990087809399
-0.5044498981289732,-0.221892438252777
-2.668381306672355,-1.310795349294594
-2.27971867832427,-1.0876820994788707
-0.17967151691363714,-0.25276247299247045
1.3245733790796994,0.7221186336597158
2.1964610655818966,0.9027193258418769
0.41186901284477434,0.12906676054917113
-1.1735857444842535,-0.44669218262863475
0.028094879538613338,-0.011325187262750502
1.2934248208328638,0.591915989653199
0.05032062249539082,-0.023189316454168128
-0.6636957432697299,-0.3162902842780022
-0.361155810348499,0.011594259810842639
-0.045664013634059475,0.06419809444901975
-0.29801272648531246,-0.20160302880117786
-0.9333264346731722,-0.29502845288114177
-1.4698027844864696,-0.8845002434888177
-0.044144778811897045,-0.3150429443914397
-2.0492214170747123,-1.1111098739673608
0.3631136848215185,0.31169332023102325
0.5803606279996789,0.30682596271586887
-0.4499940140242971,-0.3981458461463001
-1.1106151735902312,-0.4042121629515568
-0.28070400958951014,-0.12828822566478124
-1.6106119851704204,-0.854369389056324
-1.1243204112256648,-0.3995182531609983
-0.5594742368328784,-0.27155580762166337
0.1613143281994029,0.06655095268446287
0.25503981652877283,0.23065863739354175
-0.22398632879050231,0.03153535256248198
0.8272496500206603,0.36535829800403796
1.0203040559236969,0.358558946321121
-0.1905471336920661,-0.20400827544473882
-0.29767854702852076,-0.04652076420419676
-0.41059491543099036,-0.12508028467297277
-1.6346401516132245,-0.915147260675747
-1.7989436130656227,-0.8314803901736848
-1.0069936969479527,-0.6814676689708655
-0.21986594473008592,-0.17888180463417197
0.7867075776117547,0.4523472494853322
2.009976957192071,1.06946968909626
-1.2408631865482638,-0.6322007436037475
0.42928570185232473,0.3294249221218667
0.788947323803031,0.5140274367386282
-0.117765209537668,-0.00819119419881733
-1.7727137533897013,-1.0870158795212226
-0.0690813187795084,-0.027972113595214496
-0.8779573031245128,-0.4762764179356398
-2.5200189886513487,-1.0929869128752994
-0.19118162088045942,-0.3893346937459192
-0.4643500048960314,-0.24031591087722134
-1.3120508745337904,-0.5747026745856709
-1.5992330663247536,-0.8650391432756552
-2.0592754878288093,-1.0585784233884643
-1.596466392527428,-1.0659822864895978
-0.6101216716736547,-0.3311748646730223
-0.9035178704251549,-0.6219885412218294
-2.7695235338781563,-1.1774595277101556
-1.7676015475782965,-0.7839054215048908
-1.3945842666305697,-0.6445362267636343
-0.1343362026286522,-0.12131870205257501
-1.320342224835981,-0.49967221884364343
0.16231295774032695,0.2679791185088515
0.6517943588099813,0.27536574456202256
0.4177914183086602,0.24093758998405007
-0.2601738081308215,-0.051986233547635555
0.16450175415726295,0.10241062289957935
1.4760587816028417,0.752771769005943
0.2192201925433096,0.16305694207430074
2.010207689654723,0.9050149546071233
0.6785823219238443,0.35210541220374586
-1.8481703032428178,-1.020668073298828
-1.663003866038495,-0.9246961476575345
-1.4202156969393838,-0.8015595473234137
-0.2958500957682999,-0.2589319926498862
-3.3305039574562123,-1.891701385330317
-2.4453565603404854,-1.2600079858906978
-0.014680550949650928,0.13740262677874707
-0.7526848196253584,-0.2648549806337644
-0.4982836701028834,-0.27697919562336554
-1.0212349669519263,-0.582354903530205
-0.24116344885713742,0.0695110321615191
-0.27233586444763913,-0.17571941070030805
-0.6287963845739217,-0.3154110134906529
-1.954068715834647,-0.7994130703805833
-1.7093138538236397,-0.789496519658045
-1.1761341319910004,-0.5970394818768348
0.2555499813792742,0.255935319530168
0.12483882072250466,-0.0812356892002163
-1.4755434482124241,-0.7228039131874321
0.0351264018239591,-0.10798163310437134
0.7101596454901545,0.3679143252260306
1.0036994493624471,0.471654177306469
0.5704811393503487,0.23924165970054295
-0.4131515974744039,-0.08999651758164551
-2.7113741528276813,-1.3158953569959269
-0.21799669588007198,-0.2533444613888405
0.6010828813850659,0.3529884237764902
0.4355296376570448,0.23611217091200548
-0.2179282796490269,-0.0037265062846498914
-2.4244363783913188,-1.17024115441983
-2.8357186677510726,-1.4682854397328005
-2.0458449545688557,-1.022623369773028
-0.8804306463955093,-0.4674247453525102
-0.4089076939625571,-0.2346021003739641
-0.6698550075840501,-0.3171333280220049
0.13523536728912283,0.09650710381784151
-0.4550141216797751,-0.1349160770216144
0.26724677992072793,0.08987302768025218
-0.29556671809065144,-0.24156328408987546
-1.0411391165660664,-0.37514221697372174
-0.6767988062855024,-0.38113860742085187
-0.9313664955864762,-0.32900274058166923
-0.05151412677392975,-0.12685796619230966
0.5177998572945086,0.3392620474959067
-0.5724340948011615,-0.41253130405641547
-1.5536641949294876,-0.8202410207177666
-1.8248650020194903,-0.9234321250316075
-3.193907932671751,-1.4636671561851515
-2.6391844591735403,-1.152933548853399
-0.38216398213201414,-0.15166667480006385
-0.06342699770663573,-0.08553455514172648
1.8354269590636885,0.8266616075727488
0.6749754851821347,0.39599390560625686
0.39790753925357825,0.10533867275137743
0.5183957806538131,0.2911630836656621
1.2120495761433934,0.5924394995835434
1.670086910068887,0.7791940562400517
0.30398011795720936,0.08285835574198645
0.6808279832901182,0.3474831719674726
0.11794944827050463,-0.06471187900032446
-1.241912764965314,-0.548980655775219
-0.8026448096903585,-0.5993090809136915
-1.0731313644856622,-0.5822949367548075
0.6449921660736762,0.359950774529622
0.014513771999014546,-0.14935589709762334
0.8871590023464124,0.6022038260947057
2.9764866101160004,1.4475742644562215
0.8647182843721634,0.5291735569142219
-0.5323207231852551,-0.262460406494972
0.3672766410634398,0.2237990098353071
-0.03784059344606061,0.07029718409153109
-0.011322904084663845,0.008262658060420432
-1.279506393056778,-0.5143100390511511
-0.062363354367603985,0.1951163444826696
-0.004316250125671543,-0.05316779683430739
0.3096164109379236,0.17890969022246328
-0.16700789811326924,-0.08637287389663766
-0.1011932848573811,0.14240925387220071
1.4597438712715858,0.7495158469356056
1.0960695536867564,0.5769724093091086
-0.21744312634478613,-0.18719382544523222
-1.6524100174650334,-0.7131913496972279
-0.9358198767832691,-0.5222576362498719
-2.180146880116073,-0.9649123875238452
-0.5071739829156614,-0.326868975849644
1.3082011515303262,0.598844772338555
1.0742782819396142,0.4625181060249799
-0.25941313186009096,-0.12317839554188009
-0.4203655902838579,-0.3418462636265887
1.1581813451059162,0.41685202004075883
0.44248271165747255,0.3541794320140401
-1.2045253582781137,-0.5601134654781416
-0.036516745383877836,-0.04477315552182609
-0.42527554512904286,-0.17280628875802642
-0.6445943606630751,-0.433249867286748
0.3905261651434349,-0.040462836228972454
0.620100268863316,0.20188953177253988
-0.6750444216657222,-0.41114003053507137
0.8101354705522943,0.3239434370887797
0.17427327445989643,0.13572837503654706
1.2394660801791697,0.6067067414340738
0.6221988154157372,0.3410574579685023
0.12255448017530574,0.16783379924611347
-0.07238718160257934,0.06622226085821142
-0.1464920536440365,0.1586495618244623
-0.9972686482493385,-0.3392202121512705
-1.222428921624548,-0.7195655731677123
0.6206030404555425,0.27958594845303947
1.3022249779713628,0.722061259790858
-0.0697228123700715,-0.06693038312408489
1.264680955608409,0.688816750517051
0.8205016216088602,0.3779472863898597
0.7938854860729212,0.5135350357085556
0.43503691657401844,0.3315106177352476
0.4433181747012488,0.33986360421749595
-0.03674006599236029,-0.06246481220075892
-0.9142558196829096,-0.4096957960591719
0.7485449760229199,0.5395588625488298
0.4358358362653159,0.28148878026741975
0.7535320524928361,0.33780836387082985
1.7795510909552372,0.9513249117955798
0.07627659160433031,0.09469990028891137
0.16636500643445376,0.11391884376548801
0.8330145817412318,0.3794204736850654
0.8854384984707622,0.24924114313292176
2.4735520148079697,1.1524417062912344
0.9001516346983786,0.5421572864636321
2.2113488234251157,1.1817672419959704
1.7118173686487699,1.0233917323186124
0.24561864595933275,0.002562970000220016
-1.1850764861599292,-0.6736485235594445
0.7344498976476879,0.48322627809522034
0.11776179224314726,0.00964339465067078
-1.0148288067824178,-0.6464477709911801
0.08181568796406391,-0.0738576872095355
0.7052156958835156,0.21447258507652092
-0.46923035775650257,-0.3892020942817498
0.405797219981525,0.05421881004288348
-2.0827435535054866,-1.0701993577238347
-1.4741428547871038,-0.7624073314831735
-0.23443357383078378,-0.227436579055176
-0.135668733803802,0.14139686832178872
-0.7598206092892247,-0.3854309988883226
0.5034027839013022,0.28151699306300687
-0.1408140532097435,-0.196978611454081
-1.4694618694691002,-0.5201177549085376
0.22901535959847485,0.29428442793629134
1.8312949671485166,0.9653445294870971
0.1962150304169472,0.01199549386029454
-0.10047820197513063,0.06733156152721081
0.5229941145910508,0.35045609356904334
0.6256938335182549,0.3620397611515171
-0.005076778217367961,-0.20266532195312162
1.1072875239700297,0.5709513720066647
-0.19426024729032343,0.07090209835575875
0.7436845104315821,0.47331877255432164
0.0617497831038164,0.05588075578044267
1.2563209596140674,0.3905663963039694
-0.44423215528020676,-0.20624982542604212
0.35679473393770805,0.12034522217053126
-0.5335685893063156,-0.20583415838343447
-0.5249287528061632,-0.30743750728988756
-1.301619290559594,-0.6661221714576817
-1.5045294627971357,-0.6231749163606268
-0.7594678308182679,-0.24852072781507942
-3.680009235089464,-1.8595342877280938
-0.7211026401363342,-0.2378319538446454
-2.3070502669059145,-1.2656793395253632
0.2953266350710957,0.18695489831336184
0.8344521674006082,0.379805801860774
0.01356971145941771,-0.00034773251764307934
1.9779816232937455,1.0785131275227835
1.888588931361539,0.7338923947728985
2.652253781355694,1.32274634728123
0.8951768218856072,0.44469079040898996
0.9036879794909984,0.4278540428953384
0.9731809725776267,0.6811350933916833
0.38636607347295393,0.06880299438943682
-0.08004010233114067,0.09330314246409893
2.5314716739582126,1.3608227469294871
1.8662287957123764,0.8633738545273717
-0.21111797036289714,0.0606523285444788
0.15112939145217572,0.17517083508532624
-0.16214975884544758,-0.01671588861146857
-1.1528719732839874,-0.5523866580327482
-1.1941701024889932,-0.6210957268121209
-1.3003619250000762,-0.7064433875897772
-0.9513145730991619,-0.3996314324703831
-0.9460806680218434,-0.2506838045448144
-0.5355737110625853,-0.45252143985982696
0.5050940258287716,0.14009156797042155
-0.006205527782317977,-0.06159766928949111
0.7035545584870442,0.32631282810335077
-0.028176609518041962,-0.026755376656667152
-1.259372018090079,-0.5365872731224643
-0.4701094180204636,-0.12014145671396188
-2.088154627655948,-0.9306327913111846
-0.21687861761200677,-0.24350317081626668
-0.7389932540690822,-0.3365099819455245
-0.7153814717967415,-0.26144882006794473
0.502779764010701,0.3231747938617189
0.031818931653912585,0.04834461669095929
0.4610641595613506,0.26885271386966203
0.12522574688105562,0.11738779737262615
1.5333352764217916,0.8053747161334358
2.9108886257096054,1.320865991147654
2.288379429508005,1.1543025747718687
1.9149062765623017,0.7538623544471027
1.1355831213940535,0.64406205217488
-0.37157517549449826,-0.09487746554835715
-0.11777259342833749,-0.17205747990701953
0.8113573601607247,0.37120140917225497
1.547618224588703,0.8356929116558847
0.06669771103409095,0.01044390025636448
1.0177478372175313,0.5058422634055991
0.9139926101152966,0.3719863125743144
2.360676966830093,1.1016673564762511
-0.5890878844369328,-0.1400669734568015
0.048499796168337606,0.006544514490862342
-2.168188265194839,-1.1138529919134277
1.149644805884427,0.45111403394283395
0.44309735921605636,0.3169181753783328
0.20205015913803914,-0.08365585164395456
3.1274152442294922,1.414402772324736
0.9903409933662938,0.47831876283355224
0.8143373788485745,0.5247878540553719
0.46971221534089375,0.1159111264103397
1.137862612678736,0.593206287081461
-1.4232092714651303,-0.577486315104381
0.5715210312569042,0.10595252921085213
2.565049643603789,1.0918510138961466
1.903820644525013,0.9763472021895361
0.6279739348511442,0.3534186631132156
0.9547579328868596,0.5149947689533986
0.9568902010874928,0.4505517960876898
2.034846401789767,1.0876707557604652
-0.15988125270713782,-0.2611537541702349
0.7267385604093622,0.10190955344025276
-0.4930123229548911,-0.30994301158192944
0.2918274032461521,0.2526088725360312
-1.3589077704208594,-0.7412201820004665
-1.3088853397784534,-0.8351457123049163
1.1416182189168587,0.6166404320050224
-0.42322048207445295,-0.20262565072265826
-0.3598996840531228,-0.1631292177159917
-1.2592914777561905,-0.4671242138692805
-0.3862556130854874,-0.15176357604086504
-0.21437342018585068,-0.03319509653653027
-0.40896544313153077,-0.25699757173112503
-1.5607662195660679,-0.8080687480448759
-1.4080762575405155,-0.7428019108390183
-2.4838252986065865,-1.3826214635458045
-0.5964090884939628,-0.27100922429249147
-0.7312255336390394,-0.3472388513282328
0.6436694011453188,0.3147738714511472
-0.36744239767676024,-0.10874382946999557
0.1847334518691331,-0.06253697442789818
1.5773456388841585,0.8318042210779327
1.721177518731698,0.9684890446620327
1.8643043815591223,0.9096613332278464
2.491430672468634,1.270007585699612
0.17053232085145809,0.1341573523816513
-1.2586925450985127,-0.505290639625392
-0.3098425705241285,-0.1995463946291007
-2.0971886407212246,-1.0264354271270424
0.29493813454573237,0.1802820163606486
-0.4059974381186132,-0.07376346001905631
-1.5097552547656719,-0.8499977143137445
0.9201832040262988,0.3139834034577026
0.6618799724254721,0.3042112489523303
0.40762742847866573,0.1556541711487122
-0.5195102302876398,-0.10472731030754645
-0.5340566892120711,-0.26968568302432194
0.034776983434296416,-0.05409915144026019
-0.8884859014198849,-0.40415825770009217
-1.5675255240906847,-0.716950324470272
-0.7389607958593336,-0.527584931598263
0.879082417981748,0.5837674567321751
-0.1947776799778449,-0.12463867543981459
-1.3291024989931317,-0.7412134393471957
-0.9052646649812569,-0.29278585918377054
-1.5190128410338226,-0.6113270300023291
-0.84651077950763,-0.5307148755183628
-0.7199890320037482,-0.38660349142918443
-1.0437165146561105,-0.5541323355726698
-2.0188102714502465,-1.036453327594978
-0.5835409713969766,-0.1555807050507223
-0.10116711764006908,-0.14172905949558823
-0.6125475072756985,-0.312997119707296
-1.8229264928661069,-0.8322526087412185
-1.5703670499003874,-0.7571087955837621
-1.3153412207825719,-0.5708750428188373
-2.070709501912054,-0.8923613585331192
0.87234051968031,0.4167359818205761
-0.3881457908528001,-0.31693868724877555
0.9852205074756464,0.4136184221720878
0.45398261687281455,0.39225731681923226
0.931330322907725,0.5066684844719523
-0.16860999069310278,-0.06532774052470372
0.3993766229904672,0.2063990846114743
1.0841090974810883,0.6132555753475056
1.8150814883136253,0.9737928866409225
0.6459878886003575,0.31804386580942323
-1.1672123910280339,-0.5129978107003383
-1.500394741143732,-0.7001108744439897
-1.753278470317898,-0.7788739125705082
-0.14276399859306232,-0.04498076375977035
2.6180167841996163,1.4439010402573504
0.4930750700272895,0.27199742383612824
0.5903174317386828,0.2705515315305161
0.9232002261179685,0.35359934001114673
-2.179797075523545,-1.2126047637142947
-0.24305985990100698,-0.10823754284226628
0.7814398747718155,0.27683947207524967
-0.5227374772526677,-0.288504817252746
-0.43323734522593654,-0.2789123636674783
-1.8963258972409343,-1.0440767150135013
-0.11949356478587025,-0.026269321452224458
0.4040115262586097,0.11811495392057952
-0.41256827169427507,-0.1199690117594999
0.9067705474295513,0.58529244259556
-0.56996528434963,-0.3795627296618409
1.1505337304164203,0.4686120830863708
-1.222226641027619,-0.8456041086824297
0.6823029542519876,0.18131539552914974
2.1356464636195316,0.9948375804014017
1.5311914518236875,0.7178032965221324
-0.34679678192802554,-0.18743348963161227
1.0610673494172138,0.5792615082658168
0.18311841914173355,0.10244238148027973
0.6535571165140486,0.10046784622913366
-1.1275809984773257,-0.4909932682696149
-1.5613098248988297,-0.7397554813527222
-0.5395890097702727,-0.4403234221733128
0.1468990017492079,-0.024731687186833884
-0.4896942384709989,-0.3003659004761721
-0.49412613812287925,-0.12843420771326874
-1.1808870207219337,-0.7354542299473763
-1.1134453732398333,-0.48059958732423064
1.3512206269113007,0.7270170451578591
1.12348359156107,0.45682120499491097
0.02816818267652277,-0.03817647092560157
-0.7565495710782111,-0.31316516312011256
0.08452929672526643,0.21803196552991788
-0.26449651859518897,-0.07679085688050602
1.1336186523916025,0.708564781982849
1.0881585553699027,0.5665258436645727
-0.6112950551981342,-0.04837856326830198
0.45684711675876016,0.15339956673008598
0.11732194513643501,0.07719110892170282
0.06125709377787042,0.10889965154037654
2.103658446700717,1.0345006825994032
0.5992549500725293,0.24128168885739285
-0.5886662009368493,-0.35497571856133286
-0.7518465111213457,-0.3074823201342717
-1.1796246861154895,-0.5973667953343931
-0.05573696570890141,0.08211454329024778
-0.235119250404088,-0.1262666978154317
0.6021585118559041,0.18950971065163222
-0.24669260883189725,-0.19077502674606578
-0.3569186289410134,-0.11598843312836143
-0.22339230252302267,-0.06217118172287146
-0.4341553385474477,-0.20785231156704734
-0.6162674467695317,-0.30186898015131736
-1.0694077884253423,-0.5388458864814306
-0.8436021430162983,-0.5711343272464509
-1.6473338519484486,-1.0026468370792667
-0.5719001806862978,-0.2803059545375734
-0.16450680918365265,-0.15334687133656447
-0.26872960220513387,0.009585640383781763
-0.5215430373114969,-0.269043879383021
-1.7871268632834951,-0.9568135232003049
-1.1337512209125278,-0.5871825050663099
-1.3527407270871388,-0.582250767364227
-0.09567911708354149,-0.12445712833043145
-0.3644557915386966,-0.3784149389271865
-0.3274123323466627,-0.24794994709463303
0.7511411880348964,0.3583551813123663
-1.1489529868518287,-0.5330385108177716
-1.051348931590425,-0.5553174413913844
-0.1780780707380349,-0.17881909750615055
1.0088890744999799,0.44744440486715137
1.6535283026311884,0.794629940217607
0.7319043595017622,0.2143252377151381
1.2189724194988951,0.628719365756808
0.066401087757615,0.008058762951202662
-0.7980072306228012,-0.5079469864943302
-1.8842523425088815,-0.9870230280091017
-0.6460216448751448,-0.18993534673664206
-0.6108182554587156,-0.24289079524151497
-0.7230365662596332,-0.30657593499421765
-0.35626805259453076,0.03392770483923377
-0.13909116220327816,0.038455684206035706
1.2357288950286123,0.6203462404826792
0.31267800623936,0.0801238159291817
1.2636677056477212,0.8095168935287618
-1.073858733255788,-0.47916540393414203
-2.273968910073884,-1.1795761769770716
-0.14883260349606597,-0.14968811426068032
-1.2015748661779366,-0.5508709928722598
-0.770897201534703,-0.3700902720709071
0.6276448708466397,0.47672162949981933
1.2787088715259967,0.5549424526666491
1.369287762737736,0.7569669037069326
0.20664582783837276,0.06660479901543456
1.5972653242441122,0.9950103333105229
-0.47893089600346783,-0.1333021004985891
-2.0345910183784106,-0.9932049221871292
-2.1804762204738175,-1.0441666431421712
-0.6349241701793422,-0.3743502744471017
-3.130183779664671,-1.6132526676448453
0.2876831587061095,0.1784687026733445
-0.047320100367735596,-0.005622946584869601
-0.9773390142914452,-0.5710753043492708
-1.360625220140724,-0.5509177121311266
0.4838937020790103,0.1730484738097519
-0.9401503991910705,-0.4091159502547017
0.9979980490358488,0.4973717072817002
2.581055094853297,1.1162575259019285
1.18119772155692,0.5113721053667069
1.3836792018856579,0.6939098831347941
-0.9440561824797191,-0.5450983244749492
1.2127350991010148,0.7135970726525186
2.405473571627704,1.2698630132086992
-1.405870122534075,-0.8102020778854078
-0.16234584333498892,0.03436451048804355
0.5047312087705281,0.2289757136592951
0.22160655558061165,0.2861145468213282
1.043965840774983,0.5912855770328143
-0.64256635818108,-0.17995050129576315
-0.579850647107067,-0.3527809257708493
0.5128369297271107,0.2343547594409201
-0.41993401268157854,-0.09910651517469313
-1.8765393815566922,-0.7926109034644763
-0.26361568357035464,-0.19556927845554906
0.4282302353219323,0.24645420868119206
0.6894117204481657,0.1402353242719108
0.3223942093570239,0.07965601360725957
0.13406205297910467,0.2093226613295264
-0.9355819633350403,-0.5078431750234988
-1.70424246349151,-0.9119585666678334
-1.1713912933956807,-0.39896162022792986
0.1516139379833732,0.1116125250861042
