1.4158114213602653,0.774008264408419
1.7631948318328028,1.0293183682033182
1.3571640541265704,0.7282301796884677
-0.3334745343795311,-0.24590260912676584
-0.7623867554982892,-0.48327207617577334
-0.07718963083382896,-0.1594765303197564
1.4897572600642084,0.7826836515332533
0.5438200368080055,0.2783782395720203
1.2146718018502252,0.548645479746624
-0.3230697680341721,-0.00316187670314233
0.552191979196835,0.3305360011081953
2.2515659393180125,1.1854733699444242
-0.2847946081379624,-0.1184622188878594
0.7660446372816974,0.21667381298032137
2.26145554094225,1.1750857288688799
0.9423832007154562,0.5697205215414456
1.1306461771144338,0.6055853254626906
0.7037146023233899,0.5198634762927529
0.5905403376704661,0.5166704729167768
1.2052287703248148,0.7541518360345741
-0.5757624143356811,-0.31085402561727654
-1.1720659674685636,-0.6252874000525801
-2.1550221941267793,-0.8569284002692513
-0.20289802134532586,-0.15574542826314164
1.4815860546499406,0.6984154839437023
-0.10887691041408243,0.015186754849021142
1.1271190731357514,0.5674107903737744
0.007330406942890333,0.06940097906672363
-1.3609913215643215,-0.7414078371919326
-0.47438233979543926,-0.18314118085569722
0.20001314899834688,0.12189352960737701
0.9696653187158473,0.5989751537102891
-0.1946827587191141,0.06875100080282634
0.017559996012905865,0.01713723596825463
0.7722147243784336,0.45099632854509974
0.02892750749220957,-0.0959748900725215
-0.1278544411289409,-0.1297632551182591
0.11087443190093806,0.06898541856626864
1.5431037363590434,0.633341151859037
0.38490324425779365,0.33983667680675633
0.7912811848101184,0.3054730222411799
2.279072669679446,1.2081842228085848
2.3630343504489653,1.1995736316884833
0.5778637049801314,0.17874419712433876
2.2530411475379846,1.1514115331781243
-0.24007994718488646,-0.1413989338572287
0.7972976836584768,0.5857228043087215
-1.332790571128391,-0.7754921490287999
0.4156592506084178,0.34410067965974944
-0.3111471516412332,-0.27321022819910257
-0.9303871292996763,-0.3420151620087758
-2.8879112450302133,-1.2660357070788186
-0.5055418448206411,-0.14846870138436008
1.0071188134661264,0.629627998389019
-0.9221062198847454,-0.4529751618857239
0.1542481333391924,0.190780826352371
0.5560620714605373,0.40211290043013975
1.9003372267680758,0.8968739817474095
0.4582973868097259,0.3201535231935799
-1.505328031019337,-0.6447596139020124
-2.896110665565278,-1.5123483657433598
-0.9886865038148142,-0.485791577072529
-1.9103430479534116,-0.9971554747789567
-0.5016750945820048,-0.3719124644520928
-0.0837422148216922,-0.06356789987472272
-0.45088486330570743,-0.38146754166655533
-0.271236623913189,-0.10578972771404656
0.2581596706453677,0.2652853510259552
-0.8428139062463806,-0.2830997186676054
-0.7369251033827455,-0.3552358272623768
0.5513634068945179,0.34451687242107376
0.11300190591088621,-0.07477802585967214
-1.1981484351262346,-0.4386087437030798
-1.2878277258776714,-0.7311296926003523
0.26257813956259357,0.20580750726105948
0.5511554140690522,0.3689225533480797
0.31181596509841253,-0.04482027722859569
0.6901185821082806,0.34915994190107763
1.0685487784261651,0.5940647417891358
-2.6613741783566085,-1.2986480913790148
-1.403038983693961,-0.9170425342578734
-0.12831192586336904,0.004330637243278979
-0.16231099441881014,0.04445995569569694
0.5011360573811678,0.26216079932427283
0.5579127093557595,0.18918852907152073
1.030219767241519,0.7406097859427331
0.4112055657371284,0.021660870298101098
2.267349860501505,1.0419989868141566
-0.0022549873764632355,0.11253743390444518
1.794520361676484,1.0298184612966468
1.628163123387369,0.7869230602336138
-0.7727592552564407,-0.3540240189721656
0.33196531846550364,0.3351726649194302
0.02626683723005055,0.0956210346946526
0.5266051751708913,0.13011914330404667
-0.2942846425653312,-0.16584965215819897
-1.89724036051228,-0.9897563075311487
-1.5103064807918996,-0.8327857842843486
0.2256945899061763,0.09782696605758898
-0.8028100130514245,-0.463600794620845
-1.0720767528243744,-0.34503560102455316
-1.8551603491163204,-0.6849378204681138
-0.27773314495633894,-0.21063389162602206
-0.2011953002689191,0.041900078915185976
0.6937552401165545,0.30046412076601303
-0.23900367349962998,-0.13281032338302817
-0.8811644974968514,-0.32680587771719805
-0.6551318194108184,-0.19912755778524377
-2.3481476673494717,-1.189783825718053
-0.3931317973471126,-0.3139809163230246
-1.0107431237551425,-0.6949723270022226
-1.7690317234749533,-0.8470467752675975
0.152802385713248,0.021380161477347365
0.9506489766369104,0.3023237523753487
-0.23862262009179092,-0.1735961423600308
-0.8892481949453341,-0.34739580841305673
-1.6784230937925786,-0.8281638483927282
0.2842926686975953,0.047076318230387576
0.10040752247772115,-0.011393505696103264
-1.2704031518503076,-0.5036452987721742
-0.10939976232719761,-0.07461152583062793
-0.7250809802038545,-0.25936997916846133
-0.20790489906839352,-0.30700200555126783
-0.5823019545476026,-0.490206191772768
-1.1727556237419865,-0.6001525135207813
-1.5667107138903207,-0.812151427646376
0.10085217879504382,-0.007510960109267079
1.131524219618935,0.5885101853375749
0.13218843211926623,0.1351997068157929
0.03309554514198212,0.06408524215500966
0.5686013940138113,0.29889535717797244
0.7968162097089376,0.4247442555995485
-0.13542401939967535,0.014466727613017025
0.37831419393496607,0.31648454462874176
0.4476939619506878,0.12255183010174941
0.9161865514781757,0.303521362566055
1.262062553513211,0.592058042861117
0.8323821939520002,0.35858946367966393
1.1747204297514444,0.6337601576732389
0.9808074313463,0.44411876751808543
0.45668790287525063,0.12105438582367439
0.15451849799152784,-0.0003384362776392147
-0.5903058918645396,-0.20166471567815056
0.4747411558440476,0.27594283577540196
0.20530096726817826,0.10488274992388871
1.4410490866756034,0.703068054999341
1.6695353237376094,0.8744279755270438
2.4215099844833166,1.1244475687923643
-0.08417934849488962,0.02114379870974316
-0.14804744446494741,-0.1310281434368927
0.6192597265367803,0.3534670376559149
0.6731814821697192,0.40164275653174136
1.524334319118065,0.8667882476795372
0.6331904964373639,0.334128507004313
1.0260963161804744,0.5858151828715246
-0.9855900571387819,-0.5317935678145957
0.9828101676997606,0.3763493537868843
-0.4723293453882754,-0.15196100947429025
0.1561547859437336,0.23314470227388825
1.3502844443196602,0.6964353755470857
-0.18692045834225468,-0.263052511256612
-1.1509750101359786,-0.5508271161488499
1.4998440086985103,0.7787138629159919
1.9998928859249498,1.0546726473831627
1.3013362765832035,0.6865986294763979
-1.4315911444888414,-0.7333793261139226
-0.21495238845987963,0.055479671662464675
-0.9173088863213118,-0.46210761273258805
-0.05959253282254734,-0.14526146606151974
-0.24816205090566962,-0.23450743149889006
1.0457620186033505,0.515850268984274
0.8165667459251713,0.5149890510473771
0.33195409864958947,0.20206425735468483
0.3722668231662508,0.17539796777571118
-1.2677159557573687,-0.6178281890178756
-1.2961554133764879,-0.6220014078718232
-0.09184430879549976,0.04247746581447781
1.5205712098788506,0.7434019581518598
1.0713612156951808,0.5464154657687792
1.875643503856053,0.8569854344849062
1.5362333366184635,0.7738726055532504
2.304337286399501,1.008430313942087
1.3157051155063635,0.7267570807944932
-0.2361353010793531,-0.1537535407175171
-0.6014993442222648,-0.1495854808806397
0.019397397456205723,0.02289922905402725
0.5275326305383152,0.42630656510418224
1.834601920000642,1.111005104227464
0.23293262600275522,0.20220669863606427
0.37301760776796355,0.17815993668280639
0.7614910981688593,0.3675573430242252
0.3954637205629938,0.14737227608869463
-1.796648021025544,-0.8516372629359822
0.11049018620669893,0.03288636219464835
-0.18233243817026476,-0.10218707493892565
-0.02456078232352636,-0.06974318932068779
1.2917726333480546,0.5849184860518178
1.2376458299548128,0.7503080032563336
-0.907783886390879,-0.4979495216139117
-0.46542400710764914,-0.19030755803476446
0.44946522283755486,0.21463951117904792
0.8862753301777113,0.4205622173649027
2.12096715160387,0.9477944938843657
-0.5874416641084501,-0.06939497697550123
0.3238530109799322,0.07473485341303907
-0.5326120953920745,-0.33577057672379323
-1.1746229805674442,-0.6339567636464492
0.900836775850262,0.49611483417844415
0.5406475997931467,0.36665825989743345
0.1864345773626806,0.26990523166116287
2.0123249254666677,0.9217364353950432
1.9760013035999413,1.1859770668974652
1.7134222137630308,0.7212752274782895
0.5412737714255187,0.36483346590847987
-0.2843100767449516,-0.15349808623550454
-1.4445358268263955,-0.5997318572497908
0.48906942343650994,0.11251156614586044
-0.2477255581375305,0.040921546211656695
-0.2947724528856913,-0.1515368638474985
-1.5389466545110744,-0.5883244398963287
-0.714855185149032,-0.19143478194165325
0.03061135398332021,0.14185233919198625
-0.3204708032293594,-0.1159556783559163
0.9507630618602382,0.45622087812858136
0.3331446399168868,0.15533630389122183
1.6504151561687366,0.9025101777390729
0.9382986114589449,0.45484470741570965
0.473795716405737,0.2386123118427418
-1.8619039939962465,-0.7633555054113532
-2.486109965094058,-1.3799278314551446
-0.36312322479574466,-0.24795819267266023
2.090273488104624,1.0178267389433355
1.8609958741768486,0.9066711350321522
1.1963566837643,0.66984619222794
2.1329679422803354,1.1803883995069415
1.2306647630512755,0.6215453423640996
1.6370521982952453,0.7212068656868426
-0.8649759381415012,-0.49046150834939095
0.5931532178836085,0.2399143973011157
1.4069113943153388,0.6551201918167701
-1.0673308418881904,-0.6412394357081754
-0.2767933852830956,-0.15601568889675949
-0.5574800229062806,-0.17085053738773742
-1.3630934644271537,-0.6316917815060666
-1.5162135910542613,-0.7548901619623618
-0.4472652605779207,-0.13162264441487564
0.4790434066401046,0.1252647540391722
2.2019316022901863,0.9848219277323554
-0.9835367547545059,-0.3935386968206009
-0.5918310868732887,-0.22659680908613844
0.45360329691214696,0.15999572447012905
0.6244562223031687,0.2866195102413262
2.1439390450165714,1.0559940283080467
1.3616719945668336,0.720654742867052
0.29031451811421105,0.10349156261154885
0.7073928567764604,0.3623387749013616
0.5622867831512899,0.2916227050080611
-0.13803777641658888,-0.12627559104354777
0.4273464291539009,0.11510185126012866
-0.467246666093698,-0.2848664211103091
0.7692367771444285,0.38152109425491504
1.4367056236805955,0.7415136390267496
2.6219516005184795,1.3596509032601722
3.5758632433452715,1.9017724158288185
1.0818531814042238,0.4678157170433267
0.49560438355715286,0.21425993729004167
0.4383660479730752,0.3665868250229901
-0.5737133981197208,-0.29504640601146376
-1.0118735828284893,-0.4581435532636109
-1.1653144289581228,-0.6806367290469016
-0.4380965422750106,-0.10955244630756591
0.34846050662911326,0.19064015740784485
1.772120634299811,0.8678154045663411
0.7472622000331721,0.1577330162224868
-1.1676864845652413,-0.7823960109049067
-1.7592531408906074,-0.9225027182442699
-1.735006535285791,-0.835135803645721
-1.6550291709960796,-0.9168230188100819
1.5097115120680118,0.8696044190691735
1.9830647208396002,0.6601277470019602
1.4245360461653462,0.7865712431725
0.6343290455929315,0.44350642658504946
0.24473174339382694,-0.008561432518004383
-1.6771390930200125,-0.9348211130648062
-1.0414911737026764,-0.6132737359094439
-1.3309026181694048,-0.669817778047637
0.43396626413563044,0.3612897152925646
0.733070862987436,0.3056341307577827
2.1344980654665697,0.977939432357166
1.7685449526823114,0.834274577465718
0.7305349751675794,0.2828007470554213
0.4212824697182129,0.2551294534563598
0.653886070961486,0.2043440723005494
0.667885536516356,0.3789935448948172
-1.0505189246625712,-0.5726585392565758
0.9908530867283372,0.4918004187426816
1.7486466035065116,0.917546384675755
-0.20250714394202785,-0.33907515308580616
0.0957679817787998,0.07014743504989124
1.3936255845655994,0.7598462135524305
1.7243127036049317,0.8857734365175416
0.12005645033398449,0.08999243805766331
0.6565360393759743,0.1781309502391033
-0.35695710103959605,-0.1620926186073587
0.28014190621263246,0.30113293669697516
-0.30389947581326204,-0.4420625831133785
0.03648763131935301,-0.0487956804220127
1.39134701232704,0.7974179699528969
0.4837464291922212,0.2010917194793262
2.0349293580235086,1.2014418451693742
-1.5308085259398125,-0.7729275972453775
-2.9404943113190036,-1.472176974714275
-0.8850487944657416,-0.40602182549571864
-0.7659029487721911,-0.31058674777902023
0.5521702615998286,0.30491101001697063
-0.8493597402960594,-0.4067748880779975
-1.3448826474344207,-0.7513377568141163
-0.006900775800910974,-0.13934547989576226
-1.9933004635842215,-1.1383407026878898
-1.0542330122389478,-0.5447983283866981
-0.6386511248195308,-0.4463890226672227
0.3786704865514698,0.2622296554830379
-1.3024171633224133,-0.6618160279923638
0.22329686688410666,0.08951443917657603
-0.3625608119968932,0.010147743554876382
-0.7601539699437161,-0.43163849062281084
0.13649492258851414,0.01759480571111542
-2.1399079587607526,-1.3319156943529327
-1.9478494194251854,-0.9794695601178196
-0.7069658902645974,-0.3412351876212968
-1.160112501880918,-0.5400071859286268
1.2493882064207877,0.6214238509554139
-0.15496615356779286,0.039975620002875384
0.12248871932414306,-0.0800337443436106
-0.5683920823748726,-0.24477204461064286
-1.0138427925511706,-0.5048338697988778
-1.533307381233209,-0.8643132023430157
-2.895877389015124,-1.3956702398741399
-0.03293505595464152,-0.11592638645640445
2.092442196767771,0.9306959556504606
-0.31387370799605907,-0.03926039467783489
1.428072221633648,0.6911415203092366
-0.4629453915192685,-0.08268890697611558
-2.481796081373704,-1.022995228974782
1.2697592346602167,0.5935779757134911
-0.49553050858934355,-0.3866303666784418
-1.3608998232453844,-0.6174237664049613
-0.03912634710050367,0.09806625233789715
-0.6671758483578961,-0.38403952220196164
0.9667171829891013,0.34939275344884446
-0.06344932758835742,-0.0755616801850131
1.5129957614822795,0.781151164621636
-0.700835891322783,-0.5289462371169398
0.22300232428699035,0.058293090496877434
0.8957072889040975,0.5769197018889649
-0.40693792014202745,-0.03609188537710464
-0.5801012645138255,-0.36486180952167446
0.28173791542598303,0.12682019724181773
-0.07987767068384799,0.09692320096247131
-0.7160646770400395,-0.38804434479898653
1.418509632263349,0.7211732899951206
1.0255660181107287,0.6005855463078011
-1.313943321159506,-0.482664557130361
-1.97548765504495,-1.0721592177852588
0.6066876076344383,0.23852921823096174
0.9089801652659208,0.4392218167428827
-0.18793161085058074,-0.052669162984365823
2.016070499617563,0.8589382886828283
1.4089615820047332,0.5926582357338661
-0.9603093826637527,-0.4136824880207011
0.5717927589265069,0.41632561774016785
0.7370891927790879,0.3231364019021791
1.2912599913830138,0.4869321657144203
1.4019130054917945,0.751408950217092
-0.3378879648379959,-0.22937777860301523
-0.743512991471153,-0.5640578343399365
-1.042945460319785,-0.4511218287008543
0.2975699635623762,0.30658950799919005
-0.13271078482634036,-0.1062556865344486
0.24338091129621192,0.1971964010555932
0.6695971649855231,0.2682988305221541
-0.30468581047946314,-0.22585730060567621
0.087889338620559,-0.07201379419247433
0.37106867801092847,0.2439857735126761
-0.4013998966846421,-0.012236482912303975
0.41036860255301616,0.2556304439696846
-1.0031196676019016,-0.4910364833373004
-1.0779207801441868,-0.6729229719866833
-1.0930140510978021,-0.4890722556582639
-1.773417296138563,-0.9696672248927098
-0.586286481911034,-0.3542811458239437
-0.21502416782565803,-0.07219432176614696
1.140889622418114,0.6680297055214888
1.4936224364760469,0.770685186183858
-0.5307310422427118,-0.2680588766087897
-1.6619690600120505,-0.904515832609443
-2.444773850273143,-1.1954031128265459
-0.6320854320339,-0.3901314393269795
-0.34233375705841385,-0.09782641662051748
0.584537935016525,0.3494694065502675
1.0744732410746138,0.6952248504983943
-0.14278319255350835,-0.16613855118071236
0.5648527251919165,0.17883360450266575
-0.034056395009129214,-0.19822124871487423
0.4215691232643836,0.2863997399849027
-0.0765677539059198,-0.15172078294564462
0.8529385482806172,0.28529483351925694
0.4294730593556208,0.11628026085225253
-0.6354250998698617,-0.32956524056240066
-0.5136415918164405,-0.2721073805861762
0.8188210250950397,0.37571982832913986
0.3104466492312173,-0.07559188338392722
1.0216045509436686,0.5303539815861322
-0.5133236345062353,-0.1515587065457497
1.3325092996526675,0.8164196770437171
0.6096560843248624,0.11349606940315937
-0.5864155622040053,-0.38447212982871504
-1.821008502139975,-0.812518296002782
-0.921155159491816,-0.3086417272836017
-2.229259629974135,-1.0377806704704509
-2.8481154844613674,-1.2295626269199815
-0.5117058320552996,-0.19187254983657587
0.4895180893931616,0.281561815326017
1.14279414203719,0.6314065566721011
1.4534299528073458,0.6484264656412014
1.7072264799231296,0.733084597834347
0.35074345450770367,0.09998097796814888
-1.3766327098054436,-0.6858065115541907
-2.739941240522369,-1.3300644171302016
-0.6919452899089846,-0.4350563852648701
-0.2273089100881887,-0.13990942828034758
0.9513230614868233,0.39875881730458973
0.5541880165176291,0.258190354438847
0.262084897307011,0.17522268911769473
0.34742118278988837,0.10166463829665011
0.24109032429478,-0.0016667782429346245
0.2673771369828628,0.09610477972532816
0.9057187829888422,0.4586835755779135
1.2895735674663096,0.6108497569532039
-0.9630842260851635,-0.5479006810844076
-0.08239211606485353,-0.10637752241594439
-1.1065106489751715,-0.5222865176628312
-0.4149156468731957,-0.13465782895646083
-0.08130027290036945,0.02181007707152536
-1.7409455953273352,-0.8202090640692918
0.5151628842904246,0.20467607884781883
-0.27118399192546555,0.03019673466850109
-1.0929850935025576,-0.5295559416342985
-0.8423761480243082,-0.5000225127551954
-0.3340786886350663,-0.10390693537109037
-0.8825986839707654,-0.30422345832120334
-3.1953638281639067,-1.5663857193292556
0.863313823029593,0.592274929081733
-1.7857157812714881,-0.8132531271993112
0.2306324223387506,0.13140521635879104
-1.093709416452782,-0.4545716725767891
-0.1842396431523619,-0.040330136376880765
-0.503995594839594,-0.18243689898360127
-1.344564797247028,-0.7120630867817896
-0.9051660368864122,-0.3471193209286992
0.04578030888017326,0.10544850702045233
1.2376685268382996,0.701859195653405
0.553212398007318,0.2718993764472885
-0.25776139458457176,-0.2351823967604218
-0.22078513417501908,0.005999575590112896
-0.8525825376361664,-0.3841260366667385
-2.0929720245699612,-1.090951117751732
-0.726250794601703,-0.32979839553006274
-0.5063725235691681,-0.42419963355255697
0.7642466536208665,0.23151372337073364
0.37461300041678613,0.20349964321193384
0.9614179799057521,0.5437687362840465
1.0832035185762074,0.5534785822525492
1.8475037339481242,0.8844669096247962
1.8104745032916847,0.8297787445774742
1.353201971942902,0.5568854494736614
0.30192438856760423,0.2066465432408474
-0.10572778913612968,-0.10781021778676654
-2.164488800027797,-1.2700536129575197
-0.17060014508835342,0.016149293013670213
-0.6034716289538749,-0.3938478201565547
-1.212383943780761,-0.4801855012283759
-0.17526773757938247,-0.12138731874297035
-1.3164878706980583,-0.7172822043325223
1.1882492876929363,0.45179750741783276
2.1810805468371273,1.1868022998940004
-0.6570647049899592,-0.3595669919608299
0.27598053973594655,0.1123195197822253
1.6900305381178913,0.8669912071258314
1.466855265832983,0.7225413276130568
2.0701291718726402,1.071139662403665
0.16880400804829632,0.21765202377248322
0.2290336475199507,0.1226787671419599
0.02920841004275465,0.06511982553137866
-0.12155217861868141,-0.12345396403269776
0.03386172017466875,0.027232946254723833
0.5209130370904591,0.3970243148822188
0.94535275606217,0.35938594261055057
-0.5017097433529867,-0.18907262280757378
-0.09096707956804423,-0.0693108366115851
1.088497503341723,0.6693298256527058
0.28349200865204444,0.16741300794083844
0.38399408080131536,0.2439644429311646
1.5953256546979122,0.797039398137379
0.7966367379550464,0.5049590132973714
0.4016054345072432,0.1555288755211413
0.8776455145799245,0.5875056130384704
-0.15796787799496037,-0.012776798981636639
0.7254172218835518,0.3822339580712143
1.1730803414221072,0.5132145074784297
-1.6160223829167157,-0.9907879037408138
-0.9962802655755881,-0.5226125151644423
-0.8949855065777292,-0.6394241097111132
-2.342182942052249,-1.1618613232620512
-1.5047427234074393,-0.7926307470554681
-0.7130191164283113,-0.2436302747661211
1.2714843932834703,0.6217726826954293
-0.021043618246382456,-0.019232696998659683
-0.3912136655796079,-0.11311730875034376
-0.08461156697982608,-0.07360361827763255
-2.4905193787418716,-1.1635605222579941
0.17348916876629872,0.11653517257620004
-1.1156180060515997,-0.5453826218435193
-2.0390522836193217,-0.986651654429755
-1.8591939557059947,-0.9425464234112697
1.5200780077434826,0.8074631249145873
0.4278188490356711,0.20427434670344546
-0.07104323326465867,-0.06702045235270998
0.7758983259824511,0.28823713594587913
1.1352638405409292,0.6437324256587226
1.0039860295523437,0.5176090225813844
2.2546941304925054,1.2103823018599482
-2.367082909287207,-1.0547385777947615
1.8990866040557006,0.8903989316814754
0.15074798895769714,0.39740923774305353
-1.2834547063301742,-0.6949539155403147
-0.7787197161371849,-0.43677076901959316
-0.4163999738923623,-0.19072762672689772
0.19633276146739853,0.08456543357442864
0.30294716352874757,-0.09582808818616359
-0.422772069031464,-0.1610125618382942
0.8358822265682714,0.7541117085331419
1.3655335834860738,0.6532902208013613
1.030387373183789,0.6760663130127931
1.501284696772978,0.82438947729282
0.824874168030276,0.3562271371208331
-0.11304726540516447,-0.06633410250410818
-0.14519298010975074,-0.049846899159856115
-0.06875830352171083,-0.19470305329934418
0.9077728939802989,0.44593165776059007
0.2937397727316372,0.11051751053623995
0.7722362940217038,0.2964930860617204
-0.6920701776111335,-0.2383790639543117
-1.130679227658201,-0.5794288169407253
0.2315516298997381,-0.06114145965366119
0.25119516294562877,0.05318363103761907
-1.817534806028753,-0.8731661534043683
1.4992725934025404,0.6163129145677408
0.9805446905810422,0.563931648506514
0.9175055478666563,0.4029506618771776
0.4624227184450988,0.30147206503385127
-1.1607666871576658,-0.5415676244457949
0.6763683825469026,0.19370338419820549
1.224907726721322,0.4412960502246064
-1.8797921562675546,-0.8814668568711431
0.9669971984651671,0.33886576914979616
-0.8491898826590609,-0.5473304683940462
0.22751667393911612,0.0334660257902563
0.4294250372761863,0.27060456022167206
1.0754532499669516,0.5200375191774194
1.7263744409932595,0.7135083742394144
0.8035167077036427,0.3422764896073611
0.8550543023990653,0.41801003181525537
0.6024033854751616,-0.03076381818599272
-1.4090744241729931,-0.6483097441712968
1.6247193504929458,0.8920690079298441
1.2013328464141757,0.665117229656667
0.3295522816528541,0.31392655726925445
2.377954802343902,1.1739257788884296
-0.7109702318178018,-0.3281393187666216
0.42220868696309255,0.18017774877434078
-0.7697608293623597,-0.33420993659113746
-2.6324827873338923,-1.468498388936185
-0.364923093887323,-0.1113831701634735
0.48400778203765193,0.2332487060952067
1.857751937699184,0.8836087154642263
1.877018783473315,0.923528005422004
1.546524369350915,0.8006025583555357
0.6296980078779832,0.3823865120003309
1.6164354077667369,0.6606153127177143
1.6854357260683872,0.7882470386768524
2.043413407604705,1.0225675054898014
0.0035752787718701384,-0.02345210813238039
1.7391136082146428,0.9111575405573602
2.3963112925971335,1.1475837000317028
-1.2618581267184381,-0.7942659070022908
-0.0731324590963327,-0.23309055292674696
0.8565992322843966,0.5199027265650152
2.083755918896218,1.0640372828455442
0.9507740594173676,0.5174748213387692
1.8059569453102415,0.8799904154408341
0.5568125569701957,0.39010823250282095
0.8560863296417369,0.47687423043372484
0.8317227395371956,0.5951121419824903
0.5080864168571384,0.2736599686698543
0.8786756618408418,0.3851923682663405
0.10895369216083567,-0.06434911990244659
0.866272075917594,0.23919289691402007
0.10631349993497535,-0.015723870808526108
0.17844488209583187,0.0908012294516429
0.6038840576664765,0.26449488295409945
-0.007545519018002378,-0.06903884387012936
0.6896097048580678,0.4434707088675379
2.018514047936364,0.9353316736793765
1.834290086520567,0.8780180140952316
0.18144513742811086,-0.04216036074428753
0.4765897904230769,0.28383661808690397
-0.29013323961807935,-0.2108185626235617
0.564084719044268,0.18772464652630771
-0.9916838804792021,-0.4523767758751182
-0.2367775931469988,-0.37585984044759124
-0.3559176663698844,0.023385216063623926
0.26960061555306336,0.1478038320669789
0.6724178726592875,0.3488837345527677
-0.24419807992927256,-0.18587947180794429
-0.45328628517707437,-0.1519219456727599
-1.0218583476852843,-0.6084524951466153
-1.1034766288815143,-0.5804046317885229
-1.0233542387243617,-0.4074657589250001
-0.45813421726160675,-0.15609168035229823
0.32637384417008186,0.04649106239533855
-0.36690947747641856,-0.16119577764370188
-1.373123040718053,-0.8995308293728692
-1.1967577261309024,-0.6238008878684833
-0.9115828008430812,-0.5873359328865914
-0.36926400941735493,-0.03440762467218375
0.9652633532879207,0.49249316365746015
0.678339122437478,0.24124187657696772
0.08722791919586292,-0.10345174134540927
-1.0254624289454328,-0.563443522062428
1.7138429611310935,1.0105971315594349
1.224764034004347,0.6472649166892179
1.3855272619688228,0.61556286975067
0.3817683809694159,0.21346067003561645
0.9405650261044396,0.42481589596250624
0.21545363716869803,0.08337209999574241
-1.2672850252826688,-0.5661742532629102
-0.028472251968096773,0.20147049436500958
0.6141296745343591,0.38538610172449933
0.8578678419527055,0.46568912228843085
1.346309975253127,0.755567783022456
0.40142780058421496,0.18665969291132906
2.4341073967849596,1.2867461971170038
-0.07574520918298433,-0.09534400829495412
0.4717945685558368,0.20947495278711925
0.5690045907532193,0.2958017095060459
3.1678474089988775,1.6208632222878654
0.3509579630729974,0.049797269623786805
-0.40323174180965293,-0.3055640542434727
0.5361744117176115,0.25728288630668716
0.26872491291141026,0.1879202158883636
-1.4608340085796814,-0.7150597842532581
-1.0968553721928207,-0.7545109989123626
-0.21381133878859904,0.12147478444161625
0.1344782242439855,0.07910461187023557
-0.007760713156318613,-0.04303628521250667
-0.420821484518875,-0.1843722095821276
-1.7493305279780658,-0.8475941376123209
-0.13474030732314557,-0.17089337947796107
0.9907481763472664,0.4182759796628357
1.4225666108124675,0.5968912209231405
0.48752878764680807,0.18711520292242678
0.7390656593405625,0.42524817897705364
1.0393246231622428,0.42698256277007157
3.3354788012957264,1.62304165534987
-0.5990669546561012,-0.21134436948801538
0.014249581571799008,-0.14455302225979985
0.14629945580711148,0.01045544486777017
-0.5275260674183625,-0.2696944993042963
-0.7741826347836059,-0.30594062849446707
-0.44276410970910307,-0.3580483158940023
0.9749601104817975,0.47672868373521016
-0.1371994711925646,-0.07721779112008542
-2.4903413786194633,-1.3578155586319838
0.4142134562674935,0.17697539579717106
2.3390736096486564,1.1565860333996776
-0.35691119981395136,-0.17231096915837105
2.2014959262392084,1.0896414653231314
-0.00046856649906756864,-0.0918483965328089
0.4688234099207652,0.24477386774358592
-1.200970655580984,-0.5770186718020563
-0.6891414963205633,-0.381731457940566
-0.22328049320262486,-0.13757421221552651
0.5574571822929386,0.2223147768169483
1.3964016400462225,0.6463212675037734
0.776256292472127,0.407675722738403
-0.6245393355740938,-0.13177599763939007
-0.7973908384488879,-0.41158381808222977
-1.1234758368632134,-0.5403878904308808
-0.6581782781085959,-0.38773321011275125
-0.3739694691429075,-0.20849597161856992
1.1134903673702183,0.5207163416751959
0.6897889362928841,0.4415049572211292
-1.2562348188595156,-0.5999087526949491
0.52235482931743,0.22279021059705958
1.4781686088833743,0.7586106309033807
3.7091889690784,1.745446872282715
0.5970109999040891,0.43454592659034663
-1.5620826722788965,-0.8063069351858224
-1.491777667148698,-0.684754779032456
-2.0465322289701433,-1.087145151546663
-0.7837820900233884,-0.35339656794518004
0.15269609197077044,0.10670934757923811
-1.3858450617860916,-0.6386619773449304
0.3196156696476886,0.24781751482407055
-0.49101457394679027,-0.2748225594686062
-0.15499522832351523,-0.006229818046731464
0.6507041733685829,0.5173461036426513
-0.24949804464689113,-0.15859767247127365
0.7986354972188563,0.38659935687151986
1.1936939177023556,0.6660596356203453
1.268673400531127,0.5991054060665053
1.6570987856159545,0.7941309923618977
2.3409037057958897,1.277979456057993
0.5434498081877721,0.3274541123438952
0.5753426687970122,0.3558856197698818
0.3609994721614344,0.2574435577348505
-0.1999048069885316,-0.1593622377579071
0.7829111453028395,0.3905313750098827
0.2772031081948263,0.13273358620395112
-0.991005811014504,-0.6054657709395308
0.8460031494109457,0.440459259087118
0.469261364226534,0.10043791632200952
-0.6267046734182334,-0.28355134920491404
-1.0643084226531827,-0.6089271144864877
-2.700910976369907,-1.2698089810021571
0.9249490912963204,0.3801235940751933
0.3982397083149,0.0436202208014671
0.011346792808989259,-0.022501116934574347
-0.9977552053404217,-0.19716023073868794
1.04470364698399,0.39532758785659006
0.7952013495941986,0.40919181925840836
0.18728842635834003,0.01697713327940073
-1.1244151153574795,-0.6847083064628805
-1.8044191841942592,-0.7018664158977468
-1.072609409156423,-0.49605788984178445
0.9525759012934011,0.5001060669496907
-1.0498340407926565,-0.5339701271030834
0.48618659751273885,0.16237886482932312
-0.746704360832603,-0.24852861913012558
-0.16973006853778688,-0.1744818036744061
1.353618888019687,0.6083041679638617
-0.9841404494726314,-0.4655743773648784
1.1368051940852348,0.4331695234077207
0.09953379762765352,0.05543478541205508
0.7574888900063151,0.17108724291439975
1.374697884947917,0.7212793606686865
0.18195207257975227,0.16747155908493136
-1.2351836555568163,-0.7351466575928831
-1.6780898751295645,-0.8510354722108362
0.2439361984266687,0.04244354092808339
-0.5986698346554244,-0.2346195248467575
-1.1727462116923655,-0.6515197893523593
0.4817407449636252,0.17517324656005429
-0.5667645413995257,-0.24742494756149075
0.43273338988033144,0.2776305682706236
-0.0930202715376171,0.08480073003009908
1.2606985841729927,0.7551487049691381
0.9547901533191738,0.4461935474643928
0.061418859913236756,-0.008509863892858974
-0.46433685034781363,-0.15541968635636788
-1.567807704456077,-0.718085185436658
-1.1037401713762813,-0.6063947125419861
-1.2704070324697336,-0.536074325784111
1.72926149325257,0.8307147138198119
1.8119649248427974,0.8397998130497675
0.9408454023762517,0.49245338417239337
2.036977817034806,1.0134656608319956
0.01887548135086281,0.0982829829952806
-1.0120630972272557,-0.5018375117606425
0.9764963605646205,0.5342682459700134
0.5786791538946323,0.18816322694809912
1.7163874429083068,0.9119558109408797
1.7879681952950013,1.0425583008488464
1.2544146155490874,0.5907822858499162
1.6692025101072834,0.8788307140528879
1.6723651814075589,0.7868143110913707
0.45663924861228694,0.1917726434557867
-1.0264737242928939,-0.6487280607526613
1.3949405249850133,0.7833383999648397
-0.05293754480006785,-0.006094101838027881
-0.3721024932516169,-0.17190458579920376
1.5758357966163532,0.8386315465728511
1.5420898360609874,0.767308910791983
1.5948966919426624,0.9470025550057783
0.07819737436643026,-0.19396028323210018
-1.1595382645247119,-0.4653645851495798
-0.7005238674677496,-0.2459302558090981
-0.042935177057738416,-0.02455558964847943
0.6725725620492683,0.521376349011544
1.7368281944906356,0.9729562612694229
-0.8162932916528041,-0.36689137024749385
0.31607751804892276,0.3022792036264732
0.08377743259997891,0.02903743926224925
0.1695563125503019,0.1632607933365288
0.9166059378704638,0.3163672331693207
1.614688916533379,0.7737149553381777
1.0477794557186013,0.444978168980678
1.3941920147987297,0.6540059805678711
0.8767861695248594,0.41330259807569336
1.588889021397069,0.7270455893315171
-0.609762307911925,-0.016211422122513197
-0.7962102934676808,-0.31167435145593986
-1.1431126775348879,-0.5160840586612403
-1.300735982163049,-0.5856236653815953
-0.3946558219283042,-0.15231277264953608
-0.5489292055152752,-0.2593082630341747
-0.4232308209847142,-0.191649224141608
-1.212265794787712,-0.7385774328912335
0.9772462032548819,0.3952194008106246
0.24490407804853231,0.015465703990889312
-0.849675978488728,-0.6434577277956146
0.8476385864214959,0.37337579647007607
1.7730980050177156,0.8562297311361243
1.6584914406463729,0.8391865313448315
1.30901381300199,0.7245393573265846
-0.35860146359641454,-0.059996099486212595
0.6810098326875725,0.2793975921725254
1.7716640069715164,0.8087658087932799
1.2326678439952883,0.5165750918686068
0.7337257709207244,0.35420385390804215
0.6191277977128546,0.4141715603897532
1.1296847131446766,0.6835021777649529
0.03055760129096141,0.17182765274922773
0.3285354600547126,0.23636696193760703
1.1365513698961505,0.3830658346503507
1.290086870082991,0.727613208348257
0.1532578099810663,0.11962995597080167
0.37637869634353555,0.1784520466714326
0.07444618343108492,-0.026764865379119845
-0.38134502633895145,-0.2201175267583836
-1.568375196673826,-0.7155697036056243
-1.2086865844612635,-0.7582275901081073
-0.7475592068826684,-0.4314203514321682
-0.6618801203201575,-0.3949635595761345
0.17357189813063928,0.016576546528298736
-0.43190483976551014,-0.047669448930878794
-1.084739962061044,-0.6273358613653952
1.579858016650892,0.6793153425127212
0.971845818025758,0.6526834744701008
1.7320758199624013,0.8751498622324864
0.46317362832067305,0.23857073592399902
0.9140840436367834,0.43957395367416535
1.2128776974973485,0.598841797948254
2.9122650314762026,1.560938986395294
-1.1656162184640944,-0.4212066182641888
-1.4204721885644231,-0.9112714045899315
0.6229785149485455,0.22138957095572503
-1.3923781502623946,-0.6249235460706917
1.8432485095085949,0.9862014740309917
-0.3380192127726296,-0.35146633179780773
-1.3527224660536188,-0.6990434304351604
0.69437168914216,0.30620439294647106
0.18923573052638465,0.1590194205830343
-0.23008188867136983,0.045480687788432436
0.3709269150506932,0.01677423099929981
1.2784868653203276,0.6920570803250883
1.738263789133231,0.9380599078685866
0.8720060033576036,0.6004830526467165
0.6146377722850991,0.2852570530839675
0.36700986037077016,0.05213449753388394
-0.8294703599323106,-0.29015995158307717
0.6166023524904978,0.4287612979774902
1.3695935076363486,0.7065130126803435
-0.9417390867015739,-0.44883841893127285
-0.5237363594718348,-0.35548772564122455
0.9865799673868614,0.4571947936712728
3.4989841854319113,1.5227808893870445
1.8793635532756594,0.8876574299450233
-1.4265248782275592,-0.7012618483052158
-0.8192324787594774,-0.39577216860021025
0.5029520830145537,0.4901533916660741
1.545240446086154,0.7633554852063154
-0.9736073915772031,-0.4860463135776127
-0.7768211457981052,-0.5679101504212611
-1.184091876688488,-0.5044200841570532
-1.1380018484206822,-0.6883324032105296
-1.1614603531629362,-0.320047027187469
0.14253748163374036,-0.010660056753761638
-0.4923695576965853,-0.1816583760392036
-1.3092857494307137,-0.5321994058834246
0.0031825537529101,-0.007717141404979446
0.603540722284069,0.4675583332569981
-0.20865579769727005,-0.19669202199144376
1.708811296172117,0.9133596734492013
1.3923315745670417,0.7486720949958083
-1.3101371137284437,-0.6699487069357742
-3.113548898462236,-1.5406935660694785
-2.1125863866370223,-1.2097999759448967
0.1180990409087943,0.04730832927538613
1.228166275388141,0.6753022635322693
0.3373703175556084,0.3537628884527899
1.5961683973176246,0.5793226024913751
0.8330832543815898,0.42350696763981116
0.8137124598989189,0.42578005817549813
0.25869544745842543,0.16906215605216515
0.6889526900804714,0.32841874811354294
0.9775377042092135,0.5779292074120338
0.0003359949740746604,-0.011378415244815716
1.1641731338586532,0.5570724943555274
1.9821739836327903,1.1402112744369677
2.4486990613101542,1.2915263518183977
1.892265650597449,1.0099692156814173
1.8831335944159528,0.8411275211644106
0.7764355005585053,0.4100198564491052
0.8799240796418615,0.448083591520673
0.40392116210211015,0.25343520515633244
-1.2058168978056043,-0.7473417349511148
-0.12316394887434828,-0.21770851149409087
0.09537484377022407,-0.03201080553141833
-1.5463129947248568,-0.774950511063896
0.05608363333987809,-0.059196749146712524
-0.23033198912223996,-0.1816252159628578
0.014022489625613505,0.08748606197899822
-0.96422230213711,-0.49607857845857584
-0.9977266742010563,-0.44751522617257483
-1.5320082700288307,-0.7376950607750994
-1.2969797171342818,-0.5299303541885421
-0.030254094898310546,0.10608038114515335
-0.5175507679771972,-0.18886102135116029
-0.9679742780726559,-0.43505597327124845
0.060055213901418214,0.03365267725972999
2.8066829841398624,1.34912609048078
1.7209556343602075,0.979191135687757
0.05670328864297558,-0.1778045163369158
0.9469449656745048,0.5960321724960252
1.617518731757561,0.8126300926444403
-1.1765196448484447,-0.6874121894187519
0.43332926509683567,0.30948870747489104
-0.5338386067185423,-0.3009496798967598
-2.8126699110817515,-1.5154067365929431
-1.7842210505620497,-0.9171238220383244
-0.17001919639623708,-0.32005721336561715
-1.7497149221041381,-0.8941292187360378
-0.3148239594121828,-0.325497134338924
-0.899985814987427,-0.3945122578343378
0.6352199035624813,0.4355171915723052
-0.1360706936139739,-0.07501649353694032
1.2865419640793354,0.48414066461893795
-0.09240198199646943,-0.15904030500638933
-2.378435915233755,-1.1930481163896387
0.4361354252311528,0.23799028646939674
0.7214438370985081,0.296174610878854
0.45447142735982077,0.2593146183845623
-0.464999653602494,-0.1588569316057532
-0.34921116845968136,-0.07096025117868779
-0.9237307653692967,-0.5493189675152446
-0.7974413226098671,-0.38606710520936655
-0.5256797195635128,-0.31393246235560274
-0.30945275162110947,-0.29876267379356775
-0.4575713171950123,-0.31130680917062337
0.3862572798985451,0.20374317476336423
0.258256769978981,0.10625761525188077
0.13661817957064168,-0.19792590138462096
-1.1784976659694637,-0.5912717753895377
0.5399447355556736,0.18306883899105908
0.6842548586419042,0.2679603747872489
0.4877402469262627,0.28626836108447085
-0.8072855681688273,-0.3858132786019245
-1.1803345489560637,-0.6449825392090327
-0.35296425449304053,-0.09667798502728983
3.0650356072569136,1.5732465069467259
0.6095363081237084,0.39270533337147717
-1.122125259348368,-0.6804584494148519
-0.6829359979065401,-0.21280364381651476
0.3552372193899468,0.3817095913508504
0.5671018540845417,0.28788672489833145
0.07018903809855093,0.01075073061406192
-0.30870825117093503,-0.1938392434249462
0.9424205788354019,0.27520345542495994
0.547146891348386,0.2173095261989655
-1.0503156528835547,-0.7003920895837661
-0.9186568779322415,-0.44893791834308583
-0.21108139774852624,0.19107747387895727
-0.6307930771569944,-0.464244970240145
-0.4000294318386775,-0.20040150855674616
-1.9884116297122052,-1.012236211472764
-1.1706041097363191,-0.4530170762417245
-1.0619439205836798,-0.4933889199227592
0.28434254518859314,0.24943286770518644
0.15398409818726172,0.058628473294901506
0.3337860451736464,0.17448290116752124
1.8858326082980192,0.9377922212900621
1.168941347937748,0.580728898701452
0.17052477551665968,-0.013851478145572554
-0.6362132038792553,-0.29966905242336095
-1.032325766688587,-0.4913159209156295
-0.43287392849690143,-0.24478307532423366
-0.041330506426995234,0.00920485269427284
-0.2698941260847317,-0.19228104647843244
