-0.7998524022124291,-0.3958364612802632
0.33609356003395335,0.255674334648774
0.5503664072774082,0.23022958208024297
0.49876732386641476,0.2559755038827956
-0.2709762342612443,-0.24598227978602508
-0.023055947287390688,-0.2252862312951844
0.10772690062338848,0.02739054870064795
0.8210699856168252,0.5202514582705232
2.0428989054900875,1.0125204794435791
-0.14217894013451537,-0.028295718759393365
-0.08588601781515952,0.08498213694983181
0.5096001224116948,0.3082868298966228
0.724761885243584,0.538960803178026
-0.600585959218485,-0.3160368665230635
0.08140583299269982,0.12120491137214483
-0.6762422278257891,-0.48559192320434896
-1.3185226283378926,-0.7516157228732132
-0.8004780318299589,-0.356324379532807
-1.7317039827593108,-0.7512866870954737
-0.751061542223542,-0.3356590543151866
-1.481373530056823,-0.7340585374495507
0.882704090449696,0.4320565488082215
1.3367893545490788,0.5546360352929104
1.4337598562237397,0.6167461118005286
0.9618064753944926,0.3758953918810271
0.6869139390066008,0.5299614497477368
-0.27535349556204075,-0.19562925570348091
-0.4247807119849435,-0.23023129895158817
-0.9013664230561643,-0.4561031136348104
-0.35867374220685694,-0.07358414802483823
-0.14179675014474755,0.003909205863098397
-0.2543894138036825,-0.08125826489681312
-0.45525368017253937,-0.08223740442068633
-0.9752691347407909,-0.7636597724792047
-0.4512921016454866,-0.26503132220327086
-1.2739754513289097,-0.6923501392786648
-1.5481944388565712,-0.7097733916878377
1.3828889440729797,0.7846598999635037
0.3175437539173832,0.21382889621424653
0.9998955375744387,0.49121209119565107
0.9077765895374611,0.32689607796375475
0.5251936619288013,0.4745765739632951
-1.0642877133998585,-0.5810988090303258
-0.39747034419113375,-0.21032672140655825
-0.2998273788394856,-0.25825411297935236
-0.8798717156505761,-0.4913864402723394
-2.9195552170377534,-1.3344553970654596
-0.49794649587352063,-0.4366941377720073
-0.16588732733891937,0.00633092725279949
-0.5100853944167657,-0.15900549765089816
-1.0640756220960386,-0.4224441744858954
-0.3359464853032158,0.14386205780351186
0.17290025203949444,0.17129291744692288
0.2702646224222236,0.08847320494929199
0.13573967813480392,-0.07697700354067458
-1.2016257402013195,-0.681228311052029
0.1253127722729569,-0.11424147138904778
-0.643676822896678,-0.30175525326429314
-0.5899894505091107,-0.44525788145746265
0.20955127313114735,0.1710948929112262
1.313721738900432,0.8643363986392718
0.6250459031009751,0.4033220372786962
0.6622661061206496,0.49987054535415076
-0.5026344850703238,-0.2357566567316205
-0.9847037808141186,-0.3261758613280737
-0.7669713773898995,-0.4905249980435522
-0.2390907191788951,-0.004211870133114193
-0.7021323826163388,-0.4519665370987406
-1.6006526767212872,-0.6845581090543988
-1.1948469239914545,-0.5624822466996195
-0.5675864358763621,-0.23415809589710734
-0.288453501439213,-0.1447285528504829
2.534568350895095,1.3212275908900282
1.597378772141656,0.9515926641005013
-0.3709822171719265,-0.09496263692611326
-0.9458247510806146,-0.18905526722150406
-0.19047965769095104,0.01133656530015087
1.414918311210394,0.790516082116012
-0.40130538795910087,-0.28505761018848286
0.9820683023677812,0.431273487427936
-0.6095329585617475,-0.3150068722220204
-0.38882080988296963,-0.21026276466743846
-2.0179916431184535,-0.9619878779515855
-2.0799694596649823,-0.9816715319005848
0.19364938743987736,0.022629542049725157
-1.3025222324515102,-0.6633636280269775
-1.5173087794269842,-0.7341126015261418
-0.2657950481235186,-0.12432337857041496
0.4292597439698952,0.03529226827350346
0.13007822019430015,0.051620834697712926
1.7644905344650774,0.9791993135742509
-0.48687720537930257,-0.3201326188990013
-1.9071071461224225,-1.1200226043547208
-1.668280361689296,-0.7742275818307868
0.8611910209410264,0.42350528722450026
1.4041507330470944,0.7007300870191868
1.5717482315158768,0.8514004831210975
0.8471290582001065,0.5741648040094383
0.9194455775273542,0.40260196246227975
-0.6786224817773271,-0.4179012243071313
-0.2102976396394238,-0.06343415538069415
1.1355943621134663,0.5719621899900165
0.3950735603979011,0.2105735256670216
0.42609585972609965,0.19517031662939485
0.46154075116350857,0.35769150782686077
0.9020113029580945,0.4209851763656165
1.8955747324266485,0.9790791525736545
1.9798065005046577,0.9209808109751406
1.544766648343065,0.7746879849118578
0.15792184935492415,-0.18274372912514525
-0.5564874961894684,-0.2691640576153511
-0.6145744102027136,-0.30598662755886
1.1524977501202502,0.5403350198447726
1.221714526380579,0.4274481333729482
-1.4247928114572006,-0.7445356035024355
0.588784754207802,0.27092716392051813
-0.3481389975493451,-0.23931956819396588
-0.8689834063418606,-0.5299169731743045
-0.4913885813384649,-0.25463995465379746
-0.8617640994828999,-0.37976273236100555
-0.2515485625223556,-0.15318648158321516
-0.4251583130374419,-0.2190140047535283
0.32818345638347435,0.08293553787420249
1.8265648659034164,1.0323238858723454
2.23529097185082,0.9735035235500602
1.0787574163773985,0.5666368025464252
-0.13579617360523577,-0.27503014138986925
0.09598904171678489,0.01024894669129469
-1.8645453279489959,-0.8450714386646708
-0.3520597922950319,-0.4504968743908983
-1.1600306968810552,-0.5869396814111584
0.36552317703257997,0.23488602990739904
0.6492799697919882,0.3934338110213372
0.06126172951107506,-0.01080035259312101
-0.9484499663945544,-0.6914083336501053
0.3758740776775823,0.0877398530645191
1.4694667622950959,0.8897507582421631
-0.8011919117592246,-0.36937779190059805
-2.9844592350296963,-1.3952435400739966
-0.04534852967305081,-0.20328363718280537
1.351696601766133,0.6144116970573824
1.0503723708448405,0.6140069178250234
0.294203355239542,0.1728885758985179
0.001336575024804998,-0.0728364775224931
1.3027823731611439,0.6722778622196951
2.8563449731203727,1.393718816459815
0.7129287643597264,0.5155436124254679
0.1601711402183354,0.03897808245176832
1.5991768537373587,0.8865781910828845
1.424266747455166,0.6717698738157556
0.25787042720541503,0.05729259048709859
-0.5128631847569117,-0.2980345574839871
0.4037054713576152,0.19701067548030965
-0.35143764602198985,-0.22755833091153999
0.5826962020605999,0.42532550939351227
2.5023921809226177,1.3324590688960596
1.3922708297921056,0.6606312415094171
0.17313985150176425,0.1257472002177642
-0.2523532229874168,-0.21138564882843475
0.4007410242620858,0.278417735364908
-0.17498477832716047,-0.17287428557457155
0.4409030148144081,0.2714878166469432
-0.12092638057625676,0.008862893197968902
-1.8787652277330287,-0.8722026708717143
-0.9272535628703036,-0.6851108662704951
-0.8737693862528499,-0.5658455497569134
-2.083148669562893,-1.1434006434290784
-0.796685861670972,-0.4602701052333121
-2.5856391317096126,-1.1781242092611672
-2.293505260149005,-1.009198740001138
-0.43165961818851833,-0.3027688834489063
0.18084837612239563,0.14018093714570778
1.1208199674133859,0.4191611142140133
-1.1918091153053376,-0.5684218186474894
-1.3579003449690306,-0.5307381442221274
-1.351220957758341,-0.5751865400650786
-2.0464594213610474,-0.9914281349085421
-2.417949810840537,-1.1608332873120148
-1.5617810846118303,-0.7896775751534834
-0.7672970400504141,-0.3975185286920607
-0.4835627046227186,-0.20450794002665912
-1.8211686894930412,-0.9044731618788884
-0.07599784175459001,-0.14950821105572293
1.6591931687782053,0.8102760774631232
3.5859919319509213,1.740179816965479
-0.3175939673803022,-0.10858053271913425
-0.7918234602329552,-0.3517031274189658
0.8371792769600034,0.6052013213456412
-0.14318331170245974,-0.018352489260864496
-0.45640756279249856,-0.33640738898672173
0.773979820439993,0.4298630241018073
0.17624204309874564,0.07145263158886511
-0.1427099206132895,-0.11755058145526179
-1.5345423452592633,-0.7125244140318027
-1.292924740059314,-0.6252581629707465
0.5507149184591729,0.23259920807264856
-0.3508806687796098,-0.022537078112618986
-0.8335689215615008,-0.40869145996934764
-1.2550850891602303,-0.5348567173937624
-0.3241777720045954,-0.07092608305652105
-0.7229397378799183,-0.3912832140091512
-3.362080699499402,-1.71231667870404
-1.0907715349629237,-0.42444088488196813
-0.07730510343346642,0.03233082083812626
0.4887601391462737,0.12675616225681668
1.9653091479146063,0.9602997197489033
0.1934102763628044,0.13197709635843588
0.586623277634385,0.47946141114791374
0.14330661226366853,-0.03248970316096603
0.22734409360570557,-0.1595413284905692
-1.2261875868569727,-0.547805862460379
0.7762982199304929,0.3994053002523356
0.6851437926422431,0.2676898936384142
1.2859448379029663,0.6642262914086461
0.6784308551970459,0.38982308405863747
0.6485591642893588,0.23316759110175905
-0.595552519767488,-0.2317544601773746
-2.1186391044903052,-1.0271781484520537
0.2738437751369496,0.2102368815185231
-0.304544707927093,-0.20615003633875364
-1.1647964342664592,-0.6167452375949444
1.8108028708717891,0.8611344138256746
1.0570348923583577,0.8002814673222064
0.9311919797705754,0.42006527197752225
1.4681271849970554,0.7681323968087457
1.3157485371469706,0.6660650854505332
0.982080126799708,0.5423837080874719
-0.953190238811658,-0.6035778298409105
-0.3627034040522747,-0.1924547334072373
-0.8087550664080367,-0.4904431695690449
0.143742580489176,0.26384266298748704
0.35883951829298527,0.15000262671352407
1.5193697401515556,0.8801514033685767
0.07785668225584086,0.16969520568266439
0.9652779509494909,0.4954359585232866
1.078257568311972,0.70808675796372
1.497162783518873,0.6149231214316206
0.22276671537018106,-0.1564279336311761
0.10076933915588063,-0.0445840873914783
-0.3824650113893394,-0.38664149043107016
-1.0676857647401532,-0.6858784466104466
0.10801314873195533,0.07916561470651234
0.2209880186922163,0.2559100908755295
1.4806270755336148,0.8445781938530889
1.6567533496200189,0.7156260680883404
1.083563326724856,0.3470205878031317
0.09670246062594362,0.0275825566481867
-0.3830220188712184,-0.23817218765245615
-1.543666008079906,-0.7586059447066457
-2.1721398624451402,-0.9949651418097393
-2.016779354102562,-1.0074325343371147
-0.6447696134107723,-0.2495413094389886
0.7246695501553864,0.3950218530897389
-0.6287988788916095,-0.1895989870075694
0.7338228674956491,0.4071221298938986
0.14190588864090325,0.1372802123184777
0.23309795268854508,0.24362236922344271
0.06818828973920806,0.04804088497238297
-0.683473266286356,-0.35946684075562313
-0.16091681044317724,-0.07106663142453926
-0.2821312034200503,-0.07738271686386297
-0.7072483589239847,-0.30110463595487513
-0.035583051161648616,-0.029857941752014734
0.5107026771735125,0.33085459100023484
-0.7706876072391302,-0.24015071761398965
0.35231090632229445,0.2537678375745888
-2.0775937920489325,-1.1862247868622071
-0.6302570494112323,-0.27776864362316117
-0.8917913520547076,-0.359369920922929
0.758375185913009,0.34973540965780947
-0.4597957556427555,-0.08979186404862874
-3.565801075399682,-1.850652667759946
-0.22735757817781177,-0.1433873677755404
0.5046318745248259,0.48422552106041894
0.3502756861556588,0.21950662901266374
-0.2330285025403,-0.1292916156293363
-0.9648528176168357,-0.3447960275002394
-0.2305486435974891,-0.060898111237351206
0.9551298785417768,0.5343355454953772
0.9245551872413127,0.3141063599967465
0.37505995837965056,0.09124578137445187
-0.018396915825503735,0.022687325258163214
0.632079486433715,0.1341858431512591
-1.850576900602046,-0.9540104943408245
0.9357648616619312,0.4571067101465044
-1.4073361657695562,-0.5032749351074006
0.4231393561825155,0.2513104724570355
-1.1700947036170926,-0.4196544219413384
-0.9510517534819506,-0.47334986423056274
-1.3806333889039495,-0.8489752549432943
-2.008339681377804,-1.2179449625412406
1.0910639824735509,0.44238350655258185
-0.5894521499082622,-0.08764787186585685
0.586884748462922,0.3579056604113175
-0.9298026760328693,-0.39324063304779655
-0.39666123475332654,-0.20961781420747042
0.5936295910206919,0.3088227642451646
-0.20500204281837908,-0.07858659680958749
0.0007964524656883243,-0.00816417457362467
-0.5274835932537268,-0.1735589298117371
-1.7979007318763198,-0.9110770325206579
-0.01337350320438091,-0.02329011794184908
-0.24805405196593228,-0.242884496521206
-1.2282698838446737,-0.6484459987536791
-1.314937969809571,-0.6418023141414808
0.11932710273023872,0.01841472578664711
0.9066627077349375,0.47938879882470775
-0.029969510206865557,0.0069365100998329855
-0.8002221985605584,-0.5196323132621051
-0.14976051523920975,-0.12570531212045694
-1.4794833057144534,-0.7408285385806381
-0.605792177898933,-0.1843291698570689
0.9794239102572875,0.4359198442024146
0.4812430611105237,0.10641927672032347
-1.1949332238689454,-0.5995410590999416
-0.020536057268574326,-0.1560146159622856
-0.5351752584519275,-0.3688699864785301
-0.03335778323988231,0.009225745790676539
-1.0959204749561196,-0.5655169852285544
0.049414717845067346,-0.15154182796581944
-1.05052578376362,-0.3760031741074915
-0.575044613672365,-0.39232194520676134
-0.8849396878518024,-0.4392363560491763
0.5982011246720021,0.4194561563309902
0.20584640557627124,0.24901950679735224
0.5489957176847289,0.41316816730926365
2.6383931763793247,1.2617300114693912
0.4706412701399738,0.23144602148785484
-0.028242439125457597,0.1942744063126993
-0.7834261836849703,-0.3947271653971905
0.4458894669670286,0.0922326448557631
0.8912116898584628,0.46131613298236024
0.08147014432480049,-0.010953180126807197
-0.8326210386316616,-0.4097186467461005
-0.05447589601271147,0.10783259299800002
-0.40232567892962157,-0.08596322232283223
1.2037340303998998,0.5444761763521159
1.51230158646616,0.7627033493796553
-1.2405449973025795,-0.7111491622933372
0.9148949959183703,0.347683582853995
1.0178380772048887,0.6161131855959157
2.1292646700134057,0.9495997483469147
0.8482156748195178,0.49666925503245235
1.3454271897455816,0.6328163307390325
1.7889807568698686,0.7367141141709053
0.803558718437147,0.5955618583688791
0.522891560158624,0.21694061787395633
-0.003080379011532075,0.07896431069246365
3.842062120642826e-06,-0.04312783614129146
0.7697151389691972,0.211356293213701
-0.6658558777285856,-0.03349070200983739
0.4361687113490678,0.3000669812261226
-0.6092017228768107,-0.055857568129077384
0.8056078811722882,0.3786368201655329
0.3135436979390229,0.019107166982622298
-0.33617042864408414,-0.12187840581088324
0.5609875681728764,-0.01049096112979675
-1.2499758164970203,-0.7761033339981613
-0.3006130331333864,-0.18438015759353094
-0.5333164327432263,-0.15541791987057094
-1.1061625341808945,-0.6173851580792518
-1.1334798716567378,-0.4837525148433083
0.025900198954425635,0.1416559774547097
0.8604207361733164,0.3112701991718799
-0.543449054602064,-0.32710791626914415
-1.225878798642637,-0.5756310157415958
-1.3555667025195297,-0.5785120868605
-2.146447568645735,-1.1716716164179501
-1.512437883380395,-0.597857397604675
-0.37833911825893957,-0.12975769885380928
-0.6404067805493603,-0.4649479264172992
-0.6638940048287221,-0.4480809176983627
-0.7470912911113352,-0.3218604287830391
-0.9336036867056625,-0.4634981571427609
-0.4421200547897849,-0.149749398393266
0.11245561473611887,-0.07423561389124231
1.022720446152758,0.5034466800360257
0.36144087615207465,0.2873376184502936
0.603962388971462,0.28802800683703794
-0.551501394336152,-0.4176154110622914
0.2449544248047688,0.06485387108318999
-0.49287204117500016,-0.2042193738984707
1.476200991349338,0.8473692642721322
1.0021621654434185,0.536291303944084
0.4162916271532495,0.2185004523489137
0.8803671040039288,0.5837693293862949
0.16436664124032435,0.047763749760874066
1.78117562836132,0.7674240477690042
0.4700543448209068,0.23825229649633392
1.4114717985880694,0.6034195100468875
1.6998629093016393,0.7010951470733711
2.119802511796016,1.0150153479201454
-0.8528892696121496,-0.38759800133744327
-0.18468764462394244,-0.09143354873509225
-0.07713806738356024,-0.08134386781227365
0.8068709271581095,0.37150970354787194
1.488781214513716,0.5612078780695294
2.666010254753982,1.3368019480231976
1.580321860053803,0.764588532110821
1.2282742458054665,0.7262858226513533
0.21488340757568214,0.3007401376300036
-0.18291591802199308,-0.02036194895561301
-0.8863554969166592,-0.4209174570287249
-2.2227036265437436,-1.1365661517114525
1.272869442100209,0.6920489693803445
-0.07476941231950673,-0.21910979677535342
1.5269320995234141,0.817332834760478
0.18737861635806996,0.2562029253557665
0.26155836752595496,0.15453589242348634
1.7481676340319552,0.8408184894288983
0.1854390364423092,0.11788143203087761
-0.6516535939935318,-0.41036590433846465
-0.3198073058504973,-0.1953834297403278
-0.23918407116602827,-0.03790314539729693
0.0849546625982654,0.02097941370820474
0.33733029978642126,0.1722984179876455
-0.8084647269364589,-0.2622241580113784
-1.4574064289519248,-0.7396621114895424
-1.0624860697437382,-0.5788998477966755
0.5510204500851197,0.24514182308674046
-0.25002243673505414,-0.1620867730973088
2.0258090318848376,1.0296293736504667
0.7308348841217606,0.24393092768359698
1.834892263627615,0.8859104708886232
1.4430290469994085,0.6782777401621016
-0.0007914039335380485,-0.017500989108309384
0.637860624047283,0.3913159101784486
0.39881748842681836,0.05860166555752844
0.5709012274921194,0.05672582514171773
-0.23824842141135905,0.024768810259447743
0.565217124953523,0.23513362207202015
1.8064345423254382,1.033699705427183
1.6526828006968783,0.8652230940552277
2.270572304896803,0.9999683906777062
0.3568261606112687,0.24503648617552629
-0.605402454329846,-0.26017487766498276
1.0135893102814422,0.5368268986543276
-0.09674185361480203,0.019339716154246123
-0.45799141963288564,-0.21470646297021465
0.02812053083473226,0.01830965914512422
-0.6706758005826144,-0.3371182195090709
1.5524092159494443,0.7333770252333465
2.274564598946115,1.3439082129858098
1.049699126552102,0.47545826458925305
0.4088867820598774,0.2330965212332977
0.37811833325477723,0.03703701500733389
-0.003919929106959874,-0.0028301424860436818
-0.05736263934957568,0.026350427542835703
-0.0832954341218255,-0.020990878313094923
-0.09498035753000476,-0.005831434149389379
1.4385099941240664,0.766701416107864
-0.03193473969812566,0.2346049177305204
-0.6690179874623579,-0.2686695693520877
0.4130947355605858,0.2854844369275562
0.09063577927230665,0.067549812209694
-1.37193992622545,-0.8361583917766938
-1.3176095325811699,-0.51991482195927
-0.15876636126799287,-0.03309037934507302
0.5524832596079292,0.2925939091671544
2.61560228730894,1.2288926722011508
0.648274268595043,0.4091329320581038
0.49092890607326545,0.28624570054744414
-0.7207300919133817,-0.41875461167270445
-0.06876492094257536,-0.10451734468118248
-0.14196296686072618,-0.05545575358879353
-0.0050810706589461685,0.10798112401309028
0.3331345717476821,0.13927022783946408
-1.4974613334994582,-0.7014327606220321
0.6723265996725155,0.18842916144818678
-2.73909008354667,-1.417525185377224
-0.8909494769799584,-0.48863044660884863
1.0381245582908134,0.5772153452750757
0.028707562297494382,0.19033396741641917
-0.2988829367242811,-0.24215357342731908
-1.565124743031969,-0.8772102329640493
-2.21505338032635,-1.0101206835496634
-0.5445398942478448,-0.25382356598232564
1.597274627921966,0.7849752482238505
1.6974398662352894,0.8452079850066874
1.456336910721162,0.7350077588855074
1.1568510042337472,0.7291059782052505
2.1090728436787938,1.1504258023325735
0.5741195465801354,0.24511262605973452
-2.9597714979114054,-1.7110134286841507
-1.4682894378215297,-0.6858283656974391
-1.1327304233655913,-0.5534262046513232
0.009549741192569239,0.046739082688347394
-1.404988378535689,-0.5181852412274544
-0.10950638070218188,-0.001332579333786263
-0.9465182659584125,-0.5588628070246572
-1.3454604238282348,-0.5344328379528216
-1.656525150166332,-0.8815700721414692
-0.4021785040206914,-0.26567201865043866
-0.07344807320033966,-0.12110868369539937
-0.12532258596650375,-0.25407924399238724
1.0668418865836495,0.5224269572643019
0.30408112345171073,0.06665197351449619
0.1716294902565597,0.08552610224308074
0.5373920815752656,0.4123414897619514
0.19433548028527858,-0.0314970999108202
-0.9134837853481528,-0.5964619458745547
-3.6770642565197824,-1.873802277726787
-1.8772874255334284,-0.9394266848552925
-0.001346158693440791,0.05871874666320076
-1.1452417039539793,-0.6068090137309109
-0.5169043552182531,-0.24263965514083585
0.6930757708428286,0.439971037564673
0.439850190547607,0.10866749931980738
0.07850892096711765,-0.16774763380635907
0.4894680895992981,0.3336010510726134
-0.5566579525058539,-0.3802630036974495
-1.0519101113561726,-0.6007301939304739
0.192344780415313,-0.06302300316101575
1.3119125893003398,0.5570682474606548
0.10690729890080852,0.03553624908552505
-0.7938874702786436,-0.5005969775567773
-2.10005615753306,-1.1661874461514516
-0.6463738721040361,-0.44444016359378546
0.8521235722208731,0.584376080822216
1.0167824067639768,0.39340632803114894
1.7727317394596636,1.0171508161774891
-0.10171982979810645,-0.22903463211943864
-0.5272617494045521,-0.1672422939322492
-1.2308261225634158,-0.5952460702096741
0.3066238690252173,0.18380064233174706
1.2258129266117193,0.6155272553000142
-0.5480097804657426,-0.4233017548785136
0.5321885985248767,0.28181984739922
0.24735518099205986,0.1005968571066883
0.8947653021223492,0.5794877623951216
0.4581071960405375,0.27520265570052393
1.1216545901918749,0.7142925191914582
1.2039226485476442,0.7269782187884042
-0.48000163141774355,-0.25907400240969447
-1.2462944019253661,-0.6860650626093959
-1.1019369520679978,-0.6168921548500265
-1.2149242315340931,-0.6518556383977182
0.5473557313326742,0.21361344443423458
0.16744072549274897,0.079388085543866
-0.5744316640767847,-0.30078049507139404
1.5347066925282795,0.8315875340800758
1.188728022948631,0.512506336831108
1.2181201621290274,0.31874564753152784
0.6049524800075864,0.15954635613636992
1.485780136223235,0.8004244771892929
-0.20731180785305747,-0.059577806367589775
-0.5759617813305331,-0.2340786558031392
0.01061078569670082,-0.02934763284202309
0.5412471164263676,0.28286959541868506
-0.6034496140806309,-0.36658244874130813
0.5094642489835637,0.44304403518085067
0.34446449275952545,0.18856646963280574
0.22245598290875013,0.13802422397102776
-0.15098457890486475,-0.1220074847313917
-0.3736982726576987,-0.09872672828209542
-0.9209814672756249,-0.4565604027099407
-0.683276115352777,-0.31852042674664316
0.4612019258154419,0.1560276475906127
-0.5025385105416582,-0.14081484088963292
-0.18590213785558946,-0.1315182324663981
0.12041517011040012,0.19860633902253583
0.5432101839813154,0.39547978644445936
0.971650464911645,0.4922958994619511
-1.659504490489092,-0.8871160253317805
1.2254278733170993,0.6645164250079416
0.4797232634926085,0.27010870981984686
-0.4570019604790155,-0.2919251190503572
0.05642765442965453,-0.0005720380580421201
-0.1353868808630695,-0.1912415703097132
0.4229210083431658,0.37104219152208473
-0.6424734938623338,-0.1965578491103575
0.3262609833013358,0.24399591612309146
-0.49938558950766443,-0.17639333535459556
-0.05894994438230644,-0.0100651393443872
-0.4414395604669238,-0.30111684873066435
-1.4959806013149897,-0.8098832486261596
0.5355066644055686,0.41433274666119835
1.2278695402422413,0.6095216345616226
0.0413706070809996,0.10898257005449628
0.2724705828449359,0.03310439062750306
-0.8306671271528779,-0.3778428354260822
0.2790152013659069,-0.05663887651356275
0.020821606043846363,-0.004013747088057405
0.7775820546794376,0.43784411772029036
0.6279587495416636,0.23968469725215497
-0.13810728986822762,0.028757895897266697
0.5032544766834541,0.3294260841769595
0.774193045770063,0.4751529386590573
-0.15636061697394388,-0.01972262732174772
-1.3511576333963335,-0.6324654178785091
-0.9110250233139037,-0.6496582084346035
-0.4096017614927696,-0.32439658339450694
-1.1536219362508124,-0.584454560230597
-1.109926739672746,-0.5648811975224288
-2.6613812057130555,-1.2139072401637105
-2.7405327839431446,-1.4752162112430136
-0.43991189396371794,-0.19494400486188798
0.6896331438535239,0.24403028366982982
1.1518145636950423,0.5926126321120527
0.0834320531483762,0.02568789403526273
0.8929216321512456,0.2849846267679815
1.6680355872870987,0.9845811962971575
0.029199220056116193,-0.07107950074711777
0.15943493199577793,0.16899239483255818
1.8928172881894765,0.9549736329636961
1.2434368510369014,0.6827733893367468
0.5508484742625509,0.2195458153172214
-0.020394894881172798,-0.029080514511623128
1.5091960125654302,0.7216686109827689
1.8308515182503022,0.9594765696170104
0.9763523668842361,0.365468593578259
1.454850961982204,0.6802101791268403
0.9535518785675225,0.4560037879648108
2.3675253671614707,0.9894212248188021
1.8346304994329692,0.903052879846362
-0.20514201991457715,-0.09510398742390846
-0.4361521677291862,-0.1892863381364382
1.2776069696289625,0.45058530528731994
1.8383292466600565,1.021749633943619
1.867082777635435,0.9455687765128458
1.7102524141132984,0.9495074959481999
0.1776500177631879,0.060350267715567535
-0.8177186262221319,-0.541288811675788
-0.48129841938666224,-0.3500344599214143
-0.5125905812376776,-0.2480298604829938
0.7577697157445054,0.39740821894671874
1.0674796923598868,0.4371466983101851
1.1643225535931794,0.2591162160130583
0.6353955655456458,0.25359545359714303
-0.09418542702557142,-0.1462166748486978
-2.2377711456017275,-0.9412474506943367
-2.25873131087551,-1.2670932218083684
-0.5776103894998945,-0.11086884102012814
0.6598886434496167,0.31665418333566997
1.4022621547747232,0.7710223482527272
0.6768671481740576,0.3783122473771632
-1.8792495657011523,-1.0045170035485973
-0.42018962489213024,-0.24533105815775097
0.37630925744601884,0.26222742900331153
-0.010768136414264218,-0.2295878873436804
-1.5635531606178101,-0.7007981636020467
0.20812390991840468,-0.027798358711629473
-0.8658108351670903,-0.3019585080855455
0.5412936380369662,0.25294469178624707
1.2464286180498663,0.6818986100410493
2.8416884197861108,1.590871761127466
0.02892087818855882,0.06109924160430117
0.953036165994683,0.4052258070749511
-0.8419431325905644,-0.36536880562814333
0.07974464568301798,0.006084984356370816
-1.8345509447262527,-1.018463743093638
-1.2904943388216137,-0.43819388920139335
-0.0847902500906671,-0.01289145043849517
1.3949609046995912,0.8318645162916778
0.3858252723054164,0.11255144068669533
0.43171577552042784,0.18963614075101629
0.24012768460975606,0.3918928927736185
0.08381123511032819,0.14357519891438397
0.35474105322818394,0.1085923762976396
-0.11580773398760474,-0.07172174887070099
-1.3666129282902395,-0.6256123327749654
-1.5220291861225492,-0.7208955835159304
-1.1771854909665138,-0.5971996601402977
-1.7863699056199338,-0.960655022407825
-1.5547321019972657,-0.7494382708296383
-3.0225390730932693,-1.634569426755674
-0.8791425709984356,-0.5146595725861861
-0.4531838307208138,-0.22515292674210105
-0.1924678411676779,-0.05758059776104362
-0.53897998534691,-0.29671687810796493
-1.3381119203029064,-0.6806105752186912
-0.873596138505219,-0.48894220747705747
-0.8855018047906229,-0.35743797136532784
-0.3668435129596176,-0.12370876928077873
-0.8912599518424659,-0.5000590984732031
-2.247520016953189,-0.9694201852221662
-1.0825930841489775,-0.6115263650486011
-0.29176663371523176,-0.19391532268989928
-0.3164355583998288,-0.21572752409813598
-1.2348043230698946,-0.6690745988073895
-0.9416553113712689,-0.34447656002850724
-0.6440640621318772,-0.2860681847889222
-0.19029345898845182,0.12855842472590306
0.6847300543023186,0.2985967700524551
1.9264780999739104,0.9356220275654779
-0.15761719960608578,0.0647669327278598
-0.8830115118049726,-0.29795586017331704
-1.1059841685710203,-0.5275259090781133
-0.6678250335546636,-0.21640949202535853
-0.5942136060533082,-0.288410262150165
-0.3825070567892547,-0.25394018494377124
1.4599868745683093,0.818834170778867
0.3843642666270342,0.22890692952105895
1.5848975208634233,0.8358784576234358
-0.4639035879277037,-0.30702913780249297
0.14082800964839054,0.1331444882642528
0.750951179517074,0.30188722236180476
-0.5412213208797316,-0.12496541284295773
1.109643503226979,0.5104520820264318
0.062481712077331,0.0008600243367456115
-0.23544216442262028,-0.23235995029368434
-2.068982399494677,-0.8622921649845098
-0.5785214996808321,-0.2007702719805393
0.16424418147975817,0.11542924443263433
-0.10645693139221696,-0.08100203487854878
-0.6051801391926199,-0.43436640164469537
-1.2266274229898344,-0.46082405001258664
-0.24986505300165518,0.07673924848442265
-2.167206143167157,-1.0677766730339284
0.4518598510943428,0.16999574528424624
-0.2677697664407769,-0.11414142056279487
-2.3372427527657296,-1.2391552115506004
-0.8313104802927314,-0.42677227972806836
1.0705562644079127,0.6000659759468286
-0.6281382439702065,-0.3388572278472725
0.4408040560414084,0.31419187626511963
-0.4188217452514039,-0.3604608171106993
-1.1221351150599415,-0.4509893656383797
0.25412628505447776,0.16453619708947775
1.225140981051738,0.5538918910345679
0.6944308565096631,0.29688407450433685
0.341307933300321,0.34533620699812656
0.20493949896738345,0.07767070007578679
0.857556727548002,0.4640036608842289
0.7387646032977128,0.3299399803951664
0.44236575211321033,0.1592029055191122
0.8502994520757952,0.3469902904708695
1.024941629650923,0.4067839649504797
-0.5474789437088469,-0.1528428401525322
-3.18853672106289,-1.690269172704851
-0.3313503542084205,-0.22812833156288867
-0.7318534187492152,-0.5312021397698847
0.4950074001758601,0.1407236093861905
0.3877904535959649,0.30563706925502887
0.4848448121647059,0.21210702352738062
1.4129241801541534,0.7511140900625224
0.7741943394029213,0.24863745564037454
-0.5363991673806181,-0.19332851280622146
-0.9172455144991418,-0.47291394933351877
-0.5942498188393329,-0.435608355928183
-0.025557055383415628,0.16425489516659436
1.5506657888528965,0.609681888774047
0.5200688350377867,0.2764560483865767
0.8805826523669111,0.31167435188004733
-0.3313982170608992,-0.013196694409229048
1.7457408358074804,0.8936200158436752
-0.1374580855872748,-0.0823066130446515
2.0355747031554707,0.9740874875259574
0.3421546845818873,0.32737471713250904
1.0666022294259254,0.47812980339532096
1.3765759911214284,0.6644603785961285
-0.7442641872521796,-0.4648644304594711
-1.5499920321190617,-0.755523670703213
-0.32250440977766387,-0.24173679447597937
-0.40177458777550007,-0.12569170160259166
-1.190793718481226,-0.798297976411249
-0.021711603709469673,-0.04798846379289428
-0.012019792250104877,-0.25089515999509454
1.5703558985295905,0.7840387201809917
2.8452359245638177,1.2214183507290446
2.5897830343088213,1.3518299936591478
1.9012320173315853,1.0732409620061607
1.07025870506296,0.3915414432683516
-0.6061117263799705,-0.17045447064780314
0.03399445491741221,0.14796358059249387
-1.8853867879876354,-1.1118434888240138
0.10584745821747832,-0.004011552726188472
-0.7306210397023905,-0.40852938504744574
-0.9844781731220839,-0.7378834602839268
-1.8261190400576726,-0.9514461474669044
0.08483131041436842,0.10131426603112056
3.0210148286040455,1.4382416878899347
0.24405612564404888,0.14879838031497392
-0.6737875629678249,-0.3971756864097308
0.7653954920486159,0.383199244918728
0.7313125023216696,0.2867205200125933
1.3528726463788283,0.5894004969411472
0.07893955699186062,0.08428378592762586
-0.9674846360585742,-0.4132772391629723
-1.6439390802198917,-0.8720375945515126
-0.09275812951495788,-0.002588396012220613
0.5025348586798306,0.2087786553317536
1.8517140694522218,0.8781321029132937
0.9763012493866716,0.32939496207575947
0.25028453506288495,0.1611279882251638
-0.1244122156900658,0.19631549878112192
-1.0579978358776445,-0.6468497038010173
-1.2506377194570875,-0.6362529720681575
0.11018449075547165,0.042519951880565836
-0.5072257954341718,-0.3686114323383677
-1.723894471832037,-0.9804633199776697
0.06156804643736247,0.06267413606859559
1.2737315965714557,0.5014462567932748
1.355652145052293,0.7410454344936125
1.5310224908636156,0.6293182624758542
1.4535001935571101,0.7247279600066502
-0.210247066491835,-0.006487182223336108
1.690277039269751,0.7375157513245878
1.417490975489302,0.5339512018853003
2.123233598736887,1.2002090922360986
1.0777567114490991,0.45184358366376154
0.14703680349643805,0.02070540335674477
0.16561275408071852,0.16511407597797118
0.23524859534769177,0.05420264228920167
-0.029676713843323904,0.007242206157376224
0.37079959598666196,0.0882509079355229
0.962696043121805,0.34563136145140605
0.5504575841589605,0.1287828083804777
1.8347066030192278,0.9429947928751592
1.3547823547971916,0.6941797184283299
2.674159216784739,1.303594818854724
1.849419521780368,0.930499574013051
0.13885179777304146,-0.05474058132663136
-1.6826455445326096,-0.7466568632716257
-0.8475416242503261,-0.4449868869464723
0.617840200886702,0.4073512678562703
2.0434531292815494,1.1531370155009826
1.3603889773449573,0.6711689176530269
0.6523079832090343,0.4610149833477234
-0.23471970398124548,-0.17217075110562866
-1.1793930319833696,-0.5861963384403153
0.29208424130411603,0.23200354095459802
0.25527467613943744,0.10825328819920527
0.6315988569033011,0.37830604286614233
-0.27933133772209595,-0.28323984592561635
-0.39944406441100877,-0.21807247939108967
-1.701780555928037,-0.6790817172700879
0.5589750182870695,0.16087143666225961
0.30542664093234995,0.22486779011920102
1.4942046486414087,0.6609026859745109
1.3358878452258802,0.6632954677263506
1.731396436285429,0.7660768539024901
0.4849940674169614,0.2227673386279368
0.6191850012699383,0.29042808952344396
1.3859678343893704,0.6438887907556791
0.5030739270797869,0.06944018736887828
-0.9174040840472372,-0.4538631728821631
-0.3172929908363962,-0.09802055370294013
0.2971258775366523,0.2609982226926489
0.12580116636984573,-0.08819375287537595
1.1058676699930614,0.592898701493897
2.5797900474018984,1.3751569754938802
2.878037097770861,1.4506867120227533
1.9257164909447997,1.0297904614839541
0.5904040395569786,0.35882314126891945
0.3585485607889538,0.14257595250994073
-0.6949386818475178,-0.35715185150811574
0.05174954512309832,-0.0195982977959513
-1.282875268817596,-0.8783026246200277
-2.5332108572261434,-1.279747437585674
1.0485133984973722,0.507564585549367
0.7758365707035202,0.32105508468675936
-0.21486159967214885,-0.03500504246648624
1.5673923524936686,0.7654860677458093
1.9693393485176278,1.0488487145619356
0.40165995295906126,0.1527747210269601
-0.7430945810744352,-0.45605726087522697
1.8198761248461555,1.1240975741437151
1.3992125661207089,0.6779929258411403
-0.2152563073627558,-0.12196554848314374
0.5052455314795828,0.29647554306788027
2.1184566005949557,1.0001006734518423
1.1503383955207749,0.7331762673264284
0.9274199070262912,0.43215428556845736
1.3424877570321154,0.7032214857614753
1.2870212439565814,0.8053389540962371
-1.038434228075977,-0.5575577881687704
0.5410933511151976,0.1896323731557013
0.6073610097036488,0.39968298368140975
-0.4929799061191651,-0.399109392074701
-0.2792206378481909,-0.10119071341276001
-0.2664528665739472,-0.027245173297960626
0.09694320441660337,0.08779379668423132
0.285386669620981,0.10710036496748601
-0.34507764778980293,-0.06857857270927054
-0.779475153616191,-0.45024444584885526
-0.48506734126129575,-0.2717760756095129
0.7063934003671011,0.3863975017373181
0.02127169426680603,-0.0572404695571468
-0.953376176195674,-0.26088353034735745
-1.254246352556145,-0.6459479717337524
-0.1593198904425111,-0.18669475038100214
-1.8660808431218074,-0.7526998017983231
-0.5591001414739329,-0.21500701590281013
0.5334840192986243,0.25072243785163895
0.5755846895565967,0.18721678591603086
0.811739200944625,0.505049029210384
0.7929348929414735,0.282084723383174
1.6650662647776269,1.0011257565155864
-0.506758267835983,-0.3334770599078901
0.07513412973472,0.15496600317394843
-0.4156462470108725,-0.18595585935778963
-1.6670868521112987,-0.7155587919472508
-3.7254042337007345,-1.8154573375464902
-1.90960525172946,-1.0333881836175898
-2.524777773399588,-1.0939458581279984
1.4208051622089748,0.677379145358394
0.09514761113943304,-0.023301216387029255
0.0611597530014902,0.04044628757594532
1.1528642348634721,0.6107727705802525
1.175590574831468,0.4864628728980518
-0.4928249380302967,-0.2816394981090123
-0.4175769321879013,-0.26747460658556965
0.038191308900072884,-0.03017794660518485
-0.207885292096645,-0.2486455544606359
-0.8643452441711146,-0.5454561434155665
-0.83252434259721,-0.3287410341734778
0.4084432773807134,-0.0008633531673703787
1.189229589762724,0.7834996631712434
0.5086416206370271,0.36395208124550954
1.3998220867054487,0.7784613213234852
0.8017741854561641,0.4692726929908708
0.7257857872100758,0.30487287097353477
-0.44590814228074677,-0.1808296080249538
-0.20994142532588944,-0.006169971422153656
1.118375916395468,0.6384575818017971
-0.37537696971554335,-0.20345227425989837
-1.2542540388003898,-0.6893528730391606
-0.7784022467923752,-0.43348797451023635
-2.0659003082720004,-0.9303268208247034
0.3356091512501471,0.1534461606181842
0.39844934357510897,0.4491606508574738
1.3409827044416072,0.6039788762983201
1.3952489598260862,0.6572153625411234
-0.5665259928200087,-0.2230117757529341
-0.9511738827217832,-0.4384519004683235
1.0515083538647025,0.6508375663124538
0.03484422465539938,0.01848393427414574
-0.3062200207564669,-0.07501411789305253
-2.948872941310526,-1.4818472152678568
-0.7418138132942965,-0.3731514804665121
-0.6857859254953713,-0.35645891190840523
2.125640247978406,0.940594944922763
0.94247196209598,0.452142078651443
1.539470939890983,0.7483048395686002
1.1686520524471773,0.5711369051636709
0.7393473439600681,0.46690913193429706
0.617723866883895,0.15730782969621182
-1.7271347646734512,-0.944130129716712
-1.833727164149927,-0.8537635918246331
-1.3233648486854896,-0.5876842770592291
-3.6962640186609144,-1.9735012746757543
-1.473637585931587,-0.7530419969826495
0.9909210575917957,0.6672425818177591
-1.3288671908688103,-0.6130109007767587
-0.03332716070619568,-0.12337284974575015
-0.08469569728090154,-0.029823766304392204
0.200976048205023,0.12722133765480764
0.630579807414278,0.17075199012804881
1.7723210792508892,0.852808721021371
1.9630148852663782,1.041917329180254
1.5701885250323089,0.6595103563078826
0.6037980733014218,0.3206793645099448
1.020161716975499,0.530440548506256
-0.7338592600966695,-0.5310055148976645
-0.8454236244897078,-0.36078079234170796
-1.3483858947326193,-0.6489143146158424
-0.09063039565880704,0.07879415480178208
1.3022583642779044,0.7783754369633835
0.9545207548499507,0.36855077172700773
1.575811348846534,0.8055415703087475
0.5663145191864668,0.32737631588271565
2.8174316803292707,1.409964849077391
2.068154062388081,0.9993194274671995
1.5187707480575012,0.7170264530689657
1.0009097930352844,0.4458024376059454
1.0567754305942616,0.5703286521808594
-0.5309181915361629,-0.37814575912331594
-0.5170654936177981,-0.2603348257228995
-1.2143864397056752,-0.6604198459055705
-0.37016232934745974,-0.24537690153078554
0.026128129572535075,-0.051423972841743146
-1.2699533030300134,-0.5466975356250483
0.2560224320161979,0.09329634859595767
0.5278223140809357,0.45314848723729995
-0.6852465696635244,-0.2772268680127767
-0.8597234761948784,-0.39268833099673667
-1.9317772198444165,-1.0459567587093352
-0.565209465677886,-0.2000158410655259
0.6088210780288454,0.185621546350769
1.933952416590807,0.9530583734599636
0.32065356547491614,0.3051905170064728
-0.08687242067166584,-0.10201492787952438
-0.5182003382628433,-0.36809972009951775
1.191394895101208,0.5642743046319942
1.0417765903675724,0.47091569927228955
0.09635009297136676,0.13495762279924606
-0.4319842238742413,-0.2783221784610612
-1.212901020785377,-0.5956994235069771
-0.3660174597343704,-0.21257894576842448
0.985985717044573,0.4602156840420719
0.3870132528690666,0.21804492980785978
0.6674410421712098,0.4054709064599609
0.38500669746569266,0.18933529271087332
-0.4379819510411339,-0.15535047641448468
-0.551240264657908,-0.27995316573555723
-0.08456368472656806,-0.06721405357471381
-1.3885923258668227,-0.5543730365779849
-2.6784854810161285,-1.248514308356956
-1.165279726913361,-0.5468839843524272
