-0.5311235609741328,-0.179872297979997
-0.2213877879743978,-0.20522965780769736
0.11159626125066632,0.05625880659079719
-0.8542145626032148,-0.4004419698589423
-0.5830941788430893,-0.1763796072982624
-0.5199059081289203,-0.3831985853393568
0.6625580746846762,0.43897873496665546
1.2471603205544421,0.6653094619483205
1.081653023250569,0.5193560566825837
0.34684530079603304,0.1273652166373801
-0.6873908911813457,-0.3977484429224273
1.3985407604277202,0.7773596582411353
0.05519930010221141,-0.11427533807704773
0.20404917720286586,0.15043143610948634
-1.1696432472109604,-0.4583267837241857
-1.3290933515161272,-0.6104057921138023
-0.5610819868917225,-0.10899873333829424
-1.555366546326454,-0.7816886361652154
-1.701057801107558,-0.6871669465308655
-1.5803910636080305,-0.811175656068341
-0.5674775870760049,-0.26253726477398026
-0.31616571478701916,-0.09585161368421144
0.203346532622813,0.1854040432820331
-0.5324599119384287,-0.2393166504511206
1.5726424739107208,0.645769793259323
2.131700396843984,0.9163915644271572
-0.09524662315402832,-0.015472284232403627
-0.7905586537986332,-0.4671070048999572
-0.5041415288190553,-0.3641458331342969
0.011118642511834198,0.0887467520000318
-0.005489453274468609,-0.028180766498050062
-0.7813915164902443,-0.5520320341989007
0.42519873243059286,0.24889689372098522
1.0193756732158308,0.5195427636647663
0.604977527090279,0.41719232729420075
-1.1670631418357695,-0.6433372858132838
-1.2213671068077883,-0.5477793229655123
-0.021050253944528086,0.12626302821325572
-1.0103487311094668,-0.4128940488434063
-0.7508949076590603,-0.38924563049739797
0.726497029005759,0.4200268644808256
0.04632247771434611,0.04064986382344883
-0.022637494232306016,-0.18287786944321194
-0.11791343722175464,-0.0895263562270324
-0.23709213828717163,-0.09009183581530139
1.2111813042213477,0.6785930007780223
1.7900749566604715,0.9167006215053765
1.9349775009327965,1.121855222148003
-0.5815512088262039,-0.27181701944935055
0.4238283942217018,0.10889954329640299
1.0113408354735522,0.6109061048521425
1.5468978019629493,0.8138375933728477
0.9434142299340842,0.321406004022442
0.0540025859080413,-0.014426694376440577
-0.3473565807932388,-0.08724151107498512
1.5712217375564763,0.6746356569049092
0.3556675998823328,0.175865036725561
0.9959565990719916,0.6725668509933956
2.5928298389942217,1.1741862775537972
0.40417623947834447,0.04976412494862789
-0.37196094555431924,-0.31704125500463654
0.4626088346088208,0.2352046098004372
0.15349214093319888,0.16632723296032614
-0.18795468314104147,-0.11559557752273564
-0.9859957963188881,-0.5683908579174486
-0.9962661289549586,-0.38870679823061727
-0.8148566710262608,-0.42963745184202384
-1.6415069763267813,-0.8532419579108748
-1.2572862423024107,-0.7919922451578928
-2.1495409979096642,-0.9354748572528846
-0.8230381456777278,-0.5219622000845836
0.35452584320331243,0.0988761884682229
-0.8483585036229978,-0.4124003897392599
-1.1006634261014272,-0.6354515739544462
-0.14292781641308794,0.06177820218816993
-0.7542061295024634,-0.30412910479976296
0.9439371960683783,0.7441285102315456
-0.2525325244380252,-0.09732403542420075
-1.5719710675591851,-0.8134106488351216
-2.4335978864360124,-1.2502611003498396
-0.42718552244430136,-0.1302765125037313
0.21192661673095498,0.3542041723070717
0.6584378565233129,0.2331140802134728
-0.6005344405996453,-0.24575749440258488
-0.4020578606392753,-0.2123791754602606
-0.9906998423230452,-0.47101693880440426
0.3779742674429961,0.36297520818681933
0.8486618333784115,0.632220061974389
1.116735689201462,0.6976859808910056
-0.6220804405682707,-0.40172005116856435
-0.5287277526477019,-0.13650888659072868
0.33421764313838886,0.042906616338241
0.406953633124313,0.09293782384197001
-0.2676448994350488,0.009320572253715326
0.05277710387604914,0.09729130767612534
0.22511056829258136,0.04238332443050094
0.1949774891145388,0.11952538557435173
-0.2569028188372173,0.03507295447001943
-0.3911352919891865,-0.25598959688480893
-0.7666851844462135,-0.3870321267338394
-1.396844249508055,-0.6530198603219161
-1.3776236637231718,-0.7078514436352918
-2.1208219590839112,-0.9633038991509322
-1.1956010372350325,-0.8860091571088617
0.38512321331913424,0.01320908778506355
0.8461787339788103,0.44113896466843594
-0.9466943184842416,-0.42393305562344274
-1.9435478437263503,-0.9323956367926844
-0.2628988798690822,-0.00764582356467898
0.3247741554581207,0.30176259558271695
0.3425036194692649,0.21311495982850304
-0.4470034826891669,-0.09968530656696994
0.7578113960389886,0.21987871622291685
1.5747651780951775,0.7870607828414972
0.8838654712699284,0.43734987233531175
0.6501404399121582,0.23792120842999706
1.3010528828099854,0.7921767151314978
1.3624900289625401,0.6036343404976584
-1.6301297054563086,-0.8457715031169687
-0.44510270019977377,-0.1510633208866916
-0.8357164144577091,-0.44317778646310274
1.571408071576253,0.7274361600135261
1.2849553897207477,0.5008019977435787
0.780404657866038,0.4657414315519207
0.7035393973050864,0.43990128699813624
1.2714459668734093,0.7232876003246156
-0.3383975582132708,-0.26393178184509053
-2.0992955415815313,-1.0454436972093324
-0.20948645115554243,-0.2519772618240498
-1.1126835771187071,-0.597487060980435
-1.9475730721839473,-0.811603556907422
-0.2119178785065443,-0.10762619000570374
-0.9104106792403097,-0.6852181339069598
-1.1744582743708007,-0.5185092060134856
0.6838302995141584,0.3998121189659258
-0.7257937905399877,-0.386845232476389
-1.1328697370563252,-0.587119196882491
0.4238451631061334,0.3230033196260094
0.2605334022361397,0.13025874874600515
0.3626389305117754,0.4807105548146516
1.272945248126839,0.6125024741024198
0.5604886482911116,0.30362504330275103
1.2218889844772889,0.6822846727931938
-0.6742136997558643,-0.35047563072036997
-0.12544933500099376,-0.223988354035579
0.762817382226844,0.49654926640365715
0.9284804860230886,0.4191431004298204
2.2691189151318945,1.2081428883321208
0.19810778653976024,0.16179237380728084
-1.0763540886395115,-0.41748418432683865
0.22603305314091393,0.08257619617462852
2.073649182514977,1.0269074632133273
1.1887188894135357,0.7682498608075221
0.422341847747838,0.24371418684362245
0.04021557808091847,-0.07251855245194794
0.35979405137585807,0.35992759040666045
-0.04785862889984965,-0.005185330577598995
-0.0838810630996473,-0.11542283429230658
-1.3524141622740484,-0.5952504389261414
-2.671972861477767,-1.1833031894003394
-1.6234659177661455,-0.7888243585361174
-0.6618351264720312,-0.17751739179447945
0.8162485381644384,0.5934242862681894
1.9034904982231247,1.101493072037377
1.5852501302847561,0.7836978944492643
-0.21715000469192736,-0.3171419584666676
-1.390938254441528,-0.7211644419008578
-0.4055255155397733,0.004947657836924579
-0.18312668609332972,-0.10156416331759208
0.462635947674618,0.33038252320515105
0.0635888488822279,0.023319835675890573
2.2478375607829397,1.0424565658075795
0.04528585697667975,0.018735923334421117
-1.24572741466916,-0.5763473672315561
-0.33612652114023217,-0.16752957014436715
-2.995569420145425,-1.4431935349475271
-2.6326926247185165,-1.203352711996758
-0.6886156017081816,-0.3458299476488095
-0.16968083528705746,-0.019502132576057096
-0.6777085484181457,-0.2460904866824666
-0.5796374001657932,-0.09595429690731086
-0.8119767917216174,-0.5169394104853718
-0.5693950237438863,-0.3329605306714376
-0.946694091440689,-0.432264778862827
-1.6363604861467946,-0.7861024833796445
0.4889994490893007,0.2528659875223326
-0.5542152020297276,-0.16399948412744175
0.04440539413043454,0.04186277664506602
-0.5428389901017627,-0.132804636002783
1.1516158139194732,0.46852758040436276
1.027251770334731,0.513254817242682
1.759177484893936,0.951563587973489
0.09660265829841697,0.15464030906846254
0.09029005017646313,0.08551753219321628
0.07431748751765963,0.031639916833946326
1.064684018444081,0.5897747675413141
-0.1949685352353866,-0.019882691669689215
0.4224385630498393,0.04945520760341768
0.5448057386756514,0.21353190512146467
-0.7227791332216699,-0.1880001304561882
-1.2685385844153247,-0.6807345670614315
-0.2510145911726985,-0.08848172978416802
-0.05043608440657531,0.09460834379823405
-0.30493420676159155,-0.1878563607308844
-0.012114189141155335,0.2133807874720438
-2.28271974752792,-0.9336412263371925
-0.06267615929592674,-0.18097581083444955
0.3427120988068583,0.0892948281712467
2.007121301911417,1.157538125298079
0.9214185874951633,0.5338801175334227
-0.35021091404100013,-0.19429796561720128
-0.44226072465930466,-0.3271411054084673
1.4579295717439666,0.6624008249207984
0.14732500048133612,-0.09594771015717096
0.34471053802422497,0.16371721121371824
1.3661769152579204,0.6242933390734534
-0.2759658928686932,-0.12627614450672708
0.25325393001772223,0.2905539719776181
-1.874532722647327,-0.7384017002440992
-0.15999376313105307,-0.12776801348044786
-1.5882080646608376,-0.7853950316269116
0.19937462533536232,0.10654410002726325
-2.0117657611217186,-1.0902031127106027
-0.15428346463040743,-0.14416771242127352
-0.11657210948528403,-0.1930172110829304
0.29994962828956523,0.2505314096869225
1.2010747524430299,0.5419849654862009
-0.20916349894481012,-0.17724234216117268
-0.8535383471540067,-0.40626180715615834
0.5980418270454271,0.27461402224849774
-0.05963067326217586,-0.25467761360322755
-0.36965360741748887,-0.352496489567709
0.35058861312895506,0.07287031755866004
-0.2016334252084978,-0.2040049668276429
0.5265763013654744,0.41858574411900856
0.9606146832926961,0.6097351537036775
0.2793015929984653,0.2681445951802097
0.01608308363208233,0.17765726275325489
-0.42060447965587494,-0.2512334498199451
-0.8607923595068829,-0.5788160326725161
-0.3317674120725309,-0.186515256201188
-1.2621156690489788,-0.7515132107882859
-0.13711634406237255,-0.2245451360066986
-0.5356106954054283,-0.39978477079276487
-0.14324917653508146,-0.11862583840483587
-1.384607829859054,-0.7226024012393463
0.02315518510227854,-0.050641616982267226
0.158007336493065,-0.03242354234534918
-0.04596290362711457,-0.007543325053794323
0.5397810898140274,0.19111625852091962
0.4367999893626553,0.19242797917732724
0.20424144808740136,0.1519439460448727
-0.4909147522525686,-0.022602464553682228
-1.0776981668730166,-0.2833210062197043
-0.9391653050587081,-0.40522482714761104
0.9487816661494467,0.34478463363559836
0.7936483159857386,0.4729393506180689
-0.1611496359077243,-0.1167808133198051
-0.8112071223971362,-0.27772183323661437
0.06136170416855685,0.10559491578178802
1.0309914569767793,0.5680697340760666
-0.3386198657621934,-0.002272932098271313
-1.1151962473727257,-0.5412864188835298
-0.7217653411061824,-0.23969017963222136
0.1718144151925204,0.1430760189870235
0.24186684958964638,0.14184531699353264
1.718383956656149,0.6583667382935788
0.3224489955048151,0.20401177890130956
-1.409526915497643,-0.6818442555724309
-2.6402161523655794,-1.3652462842087825
0.886150689113965,0.3736423887533252
1.0066322812189492,0.6008499028136487
0.15279469040435262,0.05674828128576914
-2.145450141418535,-1.054082463423866
-0.38576825702347495,-0.23848927308198165
0.1942612575554989,0.060445812298010416
-0.2170708913903402,-0.18412378147772496
0.6015419468872434,0.27331029296592546
-0.6622198415517622,-0.3965127847978032
-1.1558677086849625,-0.6734593550871462
0.09392676303587788,0.21651015854474653
1.4441647837867895,0.6783924319177513
-0.4129038522508963,-0.29212658554821136
0.8715136293405276,0.5599443316003722
-0.1570136749435025,-0.0278929559878607
0.7501399706038261,0.4708958110786129
0.6807240678712523,0.27954722712085167
1.5158541021434078,0.5759926489307268
1.8424776252840136,0.9701678461487893
1.011659481920899,0.5922298495370786
-1.3345067808873972,-0.6917740830741065
0.1814511272166519,0.22340307666947287
-0.8035513677753895,-0.37732112955662256
-1.591930703058749,-0.6717671680421781
-1.2425838100661657,-0.621804751973263
0.3674912913682675,0.22711461150684809
0.48175771149834773,0.2330634186881891
-0.618768691788592,-0.27304121067683373
-1.2408391756859551,-0.5439475033952322
0.2599576048393083,0.1584145954190162
0.9123691595200532,0.48484739134774035
1.2012091026149845,0.6936789656765231
1.4447617654025884,0.7220617927014383
0.7953056047634033,0.41532597954527
-1.3123549162011465,-0.7050117123666094
1.6162961025224007,0.872044423725105
0.44597841427386775,0.1646503073487241
-0.04348986811567879,-0.13523607149968847
0.589801832030693,0.2672739983142975
0.5609031643535343,0.14950653967893165
-0.34885275097718904,-0.3135236928757785
0.19702934741504174,0.09203447751064893
-0.9732929047128485,-0.46568462798491583
-1.3371482204912022,-0.712327990338673
-0.867549763467188,-0.3853845066993136
0.577234380203679,0.18075009952378784
1.6385422072945555,0.6533986428873367
-0.8435173295802236,-0.3373453872732354
0.22424819215299285,0.11054166350549388
0.9059099586804198,0.5344738083468648
1.7272483074890108,0.8594700915244611
1.8436491297875541,0.9465208699799033
0.5556474229875344,0.27156811979456524
-0.7830947611317929,-0.3429496825046998
-0.022242602806893497,-0.09732731425020795
0.7030048929391367,0.47669876603439654
1.875357014903202,0.9438449985182671
1.1058051224201697,0.43105142896131793
0.7002020815420578,0.5853888048713618
2.6964143507333738,1.2342133412280236
1.4806852699426047,0.7483241489270176
-0.04337311604294236,-0.06333616983854551
0.30562771320486853,0.08090749442951023
0.6843634473712075,0.41974077862603837
0.5086174180227597,0.2562342852663227
0.10022905237673538,-0.04396895109735703
1.44831339999876,0.7909789084385013
0.2080712234198322,0.062442064069251714
-0.05640686329748776,0.010083777482282126
0.5397849190451747,0.4260239889891011
-1.3803318326150902,-0.9160936166265822
0.4673384443057116,0.4980536265052865
1.3807881928557837,0.6143715059135517
0.44821595057962216,0.1764041886060286
3.10455701711069,1.6229354712856638
0.2454697598160157,-0.026888578519532552
-0.8944815552674699,-0.4040738407212917
0.7957720506545658,0.3853643308200187
0.6291617789024636,-0.06681998269353773
2.3677102742404355,1.1830412393990555
-0.963201510767895,-0.612871463817803
-0.8031193523827058,-0.4891460771171816
-0.5497349945891941,-0.201722819267795
-1.3746644586331964,-0.7181683931403656
-0.28836844811475,0.0038300296728692174
-1.0566862595773707,-0.5490002212860587
-1.3248987240134857,-0.7643002943139163
-2.1105620644204564,-0.8391758730179381
-1.2005884504932103,-0.6193006109362759
0.3199171984161532,0.06332593782381467
1.4084803996936244,0.7237920984241909
0.76184591310431,0.45010781474071604
1.5300986756502661,0.7329140804942826
-0.16464935791298974,0.00563062516460891
-1.2169040972251524,-0.726013016377088
-1.7738514748744652,-0.9314602849545858
-3.7781961081032804,-1.7275906650070472
-2.4738565687805316,-1.1103902406516215
-1.5248983793083513,-0.8521546336507475
-1.6952637913558974,-0.823185346688059
-0.7891490200002368,-0.2900175851206036
-1.275005424396652,-0.5319003106360538
-3.140339074497042,-1.5889036813189503
-2.127496518922612,-1.1389952399921053
0.0007794567958121501,-0.09182039766543205
-0.9747603155634204,-0.4332271109630297
-0.2094866522473452,0.07956088781689177
0.9203560880017668,0.4430379116826609
0.8436515326586078,0.5859310646278164
1.5699114681155275,0.6509514838532006
1.82609487615967,0.7615755870907648
0.9119749925573544,0.3881814622122307
1.7890692751138864,0.7522426087352394
1.5550025796999702,0.7155193291056527
0.19054544698905995,0.12046015715205062
0.5310551775214637,0.23854108928866083
1.8920238425666396,0.9917135932796729
-0.736351207456302,-0.28209376613326975
1.6979895177132787,0.8691473085417604
0.5323800784493851,0.1432071879136148
0.7198779799105579,0.30364994464827766
-0.2766630858524397,-0.1975615217741692
0.9739706091983145,0.5661806432618507
2.8743580013622316,1.3875705278093613
0.28620670520501346,0.18316191884180738
-2.024259273246589,-1.1173248123320374
0.14851927302107581,0.07736924102259127
0.6563063028003061,0.39460391881209483
1.353639175273342,0.8514387675784932
-1.193507773056647,-0.5190077951046379
0.43942672130428084,0.26536721397667223
-0.933618038429206,-0.30240938504561876
0.22878827915348088,-0.08081071646001894
0.6904294645861875,0.3532286182519609
-0.4227129223207358,-0.0905880271953335
-1.5680972252163525,-0.833018784987809
-1.1741879903993206,-0.3935090116410892
-0.8821135115399525,-0.28355380191392615
-0.881295887534018,-0.5252251245170093
-0.5186389642840572,-0.09970073812998828
0.04681764276674005,0.053069312704817115
-0.48818798267704044,-0.2058812623824175
-0.5012034362785052,-0.1718520571972839
-2.1579484455366824,-0.9919845589932885
-1.8757450007141139,-0.7936437958368224
-0.49465548074009874,-0.1510323871004754
1.163780880638686,0.6273863143502526
1.7549985104829648,0.7736491672320349
0.6086901919206908,0.36409259118883974
1.2755650894394108,0.720149582379783
1.9235546540511836,1.2157907060820077
0.7945220630907326,0.2721328505464679
-0.15286527933690708,0.002226421292892522
0.6600141512848251,0.3467298052038573
0.8352092013021342,0.26296305303929646
-0.6197592188994987,-0.3521461864674299
-2.5620565259964136,-1.5419895430725779
-1.5648687333530868,-0.8279021683923689
-1.5368917381240164,-0.8045436351419445
0.1371652167822892,0.05309858546010619
-0.36213504674527464,-0.24864497367759342
0.7300973812401687,0.3213988106837603
2.3502935721741056,1.1459926017180113
0.6210352556327658,0.3817204641312448
0.4332552786993225,0.04946338460114655
0.19820493219925966,0.06389868161888157
3.0174910817410407,1.5357875671667593
0.02036407399054574,0.00031048998661260124
-0.9672016723374393,-0.5955029520343263
-0.870181648691981,-0.4232618244651105
-0.857359811516675,-0.39119633184004754
-0.4908975625044921,-0.3382763785637714
-0.7931888189929033,-0.3176486605886807
-0.794856351713623,-0.386017039785548
-0.11086513267727677,-0.04307770496213531
0.4521008190526915,0.35053507120751554
0.978326302196845,0.5037366288289999
-0.4350380189853732,-0.06562449754269298
-1.9589404608287522,-1.0355142429222832
-1.230337634212405,-0.5621842764203042
-0.4027006204857554,-0.1620993851999197
-1.6309308089719539,-0.6962328280693426
-1.490278900356174,-0.7088245284595399
-1.4925984874804148,-0.6044782604758122
0.37404724013646784,0.1997190295373843
0.993660727962683,0.5027547530914519
1.2385314359796888,0.746247743494262
-0.09415539326331923,-0.06218559160795809
-1.9603996377418464,-1.2175081361019808
-1.064827182787751,-0.464784461185993
0.6422052248041258,0.378955517816021
-1.762276055229849,-0.7850817291311772
1.217564639325925,0.5215658205776726
1.9048113373649815,1.151933804058737
1.6262733986426343,0.9337638318283898
2.1916496828958953,1.0293086395854585
-0.9226666560536587,-0.6217277350468451
-0.6488587544717159,-0.4318878365532899
0.253230431727883,0.048704657292191825
-0.0418369018793113,-0.15989223084851306
-1.6535241653655142,-0.93717412086615
0.5754328167684145,0.20300901299464053
-0.4044813248299009,-0.10731579613976969
-1.577537475213366,-0.7815609054864548
0.5642695832746113,0.3725214867067885
0.10516990359808348,0.1380194499309719
-1.5723999066633938,-0.6998282105153661
-0.5729440833257029,-0.18987741366585853
-0.850898467770584,-0.4194567796109472
0.3850627693951043,0.09520458819189694
0.33473552285463204,-0.045007273852054025
0.4048605108529745,0.29688530389988604
-1.6103491275636703,-0.7705409706131933
-0.5493582434166104,-0.15001424903907043
-0.8882765676220915,-0.29656148946595606
-1.4330574729886283,-0.7450774467382839
-1.0720429638060658,-0.4692015172011933
-0.40886604355466694,-0.1611440220475552
-0.39683426563436713,-0.13742294198625998
0.6676052891190701,0.45956099424281227
0.5284020765911135,0.1247902772144209
0.036654608634893504,0.19087688028776026
0.3780036034673218,0.12047875073476995
2.5973872777431772,1.3923386339623094
1.4139042148548489,0.7829944269290834
1.5686344974553563,0.8387279056215698
1.3824973847917046,0.7196126175033053
-0.01927464038790372,-0.16718589069370152
-1.9209760926046595,-1.016131820751715
-0.5505225739824555,-0.35278601492357137
0.7244335441206043,0.5407615391112657
-0.1874159482213852,-0.13620147494350227
0.03339951035176558,-0.04884638023713593
2.0965495111270434,0.9403897354047683
1.1539104385389152,0.46671940727063643
-0.5134869461513011,-0.24325967980164626
1.4196876156247618,0.7072992511906763
0.7072753360056636,0.46481822460188993
0.7505643928060421,0.33158480671537977
0.839918476001187,0.45512284852987384
2.138383492662092,1.0914243459138557
1.7025871231076883,0.7764483244763151
1.199715715629164,0.4589026891688997
2.4850509450024383,1.2119988000740904
0.9588022163282282,0.4352884761410102
0.22829818434779692,0.016668807735688004
-1.2573121868284847,-0.5886305071360833
-0.8917021089161291,-0.33887101788986607
-1.1502623177376927,-0.5295791261346561
-0.8799466890298396,-0.5163649463502703
0.1845934451219381,0.13275603251748075
1.1505349536372607,0.6461922991754292
0.633806119912084,0.2373611974182681
0.6683385312266479,0.2270929812255637
1.07942102925041,0.45817145006686755
1.1695437108119224,0.5028722755289162
0.9167523072210461,0.5440546364474665
0.08158570313159513,0.04285973653440748
-1.4756196798577337,-0.6661384549230589
-0.620454985923122,-0.25807756332456067
-0.054440350119383696,-0.10414142573406181
0.9243205915920131,0.48209758145524273
1.509821192514048,0.8698014689661766
0.9262215028500723,0.5416276234013662
0.2908258868052406,0.03213119125002624
-0.9420264463228478,-0.31465706063081783
-1.4142503198479366,-0.7385805375513307
-0.4290032673050197,-0.12181007659952059
-0.7144029802426071,-0.32479649531941407
-0.27296841403369954,-0.06662019415346455
-1.099222002909183,-0.37005334422078007
-1.2478370934671803,-0.8077001767316763
-0.5679084191310896,-0.2793119950003814
-0.8331193938698438,-0.3994802161279284
0.619398580460932,0.19307851037609286
1.1007747356432027,0.6336016753176837
-0.3724603997471442,-0.12001884176550585
2.574826712081798,1.2599129170547778
1.3034191750523436,0.7383598861284366
-0.7984471667401055,-0.5185835391583433
0.6604519832745849,0.31765392786123026
-1.0813492329628605,-0.4152896301239348
-0.09143548032063986,-0.07777957728474316
1.6786233345249122,0.9179839115339367
0.32394057161823836,0.14382202775527778
0.25507641288111393,0.14178708740545062
0.04337252108195608,0.0789592187538245
1.3119300442823825,0.4553548317819224
0.37277954078741726,0.23583275943359777
0.677195992205427,0.37507991606887
-0.37194088684413695,-0.11071406654301008
0.2063386048340358,0.2159822077133539
0.4384613965412716,0.1394296590438617
-0.1439696879245781,0.14217481506977406
0.09029453583767406,0.1724908508207756
1.1016659831242508,0.5076407346907478
1.5986748260080794,0.8791870721688454
0.6185895638978347,0.1548936900706104
2.1736984306694174,1.1812277019286923
1.433571904482244,0.733625631622287
2.726444623566297,1.472569150436056
1.9479389720622176,0.9576434322888229
1.4605954045121008,0.6549022558180546
-0.19905298184640263,0.07227213234026295
-0.27440207384746185,-0.20980707214179536
-0.1083714381526348,-0.10748949896565486
0.398278574641923,0.17710127998655167
0.2259272969622456,0.12457179631817879
-0.20869880586149595,0.15215882702463324
1.1452024243717036,0.5613483094193046
1.3841693669314363,0.7335905482643598
-0.5856375097477894,-0.26767202638472515
-0.8410807828354572,-0.3665509527991707
0.9378978268476543,0.4224097173640707
1.013065466156694,0.42968981502744436
-0.7647130389739167,-0.2597951769295683
-0.7361549021591752,-0.3264650419744184
0.11079411417852764,0.26842633853195796
1.1753695869014995,0.5159183569250273
0.35563827928274794,0.2942266396768072
-1.4725910685095307,-0.6543461868683147
-2.166947867966827,-1.0057884978059364
0.3524035248305055,0.09234232515429633
0.14193650021120446,-0.00737541483340394
0.16792389697403362,0.11689782261701115
0.7599969972429993,0.2245612365263589
0.11702353333417864,-0.021021511465366488
0.6995047844324738,0.2580678871692104
1.3487189890185878,0.7673655109513617
0.3497849102863993,0.056723701129177045
0.23388352370105756,0.0770189548590471
0.9496373597847717,0.5218789004066655
1.3461112183526285,0.8593587496909085
0.5151439109518263,0.14234354514657643
2.3261438006686204,1.1872702536737088
2.4683124572494477,1.3557128987991944
2.2330079950996558,1.082340175041121
1.1736739430232679,0.6453350561988471
0.8708079890368097,0.43526304155640466
0.08721698368913944,0.06417680949442035
-0.9962077228327633,-0.5440674833421657
-1.0139178607515902,-0.4897776923186067
-0.4793734591851897,-0.31700043980741427
0.5367392723002826,0.06373960900460882
-0.10332455274374186,-0.12296842331012243
-0.07025278502950966,0.009927005157250313
0.0017468886430329067,-0.022790994397503036
-0.11251411279259001,-0.026906477604851143
-0.30949901682157566,-0.0026913311372392668
0.21651635854581133,0.09186397765975829
-1.0640414687107556,-0.6811183850997683
-0.20072357245521155,-0.1532008963952705
-0.6736623963265649,-0.43467411267321204
0.05984702501869743,0.05599617505607475
-0.02414740090840057,0.01035911903804377
-0.986541975225735,-0.5754670731645155
-1.6626160398032002,-0.8460045916042467
-2.35407599982553,-1.207029091486856
0.48827266751702547,0.3931880928599737
-0.32742235841656814,-0.17383371681843965
-0.9668188870241325,-0.5373926077800085
-2.338428946875374,-1.1823427885453144
0.7169748868758734,0.3341165798457793
1.8576965289703649,0.5389882297750543
1.1673453316215099,0.5406540367143862
-0.19785219189380565,0.042604907919061075
-0.14368177948882946,0.04747264439693416
-0.32582234080459055,-0.0500074825477549
-0.6691374578116056,-0.4604900144626431
0.04044504126133086,-0.0842521818092159
1.6570367407227375,0.8420113174407946
0.5609367898576065,0.3348622500130927
0.8972956620837071,0.6125253744008355
0.785514605997522,0.4711258689530891
0.56846438750281,0.2727714457029543
-1.5553916853405216,-0.8274857264457496
-2.3604721687621,-0.9956334367560156
0.2498481398391763,0.12355328974667759
0.12137075840104847,-0.11819940328867572
0.5490279525727108,0.5053974796819938
1.972819804194519,0.9834366163225642
0.14027800440658134,0.21050077292688119
1.9774609633185778,0.9444928674151615
1.0482779078453337,0.4065365886956133
0.6166505177166931,0.33217863240223383
-0.09450966689067924,-0.20522186827719585
1.0049759160999772,0.5347928373335303
0.6061415938973088,0.28619151709262414
1.2325922023158384,0.35409850719081887
-0.6527434806400658,-0.4116328388090983
0.1718293250314168,0.1689989290020393
0.23575599708536904,0.1675665141417101
0.07282119152076313,-0.011392425046030843
-0.597652471505168,-0.38732596706622674
0.3104411307148743,0.15826997372234924
0.8344486002903544,0.458968854945604
2.6671204292451183,1.2163203557376872
0.24106146173653842,0.20772876218375885
2.530398094246523,1.123444392355799
0.829901965604138,0.36275481158092854
-0.05327607588096339,-0.09338602005545449
-0.6169285511603612,-0.40770306318301147
-0.6798636944449321,-0.4099879283320583
0.6616169933256665,0.24854334463463923
0.2949718744240735,0.16309105209508765
-0.7446677984401848,-0.33596016329108624
-1.0434400568521789,-0.5092551371137711
-0.8368255716363895,-0.5287678042773379
-0.29463901897255607,-0.19880183369767657
-1.3684090208544817,-0.590076896808666
-0.7847801818951929,-0.3060393557812068
-0.2954313246735789,-0.24493665128138598
-0.26979083885123356,0.04821467075261446
-1.4664259011632628,-0.6681399677069031
0.28394871023010915,-0.01187286677165228
1.7230140444768387,0.8443269770440806
0.7539103384658068,0.373075966953599
1.8754773289282856,0.9640036515057849
1.3491363943992836,0.7284763108101969
2.5181869870996003,1.3040730314547688
-0.7594119656749199,-0.342286757308471
0.7867291934289686,0.49458517075231256
-1.199977318524378,-0.5699700137286464
-0.32585224549439024,-0.01514473526437965
-1.66776531015,-0.9412252528028737
0.03866201600693875,0.15075418338824773
0.8579764865065593,0.5194619428902411
1.3310471443097993,0.6824961964289495
0.735261979148959,0.3535873667194496
-0.5368724428940939,-0.18456327225099847
-2.0175941074863832,-1.1850154111715494
-0.41712707516067643,-0.2493002986279324
-0.25000558618651036,-0.1375472158123089
-0.7305990875298665,-0.2504699281289049
-1.6102050979250817,-0.9080117323526136
-1.454252743807428,-0.7882512757936415
-0.06643089313265682,0.006150217721537017
-3.225459245175408,-1.5548247060241644
-2.0174241132754416,-0.8766829699580553
-0.8215974046487189,-0.4873022938349842
-0.3823595636208628,-0.3574055286965089
0.2204670107583262,0.11363079639280362
-0.05878281179475972,-0.20322005927385733
1.8017808708755947,0.9660544173488447
0.16688438471805378,0.029726442743052306
-0.3589181845885687,0.006292531327065837
0.666811746279313,0.24216106966835863
0.019052667099858978,-0.1469460189608086
-1.1280372461222292,-0.4993604827231777
-0.41677435094901194,-0.17667183040245302
0.36513308089756114,0.1368174766209962
-0.10888877254356974,-0.10439539564049136
0.017569920947087772,-0.12324760234404722
-0.08560845085867683,-0.26113763040573396
-0.07426943124146548,0.043359036604807666
-1.519272730466873,-0.853806781704984
-0.8099072429906141,-0.2605680338308123
0.6380966057988078,0.2732854843169955
-0.5129615250644526,-0.5424016934872891
-2.3648126695870975,-1.103897511165026
-0.19217981062326728,-0.07715763326500986
-1.6857611338617269,-0.8988089005143112
0.6948003025457897,0.35147690859351444
0.700885700410956,0.4004003813369504
-0.2893922787594585,-0.07467960001573189
-0.8527416699923214,-0.3282176854492771
-2.186397058664623,-1.1014002821525501
-1.4842300300933475,-0.7713833916476529
-0.5341687660262417,-0.4255861970493736
0.6734623594617024,0.4201415351662046
0.3781882728060379,0.142367247275973
0.6222152235221616,0.2953250458055109
-1.0133123175556045,-0.5727444819727991
0.7805592888358371,0.5499522346326455
0.42371063607349224,0.05861532871614533
0.26615280964696425,0.1529315612236609
-0.6281275790144775,-0.41318571473935184
-1.4160449201873029,-0.5680052043674199
-0.46379083370863255,-0.275847765080409
0.3251148107895333,0.2848681251832973
-1.3470415069140003,-0.8327612123092991
-1.1569898466537842,-0.409127683392158
-1.3712442835688246,-0.7450760815979142
-0.4526993143555569,-0.29959261986953756
-0.5947878662425283,-0.38987963385983165
0.3656423824864535,-0.0013381699250658852
-0.47852126339684686,-0.2773412926025521
-1.765491793873228,-0.8188503461780571
0.9895316225727104,0.29053802988150035
0.49401735515307754,0.15047432707951647
0.9427394858965643,0.4977359662131956
-0.08113664863571834,-0.16407213369170587
0.2746129485382235,0.24915600030653068
-1.0469620481042017,-0.5472452462064425
-1.0730464120136292,-0.5009931338372802
0.5259719495580696,0.08479183028887344
1.0597103181083152,0.5244347985288175
0.2712462732053179,-0.042523898942698035
0.4919257401041499,0.12397099427804138
0.8720153399892605,0.5524531423393709
1.5370534497429036,0.7658275038580081
0.46862328824240795,0.18173231356552866
1.5120404438157946,0.6547222637068566
0.43409097959961984,0.2296470401871875
0.757141360064681,0.23905439475574655
-0.44198166525708554,-0.24601879312300082
1.5179729242636655,0.7869878143459257
0.04953028946800431,-0.06447233750116041
0.5377109461824623,0.3488695277722534
0.711775314004423,0.38269045299635696
1.3625154453137358,0.7071953835293119
0.9125383776198643,0.3762780333053497
-0.9573493441529012,-0.41297518431672514
-1.1690316476767502,-0.6116608944335687
-0.18718539993733652,-0.20096754466185024
-1.2955806664903782,-0.7237584806056643
-1.679398143242843,-0.7591063458820184
-0.49402833352056985,-0.21474107444310764
-0.2121856685618453,-0.04240070521014473
-1.4456116159512442,-0.8402926487219661
-0.17079638215534076,-0.11520406056886617
-0.17378123517657018,-0.027205474355342672
-0.330974694684059,-0.04865423730298947
-1.531535891035034,-0.6028487695886293
-2.609984788410125,-1.1386777409728646
-0.7651010957460718,-0.4767156260328103
-1.8428817516259484,-0.9337717693243498
-0.8128295568014693,-0.29401468833552963
0.6984846218532351,0.40825499513201086
0.09663893699387299,0.003088965827955481
-0.9193899392857897,-0.508550126944675
-1.3138454893812588,-0.8035108401802401
-1.3227382248512096,-0.5825341795128509
-1.09969341357979,-0.35551869188749613
-1.7002196257888187,-0.7913587404403365
-0.7465602976191689,-0.2074767424413374
0.12002332134061588,0.01177489037031354
-0.3240176733155248,-0.05676200009920576
-0.7617778870426469,-0.5478324223964761
-0.023538477332102403,-0.03464448193729586
-0.7935325165638483,-0.39518656240561845
-1.6981425670725305,-0.9105054213394572
-2.7294926123008647,-1.4100279346600066
-1.5549810850267862,-0.8058478233868765
0.45627132144693816,0.308750995462303
1.7249493667765827,0.8924633159163039
0.9817483728951023,0.515945479870443
2.2649426042905096,0.9490873301512859
2.630650034574404,1.3910995180021333
0.09870004940077026,0.07373871497498866
0.08307282895652954,0.09683008041919237
0.06650345705168477,-0.01170613086537347
-0.978807770431361,-0.21622897208408903
-2.7721663487878443,-1.3880092507725619
-1.8379350192910806,-1.1072068539048254
0.9303479458321535,0.47353560028937275
-0.28605409943106197,-0.15989996971603063
0.42426375990396814,-0.03386127585444121
0.993247049849733,0.4922854260401453
0.40047558926961024,0.13206585031238643
-1.0245882866770661,-0.3899518055434982
0.48082400670237535,0.33124560665148983
2.124684294126849,1.0805090591900752
0.10886238690772498,0.10736242067664911
1.0427818889125187,0.6084293418440081
2.198373384820335,1.205679419257697
2.475009138538228,1.2491278493581564
1.5899899519622818,0.7234178272150193
1.2074223271387265,0.4008271315667682
1.720083445396229,0.7823917826167228
0.8938944105547033,0.5287045882332408
0.8752685416281951,0.3838464234302525
-1.0419306446530343,-0.5274387964972047
0.6366430945672292,0.371239218485183
-1.0837000330829876,-0.48617257108825274
-0.36738187311924936,-0.07120226324261555
-0.340593774810412,-0.35446556392483347
-0.06654698290301322,-0.05089525349664008
-0.19195851775270162,-0.23808300420828193
0.3358093697899833,0.2741932683197941
0.31422259143544296,0.16456789320591303
0.24712661090368584,0.0023740285391167792
-1.2671293573865505,-0.6090074023261092
0.6041466517915424,0.1790107215029158
0.5509812099219914,0.1692310704711822
-0.4502538666535367,0.010269186795480223
-0.3212223602456951,-0.26171317192805404
-1.176099295485113,-0.5257935305357782
-2.017070084642037,-1.00799126351328
-1.0609152301946863,-0.55010013569655
1.1059544494105413,0.54003642481384
1.0357552412030488,0.549183070959025
0.3965994373039953,0.2001179379158633
0.7026703038140334,0.3418466913910907
1.1212063299595778,0.39816557524786844
1.25742868971385,0.4168174287908607
1.0511410070014175,0.3528370808916289
1.701820026134674,0.6969725641519018
2.3657227135657037,1.138688111096868
2.6274574121698677,1.1731180988693786
-0.6540775085980306,-0.32562974181604143
-0.3322277117464423,-0.23867997044211375
-0.6553580549324872,-0.4249290935204054
0.12743556212412782,-0.04236404443322078
0.142391232711498,0.05367158082600469
0.05578618812103106,-0.052781410300696455
0.7638631112993924,0.49912626977573826
1.2217295638588594,0.46436517844512215
1.450070813952689,0.669890094702832
1.6426664549932204,0.8184992621674222
-0.41652901703461065,-0.2073549890231718
-2.014413385215971,-1.1478282942562565
-0.6874178941408928,-0.28544190572642875
0.4749502876015629,0.13785968410119231
0.7355596458385867,0.5317651581275987
-1.1814724327368604,-0.49799389374054204
-1.3108518975907535,-0.40107983433960115
-1.3623521940804975,-0.7411748332406086
-0.7125112561889412,-0.26796314268598564
-0.06577533471307956,-0.038864718064718376
0.45247665702493367,0.0905573512085732
0.468212597955168,0.1389669286646274
0.8375848817436926,0.41401009438735736
-1.8172519763012802,-1.029333830023098
-0.23883257036532202,-0.10488593947954039
-0.21717990403892953,-0.1582590604595307
-0.5352668585329569,-0.2149635758062936
-3.0427166285980203,-1.526259936516043
-0.04124473907732784,0.028433096442446446
-1.253761314624726,-0.5613829737708613
-1.300916362541534,-0.693929560568123
-1.1285270604939814,-0.5953008434590358
-1.7270855217592922,-0.8975874276588289
-2.602876334902616,-1.2636345804587088
-0.7435329808475372,-0.4583751038990729
-0.7930330573775262,-0.3261426222590916
-0.7968151145302391,-0.44162520190919574
-0.38612892235106555,-0.35814258029732643
-1.587077090541955,-0.7848808052134004
-2.135822685833916,-1.0745684167251535
-1.0419017070113104,-0.43182659533951895
-1.1226717368341208,-0.4989117266064258
0.05635206194503939,-0.07674955052080014
1.1029543086060303,0.4113628341213358
1.0472537234859889,0.48223076010772375
1.7122212664987866,0.8303055206678613
0.5450090655481976,0.2844173158665784
2.007666913517546,1.0493278035436417
0.9687175833727859,0.3269818162055691
0.6210247734931431,0.3573619572618483
1.3223103786674943,0.7658446174265106
0.6900918296752419,0.3676120742056515
-0.013818649237251623,-0.11115707285453753
-0.918623465342164,-0.33939355787058956
1.3249411107058466,0.6002526124853007
1.8130127526015327,0.9790058178106864
2.3497048167309327,1.1974873331966909
0.9162912363927056,0.5821785528059479
-0.38049430432784903,-0.3324707963202593
0.32423850553342565,0.08337281793026005
-1.0067273205488787,-0.45139044759638225
0.556164161350619,0.22701510287804028
-1.1007977395842465,-0.6552515354247896
-1.7220529393188047,-0.9088057918829738
0.5106425887323938,0.4123414695098817
1.2178265888055593,0.6247426240459591
0.5639042598305722,0.39329257197580086
1.767109183508,0.6787095673463498
1.7284981538963138,0.9047321501687259
1.5503387510116484,0.8381104664253606
0.5908609331799551,0.3306738530621254
1.334501403698117,0.8255860983554847
0.7786340673076269,0.5483594671962431
1.0785808429765766,0.5767811207297138
0.06217248415984167,0.032028398515309725
-1.4147367744532746,-0.570899055639913
-0.9629248607542888,-0.38125690419164526
-0.2596681327384516,-0.13433853341668722
-1.2727630819387428,-0.6482166549203783
0.2790234652027773,0.22517573599149665
0.6219584698185846,0.26989714891996797
1.1681378925415449,0.6812973029212975
-1.8766030832964367,-0.8756262647723448
-0.33151938299256584,-0.004204589788958657
-2.5473885588688043,-1.324562175627306
-1.8305929885924126,-1.0232894786057416
-0.20996333524669986,-0.2097895968686091
0.14892204606524329,0.0802674973779458
-0.37727853882257234,-0.21656404790949763
0.8983307898339818,0.6363820063969668
0.17236784882351175,-0.017773145335616816
-0.8937031671105392,-0.23862341372496104
-0.5548600500288502,-0.32290615141057727
-0.30997392664669715,-0.23452753108263075
-0.39216367550114595,-0.16924717869780492
-2.540579135147207,-1.3253300547252447
-0.6915725034152113,-0.4946945825669028
-1.3139446538175452,-0.6305345471788516
0.5097152884531669,0.18073307849017747
-0.2025550518616694,-0.10877118704347158
0.800333521082521,0.46506534782277403
1.6657185265405354,0.8060956160102432
-0.40503675554274243,-0.3598187921717888
0.5909454514661254,0.4476037225148685
0.858788384842074,0.29475372646978615
0.9885656743847746,0.5869319770550652
0.16649642502682305,0.1471290438097081
1.3157124647838412,0.7126061896569824
0.6604459477180338,0.4795586763028251
1.4058848406940907,0.7069151324520798
-0.4475873691349268,-0.15757176306096576
-0.3913077207322254,-0.21261967932641218
0.7911576840505337,0.32278768137800734
0.45289265377364635,0.176785921668122
-0.3759896012442771,-0.2966203906695114
-2.2104942524678757,-1.030405034086355
-0.8083669134874739,-0.4629026443906262
0.9907645272113765,0.5619588851306643
1.309383050512129,0.7635296360894015
-2.715770203585083,-1.587249314077987
-0.5792487593852715,-0.3187361690541911
1.350722577047821,0.5800589768911804
1.5807875096993045,0.7196638442613613
0.20728643503399213,0.0030984968134615126
-1.141537146851484,-0.5683467397359864
0.44092078370388654,0.2916534136667933
-1.8364560585064793,-0.895504734665569
-0.5429634349859376,-0.2262574532296627
-0.4495464922507744,-0.3130642293081754
-0.3080756672732592,-0.2375927935186669
