-1.795898022120266,-0.8740899894042159
-0.3770838120262837,-0.10228064313194245
-0.08178291107642868,0.13825887582943364
1.148328588543928,0.5314559293182589
-1.33233226445333,-0.48570671626847217
-0.9486902551862947,-0.4367569407905442
-0.9811710094279469,-0.4554593298400405
-1.3879724563667735,-0.7136934196721852
0.29326887819526026,0.2670518378204835
1.0868925518796149,0.5511596922758141
-0.5732042635791704,-0.41291253530008165
-2.7926438524934722,-1.4948613198292693
-0.00374547382801782,0.08069915194293273
1.182681342337018,0.5639714330944972
-1.7212129203661992,-0.9593035049487054
1.279933163676485,0.6624492213730825
0.49025961819656527,0.28519757045341043
0.030435959204627105,-0.09036172621632103
-2.250279244080484,-0.950463609730824
-1.005386638321537,-0.6868816425674407
-1.4407908648413514,-0.6708776279488399
-2.5126357298784314,-1.338114744607516
-1.1545786967821932,-0.4056136467486685
0.4501103111583805,0.2619194275607494
0.12054778974457714,0.1442115525579396
-0.2152516198571447,-0.11313596967447956
-0.41301244434615,0.007502555645395731
-1.6823089121608514,-0.9458857569114738
0.05858082606175963,0.11777463666102346
1.1463637461659508,0.5752338475558955
2.1085687691618555,0.8839815219676777
0.8533190703781659,0.5637892341256816
1.170422756106943,0.619361160577401
0.08215519800110127,0.0691474386067691
1.042983963040286,0.5181691025305508
-0.17123622460685473,-0.055473301119485285
-0.04303945602937424,-0.007444529466879563
0.09335293167106111,0.045988482530161016
0.4236141518434958,0.2648251352307493
-0.515812430609744,-0.2747192541082076
-0.1137688174878545,-0.15995864415604677
-0.7990829307639005,-0.3722806070345461
1.0057028189335617,0.4059780785352085
0.4855563052867334,0.11312814807755339
1.2248810069446583,0.7345600253839116
0.29711223242313556,0.22233173986268115
0.013916694731419627,-0.0036963647352381383
0.9270219624909785,0.47567736031189795
-1.6953085117903148,-0.7934310108624809
-1.6120188064544365,-0.8343028392782348
-0.06269048599441684,0.037361705836495535
1.1099407962943522,0.5161207222762951
1.1306978389348208,0.4671050421499815
0.14548037762296984,0.21895409903474114
1.3707950645259737,0.7784586657203207
1.1979397464,0.7489454871608325
2.474010695794844,1.3510976861648298
2.1583228936636845,1.034688065677609
1.1745288713707165,0.5875282815357682
-0.10018163433691485,-0.13950684005465014
-1.2951712347795552,-0.718446552962188
-0.4099064534608665,-0.2544971483838686
-1.5937467966215635,-0.8041834307187318
-2.671557665027393,-1.3425268709085687
-0.275512440774189,-0.033864152432269035
1.1436688605760577,0.5950572545254057
0.47231337716528393,0.1864608280530994
0.9384343892087417,0.45930690781132627
0.8602810047212986,0.4896400114940922
0.9594858160454794,0.5100294914762206
0.3150121184296921,0.1340433411494885
-0.3330574440604512,-0.11506976120625345
1.3668317115068331,0.7394742271202368
0.5782747438108746,0.36319109949134887
1.7013744891822418,0.8181968873395382
1.55088304069542,0.8843406410068299
-0.4907415688802641,-0.20545840210273544
-1.6622062029170332,-0.7403066297129717
0.41643793439205534,0.14745677365965265
1.1257478070014075,0.6041321837488854
-0.33511131193460564,-0.011093394625695613
1.5596638250687505,0.7679101371799605
0.9491060442691155,0.32991499853247774
0.5859141136995385,0.49520765245887716
1.0125275098011355,0.37587574240068033
0.42714278959261115,0.26915546823681835
-0.07146189591233765,-0.21326391114897497
-0.26424132017030205,-0.015099246338035471
0.14109533734826327,0.20498661188686934
-0.145985357903907,-0.04957561068958638
1.7862007239615187,0.8847282450162836
0.7028428170286827,0.4185683328268332
1.3880608991824392,0.753869228515526
2.1230715399328255,1.0355579669677029
-0.7651785257691159,-0.23332310771744044
-0.7756783731825105,-0.521893477373889
-0.9014548845074486,-0.4991876506232901
-0.7150883203025137,-0.45261886847091315
0.25147476334550317,0.08234424553996914
1.457599531874937,0.7555459607601379
2.0534991846854034,0.9305468057762035
-0.31260300285434683,-0.12198707677094006
-1.4795018609350532,-0.7733851750079567
-0.4661671925818335,-0.43985765958525225
-0.38701328752794006,-0.06885158184089918
-1.5569022181208685,-0.7707740960602092
0.18851956659838753,0.1552176007694504
-1.0136296755092324,-0.6788567164446176
-2.60566598883321,-1.317991048623834
0.9473082137079805,0.5625915938999808
1.410841760188045,0.6695603193861143
0.9287279311649357,0.5250852848730138
0.8733253298126376,0.656604572422217
0.37288962839441814,0.1428719596784012
0.8623242515742412,0.5193448372064496
-0.5018972184956916,-0.28595230022844975
-0.036266142130863155,0.10054177783273265
-0.41433026996115435,-0.14492478577403567
-0.28540539796275666,-0.23227302948610412
0.32891493518286563,0.28519408666680357
0.1016055933462765,-0.043258181849848504
0.9773806032395022,0.5391683040517888
1.123921805318941,0.51993795909417
0.8246266757172445,0.3555684913043725
1.472279568874016,0.7148464421914094
1.016497210662074,0.6346817921436766
1.3138967022456371,0.6434052313445873
1.2085488026951263,0.6434002821171533
0.5784504548856286,0.3077135459068237
1.2347347736337848,0.5445339198066885
1.4675950884496534,0.7455191353973087
-0.6290057337998842,-0.4531692748109677
-1.2290821842338255,-0.5132904659028824
1.3259100715380296,0.5818989454934408
-0.5201147352926728,-0.2779834148710351
-1.3485071984495587,-0.800641149898539
1.1148385732647381,0.5512422722686273
0.26738437581036545,0.14189646896593208
0.2685523198611331,0.15363526368859753
-0.4950487821370938,-0.42267370657311126
-0.4589704550111551,-0.1090226381698271
0.12108053063815605,0.25059637616953373
1.8990054141418056,1.0423131733919284
2.006438452383164,0.8799624030808668
2.867220581415385,1.3000113910155158
-0.2769873755437444,-0.03366152789032356
0.6845090081668943,0.3100883931374309
0.41666921775497096,0.1976832650471168
2.183532299475182,1.1574938792396336
0.4047384408125446,0.41889211346437777
-0.3233595800727142,-0.00872489204664173
-0.2341454318906485,0.013032580553677994
1.6279151279083195,0.7071046069051978
0.8854032296928666,0.2836689485040167
-0.15389510782417604,-0.06677876413229948
-0.7374041529535112,-0.3883638642883015
0.5827520864506324,0.2779088891462799
0.6381375523113904,0.2877374660738086
-1.1329189872685737,-0.3365483536185364
-0.8734114735719835,-0.4506984011767853
-1.2361497441665503,-0.5644070319888985
-0.7724302039846176,-0.4946979026841014
0.42920647554115443,0.12238454922331728
-0.3973458597106826,-0.21445683649584513
0.4084212837291671,0.18672570132974253
-0.2583196329147837,-0.08955918897180536
0.9478194995703471,0.610547081025494
0.46838120835085917,0.31889953347610045
1.686562484109101,1.002871087143914
-0.9528440310826736,-0.45518435833461973
-0.2257014652020124,-0.180861319781089
-0.6392548408401206,-0.13427525067613832
1.0134110589286691,0.5159092401310029
-0.27356073260476543,-0.15954453593512144
1.4586533761076845,0.7759298639651102
1.7183811685513573,0.8485815063795185
0.9802074326286245,0.4469078985705115
0.4149607497311454,0.1974225150957953
-0.04646952355724587,0.0043350865630202365
-0.656373631750844,-0.4019907653924541
0.4811555122530488,0.3467896716075432
0.9082750075809682,0.253368695045477
1.2666676493787203,0.7377028163834247
0.21449900520881993,0.0934818356828486
-0.2490707284814413,-0.15757473345384077
0.9740258722376749,0.5174342327131088
-0.6080273906851951,-0.19899798517817435
-1.3880835699113498,-0.674300539315222
-0.7997031744426364,-0.39489166901030187
-0.5819656416056155,-0.3173569610511854
-0.5778100928186336,-0.29354921603056733
-1.483013385524171,-0.7147213602271113
-2.482974844622804,-1.3395845389329557
-0.16519467275330602,-0.06951306161832341
-2.2917840011599164,-0.9567301356899237
-0.9168547131953744,-0.33772463622085347
-1.363176664823113,-0.60511976332026
0.40917864340366383,0.3414659043702835
1.8359695961566151,1.0057727892446844
0.0755542983391696,-0.007577443884651813
-0.05008725465123091,-0.147644325854462
-0.10255813966324584,-0.2604951309007112
-0.325098392478564,-0.12802767705087437
0.4937084732416216,0.2813484189650439
0.2159651838528108,0.072621845510672
-1.5276730545784951,-0.7538013624104778
-0.5258412561212894,-0.14055029782386713
0.843389185223145,0.26250485997595563
0.2655762471589964,-0.09012503512726247
1.2525600113345166,0.49319084281781445
1.7342415380858198,0.902860582844873
1.605200183376039,0.7958228674005248
0.9333898419376689,0.3037121494747492
0.9833390019240991,0.5524020394732505
0.1305034497760832,-0.15002514135464504
-0.0489896104212318,-0.27593998921045143
-0.026945568954816985,0.015403182875997304
-1.145818604497088,-0.69320602222244
0.587355253984082,0.17700965950697872
0.7670070164456841,0.4000187462868822
1.1804365469650742,0.6906351509711761
-1.178847124179214,-0.5450873486227265
-0.7235331628860632,-0.45198191115827296
-0.745341959953173,-0.3682575026581715
0.6253878590113916,0.3623301348290614
2.997619312756839,1.730971964493082
2.0918617103151074,1.269001561019179
1.271817728724249,0.7035007122472006
-0.7743065151352448,-0.4061544684877371
-0.9076419994521594,-0.3374555738607059
-0.7724516817411831,-0.3877557503446235
-0.20353594577226547,-0.10698304424974328
-1.9755209467053594,-1.0812472315719257
-0.9792288709287542,-0.6442356627999776
0.10520524330874159,-0.12255031723421106
-0.4443991692194258,-0.27193239588453477
0.41196330884300014,0.3138332414012255
0.16879987414455988,0.026487085604018197
0.27157256596105034,-0.007245088168086888
-0.3188260548086499,-0.3095009347728158
-0.8446155248789612,-0.3296443153689166
-0.7364537893157954,-0.3951040353456609
-0.9575984380613005,-0.5681032509181985
-2.5006064569413375,-1.1849686700202273
-1.2445837901376162,-0.786867131976471
0.8423715000937062,0.5481370600383736
1.6302980974984498,0.8872041825675305
0.6934660130488461,0.20751933860910823
0.427975698546281,0.01318899091458825
-1.022049953285687,-0.5865375431210152
0.5464739924984285,0.15888224143327423
1.8637213749346864,0.907750516901027
1.7032460604097488,0.718523075687331
0.6160054157323094,0.21742524437215688
-2.642760574543445,-1.4289804881028796
-0.18573937168018584,-0.25967479109407754
-0.3690512217316926,-0.034258169022172213
-1.763648839639231,-0.8446264705948958
-0.46446430146744394,-0.33959872288180637
-0.47618952730982445,-0.37932810239925774
1.154821629941007,0.443145026307174
0.6788317510490681,0.3151303521468385
-0.11900726918371773,-0.19490452884590323
0.4861703183782416,0.29900942565913236
-0.6307546604104346,-0.26739698384555144
0.35308899390285275,0.08581657023374449
0.24348256048726705,-0.053436871133704586
-1.4587841557570176,-0.45305427814863
-0.7663145658349099,-0.36171348449152274
-0.9552870589749387,-0.4539643238064633
-0.22568357993403265,-0.08027729646029391
-0.6364916362398043,-0.23123379596625854
-0.570287320469461,-0.27854519890983354
0.16454228444411717,-0.02702240372582343
-1.1122024975311926,-0.5808128964899157
-1.2792408233932655,-0.6202669620476421
-1.7285083405784363,-0.862600652273683
1.1730389865361746,0.46431649593480206
1.9401001028494274,0.9522214655003902
1.9616048974443712,0.9138091460277522
2.212477941419241,1.0190556964070219
0.5991604800901852,0.48642520507955284
-0.9018646123342982,-0.6065767454327896
0.4147945043534651,0.3057352414844347
1.728430746496441,0.9753929311110016
1.1731570717811288,0.6527085332852425
1.5725895866184012,0.7528636812216355
0.90637545910736,0.3702398471527777
1.0958294913087603,0.6697310171005197
1.0132553961136543,0.5305229298983825
-0.3086118865259422,-0.21231546339207252
-0.5155350976558256,-0.29583435614599496
-1.2759085345884922,-0.7553680113516068
-0.6995060491325824,-0.2813333828711813
0.1496086487733545,0.052845250784095826
-0.5706850096343187,-0.27933477202905566
0.39638207068518905,0.19185194136607522
0.2267412415168772,0.16531907219701084
0.7563179061371963,0.37438375590723094
-0.004267499970585731,0.09502903526246162
-1.5085675397321996,-0.7152595681214131
0.6157933657778736,0.3410037568968156
0.938539170567895,0.5629636005865136
-1.756494319390598,-0.987255496458846
-1.5578008990669303,-0.8014448602029299
-0.09394764632652186,-0.06134581271067087
0.12370079742556403,0.13221112402967344
2.6050001089414234,1.351646557441826
0.16166114993698844,0.034570246955149465
0.24760218729904204,0.12313760994472436
-2.5705640161021375,-1.2998018827321978
-1.2602864120964719,-0.8621293808719164
-1.0773390365035032,-0.5240625091306419
-1.1312250553664447,-0.6833566937861322
-0.2502360891243114,-0.13502113595296858
-2.8072357654898052,-1.1212953922901592
-0.27338927258715584,-0.16463638212142873
1.004654075642353,0.5237210501883003
0.34629994587749935,0.026748533352597442
-0.7584366943038,-0.4838664034542715
-0.13954219208588864,-0.11755452773010963
0.02214278860914312,0.008396354871726167
0.2251712057915472,0.11469873221574906
1.3059911203919263,0.7371854439857545
0.7143704642946203,0.3804085145382887
1.8207419066614665,1.0180286977441713
0.6895149582640419,0.31931186338033385
0.35850304374008507,0.12092443187500782
1.2966109454902783,0.5919924731631321
-0.5767287230728738,-0.3726600521835292
-1.4186785341626424,-0.7240329708958418
-0.7293250079554258,-0.32628111225555684
-2.6148424814738487,-1.245096567285243
-2.8846461613678223,-1.468824258460739
-1.695780639334119,-0.8152525861558035
-0.8041571815809526,-0.3544566196514505
-1.4366850252084267,-0.8207106564472799
0.01895227552588541,-0.0592581384247806
-0.8429595930749287,-0.26023779820106974
-1.1722908132807552,-0.464213516842528
0.4803599320223938,0.31144337999894894
2.5307421034340556,1.3620798840619792
1.4390331124831555,0.8254914736994743
1.3449636602171484,0.8858647511113358
-0.5527836719983189,-0.24706001778463543
1.1179609476949448,0.6579016763706416
1.1987682315121637,0.6140710830387665
0.4673033807935718,0.25020593791878093
2.0431711583440038,0.8527096330639676
0.9403690169333317,0.4317221242488398
1.405122894517685,0.6034077716650442
0.06183261654036076,-0.01457161864800751
-1.437378123045337,-0.7646881470742027
-1.3188918871229114,-0.6791507033705865
1.2084139204116147,0.8035200979884541
1.3446303819138095,0.7761626669481746
-0.23479900369894013,-0.08809618198172274
0.009237353932949777,0.013180515886605085
-1.2540537978084942,-0.5137386753251408
0.038787437422494464,0.09917232373214287
-0.4025454684056003,-0.3240404319408151
1.0652802367399767,0.7054855485362979
0.6190375506689155,0.2524958085266243
0.9792335484757562,0.574430536503377
-1.2546504570838113,-0.6941481832925653
-0.7549686429059688,-0.3282112909513097
-0.04275949002181206,-0.06826302847363483
-0.5171768212865734,-0.15130911815592324
0.10843567339826343,-0.13211143047737434
-0.9020536610670216,-0.4841185111346884
0.9685478698362292,0.378134378832795
1.8421817332872685,1.004744310518287
2.099095304255038,1.0031431078736386
1.3573768845331622,0.5956312464249331
1.4533358052612542,0.6478272155794763
0.3144702490836777,0.13128431126310025
-0.5555767141356486,-0.10239110336099433
-0.049029408663173346,0.026575585212689164
-0.5091810983852518,-0.3266104569148971
-0.3759536084125251,-0.2929963700341277
0.9490903567031358,0.42321005243538035
1.6384648004576745,0.5244851590101343
1.2058980056889106,0.6769747173723941
0.12278673803488949,0.06739995713080886
-0.020824075742905138,-0.14647728219816883
0.7843695765710739,0.2652368460913651
-0.9108680949531572,-0.5828892695091143
-1.4111291192743645,-0.6297893047996312
-0.7131840398020206,-0.4580703318003377
-2.4704287990538885,-1.2491134200061318
0.14925899081334804,0.019104462033194734
-0.2080160998625974,-0.22345798415359974
-2.0664322694836548,-1.0018357253777008
-1.6564082518071186,-0.7693820466588267
-0.2276907943737182,0.11556205499105879
-2.000613120458017,-1.0067685344959036
-1.1237734939665605,-0.5196162233923522
-1.1163809382237562,-0.7043705810078068
-0.7515982931973064,-0.4003331570412668
-1.102088828488772,-0.6403190053369112
-0.46031259685891746,-0.11416344660548877
-1.1634293889886282,-0.6765143179264456
-0.7921107907090744,-0.362169169371515
0.8630901544142215,0.6003086265749634
-0.38154278991155627,-0.1290721777753251
0.10898454162488103,0.1797138111907612
0.234671452305872,0.2878089695540077
-0.701933608407697,-0.35500449232653175
-0.4244824744328682,-0.11239983423914315
-0.6616512949588262,-0.6084615140414001
-0.19825510538494923,-0.002856737429083836
1.1057009720125166,0.614104211458023
1.646412821606553,0.7066427838614648
-0.48129797224247195,-0.21037770257553207
-2.558914193474347,-1.4778887594798553
-2.720741650633448,-1.274015981850735
-0.47036541117078073,-0.2744873683005499
-1.4032549730288324,-0.8262146189587473
-1.8177259398959615,-0.9069314600709356
-0.8201601484021948,-0.35900869391308304
-1.7084911527591549,-0.9390251498668586
0.06417742303631324,-0.0023227020319527003
1.540459420501041,0.7763165952594793
1.8242386293955324,1.0561906170814845
0.8545052247342843,0.290330483187908
0.11186537558636889,0.24900072417291327
-0.16137326070511654,-0.24227929561895767
0.28223393472499925,0.2131317243522154
0.41696893064082874,0.17780725366098976
0.9181975245569418,0.432170226228873
-1.8183321599901046,-1.084531968069712
-1.550433360651533,-0.8125016256062619
-1.273855334171747,-0.6085717658619384
-0.18123259156192956,-0.044078218786376244
0.2357212045599488,0.17958522172411068
1.6511266355117535,0.7377792089020694
0.6512950460964918,0.2388972856342127
-0.15820438471319814,-0.17546270314949305
0.44504694048331755,0.1530321607553703
-0.002995041252370323,-0.02586882604230184
0.36910057484593384,0.15513562202876224
2.135617786752587,1.011795277522879
0.1555738042469862,0.3122727536141482
-0.45444802747947355,-0.09768439621388258
-0.12033718096043927,-0.20014330787599507
-1.2957835653662666,-0.7215247170850865
-1.5777635140862292,-0.8479187006631506
-0.39029785291967,-0.19681118156949484
0.5799749805563048,0.3273328999092709
-0.5806224658079828,-0.4868161401623097
1.4925895072769788,0.9732575818347097
-0.705911750528453,-0.2736772786131687
0.08787998908768646,0.07309269789018723
-0.0405341462057656,0.04652586922398974
-0.7894146219966985,-0.39439702683659283
-0.2537474732800523,-0.24111921655816826
-1.5453655778671995,-0.5416199361929335
-1.1099356909249316,-0.7852427374226715
-0.18551308033718794,-0.09644055658937518
0.5174960659094345,0.3150684558234102
0.3634204609750561,0.37271372002801073
0.4596832575545779,0.3249924308738693
0.7680673791504515,0.33145095759233617
1.4203560759665326,0.724405758138035
1.372211279196808,0.5500983894435941
1.745574520267616,0.740997139158415
-1.4650913137698776,-0.7278972224440361
-1.1977023724160056,-0.7020093208527237
-1.0792244442845833,-0.495674039450955
-1.1429656510570005,-0.6076245383489262
0.35665499715496385,0.18284747825887568
0.13544632340159968,-0.03345142531327652
1.5111484570423688,0.7319286982180626
0.2198965172607536,0.11484047404050603
2.535394393756481,1.152322839290607
2.958536285265436,1.5049559444760974
2.5675240867532283,1.3599279221909593
-1.686077801009314,-0.7314642329150132
-1.757425104048874,-1.0358287265938626
-1.18153553862747,-0.5012711504098687
-0.6212531607994861,-0.14888418218814076
-0.05078086118961611,-0.060427931717929345
-0.30692616024217884,-0.05923354815069802
0.4298401565597033,0.19771858377525578
-1.727544244410427,-0.6510222806697092
1.5673922240427294,0.946730107694386
1.9039322029287653,1.0100016913804186
1.7626781665754636,0.9170330495132502
0.1746371656830331,0.31109724109002956
0.6102098822866693,0.30852335441847206
1.651253179528685,0.6866626418966566
1.4195344457855712,0.7417676390522213
0.6316472310195722,0.4836191379707139
1.4111843114687257,0.8334940219711156
1.6928601413751814,0.9543243777468003
0.1956184231303213,0.16073708466660402
-0.20578626360846775,-0.026033688925956755
0.6999376133653272,0.4155665996710894
1.1490304980460513,0.7768957305671057
-0.30679897450564475,-0.27743429633606104
1.111179022488395,0.686060491276791
-0.5120879594516715,-0.2734442285196768
-0.7624959283202415,-0.29437888622103203
-0.28038664570996014,-0.10571737389602498
-0.6582766256444258,-0.35594013624693566
0.4906929428717282,0.3716895652172301
-0.6006498405500313,-0.27963223579816354
-1.7087568898426733,-0.682876939506633
-2.028188222513551,-0.8954871616774648
-0.9109308030009129,-0.4685330147089904
-0.3698501406369945,-0.26342895080593765
-0.20065381401557092,-0.11619170825493345
-0.19532486188677475,-0.1216451623038374
-0.6265779514437535,-0.25324684605122194
-1.5576300822012026,-0.7378072096033141
-1.0220118160296594,-0.5156879206356998
-1.0268376627703852,-0.5123031647853198
-0.5494392458056169,-0.22818565103015492
0.5161420838632547,0.2074681853414101
0.48589829995680045,0.512335130262382
1.1233638606482366,0.35152631096005027
0.6409967073789983,0.27148225658557507
0.49845738820352525,0.34650089613890095
-1.4539275341299174,-0.9522520478902334
-0.5006122407210531,-0.30801130131500565
0.17451787849407963,0.06207232242490014
-0.6719530311212911,-0.18772917723853758
-0.5941863499481146,-0.3796877357547037
-0.14354167829400558,-0.03874112752764154
-0.19686640794292032,-0.24003534885233732
-1.2719922585310612,-0.7155083897626464
1.3983517590095556,0.5527841690924176
1.3565433652276973,0.7423470065259408
2.6837993096488364,1.456646643992488
1.1369761327462855,0.6495647333209091
1.731133986373357,0.9562245999340632
0.6174578089517628,0.45091662201930727
0.12523807378280932,0.12557231751244344
-0.4490130493455879,-0.35138134126108167
0.30729430922332374,0.24619267450909169
0.49951110505291757,0.36444240821321017
0.7290688091619647,0.41203047582173724
0.06811805692511047,0.12136723848656505
-1.709113300677874,-0.9965771892627032
1.2032872084525104,0.6760136712497916
0.8257168981213088,0.42095715181151694
0.5403617098793471,0.3313037724137793
1.9018106699034538,0.7373791689158182
-0.049003458432741676,0.06521703112743954
-0.19666679372350893,-0.23115004417600546
1.0163453355217027,0.5596450093914318
0.45766100912281804,0.1472767663436743
-0.2785948735989298,-0.20526437594844443
0.026968785004122448,0.09009799148356808
-1.222496416119898,-0.5365897833944303
-0.37687611829002443,-0.29524641746895824
0.19988377958311626,-2.436039831460457e-05
1.5487443119980993,0.8470202187687896
-0.38695977862871445,-0.2831325100568456
0.2653254091243948,0.19075541769564824
-2.050742811632804,-1.1577312408080842
-0.40124156831819613,-0.22266173617222929
0.1705090207451006,0.028453364520305238
-1.6280947375358492,-0.9104834175716621
1.4513505218138427,0.7791195295338003
1.516531169334272,0.6582216965674285
0.7356913622061576,0.33482298928482923
0.17802391975143117,0.14554890315707258
0.5456829232515181,0.4178851438875347
0.11810039552263907,0.04312928937508401
0.5709669337792362,0.3398606976744836
2.0591047363639565,0.9582040475482398
1.5658274631405944,0.7964155898772274
2.0819269849404205,1.0239883740117335
1.4290871291062126,0.6345098427557947
1.6408452235899607,0.7732300533122772
-0.45380000212160454,-0.1699851203881817
-0.38273745655008173,-0.543773393063988
0.9531111919976635,0.39710105171665583
-0.6652728859744512,-0.31606901628947315
-1.3999646334948495,-0.6323456729083949
1.7757895260454992,1.0703987300346305
0.267366951160509,0.1929874034768686
0.6711289730222869,0.3506732601769554
-0.2547419868485843,-0.15225773333111167
-0.9074704683101384,-0.36032811586825864
-1.6186370004316246,-0.8374864902634818
0.22519433445382553,0.2497326699132649
-0.39651159194448327,-0.34300496548183956
-0.3927174851403651,-0.16394380243291254
-1.1260590450314218,-0.6359237835271644
0.6298665937381472,0.3305860685061789
-0.009462071064779143,-0.04151413071964192
-0.29431370116596545,-0.1921018058448406
0.2972794179147278,0.15666019093713163
-0.4102475833960678,-0.2760716838301242
-1.8029532372243204,-1.0690431267895428
0.27791350486985433,0.08939728722436185
1.372470030604189,0.6387080998698814
1.6091760450668624,0.6904117631056518
-1.8934630681545712,-0.9543204460887725
0.5790691013776417,0.35438543259548305
-0.17314720732012445,-0.118782453647404
0.6367385039330374,0.49726044080517035
-0.39641159913701096,-0.1412940098957879
-0.511584715965316,-0.4234219479811795
-0.2934403704627083,-0.32733048352350747
-0.9429212252361292,-0.6234314836905834
-1.762686780543934,-0.990865629435081
-0.2516169457354712,-0.11384373116169773
-1.570355020777975,-0.7423047280215191
-1.6251426427098885,-0.7296410814412191
0.5783142202365924,0.2019089517674711
0.038520103814864204,-0.09197498839275646
0.0012159756308134616,0.05101470801934485
-1.4185360172881873,-0.869733382302259
-0.22404921185930632,0.11255518472091702
-0.13559684552205145,0.0059418918443271684
0.4401221443980158,0.23159248564836946
-0.07555548900175779,-0.10435300003506713
-0.48666882722781585,-0.11807806672520932
0.05697814261413858,0.0744545276976
-2.249012836242391,-1.3519153514826237
-1.9260891674264886,-0.9787664685673482
1.4179657299703838,0.514905699538244
0.5955079671567547,0.4565496434063736
1.6574465922081025,0.8302842650394575
1.8384740149168128,0.901192041281123
-0.15400089790302973,0.12572597566110072
-0.9060958780610052,-0.48339739042627317
-0.7037839848310569,-0.40103179921378684
-0.26963853673545723,-0.02943209430798488
0.7978655503914596,0.5440322291808677
0.7186007249523529,0.49132766160345276
-1.1859547250755675,-0.4787764732162377
-0.6884511557789634,-0.287749725332997
-0.7118288537457638,-0.3474059745527478
-2.2011763375675324,-1.200919359697568
-0.6301065255610829,-0.45690213520512607
0.7821392150880011,0.4190420262302971
0.46319892721493255,0.292618483213273
-1.256324806476774,-0.6372964229495607
-0.4624239980491212,-0.023557947150239122
0.9348254406680301,0.5590367083528758
-0.3715459965651482,-0.13691043903557934
-1.1923812094387847,-0.5720091754225919
0.2966763196833938,-0.02424205277499697
0.5083223958199099,0.21882770553071032
0.9808376310275384,0.5667335984537222
-0.41510922038474796,-0.11262594462659498
-2.097672329105623,-0.9546765576849708
-0.5493083788219995,-0.21064710216061028
-1.9005558795822992,-0.9354046772825222
-1.0927441046873707,-0.6022943334885608
-0.9346771763061383,-0.5357983306126501
-1.9051401319760835,-0.9011383312893559
-1.1918966000136895,-0.8726821505980578
-0.6877834051456112,-0.512970026217928
-0.6907634913075695,-0.4552322323534609
-0.0844297866274229,-0.12653514395467183
1.9922068866638984,0.8429967748359369
2.416437846053941,1.1024432582433332
0.4209196950796774,0.1596810919828463
-0.8871897830960831,-0.4257556955346596
0.7023009824092818,0.297062434642365
1.0473734182407457,0.5912405098476398
3.222877468859454,1.8550536571967233
2.5933223170741018,1.3500903550668961
-0.3204027635286222,-0.3895179741984616
-1.4555420245229889,-0.8524773462507746
-0.1337757118300038,-0.20363458631950226
0.37035915009016684,0.29613611335246787
1.055621757841225,0.44302374899887403
1.0288203837646381,0.5724176896928685
-0.31597004437684406,-0.1664811653057355
0.7727982253385042,0.49598112427836805
1.2489342766427318,0.7953135500224073
-0.6458906046969332,-0.3275696512411915
-1.4205758395043466,-0.8240004172865911
-3.2339802425488227,-1.497923814040777
0.4260745763872359,0.3871663788109361
1.164819404918116,0.7980903633719062
-0.007676794946528287,0.05651591026169839
-0.010478974572890558,-0.14227039567465355
-0.5131911797068481,-0.2238695444839114
-0.503999945386635,-0.20120083066197492
0.3230853838359195,0.33834142792171024
-1.8926950686873265,-0.839104492878856
-0.26496098979225907,-0.07734090626629056
0.20419939032741194,0.023182869931345107
-0.26695513993361286,-0.17741792726014818
-0.7629587185455249,-0.38238665402296323
1.4318711688681671,0.6096216657929596
0.6456821492108917,0.2402078196892542
-1.562369798510488,-0.9247592076929136
-1.259175521459543,-0.7449172436185699
-0.2918301335240434,-0.16179114799243818
0.12001620535009908,0.1176277320958898
1.250755715330214,0.5606020778041303
0.8910709487273738,0.43831832225422057
2.6783166646227308,1.2734728276569056
1.3863391050874672,0.5337823757760939
-0.08240236427251002,-0.04745024258762415
1.1069785814112978,0.5621468661644347
0.10826010395542568,0.1638801596143562
-0.2453664152954329,-0.16071299443616532
1.5040423651864812,0.6451007684939323
-0.06499924191194173,-0.11885068586793932
-0.6557960658243264,-0.37668446278193124
-0.6164357816230452,-0.1592404897127355
-1.6305105623534377,-0.7288266897330087
-0.9220544056951273,-0.3661412511602809
-1.0069971573542755,-0.5546597596312896
-0.39304346426265047,-0.27998861593049146
-1.0118532121613142,-0.5755100200703983
0.07532055852117991,0.05408367671260213
0.6840232563832516,0.32052723475219924
-1.0938597229521314,-0.3488429524180047
0.31249065740236015,0.20054606250769552
-0.1553885389014259,-0.07028793217814257
-0.18746444238327742,-0.0011157151771497703
-0.7513185072084088,-0.1664743259093654
-1.7671288863926375,-0.9219767808818851
-0.7083609158972177,-0.4919619600559939
-0.109150242097035,-0.14986885236366687
-0.282737392762862,-0.2337128599674051
1.0229528318743868,0.5084011087581685
1.346651393044024,0.648401169880744
1.8162984234294752,0.9476753276073614
-0.5348370015841757,-0.24695196750967985
-0.6834647464359962,-0.18421336966006258
-1.8946487580720395,-0.9108915382976419
-1.8879205844121594,-1.1029483507139268
-1.7581598312699118,-0.8385651995962227
-1.8558317741141184,-0.9572222912144464
-0.4715795772889273,-0.10838394214638727
-0.6405913218409038,-0.34787645698536995
0.9627302461014667,0.39879521162082976
-0.23987950688361925,-0.17999329948658283
-0.6226374929279026,-0.33202406921164285
0.989818866561393,0.5281194626021781
0.7648473928646395,0.359652609306913
1.559518921868371,0.7922983880078979
1.6873778677902012,0.9055011351979774
0.5295752790205601,0.3536014333082696
-1.018369505347606,-0.5856429022697301
-0.32958179492390816,-0.04500945367049285
0.2572479621904994,0.23476912532045974
1.937803455097437,0.6787872055070154
0.22844392768556399,0.07295446032068158
-0.3963944161264287,-0.12115330456683998
0.10692363273015193,0.01705106090368958
1.474468598070504,0.7685074766713478
2.5522618253312577,1.3278557338456938
0.6375605401110366,0.419571714662295
-0.8919003719414011,-0.48846659008323196
-0.16282978215886323,-0.04229099004020172
-1.394296138494988,-0.8424270791467318
-1.3201251992343093,-0.6483184489210743
-0.2762467616412367,-0.1704600398423675
0.2466504055443434,0.12949861130941107
-1.6168009567461021,-0.8299913535726
-1.096734058203703,-0.5696422761964323
0.3020480701770324,0.10458212097956379
1.2866783417715975,0.6753599527216997
-0.6668801423720834,-0.4038014178111596
0.2913004101316179,0.20323015243830111
0.8302621772278693,0.4527744385385162
1.4403773321759006,0.6135962283002456
0.14104604150885813,-0.02053218194143469
-0.8018254400814671,-0.43534008795191176
0.7284225063827681,0.6046954306963915
-0.6069226306112648,-0.37586613392527246
-1.5381962800098372,-0.8819978381622701
-0.13099374211418735,-0.019896008655174657
-1.9105736302060101,-0.9444241745579325
0.4952409980732486,0.2575465166248558
1.7051136019601358,0.8424695609700448
0.9717052299434455,0.35896201673073225
0.3391496897473403,0.2844627263233974
0.2613318631661415,0.02366994556402613
0.3199911332691008,0.19670840195896408
0.4828524684647855,0.22652526495372288
0.06232554617432762,0.0017221821854546265
0.6534310703577103,0.3236110322859954
1.8469119376910033,1.2197050427262717
0.1886398237378566,0.03407871181752484
0.5372493210470699,0.42991702422648326
1.055552160452283,0.5450179382385768
0.240469087042942,0.023164999024618285
-0.520993621640329,-0.2038830672851336
0.04585642784120458,-0.06427661078005294
1.893556616525498,0.9173707473837649
-1.1133332624514152,-0.481082502343843
0.8240717735615601,0.47008127229960794
1.0455612566110042,0.5166438992848398
1.31701751624915,0.7774161116583285
0.197841543087857,0.08466288878477642
-1.0491484724700058,-0.5220982321581945
0.043311543433054656,-0.006004922082237116
0.39146567576658264,0.04791195529050776
0.11508659844412769,0.1150267910121802
1.2910593470634821,0.5304750321959762
-0.4716161296238286,-0.1968412842151319
-0.42969097469832324,-0.2643113341434755
-0.4618486497783081,-0.17348733874530117
0.7425832516133197,0.23308096316781157
-1.0390014511307124,-0.6011950290329956
0.27011937548596987,0.05735890203628688
-0.31988177008189084,-0.05640732014016714
-0.3875130498173436,-0.297615008914809
-1.920277387157822,-0.7419082023742986
-1.0556215912379172,-0.26655775958168976
0.5700760318037373,0.28171585077439826
-0.7970123510309681,-0.49809864132157416
-0.5194351796170149,-0.15054476713802234
1.5591632385095628,0.6606841199628483
-0.25506798666903363,-0.12367535779711744
0.3110253768787961,0.16660670524755722
1.1566642829334182,0.5156495170280078
1.8402348758438878,1.0684312923345676
1.0657832878640818,0.7119479956007259
0.2119920061226624,0.08090684456542795
-1.2738931515505008,-0.5299652417257641
-0.8570981296672692,-0.34506727686628197
-0.47596150173233603,-0.20244568590753004
0.55122838741217,0.35424546709450716
0.4540358046539935,0.2011370855450739
-0.9371845361320106,-0.4486418901955214
0.39187638777444556,-0.002376227535475728
0.8220826727028213,0.5048771596098195
0.018137335184953862,0.1397971498965396
-0.6182245108190535,-0.22338647266322895
-0.9623008202764911,-0.4730448920350504
-0.9388995431208127,-0.5184036533970118
-1.7871011418145344,-0.7792649853156663
-1.0507070274758379,-0.45708228974794723
0.8099934283121889,0.3856201718507332
-0.519134451597275,-0.41625597312683676
-3.3269834037200745,-1.7398600003064637
0.6726711921413301,0.19905951664836224
0.1993677483902486,0.10704038211671744
0.111732271403749,-0.02035806421159468
0.9489820634209731,0.5576202848601194
-0.5596984185171896,-0.38559213657909813
-0.8329761677846278,-0.30623439121684976
0.7075134682722687,0.6583002356486503
-0.5270199646649039,-0.25780802007392706
-0.32032889230750017,-0.06700622314777262
-1.9781773574681287,-0.963592487694779
-1.436850020209107,-0.701355054373847
-0.8425143375280422,-0.33342835116107195
-1.1591758897123734,-0.5288923895298845
-1.0647185414043236,-0.547946620136293
-2.4024951788506117,-1.2394904987016035
-0.891784868160612,-0.49131563901115183
0.8764880418580085,0.33518200435021034
-0.4909847752441445,-0.19308834756164603
-0.3904512138556367,-0.2644876785531235
-0.7492330017361015,-0.3978730767925837
-1.125439265264196,-0.5403963549811364
-0.7371022302202525,-0.41256335474399325
0.34430848481785425,0.29488869884203756
1.2016184046837708,0.7726149005338666
1.5854959024168267,0.6212340433221949
0.3996581523934858,0.13083387582506312
2.4763436119809676,1.3534986131604048
1.554109567248447,0.9979364588564488
0.7212172252105283,0.3971419703344013
2.116896785234959,1.0798764770001585
-0.9847129216937802,-0.555746495539001
-1.2248686502920214,-0.6832161193359826
0.1637749347548747,0.10763528940205914
0.7422749157044803,0.44797488245494554
0.4771222273261547,0.12185045068166567
1.173125311101082,0.5663758911847895
-0.406718920704659,-0.10540045796452172
-0.1786735419698749,-0.13580581889003732
-0.3168085962676869,-0.22724802695995022
0.20233802177155086,0.04938354598152243
0.4196724369481144,0.4236489412390152
1.051486136640391,0.4304242705930435
0.8453173194568993,0.5297795653120925
0.4276758331179335,0.24557405663262333
-0.34786539512252906,-0.33808513504483273
-0.6878379525912686,-0.3581940201300224
-1.2708749458634523,-0.5504335037167736
-1.0877094106363125,-0.4707148725688881
-0.5835189083272646,-0.18988328723055586
-0.5990833248600737,-0.20085533647368237
-2.03726091949581,-1.0879064941766134
-1.7310099806906685,-0.8191158450439824
1.1200026147438633,0.554203780756072
0.16945372413882065,0.031555969521547184
0.2975021942179381,0.1197706357507409
-0.7497776954262788,-0.5525703829347952
0.6278549549732686,0.27410380522941247
0.28022097057509365,0.2843123306984684
1.3005371570152098,0.5356330107304962
1.9396143072421685,1.0517267362210725
0.6795015501951222,0.2956003898845677
0.4568567566595672,0.16933922364632453
-1.6313721871618927,-0.7356333894388289
-1.9128404673239499,-0.9830398190374028
-0.6031983085656567,-0.22072770569142092
-1.9018625350083491,-0.9834442457104662
-0.9233941984957856,-0.5036688104280709
1.363721182590552,0.7441779919790612
0.14081595850540607,0.15337465564815977
1.2025471556892247,0.548012102965824
0.6873953701568811,0.4074289874399638
1.53759879281432,0.7090596593974686
-1.7237059752672823,-0.9004941286557311
-2.285859477812247,-1.2459265488411306
0.4779251925375817,0.3229504401740173
2.028156984098838,1.1276806060442732
-0.29334891783997175,-0.3440718942101011
-1.1595937132480985,-0.6260869711354533
-1.8748466432396695,-0.7581854909731955
-0.3353188961893556,-0.09654646811812867
1.0265995405735857,0.4724244066046876
-0.3491301706855221,-0.14205657960343776
-0.8476389934134974,-0.53620345124836
0.9657414877911097,0.5099546204254792
-1.2711370361166199,-0.5160627245240881
0.32445966067314036,0.13070336959348294
1.3135653530141402,0.6974682637304355
-0.7691163322783303,-0.41606123815553436
0.038868000117861845,0.05140620751214477
0.5647753231949109,0.24207233843832363
-0.621691710272865,-0.34104779580764
-0.2010211786188142,-0.04595193078674718
-0.38021119345731147,-0.24655705816788703
-1.3676899148661765,-0.769971594348918
-0.2897660597075824,-0.0710274730643541
0.37841852154887456,0.37792918084225635
-0.35268435600853254,-0.23905373828085452
0.0955718489645368,0.13473333596152634
0.41539282792434495,0.3420143643229242
-0.2284853928005417,-0.12512435050759352
1.472009881591562,0.7856596764431838
0.973345612085714,0.4880485149843372
-0.8669510073913512,-0.3818087680624652
-2.562540148712984,-1.275877611287827
-0.07793411272885242,-0.06627450300112307
1.0929149757879004,0.6086527892907722
-0.2405470378714093,-0.20207177206232627
-1.278847284007591,-0.7284952389682138
-0.7782551079165712,-0.27394876183818984
0.26089282424875426,0.26063577426336515
-0.025510076828503703,0.033135084745710905
-0.285343835278907,-0.0878328633455848
0.3047083006100425,0.1411535719848488
0.05244024110536949,-0.11352143224436992
0.7978243768349448,0.3970481919181467
0.9175714783607367,0.3720822420072396
-0.2796653843028607,-0.20180938921087088
0.20858633584371505,0.19811062320926523
-1.5015779230793926,-0.7467331557168873
-1.8066605422610404,-0.9942435513117952
-3.1351344522341527,-1.622431542820134
-0.6165271191507824,-0.3970550571600706
0.42578842489573554,0.22120758048831118
-0.45082678309788804,-0.12550914762185666
-0.5001770047528937,-0.2710961096607234
-1.420535553661991,-0.6313440558557146
0.7737855966015945,0.3597869334248509
1.0286979167038721,0.6707152273585091
0.173567675480843,-0.09663383335490924
0.12743885210468603,0.1982883437072958
-1.94621350893579,-0.9678071963640891
-0.7668585304085244,-0.31025666454991013
-1.378181347052878,-0.8926151809115851
-0.016673480675427177,0.08270135785279031
0.8057287304022656,0.4448433844698012
-0.10033068028400333,-0.2528739916242173
0.07070709055053574,-0.21434524969281346
1.2205732785829246,0.6973068337667225
-0.08878459304495867,0.03463190180299555
0.05115468611735939,0.06529883401749553
-1.6918353056060853,-0.8138891557302729
-0.010328691501918397,-0.08157419089366003
1.5380656773442347,0.8711247531035086
1.4622761883130098,0.6685924345601014
-0.04769798573806405,-0.17103378278311712
-1.2348909989852872,-0.6214342639342417
-1.427364289357162,-0.7611385729586946
-0.7190883703013342,-0.4700306325944204
-0.1685782585416205,-0.12102693059414765
-0.3814940790591664,-0.19986429191839994
0.3442401004889214,0.11238614101857146
-0.09347625587480121,-0.12587060941201678
-0.6637191920823773,-0.2072501781047833
-0.5848555558502846,-0.3232462636212656
-2.4094888949543964,-1.297610242903096
-0.5509316565207855,-0.18771735673550277
-0.9380920323212054,-0.5099140078772717
-2.4337274107269833,-1.2437244907654013
-1.4383890981667364,-0.8145548163778186
-1.0462551721531155,-0.657210398877739
