-1.4928338168451336,-0.7431690847951732
-0.4944469381235014,-0.25989123766653993
-0.7555676275772526,-0.2722352335010525
0.45383383575422076,0.34067766613772654
1.3560410484714656,0.6670080917731744
0.4894996394992053,0.3535236143874661
-0.32750075898816283,-0.19933055986439635
0.44108149084104387,0.3521783979666087
-0.5856253375373526,-0.33501297390331647
0.08376122569492589,0.09106526080689802
0.746441237340063,0.41899790678423304
0.24206558121216185,0.29712359532906635
0.8851146063189285,0.42484084630782565
0.7985718622105153,0.43704526262840154
0.39505259004470944,0.2833691015037197
0.08867537730710179,0.049836113793197336
-1.384076491242144,-0.7601294177350166
0.9427919598645306,0.4428742616618676
-1.2339135748779533,-0.5616169981490314
0.0021318622405261944,0.07608390791080921
-0.6469707435983488,-0.2416208222031627
-1.74648935387426,-0.8895283174876323
-1.1301073367372625,-0.5907474168114302
-0.855871288291864,-0.5750483670105028
2.620300676646679,1.1870167440074253
2.386559494359753,1.2654689536716266
-0.22945420872414324,-0.10200551825765614
1.6208946345407464,0.7088345680907675
0.7932857462000253,0.3491539049721526
0.9174358090078822,0.33244584910813124
0.2010234225412531,0.10123225153436717
0.20416076829881102,0.16350997605947176
-0.7062390971852726,-0.2800242259608846
-0.02251725892624923,-0.02394374078578192
-0.509792267442115,-0.3131015454963898
-1.1570621183230951,-0.49185739871993706
-1.2103554256751954,-0.6899184557490954
1.0197924311058302,0.5527206090874309
-0.5483335036580804,-0.37313872422586425
-1.031593378467737,-0.47590835734720816
-2.446378552978448,-1.2128325450634396
-1.987803344122429,-0.9183340901927266
-2.4217290503372877,-1.225602083397554
-1.497294527525981,-0.8102204772191048
-0.9837377800418827,-0.5425774232518822
0.45518508019183546,0.1612607962821337
-2.4370389513937822,-1.18949232769308
-0.8149480681589542,-0.5359112935215066
0.06407180715470223,-0.04877818704213058
0.5754294824578384,0.19537164220800612
-0.09480005590805973,-0.01146044272476391
0.22557265858877623,0.23808686538813534
-0.9807915330994663,-0.5948459405669502
-0.8433883496576118,-0.6250946796980671
-0.5088962443685202,-0.3020159129664316
-0.1773082595633291,-0.11654196088087403
0.45951334779215575,0.16183729110505257
0.8693762954383024,0.6103672525681689
1.0706564836868657,0.44301953474756756
1.3139549030274578,0.6676972204431052
0.05802703800959996,0.06881663119021927
-1.0528631904764072,-0.528648283403712
1.8505993486582644,0.8126875682422611
0.13338270083652792,0.06982927040066972
-1.2171379706773693,-0.5402180217594078
-1.3818670734458456,-0.6222904512853098
-0.800049466779015,-0.5551559819844517
0.14094217401033315,0.28161180160216587
0.8026034990807905,0.34338159464674073
-0.4423637791851384,-0.09877095742104205
0.6866551206378086,0.3736212759346139
1.0914855909893055,0.46522620043449325
1.1514017275274284,0.4784334692569272
0.5977847444449134,0.2043600460491079
1.1499406044185008,0.5568472901729485
0.37250163456807256,0.24345090218433074
-0.38318087350559293,-0.3154009444371442
1.6877170670202524,0.7715006908608842
0.7486503905202389,0.6006929576061362
0.3510714718161756,0.14739429827898506
1.224460804721213,0.5949287947742762
1.916950133306263,0.8335492189566953
0.22799953477788004,-0.09134569052483965
0.9467602363359275,0.4475728138293097
0.7332403794288519,0.4353163211124764
-1.4615034333375667,-0.8158734013745199
-0.059577251635539175,-0.047591327620286214
-0.3628555347162544,-0.08821293321236134
-1.6359834800861035,-0.8777818072255258
-0.9397281589861552,-0.47958428253036106
-0.6253251988122097,-0.1793350361571455
0.9908540886519939,0.5530679647146295
0.9216553992681075,0.4565722079873134
0.7459358386280851,0.4998364667588922
1.779260166151695,1.060372505802722
2.4372102125486803,1.2144699812216724
3.2019162460130266,1.7228752366121527
-0.6353002977736212,-0.21126472331622762
-0.4391709522384825,-0.16211280941540457
-1.5582030528485917,-0.7056641867373828
-0.9254817221581099,-0.41146356542917073
-1.2856964344172663,-0.5661825021993724
-0.36984768720031025,-0.23787216728917915
0.07751247394438651,0.04899013316460448
0.421740033268278,0.10659605296066826
0.4640677571493892,0.2262252712792078
0.14812521845871784,0.2992165204281716
0.1303903770168146,0.07042017738327266
-1.0982186018129194,-0.4943286631282622
0.7319247924887982,0.3440723409156119
0.000882271237374388,0.10629478248455287
-0.12790095491251058,-0.009384863701384173
-0.5694241414094984,-0.2366135860016156
-1.0899105074637763,-0.6434673785434385
-0.8214196538911789,-0.5097502985337243
-0.969718022405119,-0.7161910015404466
-2.066770208356944,-1.1210383090067177
-1.3982577046527926,-0.8586329616120354
-0.508593537618635,-0.1838569742993773
0.4423617845454717,0.2992402918029651
0.3503964525457757,0.285627656919723
1.9722035032963656,0.9989482222156479
0.3635651399924731,0.009373274300198131
0.8765794513841262,0.28784409021200025
0.028295083286098754,0.09264176338335528
0.5181192745554529,0.3145674487987225
-0.04204112461072668,0.031733645405537386
0.5848482999970058,0.358030292589647
-0.8197682138885644,-0.3622212208420562
-0.14049351347332484,-0.049804470952158626
2.009610160308017,1.1102088123092064
0.8831453380269507,0.3879981560529885
-0.702589860074302,-0.26353691504772264
0.06729569603389374,0.13054494438374104
1.6411399297435476,0.900187856639287
1.7870415927193881,0.8291145989730563
2.795316091854257,1.4319628538270817
1.6986331392330223,0.953130490843329
-2.1175160673612425,-1.1038844893891857
-2.0165382706046007,-0.9016753823946622
-1.8530271870512554,-0.9485026583542062
0.8812867275357599,0.40589291522423643
1.303174937753859,0.7523996910123362
0.33882510106817276,0.24587173452041133
0.2322996581360966,0.13676738391397017
0.20327543653961466,0.1730636773192806
1.4112704958930273,0.6516985695124771
-0.5750800421404778,-0.47383401348752063
0.11050014577211337,0.14347132149714992
0.802631590212201,0.5707552409704904
0.09092792000325745,0.1205410466065195
1.7244784080366213,0.7998042385097575
-0.48869552164092744,-0.17940152370057746
1.0895746803609097,0.6526766653197287
0.19819883930170262,0.04398715731172014
-0.5012434979284166,-0.25192424840148675
0.6909722190945748,0.40051857153992115
-0.6176605884394308,-0.23245237251192638
-1.1877913993585716,-0.9585004240117125
-0.6489343517677957,-0.41326692550324345
-1.0426454636908657,-0.46783826092781056
0.141856580878849,0.06543396042218466
-1.0630123385914432,-0.4929827927941465
-0.470175671756206,-0.33807543287970665
-1.5894662465397742,-0.7517846772894721
-1.1300326274959591,-0.4652646113755749
-1.0527603620007955,-0.6281346847990015
0.35268797832445375,-0.03599179937868183
0.32934811365933275,0.28828814018652854
-1.130727423741966,-0.6120905376307062
-2.0132573575413075,-0.9407796943347067
-1.2477488020291394,-0.65836469227337
-0.4548972763324436,-0.2572682686973102
-1.3516855930418803,-0.6348177028306451
-0.04425061598683322,-0.29080703186227325
-1.1907440608067963,-0.5378556013690746
-0.7426445016253822,-0.3770292758378489
-1.4075378835420675,-0.7933613471553377
-1.5204173686749047,-0.6904361429113782
-0.3986614657522294,-0.17891596134971383
-0.36025518557025443,-0.10395835646628034
0.10153445368437578,-0.05937233667337159
-0.6097713239966505,-0.258303679902671
0.6590405597177069,0.2880329410019737
-0.3785737127296444,-0.18652582796173828
0.3011415451849427,0.23018276059897289
1.3295028562372067,0.560915475856546
2.64815843009405,1.2236408990109657
0.20361442589149648,0.022533187314201564
0.8873683940072984,0.45240917156816385
2.4082371314234523,1.2265176020204012
0.9056354674575335,0.4967247486386169
1.1792875930148723,0.5978458741060105
0.7089523003099188,0.27601996337859375
-0.23848117189903195,-0.13427420338722887
0.35308207217555576,0.13444137582786495
-1.4766184618998264,-0.7798193427974822
-0.6398233085966825,-0.24724779953051623
-2.60229011760086,-1.431677849812863
-1.2255549309874114,-0.4544847887385665
-1.2682343810340329,-0.5922167269905808
-0.827858672151152,-0.46223505466916054
-0.037657194580958175,0.04009391845323386
0.8372886466292754,0.3582521677728562
0.5178656164465997,0.33183480070460347
-0.08562246902048548,0.030599998831139674
-2.4726016541889972,-1.3247958975224159
-1.8297143895258412,-0.7544490732802906
-1.479058049282983,-0.8356936986387635
-0.23693231171901902,-0.09575575281700047
0.23342510041307268,0.11664634760566768
1.0237403414885282,0.4298054059106651
-0.30375144531751397,-0.009109416433113665
-0.8436487426139185,-0.4348660788136863
-2.794731482541344,-1.270609311053064
-1.428706113849727,-0.7741637114608528
-1.0355367680558887,-0.4411235336914857
0.21856564429029124,0.06588832279459636
-0.2894206539855204,-0.13738777903001953
-1.037913008764987,-0.5601689869186707
-1.3613452421495937,-0.6842897258307334
-1.3719680031114843,-0.540776534437362
0.18395316258946914,0.021916318000629362
-0.22916322487934956,0.04348380155358754
-0.9768777720551969,-0.5976610729036894
1.1130924621957359,0.5772248409881521
0.47949238204595257,0.1273155576076429
0.8965353618600591,0.5937870193253693
-0.03510620272496712,-0.12844601124240362
1.1675186069529218,0.5674883879197532
-0.36272766629252196,-0.30295600365152725
-0.20976966396473826,-0.23302135579028554
1.7256828980950112,0.8577124121874264
0.3594037964201657,0.22880218255882748
0.3013496078708329,0.1543398072473244
-1.1582867502286651,-0.604313891689567
-1.5672698923833996,-0.8712386452617977
-1.612057187069558,-0.8195798890615911
-0.6541792409113341,-0.2889650997784961
-2.38938214887294,-1.0005268124747135
-0.8500873343528803,-0.43681653327701603
1.6949243643117453,0.7909798326477935
1.2884198763417791,0.6069126888334667
1.252919578067988,0.6594958303259048
1.4700894811306533,0.746052374176609
0.803266140258373,0.5390067881213978
0.6362030063853692,0.22699021641830358
0.3994621230723489,0.19408353237464532
0.47768160866703346,0.1132061585952158
0.5892150180672441,0.35412424991770364
1.34503319472234,0.7247625258899966
1.4466073332594387,0.8079875138464708
1.0935354731062434,0.5555348611433415
0.8254480037197357,0.4681016221089193
0.6508202927863658,0.25670775972645754
-0.6357191464461012,-0.4401297734892371
1.6930861990283932,0.8746610153159715
1.0786048047780596,0.6735331653338616
1.9180951636409698,0.8545480558828009
-0.08808062900008662,0.0796477570745662
1.2481809851233197,0.5014141923571049
2.821046714628179,1.6802443103551317
1.4392572928610987,0.6754111493902903
1.2613857894346054,0.6474887992838093
-1.1913275073044725,-0.46758548581864523
-0.6308515376685726,-0.3047592729352974
0.9178622870929116,0.3664989966754498
0.8810326000149182,0.22217189327131656
0.775795596069256,0.2380205762554164
1.0401483029225502,0.47470564899966083
1.6866315715533329,0.9093937120575138
1.603480362275498,0.6649273668413885
0.9675714784890327,0.3734977340220423
0.37874944659369136,0.13144003118945416
0.7325105679293931,0.30279497490476714
-0.03061026724237903,0.05165646661770304
-0.10119379158613007,-0.18698570217319097
1.3072805594051287,0.6327654743578269
-0.2730861248066825,-0.17873629995373086
0.5038026001358823,0.23577939544240067
2.7138000007787055,1.4114471843924759
0.5177635111679335,0.336710794338754
0.3914230189586887,0.17143604566511755
-0.47787482610305887,-0.2751091752652893
-1.9559970474306816,-1.0334343875085525
-1.265659560817966,-0.6219037369842215
-0.2748332867784118,-0.14479866412585957
1.1188237281207298,0.48238028523970566
-0.3631164793191872,-0.2852977970152925
0.5128493881395499,0.17840104506542118
-1.3723511375969515,-0.7069135170527211
-0.9144505763344288,-0.5129514082616711
-0.6521476962932407,-0.35147873737988167
-1.177345322298852,-0.6824050923016943
-1.8144965799017378,-0.9661489115673505
-1.2196036385874574,-0.6171674835093035
-1.2839348813724811,-0.6348401062754552
-1.4732896867103409,-0.7665541351541195
-2.4107397929542813,-1.2303797667366518
-0.05961609081917285,0.07810597076845066
0.6307000744236985,0.3728166818679871
1.0075534078996278,0.40797410107451737
-0.41833845637522693,-0.33915707463597067
-0.7877097405441533,-0.29028061416315226
-1.323654782309907,-0.4931996507777372
-1.0071050762666467,-0.6282383178248883
-0.7237245797617027,-0.34366617399220306
-0.8360448914810603,-0.5241643449213896
1.1050483114851304,0.47875747536738394
2.431895444127452,1.0968870067076746
0.39157016241696013,0.32710043799409516
-0.695074621379045,-0.42547522394198567
0.6809536523552648,0.3788555535148461
0.27522431252752,0.1665425352235968
-0.35930642232383847,-0.2209668045477192
-0.3414066324294366,-0.2725321512955603
1.078984335101597,0.4316770021429267
1.4331517579696627,0.7775267955755053
1.332110412138669,0.4497088233822059
0.8540099035063686,0.40978195692536756
-1.0412614796684239,-0.518702266348656
-1.41894162402275,-0.6033712594485264
-0.3415018451957486,-0.18702652714148074
-1.5462274307065063,-0.7233917896244266
0.1178962534068495,0.012459470897969262
0.8056567801680543,0.4521587218826641
-0.4140424111761319,-0.17610373139072422
-0.17878977242681449,0.01974988613884214
-0.3091898576127081,-0.27949988990179886
-1.155836999769115,-0.5283888719940767
-1.6053391203456202,-0.6354037235587491
0.4316493419409194,0.3695891340399696
-0.3176257892393913,-0.252854851964308
0.13830938089791422,0.14416555840085205
1.2884870691705053,0.6611823052347259
-0.7458944663627586,-0.42689005858487455
-1.321182687198201,-0.7981593265784919
-0.8241129292886553,-0.22301777910156842
-1.0737305642803827,-0.5476887825368532
-1.7161138162242044,-0.8136014136262659
-1.5127472830602762,-0.8325489596445295
-0.355681986428465,-0.15374762021893734
-1.3822683072781285,-0.6747080059576703
0.6621279521861269,0.33694079774364716
-0.09317000519333507,-0.09112775239374614
-0.25127152524615237,0.004672157345162659
0.38247271748422385,0.11800569023406687
1.5136030970146286,0.7470099006365888
1.6473815140305768,0.8540458892710976
-1.2505721002892876,-0.63734646538707
-2.016686876015596,-1.2469212831065855
0.8380436758283435,0.36148050934805864
-1.3125618528203105,-0.681407265822388
-0.8231221600525459,-0.5134750381565256
0.30784316325841665,0.16045969419511877
1.075043828293854,0.45416859381487545
1.3371592437363775,0.844678837472498
0.24019403112962107,0.2209534916223798
0.502352836298176,0.22871525318775165
-0.9437114012298768,-0.5668334779156184
-0.5839041107427199,-0.2595447142516746
0.7538471533164377,0.5687984328656888
1.1816851590714854,0.581584214059343
2.2589857110406983,1.0986959499769766
0.19448636898441218,0.14706175429201085
-2.659222236514556,-1.3468912431857571
-0.6824322168228724,-0.30082122686161744
-2.291747836486853,-1.218545486962522
-0.24252944686846611,-0.27415641825397663
-1.0107933834373743,-0.4501930427067674
-1.5995156959395072,-0.9768135513639142
-0.25936614192153995,-0.07704488116278545
0.8619550195615354,0.37731926720738795
0.38379043058181694,0.0774515939910309
1.1549311007445262,0.609058940063739
0.06166307192130038,0.11996009314771361
-0.18606054696199759,-0.171147736954668
-0.26360916684109537,-0.29523551158957445
-1.2485608759958073,-0.6518971585053479
0.2336810436526212,-0.07952994128481972
-0.7187736661876863,-0.4694333794380675
-0.9580099982777401,-0.40527334095212547
0.12423733583158136,0.05163932126376517
1.0609881873444724,0.580770584930701
-0.2033474933276629,0.048096744633565114
0.9301631304665874,0.5031046991582281
2.1616469382489636,1.186920180595356
-0.5475176600758447,-0.2367510286900516
-0.8334404332087317,-0.422301984804895
-0.7307050083304741,-0.341613064947735
-0.7581964974141905,-0.28465658154819495
0.005470620798292858,-0.08314051185456459
0.07545591650910469,0.021889902287664575
-0.8410481552633594,-0.38545069158363515
2.5794542057944327,1.359246830102584
1.2759110081817482,0.7871261170517875
1.0855392945799178,0.575194336557489
2.233424393936917,1.3138701183599477
0.9088760592145754,0.5552823577008639
-1.0185050472129733,-0.5428812087023486
-1.0483823082135448,-0.3895239167722699
-0.35487396016332795,-0.08271809493416145
1.5716130259331136,0.7313874688072073
0.9321254135161683,0.5755441532467125
-0.44302784543473195,-0.25944580937095635
0.2104338978060969,0.04545945015064522
-0.6560862556070114,-0.5011640909686623
1.0312123646594846,0.5649302701360814
2.1827984677442793,1.1486276612191992
1.3432799862414408,0.6500377092961362
0.05992549857888074,0.14949102432135936
-1.3025266025565132,-0.5315023898218243
-0.6776392181715565,-0.17116639455394755
-0.24591851078453117,-0.09111472640391993
0.042936893439630225,-0.07043217486024446
0.7217113233563158,0.4634061741212192
2.649601226836314,1.298747493064779
-0.11583365619322739,-0.10986736971841043
0.9743413744601995,0.46762344111653675
-0.5185263200652391,-0.434968989173654
1.1361055053555011,0.49111130253052837
1.3057298334434508,0.7460516859881394
0.36324206457049674,0.15568135889067128
1.299488344297288,0.6523415840273171
-0.6912217454299738,-0.2189484772474896
2.6099596524770163,1.2718008626964687
2.1894012574409034,1.1206291025843689
2.4213820879296484,1.0654564421655874
0.013301286930196943,-0.10585592752779752
-0.22213280014050837,-0.2694005459285493
0.603738972908803,0.3568155208230115
0.28242622198391093,0.15327286315780225
-0.3790154563553061,-0.21835284717331205
-1.390536608426688,-0.7928687109941346
-0.8222993303032652,-0.469694975468401
0.8644474341290327,0.32958722799704737
1.9068038898593906,1.0357451832768416
2.057529766526226,1.010752171923247
-0.2590692653028327,-0.13279121323340856
-0.0455477840677003,-0.012749701694753554
0.0551303735296024,-0.03437003415195722
-0.714856637913887,-0.32341326931317843
0.4724893054772411,0.19215408870010806
-0.556048234691334,-0.21650534165379554
-0.40635027555811326,-0.30543732102657795
-1.4707988409269819,-0.7926025276528206
-0.8993076977126269,-0.2846657947106294
-1.2746690770386455,-0.7850100465505204
1.1734033867710458,0.5596435292167721
0.865688740652136,0.5918821854112893
-0.49399144078507756,-0.18104718786547663
-1.0122638333043916,-0.5203003593383025
-1.5858135988358852,-0.6446345175177015
0.37628304624243925,0.09115376296024608
-0.4301167264073562,-0.2545025760107325
0.9831382468461324,0.4942315817953477
0.3304078567124913,0.14983287694710526
0.36471275706742545,0.12450155782116062
-0.7692681669783819,-0.5110535831764325
0.2545468226196913,0.2966554878363929
1.2475697966123571,0.9109309064910078
0.7043993477132525,0.45364744583410915
0.10438626768496151,0.07973423609159513
-1.3444240777591718,-0.6475445783779485
-0.044900447057864334,-0.10218604666713704
0.5344924501888438,0.25323667010556306
0.018693802975877027,0.09557997383531347
1.7216385215428396,0.9175738816840564
1.5645143292766828,0.7816738453941262
1.1127626800000479,0.5167381624688251
2.3706700500801587,1.230330039968695
0.88334000817338,0.48664366928219
-0.06480945649856862,0.03161051857140541
-0.4968557431139725,-0.05394331927315235
-0.3479827243914309,-0.3216485435109582
0.9428343353271371,0.5407965896427244
0.16658257208364474,0.07317920435161213
1.4185742147896812,0.6411583329026314
0.8820941303779163,0.286981723574403
0.21621591109620525,0.0010029920223219718
-0.8091100595585059,-0.23452623571718578
-0.1891856303918132,-0.020370959183356782
-0.8564382757727227,-0.5476092148214222
0.5745750822139752,0.23235937355147396
-0.57273552637144,-0.3903860254654994
-0.1914451805665397,-0.11785119830388266
0.19473250229761946,0.10734793351935173
-0.7382211482278325,-0.2659447276789916
-0.5009469504598927,-0.21742167549096386
-0.4744158012714169,-0.3457716315892142
-0.5201797644263857,-0.1909744509338483
-0.4117201163181957,-0.3330296195522442
0.3616959055260814,0.16976357990408047
1.5532727455146194,0.8242540822459632
0.2670949328539654,-0.03794947060198767
-0.6139965306236475,-0.38804832590274574
-0.2872830840801056,-0.29989981367230595
-0.97847374612748,-0.47952212425277196
1.3661325169724186,0.7577281661835936
1.4957222773837922,0.7004481905964323
0.2972025327014644,0.0031133244373018343
0.8667337851921193,0.46884223391479146
-0.07237154308521243,-0.05655294441625042
-0.18570555128189392,-0.004395153136548105
-1.6421165458130809,-0.7711493548343656
-2.0028221981941408,-0.8870731885070222
-1.3320419050951007,-0.6575099649656363
-1.5961775518176369,-0.6870416087887539
-0.352771192238163,-0.05470068319313995
-1.0749233507367841,-0.5136759152699832
-1.2031161640029018,-0.5480871106215018
-1.187950758530881,-0.5023731053944686
-0.16240748332192262,-0.07027767710808511
0.9545685394349184,0.4973195380858337
-0.9937620322226739,-0.46295376191033794
-1.4317036666297984,-0.6140652495039594
1.1956937578383808,0.40943048878341537
0.885554008696271,0.35195357875614586
0.9354931124246268,0.4594401965624584
-0.9453033354345668,-0.523966780595384
-1.2183877403486787,-0.567457209910665
0.8043407854068534,0.3230175132226145
1.5626727421085929,0.6280330952683453
1.342045604594803,0.6414747415632028
1.646971052244517,0.6268640472376603
0.6020693584150041,0.28375189719009847
0.1724282173553664,0.06967623964465575
-1.590993723623222,-0.8065253955861276
0.1214807749750415,0.09236598230618258
-1.9601815546072365,-1.0200779358403897
-1.6113496231603155,-1.0411601814761366
-0.31862316956024195,-0.25428598810912073
-0.18366549279381886,-0.10208936299206453
-1.4583170470659792,-0.7039672213279459
-1.0894648430028753,-0.6017947770264022
-1.083989073617111,-0.42073413644140073
-0.035159888419863616,0.05617742589688168
-0.7889679899371727,-0.4017970328041356
-1.3269447597604542,-0.7668772095283181
-1.7437130777930308,-0.7956851849001786
-1.1549625731018867,-0.4083135609362857
-0.8111794123505183,-0.3887675182869837
0.48241966037184536,0.13339337254907058
0.17164908310877508,0.13928348931796103
-0.24859736325450485,-0.04341159146492693
-0.31531145997906757,-0.09397766705715742
-0.8539338264761456,-0.567375475245364
-0.9796471691788591,-0.6529744328204402
-2.3994964394609073,-1.1802352058373533
-0.8837716277609903,-0.4388114696344457
-0.4134610836523231,-0.10134876034997752
-0.4849718143439113,-0.19163819745900135
-1.7924183266040195,-0.9827991257390509
0.21444664510120748,0.12412539511468954
-0.41312820886724966,-0.24408230751167737
-0.8767355305287998,-0.6541501059832929
-0.3437225600083883,-0.14499191278938417
-0.9671077997633161,-0.6067639443024416
-1.601168084216767,-0.6444437280949182
0.6664009403620531,0.346544910121105
1.6085368144193941,0.8248038865116095
0.8969568039394665,0.41310344857732506
1.5323693267194862,0.7187580282518174
0.8313502742446266,0.4856271583663455
0.4933838137312693,0.18388283136725353
1.3726883006189345,0.7328991444389177
-0.38375011766288936,-0.1873065682695418
0.39335712788715754,0.3169403199433687
1.1890470973035792,0.456652021177139
2.046730098464026,1.0499732143557297
0.9159944560191421,0.4294926793126025
2.102901480948713,1.175855183696113
0.5693141605240243,0.2399965665318781
-1.1207576079826937,-0.7345162988368827
-1.2275214923563427,-0.6634922944384128
-0.42879164420794325,-0.23751386364274413
0.9617591959928172,0.5281901266704722
1.540953736300914,0.9040469324019405
-0.8685401963084867,-0.3709915809742442
-1.8250985520587792,-0.8288194976020558
-0.3279617959300833,-0.28903651406404257
-0.28676796407986965,-0.25239188933210716
-0.21589574708024895,0.04647780309913718
0.4050572415953718,0.34182199192014945
-0.3909174578226378,-0.3411570278896188
1.645940544469487,0.8988341672221344
0.6887485038482243,0.28096011149557343
1.711727155562158,0.6268724923060898
2.072845581572179,0.9177873730985192
1.2661814145741912,0.6210634148160051
-0.4566924775395925,-0.33427123034489936
-1.725828925834764,-0.7541827683592077
-2.3111521508889785,-1.125898802488973
0.6835293276219749,0.2653122360955561
-1.0130602884769226,-0.42371945686482737
-2.395737513453225,-1.2762561286961096
1.2999152329025336,0.6412485401856524
2.051640181456684,0.9860839194448577
1.554762540313304,0.6216360574420126
0.5196454950989955,0.04459261303259421
0.3362776037351794,0.20078432149662417
-0.018852063077048703,0.035544498435483796
0.34365827540835764,0.10171620933956019
-0.8821952221432325,-0.2977496978316364
-0.944433397931305,-0.4900522962666248
1.6401121452870955,0.8585862137520165
2.1461053795264364,1.0046962949456533
-0.4223209412716963,-0.09754394186056
-0.1280565860000606,-0.2622652331443085
-0.11176330964027145,0.048877172496586005
0.6219700184631236,0.27625105447137127
-0.28229419512428133,-0.2535063250973487
-0.8207329546308457,-0.2905204887476086
-0.44209977800267625,-0.20759724988339542
-0.1082168403160223,-0.12907440173271784
0.30824275569748905,0.16125005174217866
0.4216704234621056,0.26351326037587375
0.6543086677655952,0.3993341806189469
0.6118240810111905,0.2976719602700289
0.7949066901065396,0.22597421501120632
1.22916073832447,0.5975032025132323
2.2997324938485284,1.2695640914145154
0.35234312834123555,0.21369154639061547
0.4147339493687968,0.35844576672468287
-1.0295901497594042,-0.32554095911453085
-0.7718247880283626,-0.5198867193023851
-0.47677730450409306,-0.2914646192631742
-1.7482536462833165,-0.7643562768333506
0.4538112753771656,0.1919499735143816
0.6025694407870488,0.3075748031002189
2.58973619315031,1.2818701056254709
1.2884334755944127,0.7070768126869817
0.8072096127310854,0.42318123567632376
2.0612343304483476,1.0590475738112364
2.1155624925605094,1.0241962342134976
2.9845340828849776,1.4866774232470035
0.06045382721022152,0.0775023204332646
-0.6460174164463315,-0.12630239391934564
-2.9085737484906486,-1.5234006385975694
-0.010733107216619797,0.024896386776818203
-0.3014377621683524,-0.17364894397240854
-2.078576467814876,-1.1545758761541218
1.0596579696128174,0.5484561767124951
0.7959828851902585,0.5050001147206885
1.0023921457686746,0.6213920568387311
-0.8342645410440718,-0.5395264129497159
-0.4844253260245017,-0.23265149791997
-0.24687485113350174,-0.07933641988228135
-0.7163854421614009,-0.0821833708270896
0.5401980259266547,0.31839869782044883
-0.8613680105390598,-0.4436332449151289
0.4724366771535176,0.13413487233640514
-0.7684450440058879,-0.25051496413299534
-2.2084341980608015,-0.9990518687974653
-1.1745073220491702,-0.7583418974114134
-0.4131330418133931,-0.3320760872332547
-2.3571727358660333,-1.102061963819735
-1.2129351498286178,-0.5805383729289655
1.446600540742157,0.884637829498141
0.7144584239276096,0.21211813742506788
2.1588673594395393,1.0400456335459844
2.286750302861586,1.164846772217138
1.8305928496471542,0.7868913697480721
2.2110889849138893,1.2230507169786131
0.8540569057972337,0.50492400133982
-0.09791461409382851,-0.04156670195423357
-1.0849621630568762,-0.5998015291216859
0.4424270968336024,0.20226846576314547
-0.33354311053559527,-0.31621537980162073
0.05370507678202607,-0.03391837872487674
-0.5462661308391723,-0.33168737454382835
-0.7747232734352674,-0.44752052982108376
-0.7424691330092119,-0.4620005590724008
0.33656897339422165,0.011888708169071505
-0.20277875391729025,-0.004750316093990445
0.9120121656426284,0.36870023483267006
1.494498772520723,0.6032530471455829
-1.032268136510265,-0.4002103331477061
0.5060680887695282,0.2368755530361217
0.2835428117566823,0.030678251775583226
1.0397733433200744,0.6824528680458715
-2.0671293625880174,-0.9824803506936195
-0.9565330660584922,-0.5926865422048024
0.46763128587652747,0.3261272427373443
0.47246678329095826,0.23003601982118602
-0.2471153434132804,0.1855260428213544
0.1876924893920429,0.24228659204612457
-0.10333485990166638,-0.15121707528525846
0.8270799672762713,0.4755366163003649
-0.43441194232464714,-0.3064763860678551
-0.1559544587832481,-0.08889410839047342
-2.4509836701138403,-1.328672180425586
-1.4149502953775976,-0.5890445852863593
-1.2359192464248245,-0.5670766163730822
-1.3546243445533073,-0.7805470988171951
-2.2682929650147403,-1.1292067750741714
-1.145873033944442,-0.5288880886297007
-0.5320712668577802,-0.23294282406703537
-0.5143019089845623,-0.1520315153471835
-0.4225599928664366,-0.12710889552213878
-0.366147781920215,-0.17058242187117312
0.47537755126299064,0.32337146790247795
-0.19739260679390325,-0.230009854017452
0.1411504289656091,-0.03593412154229923
-0.6150061614785922,-0.22922584099868604
-1.0281671869984874,-0.4001871340850595
-0.15496570678115196,-0.17094815484749212
0.3309325042092916,0.11695199016845034
0.3573976317694738,0.19462828871921822
2.420928117583385,1.3204814221036372
1.81405525883246,0.9628666564007433
0.3890066576773591,0.08884303076790215
-0.30724687002383144,-0.11957422471728898
-0.4037333814915924,-0.06718107010637173
0.5419655464506283,0.36323771345014855
0.5372915467396362,0.2817691878486132
0.05013763815766564,-0.059376090679741186
-0.24905930938014995,-0.3134522338857629
1.79318059947661,1.204949169091646
-0.6762999431121817,-0.1508223649887136
0.8691243343097067,0.4458704074977797
-0.45214526067758043,-0.22291060509522984
-0.3626788803490096,-0.22607309734364528
-1.894906784795083,-0.9309824433855728
0.5480974722767767,0.10704934150903728
2.039911510139032,1.0956929738240029
0.9787134146712145,0.6098693895757213
0.12786833931030056,0.04491518980259332
-0.17815567379273356,-0.1946738822957194
-0.035710063553002866,0.15539851148190414
0.5160098597210926,0.30814535336743853
1.8495643627242484,0.8767964227558547
1.0662830670006052,0.44814817715631494
0.010897973983311049,0.043997568286706965
1.187696198721793,0.6575150330089906
1.3772703616432542,0.6260252338352189
-0.03313201200145022,0.013292658928927198
0.9168239887030105,0.364670569541713
0.65696474953033,0.4376504533470441
-1.3032796799126807,-0.636049808098195
-1.86211460735042,-0.8678559392017828
-1.314667094073054,-0.7199621092910893
-2.8267747525980047,-1.6172668130742882
-0.9228435956534287,-0.3341782765035446
-1.3543819140143476,-0.6526126836339596
-0.19781386063081158,0.035992963678816825
-1.381102614403973,-0.6136774241151979
-0.13505201302516767,-0.07105059823746157
0.08917732070200182,-0.1037164093400753
0.4182547786591806,0.14637864796941905
1.4373815035171909,0.8073545845098377
0.8576102727067214,0.3531817775775114
-0.06013627086513579,-0.0006058541425322111
1.6433788923139296,0.7219423611919542
1.9115628238531581,0.9880777814638192
0.8438537573140598,0.2248520075943564
0.9174966809737295,0.4096564501856299
2.2809291180183155,1.2000379076870487
1.8396016438597607,0.8440171058130117
0.9548725372970817,0.4954818986020373
-0.28382271018354177,-0.09882198537985987
-0.5672602698789969,-0.33430372992105417
-0.5113687188520251,-0.18487915482688055
0.7867688013877747,0.37978902082115357
0.4656496704594808,0.08505682702091619
0.4099850730299742,0.09127919443241028
2.214296010663305,0.9985134333446951
0.5348933405330187,0.11722245069228376
-0.324287508899899,-0.19530259915067238
0.6007565452833706,0.3206095484086837
-0.37094119065822956,-0.29097251216561476
0.8565958608461537,0.3093229783733139
1.1885981222716924,0.36994956292347514
2.3900274955021796,1.4634090982557693
0.7522769440073435,0.527180137730562
1.8777715495636702,0.8563375327449451
1.1366346343335052,0.5471940976509836
3.020881521968788,1.453478675943988
2.1935733301036855,1.0276591208617136
0.45777179652755484,0.10841200270833957
0.14019285280933333,-0.0506009397385969
0.6576281992984625,0.3167287934092108
2.6302289320305565,1.2547014414114306
1.794528871764466,0.9074140443356739
1.7709906955766364,0.8913506083037239
-0.4552422939027746,-0.2950039861915698
-1.592147090669466,-0.7177009960116846
-1.338596152879641,-0.7327298406270802
-2.5823944347212646,-1.2730175289243757
-0.2803725578805917,-0.07402701487937886
-0.3544257704611602,-0.13850007721577173
0.0715284328841653,0.06025266083784871
-1.1642310717899973,-0.4869962084193644
-2.073418691934066,-1.0597127919334262
-0.8822708453120631,-0.5696558629299175
-0.8726752833786036,-0.506523291968044
-0.7709437593377004,-0.20345200492940596
-2.3088274977030117,-1.1795159895039629
-0.6444712496893485,-0.4506175355095703
-0.4667514061856286,-0.37538554735163715
-1.810304572543659,-0.7466557774061873
-0.07830472490275009,-0.04755163518477143
-2.2271959887045605,-1.0339335684642066
-2.4691634393154813,-1.0989899996099022
-1.3053523521753454,-0.7683931600559887
0.051543074444228676,0.0006176986300780278
-0.5026689169029099,-0.07654333589871551
-0.8200334111372027,-0.40060580235436216
-1.9585708294407689,-0.8851086425354432
-1.264478091556178,-0.5618878748600308
-0.20576432757881769,-0.1354157943311181
-0.6085201736548354,-0.20056596973688334
0.5018692304245281,0.160386270053731
-0.470292548094802,-0.23909563160104813
-0.6303692932485683,-0.38225751767397337
0.81570144684243,0.5160752593096757
0.3164265026537455,0.2009416581984858
1.6687616515221866,0.8538237918136031
0.810173842000422,0.46852865857830944
-0.9899513378071674,-0.40258510789094737
1.642116501357191,0.6853436871271968
0.8144141533353755,0.36846383036898067
-0.40253257899287387,-0.25132138505519214
1.4248202063068542,0.8036196702565497
1.634768461263187,1.0133137593545063
-0.1315715032868079,0.02478853858334941
-0.22964572537747502,-0.20745314042861923
0.521637673708784,0.19352559943312925
0.5868895983810521,0.3018300869797706
2.5036646279383,1.155912559501056
1.450133849093458,0.7712203263213211
0.4414984791964414,0.31063287013125196
1.6534519638487044,0.9630394298826885
2.3838325265387543,1.304857503276723
-0.04828008195888178,-0.007437151296232208
-0.3287962638568485,-0.23778143708085442
1.1160080078904637,0.7043703509458389
0.00536674717001584,0.17717460779201022
0.6331105455819699,0.35452788860856765
1.60009543438664,0.7463572055347683
-1.6898007526800036,-0.904193273822513
0.26729295372168405,0.08977038956199669
0.74706114853362,0.4095787856350935
-0.7629821874777545,-0.3454899047855426
-1.116148254984102,-0.5780116459750378
-0.4368576084265305,-0.28819229820716474
-0.2269473128803878,-0.13729992161846347
-1.0799093758917688,-0.3696309042545224
-1.5131025308273043,-0.5853180955394744
-0.257078517765699,-0.09650730793434012
-0.13416210779198384,-0.16455109305502444
1.2767838192003511,0.5726954233922359
1.1460966534360857,0.5995283052943299
-0.6146966958569847,-0.1945315198224923
-0.9332017728011639,-0.5906239622751176
-0.4152652424469308,-0.08355545564854723
0.4538285825859805,0.35249354677347555
0.9206207918631428,0.36596830135541436
0.77636228403158,0.5237257074822659
-1.982355452746911,-0.8583556242950725
-0.6528321833598582,-0.49821228857430405
-1.4982981093876737,-0.9064635126567928
-1.2970000460414117,-0.5808979589148235
-0.4141124969508063,-0.4195421408480321
0.017378635229111095,-0.029418287105522092
1.2102487248051819,0.6174194222690632
2.4972865118387095,1.2807307785245023
0.5373331439116931,0.23796216374670198
1.2519834719679022,0.45532171901731283
1.1435737174310003,0.6182871496418108
0.7185963756179414,0.37176224455214263
-0.5769929825331284,-0.41979156893772523
-0.3695982311728399,-0.14593165111656375
1.7451085030887645,0.8019615810727847
0.5133758051104911,0.33964949205503825
-0.16561954701699888,-0.11669503623142187
-0.6731961092114886,-0.28444927340125004
-1.085817573315382,-0.5297639593159035
0.06998874568347357,-0.029068047801871083
0.574470879821375,0.3533572987406995
-0.7252701937905646,-0.3273997985299435
0.2236245708155727,0.1983597340816555
0.010679049796276763,0.17238823578085594
-0.5611224102882291,-0.2753044511226272
-0.39001363443109294,-0.27907323986706645
-1.5049110674160149,-0.6703070311834392
0.3677973700742452,0.15856916988388184
0.13059696733645926,0.05548389332370828
-0.31110285397774873,-0.11177950128820238
-0.8877479619139178,-0.3650546608477051
0.23959315757053679,-0.09815179069884328
-0.07460991587189705,0.06671606607208956
0.203053785103828,0.21692579136010537
0.04443325281425199,0.007318073282977851
0.03166168720032002,0.14648716826884758
-0.12089599442552398,-0.03992459429117743
-0.17793217861379265,-0.1353969386541452
0.6332471170875256,0.27430717265016413
0.9470696690172105,0.37590155854314133
0.11723358941477119,0.11385744832984823
-0.46671124412236153,-0.12832866253979933
-0.48454170427350807,-0.4352548924477734
0.2545657492756234,0.049107126894286354
0.2595604318497114,-0.040652558196376365
0.1307448391899031,0.11588667786243789
0.12975815299674234,0.06737932085332109
1.302865311378761,0.6630156268619634
0.8256812542029905,0.526200182750398
-0.11744484727692056,-0.06463843974843222
-0.16863510330375286,-0.00715156406364445
-1.3001867707074508,-0.7540148732333736
-1.3048503413030943,-0.5854474817002188
-0.11862729313154374,0.17173060222722203
0.5350410671203643,0.3337660746385427
-0.2997232938826641,-0.13223740605789278
1.1690361845418593,0.7903233255314588
-0.7285578608131529,-0.3299469870890106
-0.06693028272188106,-0.04073954370601133
0.05771542323008451,0.009918740223327269
-0.35976336283652827,-0.052628008080329386
0.4494307799014008,0.3520814800380925
0.4266883725898223,0.3093642488347823
2.137461500735315,1.1466597224521085
1.4235954008312905,0.7715230002794754
0.9828229188002797,0.6310715092069493
2.8351351843669548,1.395016967841228
-0.2298063007743445,-0.19575242475883037
0.22252777616547254,0.20595825302342352
0.1125830543684546,0.2691257210105637
2.7822702976291316,1.4210111300922876
0.45499083500932314,0.1110715592595327
1.4613528615444968,0.5869302075443179
0.7475427796241877,0.31035079440683144
1.6146009230997078,0.7892322119055682
0.26603548680798283,0.26665916842666504
-0.13152069276194153,0.0009636661447162687
0.6142853356216382,0.3251552894347436
0.39494118867510875,0.16540066265826284
0.9311347486990115,0.43541934666963755
2.754717513623351,1.202745523405965
1.9668818839593627,1.0293578010896962
0.07829460475356398,-0.04502038030882288
0.9466528878309058,0.5060062308819029
-0.7071477132288698,-0.45882604200539734
-2.427764923703824,-1.3337173088977494
-0.860144780917538,-0.4029466141787392
-0.38312498478045937,-0.33041647137541985
-0.42172115540941124,-0.3117125035792172
-1.2755661956882611,-0.8936294767240538
-1.381909244124627,-0.7759021370426291
1.3598809934248663,0.6676429297605838
-0.26980535761487345,-0.3202438137947397
0.41934647253227186,0.07654573148713065
-1.6873212318296937,-0.7169267952113741
-0.044001569055472145,-0.029201363432580677
-0.9464458595775662,-0.5384717052365762
-0.36084790965351615,-0.23409012268105295
0.31139788033898386,0.1318274944238353
0.4289480315030907,0.2554124521840659
0.55278231867927,0.32827956363062155
-0.9905451298448567,-0.643563722954484
0.3357951805087852,0.23698443300829064
0.7253783602438755,0.45271221522679345
1.0235459505747282,0.3111294204796946
1.4687621644854083,0.9559193599546887
-0.45017528944385643,-0.2433648980678782
0.27670741850787695,0.15745820719508705
-1.2177941528831235,-0.6710518729220624
-1.9415612102427284,-0.8583226492744758
-1.0812081177402666,-0.3123136560585702
-0.8073582414938877,-0.27217586095409807
0.9354897475792967,0.3577865986298538
0.49394672548608776,0.3097791737852987
-0.5094994972803759,-0.2095413488370025
0.33387174315032336,0.3043493106531221
1.2608580412399897,0.6027521959252123
2.1609539981601147,1.1619858684984348
1.2387615620026016,0.5454756175795407
0.48920089739621436,0.36869346588173274
-1.0653124490330255,-0.6044120036195187
-1.1009061233190316,-0.537571731445188
-0.11488712950118829,-0.07559275571733366
0.8499455572642032,0.25996838435428427
0.2138546613641324,0.3227534939892749
-0.448043295810283,-0.2849259006969073
-0.6913554271641493,-0.4460279557001035
-0.4338897193006388,-0.2251369178316337
1.505435696157138,0.6203368877645281
-0.01512887473826141,-0.014095542820978475
-0.2656346398818902,-0.21550841884364155
-0.4974201762947997,-0.1826677633820166
-0.5514637003960552,-0.33653286378944725
2.8163958073344997,1.4253139949222633
-1.5176185317775868,-0.6979159159428462
-1.051308908698414,-0.6671182643406558
0.11285687197507743,-0.11159626672591155
1.47346674992579,0.7995338388525709
0.4679450954748452,0.18733251856279637
0.534693567494142,0.17880168057157347
1.1408914138170967,0.5932788082552625
