1.7409280631291706,1.0436850534803366
0.6961325724400524,0.2543139389256125
1.1950382576473506,0.4198219204971212
1.5509795486320113,0.7508364836460858
1.631042206754541,0.9669208749885685
1.8777345767101852,0.7932615263321908
-0.23547034323326244,-0.20725629206742027
-0.746813094589004,-0.4132176648884433
-0.28802506210263945,-0.11656791785463724
-0.281529134344621,-0.2612699076368255
-0.533730691461963,-0.356173359660476
-1.891389147473949,-0.8326539269109264
-1.0909345835295914,-0.5651773456536908
0.4367592817129886,0.08917730402465227
1.1117585889976143,0.49679501507282203
2.206815758875919,1.157784476829938
1.0927308988742082,0.4352252892186742
1.4175830641734646,0.718502674469764
-0.7150315332213618,-0.3348537033243551
-0.7717371229429097,-0.461482910723346
-0.27472263634976646,-0.170209878829684
0.1253737154809411,0.009307865712443956
0.7210518053082068,0.27280872833085706
-0.3824718983907706,-0.18085550939314202
-1.3458343222234885,-0.800397317924171
0.47618776175995836,0.29236629738026493
-0.7550707543774191,-0.47201023282096505
-1.0022857055817,-0.31371191215763516
-0.03407360230346601,0.03944219985556688
1.0722273259957096,0.4240678502860876
0.266988560252927,0.032616494219085745
-0.36729284486946734,-0.271450666623745
-0.9800570555843006,-0.5483863528799375
1.9922487246329716,0.9853403310189813
-0.22387468604541982,0.0043864763774986715
0.6776790502961838,0.41203118308914777
-0.868005801474157,-0.2972701951711024
-1.6985965412347592,-0.8646839172468632
1.033003084580058,0.6018383485321632
3.7015591017969185,1.7618108798400154
-1.1575648483442904,-0.6780342890946942
0.816028984817359,0.334186088677341
0.6600880953827142,0.40732362344630935
0.8351973059999446,0.5355202637660686
1.4854182956970998,0.7418452970444073
0.057821688965403406,-0.047660312696631305
0.94019095022446,0.4731380506065926
-0.10853526361565113,-0.0652254764950458
0.05033688151226581,0.14862618614855194
0.14654609821320683,0.22926232020190002
-0.3611319834532296,-0.20463108727420654
-1.3754888280229682,-0.6691083457714213
-0.15182200408822144,0.12994909415536637
0.8029062546923217,0.44275848660199035
2.601862559221148,1.1973337936760085
-0.4456745759306221,-0.28420292199289343
-1.2818093084440036,-0.4155726272746234
-0.5672680422551817,-0.32647893807767514
-1.3057062364578373,-0.4083530842134647
-1.3190773145977936,-0.720462628625637
-0.8799392694640038,-0.41648743321800213
0.038776123363797654,-0.20255157032954177
-0.7432486860731596,-0.5568281848418994
-1.1190284930776915,-0.6154062951465106
-1.0106018455117873,-0.4279357210168747
-1.5968104058181578,-0.767611153752128
-0.8221270018605323,-0.3460288930243167
-2.764061060999248,-1.3870948280460713
0.26203243654812247,0.14755995055973997
-1.8430163903469268,-0.7912787428012421
-0.5152482176603014,-0.2807562416442853
-3.3504296666757125,-1.6970017848119352
-0.9967748073429625,-0.5187392393418043
-2.198349330451764,-1.0260421951026164
-1.2277101339026142,-0.44757666454619127
-2.220971646009875,-1.1362168498976675
-1.851183310972504,-0.7706338028424387
0.17951322993603713,0.0946407751945624
2.5738120608525428,1.160868606732415
1.9312789759775166,1.1909006064964762
1.6439930460860137,0.811118331703733
1.482851253103131,0.7058049841611926
1.980107398283491,1.0964130336768512
2.9161011482979156,1.688054622290438
-0.42780262469708896,-0.316027661707331
-0.06183948280515417,0.15321301351502783
0.857697856826504,0.45230270364479647
0.4592982795378147,0.33016600030933574
0.08669226605900862,0.025349084462106392
-1.7089615316555904,-0.8982747091218134
-0.44452335418896766,-0.21076251308147415
0.43773483153822385,0.16446793580264857
-0.47343124678539417,-0.17358092049465662
0.030817305821705387,0.05116041758501978
-1.190523649375273,-0.5278817537065521
-0.31220790935437526,-0.22154894371328976
-1.4331521607453093,-0.6097415656707077
-2.641247251372538,-1.5241046434164187
-0.8618836255416854,-0.5124541262194313
-0.20452754505441767,-0.0867438005899874
-1.4016459440592022,-0.794931664586244
-0.20907527675521215,-0.041411677247167156
-0.45240792116954487,-0.39304517149374646
-0.5277213333715458,-0.19279153527182885
-1.4332234704318498,-0.9021892032205916
0.767812910999765,0.32184692234863804
-0.8730240934183937,-0.615297815360053
0.878920243766595,0.45612063191466323
0.011464324400531523,-0.12589940671977617
1.0675727560188535,0.6954960318330443
0.08733786619445405,0.13704265212010075
0.3155253633429599,0.22485396890234058
0.1730718416659083,0.22960488057657252
-0.5899785242548913,-0.34645350370290695
0.6528967859974255,0.42971710485294584
-0.06870876025246925,-0.04623477125321169
-1.0708989816962773,-0.67554194642155
-1.2221079488096842,-0.5300713773656383
1.1021477325744562,0.6500201152811558
2.3273278069446155,1.148071728500007
0.18053803992299178,0.23305325154211848
0.28969371582268444,0.20511881349034766
-0.08623492514424172,-0.034597075269096285
1.24952994915985,0.6826417381994385
0.5508584630310387,0.24605375903287596
-1.0136673781996197,-0.4904398981705481
0.10586117422426977,0.2827087730958354
0.233255319862051,-0.06477636666539485
-0.38765002950480426,-0.18179777106314204
1.6117718412425432,0.9203520449657674
-0.2343495967513688,0.050970341087093474
0.6413841399649127,0.297275250321254
-0.20002324815499095,-0.1759631864463627
-0.6541102085872145,-0.279567092029428
0.03046922719357087,0.011327625817741466
-1.2273610916549633,-0.5299001876318992
-0.43715738566648943,-0.2378258173163869
-1.2362736167814543,-0.6489885923602815
-0.6916923620851424,-0.5090263838058725
0.23907888937584842,0.044764463627129034
1.9021956725429554,0.8344083165198525
-1.3684405598430023,-0.8697305019259239
-0.3403110141736986,-0.23828049032993143
-0.7218142197186114,-0.5184101858131727
-0.010015319129886235,0.09715240527248045
0.22405081815125755,0.2488268069443707
-0.3989469134458158,-0.27267405448697896
0.6015345906776461,0.2994573147165859
-0.4418567992699999,-0.41571066582503363
-1.4086145514784099,-1.0617990911512933
-0.8427821021495403,-0.4455424718709949
-0.6333641510890082,-0.3369455012238999
0.15534852072627864,-0.062296797170667356
-0.7268133888029649,-0.296676995509063
0.17782004656648553,-0.043058513261467424
-0.920996816969679,-0.5679314062872033
-0.1198106703716354,-0.06542201700443769
-0.7434126599502413,-0.5217177288011734
-0.3266668158287029,0.045176803297052676
0.6615091150776351,0.36123553185852286
1.0828265776338721,0.5353848770497935
-1.457587336554531,-0.6550538991422434
-0.5703984482719017,-0.07619213186575718
-1.4343153983979404,-0.787201187664709
-1.2650086233267768,-0.5264556721370041
0.176552049832866,-0.022304506606057622
-1.2842899050009606,-0.6175458426556746
-0.5137635014721309,-0.43685865984624683
0.862846003709105,0.4845766474002991
-0.30392907053737045,0.01807330648406638
-1.394550415473016,-0.7298599219931101
-0.12746714485903643,-0.3409515171509444
0.2056013418968523,0.07922322222624677
0.061192416143502126,0.06186977541695939
-0.2810216810368983,-0.15638300668919275
0.11155071462862529,0.15214926885076757
-0.596784103397645,-0.24608828396656102
-1.5388407413973693,-0.7883974781471121
-1.1030297740259694,-0.5433838289123479
-0.9043890090144411,-0.43285787245596585
-2.5034152201029958,-1.2348909239719068
-0.5948581243839177,-0.31653177242538477
1.3992682767397722,0.5417101813891617
1.1540707005777335,0.6413929500412864
-0.5547876732759072,-0.41680302632632654
0.684228099829535,0.3324922328809132
0.051086775234246984,0.1338621824206621
0.8896274354061321,0.5335048813272907
0.653736954783098,0.38694877319104515
-1.774826943757263,-0.7435640117430685
0.41822137521884595,0.17955664741964364
-0.15193204075015548,-0.15102170835024561
0.4579532436424608,0.38323598609057835
0.6920896085821497,0.2438047687656082
-0.41611411524559727,-0.22149464778703973
-2.3105097515376642,-1.1052861062556456
1.5863220941317926,0.7783183203488144
0.9629656887341131,0.5395678217295877
-0.6317282875549957,-0.3390630333480125
-0.5685810594726377,-0.4371294286380846
-0.7743649763998268,-0.355940699261182
-0.43245638737505293,-0.20125945176192483
0.45443111848220286,0.11437080455196616
0.4991530750331981,0.219571342503264
0.6961561896604488,0.2887159253495555
0.7408435667075504,0.3687904052272151
-0.5331199628175602,-0.5823052032916566
-1.2994328295004514,-0.6522258816053703
-0.29866755402349504,-0.26649995192723963
-0.37605332098106686,-0.24248623108911582
-1.512586191752979,-0.8780479693646273
-0.6767286527062395,-0.1967478919575545
-0.30614361954110475,0.01918742167164675
-1.682639856958618,-0.6556376238159057
-0.0116321431426053,-0.08239413678333332
-1.5810266455294573,-0.9020274029730314
-1.020944261855122,-0.41773439511356375
0.9845732229751017,0.41679565466505086
-1.1874770828765482,-0.5433797169256823
0.012688740948192723,-0.11558717310475028
-1.905772244743644,-0.8839620857898436
-0.7496168552602986,-0.28227385526818904
0.20574471613728623,0.14140111458656937
-1.9201494445963168,-1.0335831735517003
-1.8132566606601772,-0.7892354807898477
-3.0789675031857233,-1.5480600688580204
-1.5099961277980598,-0.5898062780146109
-0.7234877530979082,-0.4148489974202183
-0.430553278213181,-0.07108107151029891
0.3204683251416118,0.3164565255013108
-0.8240120677195416,-0.3404312088407882
0.9311120947519642,0.42318373449521934
-1.0701159401148386,-0.46623764722439986
-1.7738974993596757,-0.8268286674526046
-1.86259542500602,-0.7513247088031297
1.2598836761062504,0.6791736881149191
-0.9552767519878543,-0.3653277269639119
-1.3757367118201482,-0.6823536912450034
-0.3903696366656033,0.016553713522077407
-0.3577011763052571,-0.21015347611162796
-0.7919819998148152,-0.43778189372621085
-2.1432106390172323,-1.0150112760758967
0.0470746400486155,0.002025846238903825
0.8995536880634969,0.3915508034512073
-0.1385289948473284,0.08310963467737492
0.770257274868438,0.40380357774603937
1.4879009940070351,0.6884210916964596
2.0171536824581175,0.8899807222870166
1.725546861133507,1.0097524060648826
0.8322292587608912,0.45810153994390673
0.9679872962690136,0.49008283240153666
-1.1806980777156715,-0.5354733988137772
-0.9329558054559928,-0.4286294397737137
-0.18386772446110633,-0.13465781398021995
0.33775572933500336,0.16394694984737737
-0.05677503913022161,-0.03381863077613777
-1.8936008425294955,-1.0574608833026984
-0.5234567691983416,-0.1987782013862401
0.6752807535531723,0.3628674757515917
0.11589335775686066,0.015118578486510381
-1.3060880225439684,-0.8199890759960596
-0.7634725072546901,-0.28734913910473037
-1.1897481195560637,-0.5663915562173613
-1.7143371925597228,-0.8592943727469666
-0.4472773484925978,-0.19384297984347423
0.4118330049540451,0.18085344413382098
1.1657796859059184,0.5025505897734396
1.421735353845245,0.8707927520199877
1.7745180780465466,0.7640916940436429
1.8310655336906385,0.8529928307279038
-0.8508049812810247,-0.553621968740541
0.005354071579776132,0.012980729800929201
-0.3971895465543304,-0.21277294247948617
0.5683142804451589,0.1766912701393228
2.035185743043139,1.0639102850240345
-1.8619520667379055,-1.0695694101123785
1.3367267095597284,0.64617968435966
0.13321023592532322,0.07304763270280924
-0.10087482406861432,-0.0034958633171290124
0.5182754405616774,0.23051118550420294
0.6905333294373286,0.43317809707221067
1.0676687749669007,0.6589288162858213
-0.26672375601224085,-0.1265566984861559
1.063241603818073,0.560141503251561
-0.08249157630139681,0.07738261190484809
0.3220554978499567,0.06642886359275152
0.35302001166355723,0.044033983550910594
1.2415609141648158,0.76511178663761
-0.1391321076335773,0.019241601077334636
-1.7368540086796127,-0.8790916691347366
0.2347036872778846,0.13896663603106643
0.4696701048871491,0.19020866642918083
2.7973148325945885,1.3043302280308244
-0.606647222150884,-0.15352335028666675
-0.6207903330974174,-0.18261892348696632
-1.342776827773479,-0.6267340624467698
0.8416323047157351,0.39225148879393823
-1.1824090897827848,-0.40794731247858895
-0.6380889818429006,-0.40477284157059845
-0.36492267285322383,-0.19613665423378046
0.26836890589735474,0.21176946633008104
-0.3381991899880095,-0.13241596132177816
-0.07390881013569223,0.19850890854909137
0.07194453650524094,0.2965757342693773
0.5255253956994423,0.3715424952761372
-0.14168942798280143,-0.12887207089549568
-0.46562263941424686,-0.10990572531850423
-0.9483178982244377,-0.45340180478338576
-0.5561275244283941,-0.4291435758615239
-1.6627055452556445,-0.776044632505981
-0.15051740956022042,-0.16120738383503752
0.5652565306080424,0.12882454016135042
0.6162055614643899,0.33752332551198994
2.158200642213263,1.0226832869381133
1.7275307216498668,0.7599667861939957
1.3750523625883542,0.779963729914568
1.8751894748646158,0.8900571265030467
0.673104361288045,0.33320040583500027
1.1973552374109557,0.5745281701903441
2.456880633364115,1.1770921670149705
0.8148213356109879,0.48568974318467995
0.943944096493587,0.451350512997958
0.8251718511050729,0.39577033213154733
2.61601255111781,1.3937295775160832
0.5872101602715916,0.17592953421022825
0.8520146464262657,0.4988312281344737
0.5632711692874313,0.5460969930367268
-1.544476426767188,-0.8863206075545235
-1.6932071784911005,-0.8141552525848601
-0.029839836997484492,-0.10374137050019251
0.09048350177580872,0.041425079552180624
-0.8345326404785255,-0.27265860134383113
-1.7938127203335574,-0.8683895531163589
-1.5579812824576114,-0.6435200286106548
1.678721498469942,0.8012622277190545
-0.18752534213327787,-0.0166732986187573
0.17761700512283185,0.28878061695846324
1.1034186064481477,0.5260700552256634
0.4074589439025189,0.1838304544762982
1.6280817077987648,0.8153085447427831
2.4175771749691792,1.1663950103215037
0.21467837819402003,0.23039201144762966
1.5089374534864057,0.8841730596168379
2.515505465654645,1.2669655314322728
-0.43549406968668813,-0.13082556709758136
-0.6693971254215481,-0.3590768286124107
0.06977777509024546,0.05994249307495109
-0.20438340214569573,-0.3078852322664252
-2.326836862386353,-1.1480095740205345
-0.04610143709268655,-0.03549645052265802
0.43816737079612794,0.3097509275907505
0.19118924026891035,-0.01067902150820206
0.1689901672582853,0.10696571672667606
1.7834706458902272,0.8124171110405917
1.7235541785090542,0.8180429563935993
0.5762326579700713,0.338394496365228
-0.026394142247185892,-0.06360412529530299
1.0379482946006107,0.4930471452423015
-0.5594405860219105,-0.26768978138828436
-1.2572746599167628,-0.5771261845277506
-1.6184423350000592,-0.79202102537973
-2.435198299882246,-1.2375298248804243
-1.6068362870936028,-0.8068589803811834
-1.8063159157345612,-0.9518217275969975
-1.817277771784834,-0.9903566619777642
-1.1027730882747944,-0.4246215888401643
-1.367964540540242,-0.6586845756775249
-0.3729119653886831,-0.2808259095395208
-0.07162088687634227,-0.14073295728241306
-0.07054019615668783,0.0009066796540305108
-0.4151553119749028,-0.24718622187775133
0.9373278142287336,0.6648506031876833
1.7490611769371598,0.8042046042729283
1.8743851694525495,1.0089948760187013
1.820840568382708,0.8522274850433185
0.9618744010992144,0.43235076697749975
-0.6440448351269096,-0.38930802512363927
-0.4484564573322273,-0.0004120973405517536
-1.1652245028450539,-0.5152003193250827
0.02788393847780768,0.032846247215204336
0.9583809511886933,0.4275858776164143
-0.13173163706890878,-0.14751246043459398
-0.11592514121665536,0.0316365382371823
-1.4620096639071813,-0.60952234615233
-1.6287796933461665,-0.8603550474284662
-1.020917000684043,-0.5203210004651142
1.658663518191906,0.8240998829732344
0.13797505504225094,0.22192971614195056
0.10136809057281637,0.03189131836326632
-1.7183191606631376,-0.7822657029596012
-0.3163129088322387,-0.09904402272145013
0.012728494941613988,0.11807331629534346
-1.57123218349413,-0.8954046869379358
-0.21513619616381474,-0.08132935440097434
1.8280249011302103,1.0072056869978445
0.49821364838950893,0.25380684080937216
0.48801916587529526,0.2265582248215861
1.1676000006671619,0.6586897680982386
0.7737368429874967,0.3782080495164889
0.055793515509239944,0.1984976253215781
2.688790072691724,1.4352844755207055
0.3347756080684957,0.3499478630985221
0.38657675805592523,-0.046660064434195736
1.0423647821741806,0.2774213003522689
0.18099215522344447,0.14612479407554746
1.7921823549619027,0.9434829430819903
0.48842689388578125,0.36467105848922543
-0.6198152574903151,-0.05223153787081042
-1.4911893623031798,-0.7938568097564479
-0.4299483514571406,-0.18273266638582458
-1.2080212024762123,-0.6533059065302643
0.16824247224083788,0.11671469280326596
0.9740165013820115,0.7410915664163922
0.8459787573470976,0.39565173380548313
-0.3060679336058366,-0.08811293874755857
0.13491770543245787,0.23639242018145223
0.5357875548404104,0.20687178753585195
0.7034957867008542,0.3788944484717019
-0.8873928277725545,-0.3947934297935623
-0.1557864918773954,-0.12013465486769846
-0.4281670400963729,-0.30591869270151645
-0.25276487070296905,-0.12642078049923877
0.475232907077649,0.06286143829026011
1.1525482547521004,0.572453051264803
0.5618400172009625,0.2793056397489772
-0.27771088956577433,-0.31116943097700833
-1.2287958321609131,-0.7637489112958769
-4.109348046301144,-2.2140556446625363
-1.1821200911378134,-0.5654260447503614
-1.8905663228370606,-1.082019625922421
-0.01419021656309738,0.07434071544908821
0.3369266259297151,0.18769901202270642
0.37338622405228905,0.22849159822777487
0.5434116934781678,0.22487629611468515
-1.3176448225070208,-0.6741238324331625
-0.8430719389646721,-0.30900773823864547
-1.6703670612707988,-0.8575239780229814
0.22133390419353405,0.12957408992831884
-0.3391168720752684,-0.24672341346530885
1.035615301552662,0.6788788356011212
0.16844577424534934,0.15655689969892744
1.094326962451597,0.5886590949048711
0.027660706745864072,-0.07342378133566142
1.3038587958187637,0.7090979646773682
0.6046301792193954,0.3750180443501561
0.587691223715075,0.1162304840707046
-0.4104721616371155,-0.18412638914445514
0.1147029995203181,0.0017616277340199576
1.0251621582047732,0.5564263263714696
1.0032437688132554,0.4473002784267055
1.3141532164931253,0.8781105628256554
-0.7611728606482945,-0.3276174517906216
0.23805424405349185,0.18633473190883984
1.133445130863451,0.5561558096647065
2.059426273497066,1.1600833304475313
1.590300053897673,0.8677080377179175
-1.1898948590346228,-0.6470858704852659
-1.077059064551408,-0.46537600124806877
-2.378352099221847,-1.1764630598659984
-0.36340226145585536,-0.14136084713265554
-2.6440961061282913,-1.4385318921314785
-0.8199857158343173,-0.4769537842603941
-0.3502227169890921,-0.20738609138630137
0.15460704225951438,0.16363313742217134
1.1322853279388805,0.39468650433875024
1.3483299659916448,0.6851505064358262
1.1160312502129484,0.6504130757281439
2.106711494479513,1.1162153382658293
1.045109176310697,0.7633212342973004
1.4567163796518052,0.6670371284646149
-0.62879011412043,-0.17195729777596627
-1.4905653127637035,-0.732486126634541
-0.1617243936010173,-0.0020214964051195744
1.4808161453657218,0.7812880796038305
0.04715056530685813,0.08828112424657535
3.229486331709701,1.414431697239049
0.23178278172785227,0.14771145618971476
0.4775459100202525,0.2994724972625178
2.2529889628227497,1.0429532591617576
-0.5771513409587061,-0.1919773152841015
-0.7584113564024806,-0.4646571181855012
0.2930525544683631,0.08207380532635696
1.9046706865711966,1.1012345825020082
0.8268778309276902,0.47793984497712705
-0.4112286016159933,-0.1654293676405082
0.021551233209552434,-0.020374320750368165
-1.5384228302683303,-0.8025429423804382
0.4874201229977656,0.20365219136089888
-0.9839102425054975,-0.6484358757561949
-2.101142002374995,-1.0889297328045278
-1.393019424316096,-0.7292261748083426
0.4080762388952913,0.20232969570336645
0.8221328430071158,0.5105615399567768
1.1615987110279975,0.4875387819328658
0.7046414337887515,0.3732299615392056
0.7048966181788336,0.43771734095201964
2.031508302615181,0.8420420749009769
1.9698391388366159,0.9218616216188713
-0.0470589435780574,-0.08721616393399642
0.05609881763364467,0.0239899946783976
0.009049171780154804,0.012652084440015943
-0.20333472097708988,-0.19330164082501652
-0.5312389733557787,-0.12821281133793425
0.0683844140504356,0.175166428325297
-0.7499495178546725,-0.22645829546731333
-0.45485314111210495,-0.2787095543503319
-1.2468598678975875,-0.4619859500871152
-0.04759471677316229,-0.2058815469626012
-0.1919945015274646,-0.22872275226193825
-0.8845405438393529,-0.4461347894407759
0.43070598265422155,0.05901030500897694
0.9560882402522022,0.5934078613035978
2.088907223967082,0.9523935558105859
1.228177100885492,0.6187540034183449
-0.6908457612378159,-0.4727180634694287
-1.3477168516760596,-0.767091081351991
-1.7681141788805999,-0.7300139170972926
-0.21001083586638536,-0.14754162447175576
-0.161309112529339,0.11338516411189734
-0.8035454833127518,-0.2855617066140108
-0.04646489102000334,0.011948970636562521
0.9176768679595045,0.38358433134439435
2.010120240231884,1.014025956312836
0.6792963853330688,0.3354936986778061
-0.6851802295706377,-0.4640336124159238
-0.5999211700744962,-0.36776593229299853
-0.2535815837683736,0.03977961597348659
0.47106011988718627,0.33574578232603247
0.0952160760615238,0.006418486556414457
0.46506832219105915,0.12288546544027033
1.2049297448242562,0.5595530815803074
-0.7049389731941199,-0.48979774032467105
-2.0518636553995657,-0.7097982913379708
-0.5604389960109823,-0.20744252373533656
-0.8374814413861222,-0.4566247134031769
0.01623992546666858,-0.009871874802237654
-0.01621351005540895,0.13615926927805802
-1.4060231493791278,-0.6195193699710206
-0.10380515522554457,0.06641903753662118
-0.47426289744115324,-0.08124758602605253
0.05835264742680085,-0.21819741775087168
0.08186495163408244,0.11069273072126791
0.5534142435323663,0.2677900954517505
2.070248499068412,0.9661924390957587
0.16117849043203325,0.043507908415167
-0.14153567095433994,0.11078712840278332
0.9273174232225957,0.5131897065873416
0.0039564451598934625,-0.12116883967747182
0.8950328521998958,0.6082871239854175
1.8276808980837642,0.9653211152765526
1.819537932212167,0.9040042511635509
1.1093260555611988,0.6475827037761488
0.2954616233545851,0.1462992259007794
0.07246379980533604,0.07082934116661349
0.35215444479783015,0.03724714149511704
2.469320063485918,1.187315258597125
-0.04546667463556886,-0.0884262527116581
-1.2613956381129499,-0.5494574620840021
-2.5795794779956713,-1.2609351058297253
-0.6129163381956689,-0.3969071240158353
0.2682916144762192,0.16289554615739557
0.4708260193219661,0.3378469536815969
-1.3624486280724992,-0.5470417097869497
-0.4779958957532405,-0.12173303101055562
0.025474239155362788,-0.055339460255610484
-0.20535575320450788,-0.049781066109736094
0.11899975984006098,0.18163983095408032
1.4654886509119514,0.5387620163384881
-1.4346733055962564,-0.8667463902349631
-0.9299065193391426,-0.47012189003300375
0.5387561540991217,0.20995488005553284
0.6053057812578657,0.21740351140101732
1.9779840696317788,1.0665696817514463
0.012070933791654248,0.025236159435350913
1.1726030978109425,0.604103867690681
0.9542634630949509,0.5289488455557028
-0.46394198146705345,-0.17587301745387618
0.2689367699072265,0.2057212680572551
-2.993726199699295,-1.603548747315365
-1.3941423082127309,-0.6292877957992526
-0.14833490437741148,-0.1957673069565605
0.6670681685625746,0.383974701027482
1.7654763712394077,0.7989888398839662
1.7221680457493829,0.889898233674208
-1.1379342830195516,-0.645181449695219
-0.01151376987706354,-0.07176298019524818
-1.817797424800776,-1.0855370146567154
-1.626992617400803,-0.9236577128528061
-2.3187441039913614,-1.085371555925617
-2.696934102551319,-1.3458802848493918
0.2708879748084264,0.17809271846226485
-1.7738612702941428,-1.0164090366487044
1.1605568424006802,0.4496498331279407
0.5838230895866713,0.38841635845566
0.08731330322706982,0.11192936191540838
-1.6602940622956484,-1.0050589935023702
-0.9562360255865404,-0.49760885625975937
-2.5596695977156423,-1.2080689655427848
-1.5624079060740335,-0.8636193096966539
-1.5939027546360647,-0.8113166086885848
-1.9617275299430539,-0.9132104901407125
-1.006500482960246,-0.38990998447376735
-1.5295105551021535,-0.5851374047031888
-0.23621050397910082,-0.03417623715479337
-1.3894714419314214,-0.8253051265665707
-0.7429674326640006,-0.300435064027151
0.4484042105761489,-0.017521837335628232
0.7307803719348906,0.3059167726355009
0.5980241078099169,0.4301637846287333
0.7557811255539972,0.40389760535967867
2.1932388475038658,1.096935295836917
0.24245735715353822,0.06519463915327176
-1.1961578320445378,-0.7919578006212458
-0.8441841149883651,-0.34374878965164624
-0.17869209278714826,-0.1278944096244525
-0.6013755720012024,-0.2778097782159594
0.13160681097358196,0.0007124989437526652
-1.0958088966258488,-0.6333597024886781
0.02134129367106019,-0.01690545769004122
2.3924315958229543,1.1494937506511698
1.8370794030831057,1.0515034308945106
-0.3432211181988484,-0.022709126016801418
-1.6090971305019521,-0.8790721579912243
-2.2165519626944876,-1.1710963228587274
1.1581153784703728,0.46007526403278687
-0.05560996098977755,-0.13360208462620876
-0.22478929390597552,-0.17057481300269617
1.3581618501751367,0.7402214283163195
1.547026497120426,0.7429144779911839
0.05692521143104934,0.1236413610936491
-1.5596729856015104,-0.7474937226172956
-0.701728929946989,-0.4625267345663375
-0.46058297822485444,-0.26661057795126664
-1.0094975534838748,-0.520568451322281
0.6675260230333757,0.29359412698916465
-0.2101946384850858,-0.1712910578903983
0.04351872615580871,-0.02615311135763569
-0.5327974830847371,-0.2770843895442719
-0.18659171697081772,-0.08868100514467402
1.6643301313251901,0.8366064798342049
-0.19219369513477047,-0.02761731151432635
-0.7320647066678897,-0.2615730557326247
-0.3383694246359363,-0.251034765094873
-1.5078724589346497,-0.7302165806011125
-2.5701939674591214,-1.3506330271040077
-2.096796486383936,-0.9527756080397897
-0.9096524639336736,-0.5844654688288002
-0.01174424245498451,-0.17749073608995022
-0.33980995938827946,-0.1474675427834815
-0.5410255998990228,-0.3218573777693315
-1.5234258684610011,-0.7137417349879709
0.8205103747698491,0.44277146596063743
-1.344628305433132,-0.7465109986874696
-0.3776994553975026,-0.2094403095437968
0.904730962431144,0.43316454647681124
0.702482350499761,0.4494499792800649
-0.16077073721563134,-0.04942159610746899
-2.2555737078310707,-1.1797029795939606
-1.8952414712017895,-1.074702039162421
-0.6112982183541149,-0.2471874815252688
-2.922384611962396,-1.5326116935123093
-0.9228658981315707,-0.6192595776809047
-0.2631622196137089,-0.15496606301861252
2.351535260288311,1.0263827099698684
1.728566318073806,0.9502267092503133
-0.03738411584530854,-0.11531357613789844
0.6108953507449355,0.10183879005923643
0.19693174527238352,0.18012713680573955
0.45979457654856554,0.17207885880196927
0.4610316893406692,0.2926281399954662
0.1347660427784331,0.2252291895402208
0.9400975583710051,0.41704073519404644
1.382759471743904,0.7460617261187913
1.6967634730294072,0.9292950508896748
1.5366994622960128,0.8254432092034766
-0.6681282878628503,-0.3276336135091814
-1.35214147944126,-0.6025559499266131
-0.6248795175695652,-0.3542232549921746
-1.6976893581509778,-0.8896799760563245
-1.4878325234228222,-0.8440509583114403
-0.9590730424105687,-0.5814841196690277
-1.2198339572971149,-0.7041621557985901
0.08861165860022435,-0.09796431006960701
-0.3307287776858353,-0.22439747339651986
-1.11484448712599,-0.6557033019854951
-1.9300305209361925,-0.9042779776357207
-1.0047916407576627,-0.6713184198737437
0.4032103568732507,0.03390704879830517
-0.38846174996521443,-0.04096274416098994
1.248099661337411,0.610095972369031
0.4824461929069012,0.22040876498163195
1.4202428224509347,0.8280232087766024
2.4460862184093544,1.368346237948618
-0.5471891508633221,-0.34339278464258216
-0.9205335058813686,-0.5236916384933671
0.06735913955930906,-0.08281210696324268
0.8094750273496553,0.35597522307458884
1.405695352415783,0.619405829434492
0.02307513922200255,0.2480062862306376
-0.45791674743380845,-0.27699165088325917
0.2409309953383924,0.03265175991601606
-0.16384195002696422,-0.10455715642201585
-0.204590782525681,-0.12481489262535078
-0.6288240587486503,-0.08366366635660705
-0.45146146989215746,-0.3960641302517991
-0.5037644841057827,-0.14888501076416946
-0.6640715384836534,-0.3335427734208887
0.32806804451552274,0.02309934969185609
0.35745243774065427,0.1261223040662755
2.9612375195721996,1.5109246672753143
0.6719676523974261,0.12137186960634183
-0.8444454013687568,-0.4388177841397774
0.5732997759480865,0.26314567017177426
-0.34334780441237217,-0.02192876234441854
1.4304130371613202,0.8788023114791269
1.1831639034708865,0.5208100855896703
0.9134130810446128,0.454678813268731
0.2755490891445497,0.2092406000172665
0.4461933522823557,0.2058128907220755
0.044853693875571476,-0.0843892292334
0.24083316443111902,0.20397978048404947
-0.3635287923193551,-0.05274677302303807
0.7843109856020485,0.3048670736885587
1.4292213071230755,0.717851673688889
0.04954476288898335,-0.019571416562315383
0.5156359355594068,0.4251050954722894
-0.9198410023061641,-0.44308503759427986
0.8600686385737293,0.5864870162328049
-0.553548037887406,-0.27001671445357656
-0.5254090544569012,-0.29644865337541776
1.7462655337585788,0.8632379359426045
1.1067464222945158,0.3979558029478082
-0.6490570965619407,-0.4059648332126532
-1.060313121899799,-0.5190200774615529
-0.8049126265445288,-0.26490902488503293
-0.3569417430885798,-0.21339984039649842
0.2620446726523227,0.12731056740544083
0.21360100980231217,-0.08424417275834178
0.7588360886636816,0.4471956610032256
-0.534913247251492,-0.32920418350931147
1.166767044686333,0.48505670776272053
1.7094638343856206,0.870038652455248
2.083909257696999,1.1021296170401327
1.0810462274323898,0.6164227926057221
0.5919370789456405,0.41137121111193076
-0.6953976997519984,-0.4336853663342952
-0.8705796496717789,-0.42359116955841625
0.20710216275388038,0.16537150840705933
0.23747188445989312,0.021070711500711825
-1.3649236715964053,-0.8477497148953524
-0.47760280117946674,-0.2493664197396541
-0.9143144880309763,-0.3784783936614873
-0.9609459581243109,-0.7797079203668561
-0.6308715830882761,-0.3027360082380713
1.563532821887577,0.8196564380830013
1.1267864077268819,0.5678401155801028
1.462060161045343,0.7359065534450061
0.3186150672613083,0.22231655494366848
0.09790310038669864,0.31788488867757836
0.19895358177592476,0.102719483694509
-0.8535119829104475,-0.39089176483938615
-0.31555157942978385,-0.4080589488630459
-1.4606965107232917,-0.7343866036500709
0.0577372867056275,0.06465100063538548
-1.2579348452222794,-0.7199241853246012
0.05870221189176683,-0.07367962121091123
-0.9989927445075886,-0.3498562839567759
0.3073949142102731,0.03800983427711349
1.2898092457426462,0.5364206599840158
0.3674887303995811,0.043551663982429795
-1.6190127226367341,-0.7537324932768481
-1.6237648583440816,-0.912611227558672
0.1938841771586246,0.1525854284234025
0.7992103406999278,0.33602796230837595
0.8889424433437522,0.43210773826274596
1.4957556106035832,0.7386429889345272
0.3677950413396983,0.09662877549734034
2.270567366164335,1.127743716603928
1.6363467732950534,0.8237735221925881
0.2213533687793569,0.08615982219775348
-2.389407084306394,-1.0894115462509053
-2.01476957805849,-0.9881980841247007
-0.11504525493660744,0.053212138584107074
-0.08370182495633963,0.12659003614724523
0.771544215749429,0.5439256145651481
-1.5119691789841994,-0.6402309087486204
0.8467018466071117,0.4038222263791386
-1.1508916169223198,-0.6068753658442382
-0.6670167857929159,-0.2738567451159304
0.27070890724894225,0.12676843206292365
0.7223888799632966,0.1707024785200942
2.5797939809341734,1.2849601079838915
1.3206028450203213,0.5827431625655285
0.532088615384825,0.40486323624509807
2.1358051230641397,0.9654857311715302
2.330372683291184,1.254766617978374
1.3522949048443174,0.7236373087163094
-0.1245206465543135,-0.15602833820499745
-1.418447603266809,-0.614280870086187
-0.514050273815763,-0.4221906253664403
-0.45477941727127225,-0.3682811661257174
0.8640724997317681,0.5829381162318178
0.4594631113239717,0.2874293381813674
1.1187946915827576,0.45320765140639335
-1.0772760743921916,-0.713286149712931
1.2202924153368322,0.4844523963216446
-0.015086875897162844,0.05857633802641529
-2.4793634356955945,-1.3057600359909898
0.4077981010548075,0.1713400485579416
0.7739761446355373,0.2770174958156032
-0.3528208713393774,-0.10827706199470664
-0.8307836551751214,-0.37212157222637365
-0.19493977376577598,-0.14571369590049474
0.0988884052027662,0.05686733148083638
0.38296521967893427,0.15320390156010655
1.0577069330371216,0.5676125004216832
0.4739079096453257,0.1207757853357431
-0.9327212107881617,-0.35845675063696747
-2.0625742084631535,-0.9173166931816745
-1.0483062891908608,-0.35905069184512983
-0.05054963910154053,0.12457154368055942
-1.0584633376960755,-0.6204091706957336
-0.489086653631565,-0.3229685603475054
0.04753254802466267,0.027842307736697873
-0.2551703418039377,-0.15850241974417992
-1.3754780960800055,-0.6793777516003671
-0.40002484554003154,-0.15746005652053885
0.5422874299669476,0.2658751153005204
-0.6158815802253439,-0.210900439754653
0.6829722304802579,0.33098648196839675
-0.9425674253150145,-0.4710802703901868
-0.566166718323419,-0.36361907808713767
0.8373917037595272,0.5872973306717841
0.9651068372337683,0.5341666803017008
0.9049485000325636,0.6410178261745811
0.8747272413276375,0.3206199843677815
-0.1698242114363041,-0.2062962456932922
1.122321570248202,0.7048817603158178
0.7055327591549515,0.3074340138270555
-0.7627178270221124,-0.22920743318660985
-1.72873508365914,-0.8328476792944941
-1.227337228292557,-0.40074597157309966
-0.38025969680335203,-0.31941437167532793
-1.3018623627809998,-0.6274415548537263
-2.822206222681224,-1.4099174700916812
-0.8446556189067772,-0.5056894526774605
-1.0742065509385208,-0.4874778008045412
0.20268054082788967,0.13413872157502366
1.635962955345963,0.853297765603942
1.6739490015127076,0.8328488681898708
1.9882195018523625,0.9305368152708193
0.0366801585660701,-0.25609127034622897
1.3628334719103041,0.6481950920169807
1.085142976621066,0.4033818872216356
-1.173254026329245,-0.47353931824302625
-0.6473535580452263,-0.282013296108767
-0.7377192193314406,-0.3307147533911942
-0.8309981159422588,-0.39995322422729807
-1.0114241066627805,-0.5421559270448767
-0.34262655323389224,-0.1396255193211268
-0.09072785391910562,-0.04503856153491776
-0.45188506032139825,-0.3714745258024802
1.0674163448278318,0.4260829673059123
0.16979341710634682,0.09268618012363236
-2.56564066287921,-1.1425950453336429
-0.8260879000342395,-0.32412983682794616
0.5303861894564069,0.2491929432607363
-0.06293802006979649,-0.03912287587705346
-1.2833211578497166,-0.5858937951673118
-0.7338293111521859,-0.30847847122461297
-0.6546183599538203,-0.2180244712752401
1.2161183092356098,0.5739684130651826
2.9324533090884217,1.2975127644297073
0.45636925323392463,0.3051870385654632
1.403247276726026,0.552298849737434
0.9179362188516439,0.5055201888079983
0.4053217756759957,0.279831368544214
1.8801122576953513,0.9511301368757703
-1.3699168812014173,-0.7656654224747194
-1.2542612240881406,-0.4962146079511698
0.46188933196833193,0.44018189287645104
-0.3257414193702836,-0.20092790120454124
-0.7945502139000691,-0.3132528607749177
0.22031462388304723,-0.0437002128181011
0.19220200207484991,0.023901468995874753
0.814159359428414,0.5370411797491957
0.3803535177738329,0.09526471895370861
-0.051667621609182646,-0.04279399954486622
-0.3144260881776896,-0.06151050401792578
0.6361979229952357,0.38996303828670875
-0.7712783390816831,-0.3417305881869022
0.6195806902829691,0.31207559641405364
0.904831950211608,0.600695065680726
0.18675918567944022,0.10645982572837563
0.17176877589788409,0.320188638955507
-1.677974240646845,-0.8055204965916883
-1.939113597325031,-0.9083012414404057
0.2642078195434324,0.12837369134460014
0.12279939534125772,0.03721596020680984
2.9948393850405983,1.5555844140790673
2.669224095234977,1.3531276443894313
0.8230634435256583,0.2979388603192511
0.8846517686723996,0.5226484676965202
-0.3353316358887771,-0.1920372729325137
-0.54960773379073,-0.3487294804359419
-0.18120444983222989,-0.04890553357071842
-0.8181327885167161,-0.2401944164098703
-0.08398675932638,0.18314123740807733
1.2465059485517318,0.5080039710513595
-0.985445186063317,-0.551661694571894
-0.10435269464159713,0.09925714421573256
1.0664718437556078,0.5727745325363403
-0.422993319907241,-0.23103948261037865
-0.8326704915014367,-0.5341622778832961
-0.38323391408788277,-0.02500077316209995
-1.2017865370837273,-0.5539097870902858
-1.2951647216596567,-0.7074369155377089
-0.5033043772154495,-0.13375312211189427
0.6649096505198795,0.48167232903910717
1.242870814329177,0.4544881876991951
-0.9737831721684587,-0.47150577514370096
-0.5075230988735088,-0.271997998578055
-2.5023541369917868,-1.2949077041848154
-1.2721967884784888,-0.5346024735228252
-0.7875088250350428,-0.35485895671951573
-1.660132441225979,-0.9157218019085553
-0.10090317431210927,-0.013804382114327593
1.310129084624008,0.5831597984738288
2.4248192957746806,1.2096214225009523
-0.2678577787434623,-0.09716381078419636
-1.2197517927331367,-0.6304453450854768
-0.32909357292107716,-0.1374852982583774
0.8186662573017273,0.3651917032403991
0.7973929351993352,0.4524636987569174
0.7769674367665125,0.2986613351931691
0.44464571503781297,0.26518920871092605
1.9857445640244364,0.9429213790984635
2.264526755168551,1.1918856266382598
-0.7094084038829039,-0.30913876288960024
1.0315772414822666,0.43735233363990955
-0.6024693255979984,-0.35374958642587984
-1.4145657452806475,-0.9137846459808284
-0.48132157145790055,-0.2132403631197857
-0.4589734660430401,-0.1982064111576174
0.6221605103905221,0.3348854085035586
2.150845507694669,1.1733247875526083
-0.6596619553793095,-0.30814077548860824
-0.8236118376582231,-0.3598906266336462
1.0321768969630103,0.43415900604836605
1.2620899756328963,0.5574863018686155
0.8276527824072469,0.38955244222595864
-0.09160125435400707,0.038900229663693164
-0.7689724577991555,-0.3623234558278317
-1.0036692743873208,-0.6438347534698182
0.31698267328071694,0.20130617067637382
0.6859996633370443,0.29561102394708183
0.5903078334475594,0.27929740019158167
0.2711964843519247,0.09283533061646637
0.2556482304467716,0.16834053498546914
-0.3322826410828491,-0.07264685276934468
-0.989150211422992,-0.45174430627255374
-0.5360248820556966,-0.22215563749711512
-0.5533535614367175,-0.1002051897555894
-1.849638277861462,-0.9816204273210134
-1.1537006402978784,-0.5780081478035889
-0.8396141257204637,-0.22074129139211798
0.8259021647089597,0.43806363167727713
-0.9495995233611159,-0.46391172857011925
0.5615417386588109,0.33848911126574155
0.5907864558319424,0.22073861280241205
-1.67418678762742,-0.9008278753457112
0.8805564990796155,0.5368659799828237
-1.2735717775745259,-0.47274427225084725
0.11739504219501518,0.020836023185147372
0.7376205803978565,0.36599691710434895
0.5861991095201411,0.2918128110388261
0.030288214592874285,0.16234712500841733
0.05184540897446254,0.1074624539964869
-0.4884776513453424,-0.19366554841743114
0.7896840234151008,0.3595941012820332
0.9293120753457241,0.3109294159230013
0.3105712619467228,0.1784189309298434
0.6736893847812693,0.42862654227809655
0.04349350209460484,0.13611071866263916
0.27196117547700643,-0.10576930109221835
-0.2561947704533832,-0.2025425493515408
0.4458511814936392,0.29059830710901674
1.034599943391199,0.5388442253591954
0.28797059729228575,0.11727331764521588
-0.4830441134082505,-0.23336980393405354
-0.5804026203746933,-0.34308203374131296
-0.027226822522710747,0.16867546304050976
-0.8199283006155421,-0.26472912895194833
0.8910877516626206,0.5401467361627722
0.6978459228307062,0.5474391117682813
-1.704760079154273,-0.9147759175125936
-1.4376996945673715,-0.7529403334179257
-0.3327034773693349,-0.077036852470701
-1.45542683533292,-0.7635226924858596
0.3328658002030861,0.25610629741670354
