0.47327183645595844,0.31696146683470233
1.0464275878870972,0.6139607780466484
0.01027863899924275,-0.05416754007588566
0.15525580997609892,0.07989304010524867
0.4984556511111842,0.1722476877987249
-0.787680839036826,-0.17878472990756308
2.50291021258232,1.4847701045677315
-0.5734371141691972,-0.2765511294980277
1.3030315463945195,0.6137636003082829
-0.07705499358964218,0.15981666902523778
-0.5359411911639472,-0.2897908674698778
0.022583052281621607,-0.05160367602394593
-1.6579216025716992,-0.9215062687965239
-0.5668981062156488,-0.2661498409715251
-0.43962602793541516,-0.34786786468273245
-0.5193523228112182,-0.37948260799809763
-0.678828994649584,-0.2274273086962545
0.24971131768791371,0.03612654037014951
0.8080336730340816,0.5294009563024605
-0.03094171240527649,-0.05342385246285811
1.190364198329238,0.7364766046944922
-0.5161650871017562,-0.22789081301715194
-0.8342474171383034,-0.5443224116999889
-0.8514843022166987,-0.5081308685539349
0.37939047381693464,0.1112521541204761
1.6780644467350294,0.9675397645160067
-0.6638831787039888,-0.3716811029772291
-0.42153309435146763,-0.1011659556519202
0.17536232996720585,0.019619604263019494
0.8232237813070632,0.5181493218185771
0.9351256537099368,0.3101177405402049
1.119956786396783,0.5319503240311418
1.3760317695269686,0.5354070370647429
0.47242961028214747,0.3295437574672968
-0.05064907034284244,-0.031046327456930926
1.6959925536035514,0.8679170594685363
1.064650070998384,0.4880946212284824
-0.4866628225205232,-0.3396419331706149
-1.86633312413583,-0.9148204354134543
-2.253915098670606,-1.230416707816907
-3.09340729986759,-1.6079725301524308
-0.8986296442129129,-0.4669533650453086
-1.474038671383565,-0.5505807720674872
-0.6528465043553546,-0.28364347892461744
0.8682809757226064,0.29215254689594855
-0.26830341310661876,-0.008600093488731142
0.37420460868108124,0.122985693309542
-0.2856978022017222,-0.013059583294027788
-0.4850138027296719,-0.18293002281674225
-1.9717165307681515,-1.0256946716071433
-0.6089581325213377,-0.3462049766880267
-1.0674951357998648,-0.6087808832547706
0.655909927633122,0.29809246756684116
0.5679944618053049,0.3240188901313076
0.8806685193529478,0.6198531451306286
-0.053054351538750155,-0.03136742084417913
-1.9400048515121584,-1.0307111976873842
0.8147524409088165,0.320799649079517
-0.10782808139780309,-0.1082748931440784
-0.2386381334704335,-0.2604551917323681
-1.0834682397446493,-0.4297818287023445
-0.33439120746148404,-0.0408702228040802
-0.6136138301654694,-0.28819336491741265
-1.817021878568123,-1.0729899827180396
-1.56626448364602,-0.8324018186271096
0.37841801624536153,-0.018823442750330877
0.7081916273755249,0.27084649520061066
1.3322090022357773,0.7762741312408008
-1.126041374892252,-0.6065370182036216
-0.4558831886262079,-0.21234520597511547
-2.0326694544531634,-1.0760143219624045
-1.4017426863104872,-0.5956326631069083
1.2257684121598837,0.5723530723223156
-1.2627066323515979,-0.5034905774114761
-0.5592336980191666,-0.21299114250508894
-0.15157520475327213,-0.10923640664397327
1.5992994285025433,0.7148095271016817
0.38820659374047645,0.2160764826527837
-0.41219461164273696,-0.1223761999825978
0.19273546019220522,0.09068361002957089
0.27822488111997956,0.2199640804222597
1.9195656574898143,0.933653856936793
0.03352326100345615,0.06327199024697935
-0.5669151424505516,-0.3271081414970852
0.1657793848094296,0.009208468432996886
1.3892889392230459,0.9058321552826271
-0.8850308862638082,-0.2951310212816095
0.4787181367523289,0.17200599131159072
0.43216475377961283,0.09231013676494015
0.0738998581500604,-0.04875726036844945
0.3602164175434677,0.24119546803629946
0.2501722992673574,0.12145845172108528
-1.5273397049776445,-0.7523013351144938
-1.2077214292939737,-0.7477608754710124
-1.772712330248982,-0.9233595328533639
-0.6780318424910386,-0.3178648780513661
0.12059986558255292,-0.023957497906678157
-0.4063282832546364,-0.21689830490387565
-0.6414214155950577,-0.376604753996554
-0.1937633399073341,-0.21843625115276835
-0.07218758110122184,-0.08220924481039037
0.2625903830679497,0.19550870134079798
0.9800066534543636,0.6050122845960945
-0.9451886778060414,-0.4506925848150505
0.17635877341502904,0.06911428313717308
1.3838615602959408,0.7096200457399644
1.7506863145396099,0.796537721050686
2.1444940575569404,1.1958887865359682
1.3447423684547612,0.40769154690523296
0.36969294502583017,0.17029943464454342
-1.1633893235357644,-0.5365114963937313
-1.8456527511069685,-0.9674582034702182
-2.545618394298865,-1.042041736125995
-2.5795912184364074,-1.2814587892909501
-1.666956581409845,-0.6668192263976503
-0.8928903654954712,-0.4572956293704156
-1.391846467740827,-0.7439155379732441
1.669572857283774,0.8502012205416867
1.9100832240873395,1.168646494676256
1.3250526558049347,0.5944340053540539
0.4967628939238221,0.29232391697370497
0.2815723385513078,-0.015299512538810817
1.632535841041413,0.6929467820453916
1.1262026693682075,0.6040979472259579
-1.3084997649801524,-0.6943311481071369
0.5180067903757564,0.2650874051717056
0.2004434270833619,-0.1015659768642966
1.61706375321623,0.7042987564691223
1.6881078443260003,0.9414582066209919
0.9026361349381231,0.4024965278450446
1.1154374501671827,0.5974160130775091
-0.1260381390262817,-0.1513431093159501
0.6825263329947745,0.4668744370324567
1.1041849466707343,0.49661911107030154
-0.1666919389629392,-0.08544571080993324
-2.102741580594281,-1.0556818068409075
-2.1499988573843187,-1.045972217808874
-1.9105560521820504,-0.8598832177485973
-1.230977135799033,-0.8186668744000697
0.5375333517707676,0.2503773219522218
0.14574383790285061,0.1384713287077448
-0.15251657554230302,0.1390395771003355
-0.8366686651917948,-0.512232337845834
-0.3515567593001723,-0.2764809579257715
1.1493956809437034,0.5497099209404939
1.7326153748899316,0.8397323429319761
1.9585065763496643,1.0531686899430512
0.6303862724185532,0.3733111169209861
-0.5718360121196013,-0.2946062321602475
-0.8680741248086269,-0.2331162036775072
0.11643648773141502,0.008175950455668018
-0.3134550750359002,-0.18128808674791766
-0.07573823567522309,-0.1173769560280855
1.3308196069021732,0.6061019683303657
2.9163864687751446,1.5015695616192313
1.2861314347450818,0.6557167601096173
0.9788326242719021,0.5703653449945256
1.167623805236031,0.5635084857954344
0.058186753106107436,0.11714703062789461
1.5576547442345043,0.8047345641838344
-0.7416091409144,-0.41122197713455466
-1.6226597350932528,-0.9546691789585207
-1.1899211581246836,-0.7924170880860635
0.13183129438345775,0.10407941826200563
-0.5098002019418317,-0.15149973769955033
1.800974220219232,0.8100067723592944
2.178363764384945,0.9431211508121672
2.499345872894436,1.1927861316508543
1.5103032209294203,0.623458375060803
1.2826144640683173,0.44441984447805716
1.6080353732983705,0.6927739208035036
-1.1712392196759254,-0.752733974799338
-1.1667787287404323,-0.49559798378587
-1.7001509689228111,-0.8562302769421976
-1.1033672256438438,-0.42334735955709
-0.2146886031822941,0.02239527948007894
-0.9583834450841274,-0.4338622188098188
-1.3218768358980104,-0.48908758091196436
-2.4610724896157405,-1.097197241836131
-2.0492039176644408,-0.9752772167582147
-1.3659988116966608,-0.4895986622492229
-0.5036756934420611,-0.19666182715628225
-0.07381930257510966,-0.09275567442708565
0.45959662611695,0.2706446591014803
1.6415141581338195,0.7434265952379324
-0.8610964861045198,-0.35012866139231746
0.9342171391274369,0.5405458035891263
-0.03385892374286681,0.03177973721160582
-0.4774567638531072,-0.29715872793367587
0.005077648728433026,0.01115030746277167
0.23276658081253268,0.23512896821928714
0.3252906973544874,0.2038669453535411
0.5104744570048845,0.3382698371880628
0.6246002405569758,0.23214363423243523
-0.8520656836720027,-0.3595509125866263
1.222648880945949,0.8585960114224024
-1.3945662899903568,-0.6337355964084205
-0.8770029483850759,-0.4964043074251354
-2.0183040672008388,-1.1181866762187036
0.033501178724036906,0.12438131449403025
-0.2512597945709138,-0.13367140942202962
-0.12053666517498635,0.07046073372793285
0.1871377927673007,0.17096512458170748
-1.351868052190137,-0.6263217653691957
-2.043091119961665,-0.9785890174579358
-0.7660926280847619,-0.3507793153019865
-0.8710651476344641,-0.34079067158563225
-0.5730836261793512,-0.27478721412411083
1.0031976159290368,0.47181131426124273
0.3441774470181042,0.30010689844557914
-0.015416136190606056,-0.05254376606328742
1.1640597566628355,0.7584473468176824
1.4899421668174249,0.72875643174336
0.13598499907308925,0.06575565879247705
2.163186149250078,1.1338518313319965
1.6975713327091455,0.8655038586381156
0.6774760392412834,0.2281855275250519
-0.8157621472353108,-0.4057216370447934
-0.31061218114400635,-0.2620305518451756
2.9836047277919917,1.4913595630525558
1.7317501402607969,0.912952386243004
1.9004340052515332,0.8168851282137108
1.5035101687564973,0.8386614847698861
-0.5841896301736488,-0.29973889308278656
0.6702578413541959,0.31311477226472145
-1.0005664015705873,-0.2673708020358817
-0.2667905706388037,0.1434582824335767
-1.3383012804091903,-0.6314195396028174
0.7323309566972945,0.3669477689520843
-0.004492452712084094,0.018752538018902094
1.3566944845143607,0.7702956745285768
0.6380781403243458,0.3449878748065204
0.17075731326248617,0.06816632267231763
-0.07925404129303294,-0.03523474197372043
2.227333549933765,1.1817396744711006
-0.9908340833659315,-0.505622059907223
-0.11914415556051233,0.006947255638721256
-0.8024986067264698,-0.3828874566076204
-1.4139023929334464,-0.6183922178870017
-0.49950116273521716,-0.3590381561956459
-0.14841360507197432,-0.04386637747522065
-2.598403471601202,-1.2765904683015006
-1.1922781886405882,-0.6497165581838511
-0.7487542873454719,-0.48781107952187125
0.7320824301419679,0.3266116662362461
0.11671527505689261,0.1927912731353385
0.24351046293555528,0.22527979857576655
-0.3382356984032492,-0.22139947067247015
-3.0300480530838687,-1.4923134938349152
-0.72511066389132,-0.3608196052037985
-1.3611425406118702,-0.7730787753157431
-0.19171366720615945,-0.22718098949804547
-1.204662034026568,-0.5115095350795669
-1.1006361139468996,-0.7212435353374675
-0.31970150362433974,-0.0886311246906823
0.0657262890198376,0.0560432001623096
1.04409506340709,0.60139377116091
1.5771135976195905,0.9463400799509679
1.3244522687972036,0.7079624067746341
1.0130875265040848,0.4729470695263128
0.7398624204299437,0.34402572398632447
2.1631992837886616,1.2044474922879396
-0.09203099926674274,0.023294128746956577
-0.5866163642702948,-0.37789447898680406
-0.35839840417293733,-0.09812014200462232
-1.4613252330136801,-0.5992408502411434
-1.3516253102645384,-0.8201613950144172
-2.8610621606278945,-1.3971364487973743
-1.1048211523988904,-0.6341856248933699
-1.465280087212566,-0.6319357343364719
-0.8492392898534533,-0.3781694852168093
0.3322929880846448,0.13781185814248573
0.6210888309049805,0.30239364264206275
0.7944006702842823,0.4139079046964969
-1.0162740645513426,-0.5035707506913752
-0.9662560638117175,-0.37866187240155924
-0.7139464313723713,-0.4520272415993986
0.9427119400976696,0.3543662030723362
0.5469077688413402,0.37733145659270606
1.0096488553489962,0.647549997991284
0.6081128223464961,0.1326782796134443
0.8550622146388691,0.44028622048179117
0.07452953853596372,-0.014223167785489897
0.7012229807985887,0.2075743468627145
2.5944737138620795,1.154467174261342
0.37773559154509845,0.21527333738518267
-0.4076262152336901,0.007973632954566878
0.5269448219213291,0.444971437149223
2.9695531953236554,1.4946449563110766
2.939384151783878,1.3830008982057507
2.9290785485249424,1.454639390320769
1.9712046244486712,0.9575843394661099
1.5196741829132323,0.6517923421646604
3.023518162799512,1.5910884620078336
0.4585732824077134,0.14976368542144974
-0.5925453530426479,-0.25857754966229574
1.0788837390494241,0.5995452655017409
0.6253259062392786,0.3463082898310458
-0.33986596973782274,-0.30573223277610656
0.49758657761242164,0.3252564816658383
0.8014490432741834,0.3887597967326136
1.7622270410870529,0.8086707269043498
-0.3654148905531076,-0.11126761153925348
0.5418437726989576,0.37096514555774296
0.17787450913976732,0.12071745849718346
1.3148921282057584,0.4704483539963503
0.10702348344346613,0.020675598981621933
-0.3293612646777144,-0.14789929697276835
-0.8979012933624474,-0.4417977624528046
-1.2737501070323332,-0.706963040079068
0.3512847854615182,0.1291188796837251
0.774832494716474,0.1324921055527371
0.39148391224611406,0.24405380059598156
-1.795727884669574,-0.996311003408307
-0.1563721593948595,-0.17650263068351751
1.2391953404892677,0.48810394510890875
0.44424874466042524,0.09854465479965237
3.018819961273737,1.5215197163618142
3.3579785872987507,1.832812902519638
-0.6344850071407461,-0.40948843877132096
-2.208661133025805,-1.1334417817702123
-1.1469387519024417,-0.5503985507020074
-1.2688720837794705,-0.5979172828923152
2.6588686424883634,1.3331608860403275
0.6509124379720241,0.214103562680334
-1.5263014190606037,-0.7373167535793819
-1.73328732369498,-0.8365910539803404
-1.722584719840905,-0.8274898556269253
0.20893798478062386,-0.09187676165044481
-0.4765398990559744,-0.3022136656124622
-0.22921096887680859,-0.3362246442545568
-0.37446312869778003,-0.09515848351636963
1.1393253199337838,0.5043311402196609
0.9946443165305078,0.4714404358232318
0.8207387628794383,0.5546016620190878
2.2799414861501197,1.0536203990888264
1.040048290896118,0.6360933891677173
-0.09343269479316696,-0.03553379385980291
-0.30864333253914666,-0.0033142487895790607
-0.0075993745567722315,0.028711192459868834
-0.49140594875327825,-0.24583071680431065
0.507016357299118,0.23455856983575224
1.6973533941284387,0.9858539398881316
-1.2230033396632742,-0.6781595298340145
0.3402114423751851,0.07749622429499098
0.1149898084476608,0.1954776182891732
1.9544564214879865,1.1827950907493536
-0.05460423010781257,-0.1244198890782735
1.5175875677927007,0.5689190371865895
1.2747531673326633,0.5922957145759672
-1.7712868506072468,-0.775389639534388
-1.3791614931999754,-0.6879818776546537
-0.06397293830668838,-0.36478295654156445
-1.2649252648107567,-0.520842640388276
-2.1091958299554436,-1.086600021952471
-1.4585734037841602,-0.8537993114794041
-0.4224740310166329,-0.13292361164576827
0.40254362511860947,0.33439685960863086
-0.9523644487596314,-0.508617176477693
-0.20510362011801847,-0.22930489171778307
0.840221195418885,0.5107669122185412
0.44527894859028383,0.14760109413292993
0.9188156686666247,0.3021198284670009
-0.2410469012189358,-0.1953051495198032
1.4821104776087766,0.732681922320832
-1.192555390493466,-0.4787762680034069
0.08139854180230799,0.02418118051747847
1.276718361844938,0.6258230962412157
-0.6791775929896612,-0.42229681265271696
0.22160292293836198,0.13860750752162096
0.6301169606296246,0.2536641921475089
-0.018335806108320918,-0.12999488556769231
-1.179037262508008,-0.5843032868966628
-0.0786726489794638,0.01177738741046637
0.8035073082014126,0.47553104561453957
0.4717693689564407,0.3158745857287622
0.6747007299502016,0.26095591407188146
-0.028977571664503265,-0.07607390114307927
1.1645502184679402,0.5139203742822289
-0.4059262482233029,-0.25148408544951584
0.6910620233275877,0.3115574816864731
0.054190055533368975,0.16379048495701748
1.3575991175880233,0.6972358387425901
1.5721443586069515,0.8123641214253569
0.12015555642851117,0.011009794237538527
-0.2886633107808292,0.03423451492032656
-0.011076082131681791,-0.11743996071939126
0.059363824642865146,0.14112927978455822
0.2497235503286971,0.03611556387849281
0.3704680894034972,0.3790753988292606
-0.5371644973545935,-0.22522443801199696
-0.08151459315652204,0.10255234969713284
0.43458257218405205,0.25002380317139367
1.7579752808760034,0.6881958177736571
2.6283194433286705,1.4261548468631047
0.1772695805925415,0.01860978956679088
-0.03847537129797245,-0.20691103118495682
0.41060738031760163,0.423893299939102
-0.7256925453216364,-0.39487799402713186
-1.408277882387603,-0.7742288997526107
-2.5998578316271073,-1.2022474804156973
-0.8526966936582263,-0.6905933205242554
1.3564112576934226,0.6873218892607482
2.905973433639286,1.5870526664988953
1.31428627623474,0.6169049174490536
0.51608161387878,0.10990151970568032
-0.47083079168050385,-0.3833287053084978
0.7915604144568351,0.5508451517453286
0.444414870058358,0.07130037164757896
0.1864275766312503,0.07760833630140647
-0.09221421375955177,-0.0210952053640633
0.5716697539951304,0.024431106491769883
-0.1066543365854195,0.0849143862769269
-0.14143654401386782,-0.05758790809230872
-2.002321086552787,-1.0619706282862007
-1.4009303877001633,-0.583282916386362
-0.03669482895893661,-0.1128257171794795
-0.8697133264437154,-0.3911549091643297
-1.613122427509373,-0.8629279776496646
-0.3452414101685308,-0.2556930457991176
1.6879033503476437,0.8819883680166566
-1.3251244558137918,-0.7942365308821031
-1.838692744283093,-0.8480453771087895
-1.8853383771214343,-1.007705576678635
-0.8353923596644779,-0.3516010384052387
-0.771228091070842,-0.5983402652753553
-0.5530730488373692,-0.23628490948614783
-0.5848150016851519,-0.5294990632788135
-0.20310084994027583,-0.0821434009817585
-0.15496347331840266,0.08977848771108632
-1.1778155020971595,-0.694921867566132
-1.6067636740200681,-0.7922012211350916
-0.1292736649928592,-0.026890902276301414
-0.4678958547767858,-0.16030312260951796
0.0991781295271375,0.15305251104969111
0.5046386714838877,0.23220414782668275
0.523781918337971,0.3866978402868806
0.9642062165573957,0.3752766427931007
0.513448512936887,0.118355327597434
0.8102724781057296,0.42642369028849747
1.5088721225139947,0.9805975848242061
-0.09762990888388057,-0.09421014447310302
-1.1143058071279288,-0.5510411068076633
-1.2393386037109106,-0.6359837759906488
-0.6887552268368766,-0.6280876162216615
0.21285804993496082,0.16917283310130113
-1.2686602050997138,-0.6586611958041036
-1.575922859574886,-0.8367537157062213
-0.4540063629892438,-0.1542869892716688
-0.31585567347372046,-0.16860054201191793
-1.0110911523149828,-0.6719491301949225
-0.2915933824430694,-0.09209266377298618
-0.34654511898451745,-0.08293011748153314
0.17482320338262053,0.12360399729902989
-0.34033152702110525,-0.2104722113348952
0.13968637898187072,0.16375613858442212
1.1271660678285054,0.5916849966747182
1.3793875496589185,0.6106996777317893
0.42971393424448495,0.18506912078946575
0.47194381714224226,0.3345328539947508
-0.22030249823778153,-0.21511191992408046
-0.18744884091652333,-0.10544338896630842
-2.705799021910312,-1.2715586705122779
-0.5662962326131593,-0.24453401575149752
-1.1545837940873573,-0.6861589154140418
-0.9341631211634213,-0.33897696314365466
-1.7024512552571358,-0.8830229147974216
-0.7745626316175129,-0.4093306773466515
0.21217308005360724,0.050266033266494245
-1.617782745468784,-0.7347333390081543
-0.726725971402313,-0.2742212090301961
-0.7976134998845135,-0.4424492964460318
3.3195739225335315,1.7614923017073167
2.095287742292479,1.0543330464382177
0.092526601742568,0.0691767659484689
2.529956253520734,1.289340135994776
2.2755845815525952,1.1434130894038257
1.308783482710965,0.7893666835409715
1.3727294064589883,0.5465529308432172
0.8107633445304046,0.23361350863085056
1.5405991924454918,0.6265112689467673
-0.22710830147570393,-0.006201212119580496
-0.7135455197012355,-0.5136957625586398
-0.10331416601067261,0.11853663767958114
-1.76137940435866,-0.9311708647259822
-0.08044622020051717,-0.12439756377651918
0.8785543935122146,0.41389060510868125
1.0887640437633728,0.5814510250949761
0.4614598831406456,0.1791300918000474
1.7898413358057956,0.9178070453131317
2.2147815398327344,1.0587371185775998
2.8784638220113017,1.527271787957266
0.2797409739562706,0.1628100930299231
-0.296353864355518,0.08433996719781878
0.2852699404659387,0.03964682213916916
1.4010614664087329,0.5029517773067268
0.8695601397450092,0.4283116898662432
0.04876430618785932,0.014934071248637886
1.3216016828979598,0.6204096967049205
1.979021588660654,0.7972280004260798
0.3166991547002216,0.14337714309990418
-0.9282807653649637,-0.4305059963245655
-0.704886817495675,-0.3075626957895514
0.6534634486517534,0.19725140078124972
2.0118336239891215,0.8002783342616202
-0.30379310901957834,-0.12714031141106788
1.283468178669808,0.8971664723075305
0.07000798480624715,0.0740527639957122
0.45415515920707866,0.25309237684851604
0.044342189278571364,0.05986766772258224
-0.5671826883439369,-0.11426412848563697
0.40946654071484995,0.14329745962172438
0.7796632601365501,0.5114525192541162
-0.14308806729874268,-0.1589408961688375
1.412972111921319,0.6922948565315697
-0.12628308197673221,-0.022958852786814227
0.3253110247469316,0.07621538858440555
-0.6364001430578479,-0.11304523815099751
-0.2768737434132581,-0.27667794105849175
-0.44532235432262457,-0.2549377499811612
-0.35432955785330195,-0.3252965027684249
-1.235805483986002,-0.4639102437037963
-0.4565774403610083,-0.32862531740986145
-0.6523797453939093,-0.22454250123433755
-0.6666386934138429,-0.5517950046476061
0.1761939387252166,0.06651754571424674
-0.8880859534779962,-0.5828635420606474
0.20698225487088073,-0.0747104470026817
0.004467942937723679,0.09384454299823508
0.6986862553128221,0.23086474660197526
-0.28972107913740425,-0.28035223718149027
-0.8148974726641343,-0.368784837904549
-0.8865474390370031,-0.3862125303928078
-1.592565858262929,-0.8361306318355898
-0.5821038484965163,-0.2066244979720271
-1.6259945216346139,-0.8852848745211754
-0.3999683846540465,-0.2639744250033612
0.6020362160705686,0.1968575826690578
0.5414163663725049,0.47322291004586203
0.38557223031523635,0.14103003399792874
0.5911670104742185,0.24810583185962176
1.7798040619266247,0.8271424964923837
-0.1660909960745538,-0.2575271336820765
-1.6522765667644113,-0.8904414729734965
-1.0108949349524956,-0.355343811680052
-0.7417137705961333,-0.2352060027302828
-1.1173468205959,-0.5103656526986494
-0.945417790182832,-0.32573183032744457
-0.9009299088139169,-0.38541349254671914
0.1949293965190917,0.1278095324429191
0.5303515534099001,0.4093752288164684
-1.0588633127261555,-0.5496465004454513
-0.7159906727630068,-0.24418059298254888
-0.7494709118281115,-0.3664325401238304
-0.22533134282014344,-0.1610042648594107
-1.0456355672512136,-0.5257872545679538
0.7422600838441915,0.2588438246285137
0.5308297943449662,0.3394224521628796
-0.4498501167956941,-0.1753868843338963
-1.2095059973677613,-0.6928935094952898
-0.7750679865253672,-0.3419963489541059
0.9270156326734946,0.4944814797657163
1.4628293164867427,0.7834895911282244
-0.24420444340703562,-0.2099599362710583
-1.3981483430661326,-0.6528529284123196
-0.34754584067681754,-0.057657618032372016
-0.12882391871207144,-0.1188738788552767
-0.55353933731153,-0.1737685870303527
0.1766850348669024,0.02756562749720226
0.9471508901826821,0.40938934687906203
0.8082373923942354,0.42677109283165243
-0.1360106596088661,-0.006447772848059634
-0.44891715125020815,-0.2771522420721617
0.05211973430133321,0.09354951681262162
0.4163670939383151,0.2463688656208678
0.39158745523681565,0.27047805761565263
0.7235723876057212,0.31121232585195086
0.1685211159550371,-0.04246056904744269
-0.4844354080419591,-0.22616546427303322
-0.7863437493150678,-0.360567577765452
0.1338876145303592,-0.021869052129411176
-0.1254280070012797,-0.13161473093151593
-1.1608060374918627,-0.7751548192876996
0.5602200938944248,0.13537512076522626
0.22921898065617968,-0.10237020149643608
0.19694407375158818,0.20089331098018995
0.5813287944642798,0.44977794093593093
-0.2900900201750133,-0.08261063277504792
1.1530040073782657,0.6350266496480332
2.2018962211434276,1.0797093945454634
1.7537161579601501,0.9279408609220523
1.0311895869872116,0.25396048153065415
1.196399520833824,0.7279750437234793
0.047978281153779556,0.03959885384272726
1.3279701262685695,0.64702217665426
2.034033660353493,1.1259367725007954
1.6560255668100863,0.6004654628602708
-0.10135165173682115,0.0970664799056229
0.28961460209188705,0.1764721291811864
-0.36738085249842967,-0.009406586882558965
-0.7517728570465686,-0.3740732273615822
0.0711441882944438,0.07863503605818242
0.306828449362971,0.060184144491525454
1.1842322185044007,0.6343689908158714
0.09566633421499615,0.006444179710033797
-0.9765145711508836,-0.533150865737197
-1.3216879751326733,-0.8381220592961234
-0.992834264506997,-0.5262590597253374
-1.9026238935992292,-1.0053857107667987
-0.6832689057651493,-0.46563474091427914
-2.0983777481968384,-1.048074480624468
-0.8206798065425757,-0.3206616809642044
-0.594043863192229,-0.21858816901949046
-0.55918878998125,-0.41746500378005236
-0.18243634024343158,0.11653578341890702
-0.37151695183034034,-0.1653147528190228
-0.564857519566396,-0.45437698901692203
0.12699246608058656,0.03999198806764606
0.4852210942733841,0.19723493100816777
-0.04113612917622406,-0.07896275019155512
-2.136055750858222,-1.1588097874589127
-1.3696527907808371,-0.5756962859738148
-1.1551232401943765,-0.30759638062180433
-2.447972858871446,-1.129082036044904
-0.994514462836616,-0.4085893839880858
-1.9318223644629913,-0.8141365539134059
-0.6834136506738038,-0.4041345648970158
0.439318718313035,0.31759034296422023
1.532433363562407,0.6633392213276752
1.29166470400183,0.6988849973627613
2.857995028364919,1.5589613887577263
1.8435502431276016,1.1087714381908103
-0.705961932041812,-0.35713943690287114
-0.6489033264514905,-0.4699791316557208
-0.2663771147615274,-0.1431135602717035
-0.8108948149341951,-0.2645152054005153
-0.07064369244524632,-0.10697599077839513
-1.1298050797073935,-0.5766724044844207
-0.5203702857679945,-0.26378981554722686
-1.571976304325485,-0.7421769811703647
-1.9060704739710657,-0.884091197876023
-0.44117513425667326,-0.10278876255147051
0.13422760898219305,0.09752817478914672
-1.528302433074589,-0.9806168403630299
1.5079674968453598,0.9307200201325478
-0.2888657902949212,-0.2320021823882511
-0.7993918740663669,-0.25555419045234473
-1.6387994091178109,-0.7777581308920377
-2.660185727376525,-1.2232862354649192
-1.1887765261673826,-0.6121723450099875
-2.4111964107582518,-1.2556553769328314
-1.6227177729298101,-0.6561207334321183
-2.0483133634948034,-1.025495016207244
-0.9803060812964998,-0.662856062122815
-2.0273530891055893,-0.8730787758792526
-2.074327443489942,-0.9842910378081454
-1.0273421330962926,-0.5348361833947143
-1.3038624297801338,-0.7401515312306635
-0.010698480465594074,-0.06602950017390909
-0.7532489200577281,-0.5264839055243904
-0.876646765710582,-0.5016597939493471
-0.46268838921005145,-0.2460931911622723
0.6033562542357411,0.28032542637148744
1.9005988620500567,0.9237184400783349
0.9967822152725672,0.47689127233958084
-0.6775375863944808,-0.36276738719420903
-0.7242649019368181,-0.3732027006049596
-0.12039527181338072,-0.1365183777551397
-0.9585338042338926,-0.4133752885674308
-0.7356456219535387,-0.2896145937253541
-0.5529115776928294,-0.1172965338789495
0.1589295498270626,0.03415776719713632
1.5126624044578028,0.8217758931619876
0.6408305717383805,0.5771122201747861
0.2551026501148948,0.2670003717367611
1.8769508519068996,0.8746966410147909
-0.2471730457118626,-0.34080292866462036
0.3293201189485419,0.20008047363177572
0.7990111958438595,0.26037662132946227
-0.678987067381518,-0.28919521311739277
-1.807746879474453,-0.9493122392708719
-1.5821064261344555,-0.6660332861597482
-1.0599827861646598,-0.5683161654438275
-1.1162816195962084,-0.4537937182633037
-0.32757215389321936,0.01272717662936626
0.33797302235628085,0.21893398500200267
0.24156002329003828,0.09908071216366425
0.6956260009320718,0.35919230058883966
-0.43133856763547695,-0.3691654449218257
1.6745279823519645,0.9337844775018916
2.02350264865745,0.8622664890754418
0.418095174131294,0.2206677947619868
-1.5278680479980218,-0.766902922696798
-0.12017378595570727,0.045378871196834245
-1.1131739175367243,-0.6315804116357184
0.6785971707531135,0.4790477285987058
0.969444246561947,0.3210447503673415
-0.5076442508065527,-0.1459012688087638
-1.8191019335653256,-0.7599245756096877
-1.7267367683760937,-0.8063698493896303
-0.8116748636104527,-0.36775667058049644
-0.12316248114126277,-0.15722611340715564
0.541526845715462,0.13648265064201612
1.108081644913531,0.4784313445999101
-1.1696947743739536,-0.6234236387213344
-1.8136857925564833,-0.8632903064183632
-1.1845111250507516,-0.4739578737433022
1.6137983964442988,0.8947299121142014
0.5981443696975941,0.07695018871238302
0.5830482153035068,0.47630546701008436
0.2812552877918736,0.15012811912294147
0.9922012486181199,0.32898577654982464
0.46151534573642083,0.13699873078557206
-0.8438212942043957,-0.40937848131965215
0.560902795774663,0.2137777280870548
-0.16153091094580935,-0.02818607819282002
-1.777403883947751,-0.8357233611052246
-1.0436836151561573,-0.6578713068284074
-1.9335870712167273,-0.8987588938929566
-0.803257227823091,-0.49972472852670075
-0.8485592097540593,-0.47155713382623654
0.21856792011209197,-0.009881507987246727
0.3768100330560651,0.19594680122811864
0.6866808378238451,0.4690318605405742
0.6578363912362721,0.29454375597766674
0.0530411270700209,-0.013305221782320659
0.04621743351050642,0.12766532896739147
-0.7158835863359995,-0.3675582014226072
0.5946111389293546,0.5599039720107905
-0.8359772110725405,-0.5871276048136828
1.269577652291209,0.5729142293702914
0.8531960035139956,0.5105983845812745
-0.9312660453960209,-0.414714091711083
-1.3093802202632912,-0.6318143173095851
-0.03896488586582203,-0.05533537913160445
2.0789820426591583,0.9834713115161253
0.9568282552310424,0.49189523803741086
1.4430187063295594,0.7874892779279972
-0.197649784081109,-0.21549881855983527
-1.8924606787589666,-1.2471135897976644
-0.19787154353342185,-0.0775258609160072
1.232246808552886,0.7645347809252264
1.310009672173046,0.7458253475089089
2.4217784664633935,1.290482445104926
0.39255673614426184,0.22360853925188462
0.40716621537393416,0.29079954828021193
-0.4794627509343385,-0.38684055190796873
0.36854273337201615,0.12784654455610975
1.0238950950903851,0.6198154201090251
-0.1151747748954568,0.18114104641267717
0.8429959255876988,0.5736279932872543
-1.5179376561803193,-0.8438424859329025
-1.596262493249807,-0.6263560305451844
-0.5853664933409384,-0.3206271400057438
0.6389092655845303,0.3851201314897227
0.7696633415788123,0.4881824987858467
0.5465969724745793,0.228172616018196
2.768697337453636,1.4278630793638238
-1.2553474850764084,-0.7847567232588195
-1.0296843032113046,-0.5526326646256625
-1.866296487223849,-0.8940550531658883
0.026589503946703674,0.1049974954682632
-1.3780692643009314,-0.6069351406579476
0.8160039714217897,0.45893511440491047
0.8161991701886007,0.3926474218393817
0.06508164417815149,0.08106659448192052
-1.6038643632934022,-0.8191023870263741
0.13847103290972818,0.008821692005053436
0.48625209133070924,0.23249927096483464
0.12032618629758995,0.15891753027209904
-0.5255877071376462,-0.1808373606846455
0.809996470132754,0.5453678066946305
0.9498987063228299,0.5754978896988159
0.623689352938218,0.47629797868508417
0.8583565653972227,0.42486668884629025
0.42853824400769686,0.1783630537569436
-0.24890076665030292,-0.08505924787112808
-0.7262527665066995,-0.36295856310017477
0.630333366974578,0.3132507414405743
-0.28182884444142975,-0.24464905658143504
-0.7086842137900393,-0.18212121049803223
-2.385471893971821,-1.1885075765177753
1.2972014267280787,0.6174885940041082
1.4889941146926473,0.7019149622443368
1.3178975627138825,0.5266529237486184
-1.1519647568952176,-0.4269637850578777
-0.7073492451270043,-0.4062621057434364
-1.8527427013173579,-0.853931531274628
-1.7449144884565384,-0.9937046130895107
-0.5552334130278731,-0.1927523995850687
1.3443794401479918,0.7218451257040126
0.4615017785136765,0.14660710830366022
-0.12047717777355393,-0.13841011295944955
-3.262133339119172,-1.5989735375083751
-1.7060829447107904,-0.947164478125394
0.4074376902294967,0.1659795579709692
1.0004439808770769,0.6533608182352867
-0.14172846582057952,-0.07427734224275427
-0.5917780032843197,-0.2697085936075754
-0.6186137074204094,-0.31447655551072023
0.6662434025556722,0.4655036149656345
-1.1270019733548673,-0.7800937683829365
-0.9634141888497918,-0.37043061937217253
-0.7982446853133554,-0.35019944721309537
0.4115303256706196,0.39332356022204684
0.49705815923654006,0.3108453807894742
-0.6104724580550138,-0.34585283166190617
1.4788909082934403,0.677702055977327
0.7130953448708807,0.3782444740842216
-0.8070696266217587,-0.3676501270409343
-0.8210913105229243,-0.5632245776684944
-2.005269488078059,-0.8760402101310524
-0.8139223894262475,-0.4431672131145435
0.04462494452592014,0.19380049050811987
-1.5686450189804144,-0.9129384373678096
0.024414026699168034,0.08879924001297637
-1.7301914112426793,-0.8197749557504751
-0.3685937637906116,-0.24171166393425836
2.302353275867222,1.3190366985256285
-0.19735654729265784,0.04166437910542589
0.49060410724727366,0.34244971238290833
0.14456250629693115,-0.08821706177318799
0.9733960950988823,0.38168316218510656
-0.4574231197023113,-0.13723216807140537
-0.9239936526012311,-0.6418523919175567
-1.5016419448762544,-0.7368547962589548
-0.03929631465014105,-0.030679732080520862
0.6388051740938667,0.16862112716270208
-0.14656071660758502,-0.03293209547113496
0.9735893266786062,0.39315084114992577
1.7386018219626618,0.6874376494566128
0.8960350923887125,0.6744792271741191
-0.06671278383591628,0.008523013245061543
1.0900770051572235,0.5789846000851421
1.9678838484671584,0.716955702282559
0.6990749599488689,0.2964549598576361
0.27874804687798044,0.18086388692570074
-0.8594251581531671,-0.37271561072214276
-0.5876359783333939,-0.22064605054049502
-0.41570407361240436,-0.2025569392085285
0.32472697180789234,0.1665797167619452
-1.118760809401293,-0.6434406474842695
1.0833383733654856,0.4513054643946948
0.06606288516076353,0.18595265210219236
0.12261921334245732,0.15021527492436892
1.7265585605380074,0.7287232023333898
1.0680284832346345,0.6287589987292463
-0.7167624664405815,-0.49318834519856347
-0.6779482093334842,-0.27597908235132657
-0.773758087786891,-0.3521837396391635
-0.6683674574634607,-0.5036518993781134
0.9533368900077029,0.43357419143158593
-0.1422127818530251,0.009175791617268003
1.1059646009080435,0.798064663907331
0.7386703835270532,0.38703285538038035
0.6704087551446712,0.4889197585255972
2.0396649343721793,1.2696543295977312
-0.8086664217685008,-0.5688722200259251
-1.2358344409850643,-0.5741862468317284
-1.151290957635927,-0.7210500349237622
-0.5171225526079773,-0.18113108912679718
1.4341611849370486,0.7119035266423841
1.5201699507858735,0.6694796261748883
1.102749378802165,0.5313778719801999
1.1591264274838777,0.44115530645200873
-0.32832617256102703,-0.17138616850712018
1.4808500998112897,0.7397442692764082
1.2118609021089382,0.47764084323472006
0.7181322659307082,0.3832745538486001
0.081309462983848,-0.148278955246525
0.6418843602455637,0.4048172611201546
0.8023633315657057,0.380108036224669
-0.08641580350255001,-0.07135941874892715
1.3578910725959605,0.7059201753975988
1.6516800707471957,0.8633962408536936
0.00786842098218421,0.1308945063191824
0.5497746265496213,0.41893947038968704
1.6664520326132533,0.68631190688651
0.20376198073510565,0.08098052245463083
-1.2660709640680003,-0.5032508917201652
-1.353719371302033,-0.7549331474659082
-1.416686554060027,-0.5430395781000086
-0.11505322050718203,-0.0529057142626561
-1.5079270499167794,-0.8705940570911062
-0.07019061872611909,-0.0650731201558491
0.7954202222812471,0.4169888226273403
0.19761934812700677,0.08419187986031046
2.137164184482403,1.0337340189385202
-0.6071356650244137,-0.4060508135462176
0.19443376047494776,0.12334167085215572
1.0792182084377995,0.6960767944431268
-0.5165504677618387,-0.19251684298114735
-0.07441010363741074,-0.28685613248844816
0.38969186493742786,0.1402749728704548
0.8550374901194348,0.5078034814912507
0.9722403978647856,0.5613070606933276
-1.4566792179305188,-0.8599632155912964
-0.33366854198264456,-0.2348406553453366
0.6351996034433057,0.3359860209269178
0.5916974559393553,0.47084220072503336
0.24661906111936474,0.26989461936889464
0.43300376756990944,0.1814244989003503
-0.1380981054942214,-0.08117153380584378
0.5232094914627405,0.28207147398292853
1.210340758001617,0.6888773142289932
-0.9607065777363544,-0.4474239616920146
0.9285318978475133,0.5337275369608403
0.7130759013354456,0.43792796522884414
0.8625774441568348,0.34774308655815656
1.0517154120778966,0.6677774124491225
1.7739320625822663,0.8244662226094358
-1.7054547324817784,-0.8840144206643658
1.5347256247632246,0.7759313218384459
0.10988455866634461,0.06583234071432745
-0.7085928304340751,-0.23427982787858118
0.18673098342890365,0.1556815127042004
0.20828751871092488,0.34195199044847374
0.9290173604761449,0.4248526078667084
0.9080971569893708,0.5949972713665485
1.5469941892945622,0.8510666780482634
2.405157111212959,1.1374031374819669
1.503475019710593,0.7371152882585651
-0.41911214030867583,-0.22971016716321108
-0.2646466207162621,-0.09705170885229389
0.29058869716289243,0.1097228526690619
0.07264082891942891,0.023090536212457775
-0.6629119350844206,-0.170962892560006
-1.2484434755554465,-0.5426868307139378
-1.7894226712940502,-0.8491753677061733
-0.15870640575421646,-0.06988010086640581
0.6697467581502624,0.34867561862810803
0.5739203439450472,0.24738000442665414
0.6518395765259345,0.18237712550350516
1.3879476118117189,0.613651005163662
0.11400039671059914,0.015282001004311624
-1.6179251155087044,-0.7743628925799976
0.49372624698595347,0.2609085281694732
1.3686229093969389,0.6430763664717893
0.6189219814109601,0.3509561128790299
-0.4290059217400114,-0.09725063854176563
0.5644685356798296,0.328575099430342
-0.668796864725009,-0.3087751355402327
-0.9733467502061148,-0.5964027221048118
-1.1813276402321504,-0.7710401810417418
-0.45567365240590907,-0.5375180287202628
1.041425596930713,0.5361960554026632
3.580325685145332,1.8221263301215733
1.3954562772622738,0.8142835791143667
-0.72326385477037,-0.5249600997613977
-0.6366689643475155,-0.2522582857826459
-0.22382206214311204,-0.18056799135705712
0.9894525456089973,0.45573871660994725
-0.4652151122148096,-0.2371625404329122
0.10747345458860247,-0.06716313736249635
0.25918786746249756,0.1102871519303117
1.0217966677647392,0.45064857654983875
1.4747583015808838,0.8186293079827658
1.9310866797928354,1.0233857504536026
2.317443721333549,1.2060435355981118
0.7779356684545712,0.24371956543456383
0.1000829219392303,0.07386801675560312
-0.8141839169998379,-0.4369177748908493
0.8943987189384179,0.45975669437239153
1.3498236029989708,0.6597943114981254
1.3736442129613042,0.609444024966798
0.5071270013698966,0.3274009070307973
0.15493027585448177,0.03197987844826847
1.3110563680914922,0.7079128968144757
0.6987134385187572,0.28906667880488046
1.2976286253873652,0.7063758309210415
0.08594377688389943,-0.08227129807295933
2.085341720747378,1.1947233582300663
1.160156799173173,0.49167808411528124
1.0522182231292758,0.7286890580411058
-0.19671894821908575,-0.01376462877730264
-1.0403530666979466,-0.37900099369125895
-0.22681551022720675,-0.13503688448363332
1.0612004382664542,0.4323883836942992
-0.35015958292770144,-0.28873142380456107
-0.16940230785092425,-0.06186578387149315
0.6188702154716583,0.27488655020523944
1.2201228214697688,0.5669128128982404
-0.19866528415360474,-0.16261794206970248
0.5369559925081859,0.24766134727539868
0.8498821424620889,0.2837663425694253
-0.33090721398687445,-0.14047215772777588
-0.8031310957279142,-0.43468484236668214
-1.7567491476116104,-0.7549703053117106
-3.2294219015687826,-1.6840270359137355
0.36785548006675073,0.09429655988647816
0.46682443424582987,0.374349688150833
-0.8858032666820004,-0.39169015819236963
1.4683547752915573,0.7266601171595904
-0.3804659363290792,-0.18426544494349922
-0.7177265763984588,-0.4654753066458688
-2.1413684964685653,-0.9649294683424479
1.072253270624356,0.48835384717120234
0.08990922248450328,0.09987060149513549
-1.047466727325505,-0.5265873803012259
0.9526902156664616,0.6271595293901249
