-0.464158646765017,-0.18052738213199063
-1.1384640060401903,-0.5580555448682565
-1.0224486009526899,-0.5368228045222476
-1.1870979362308023,-0.5246535220264302
-0.9602148536461352,-0.6025648426012739
-1.0002256517578698,-0.417850609959614
-0.6094436682372143,-0.22784605197242905
0.6436499772348725,0.1775773602289455
-0.24643837475007413,-0.18205950275370508
0.7925375711305811,0.3316919571045537
-0.08848067572185359,0.02725464589969763
-0.07041870395678185,0.11303182325261349
0.3869252309079484,0.10463467154563721
-2.166164933508322,-1.0822420116590186
-1.6542957485688619,-0.6584460445622926
-0.4117721975747668,-0.12363570529110002
-0.3227699752710978,-0.25534756324346836
1.2843171728233667,0.6186686420238641
0.8340037671890739,0.3310843298061518
2.4269528103868794,1.1893263951770987
2.5583659624279194,1.2296288163854072
-0.50540538672752,-0.3698663994587929
0.47807607546782527,0.281557118595899
-0.4293620722048159,-0.18795921954786352
-1.340135973880317,-0.5805998014026168
-1.1175919339787777,-0.5337867159545522
-0.035085157448990434,-0.07806961762205508
1.0138499763721305,0.4268733882004842
-1.3659800036605314,-0.53838904152649
-0.10726703584570074,0.006926245539601632
1.292261927653048,0.6828198996031143
1.5176634246327865,0.614215732151742
0.3417787039124844,0.14369630633927372
-0.05628931474210572,0.1252642145432754
-0.12885188359856753,0.10444098528957874
0.5245810300587888,0.1606802219933322
0.25212931168784325,0.027437362821019495
0.40865549326942685,0.36425981547489583
-1.239085520608576,-0.6858081134534546
1.1074547207161085,0.5951127590344876
0.6492627672905091,0.3109130628928684
-0.2708012719417809,-0.07860503811128236
-0.5918190482002719,-0.043542504429566864
-1.5581452845090165,-0.7568248361685573
-0.6627958308406589,-0.32243173153935956
-1.3836761437687326,-0.8081231838945154
-1.3150280957349811,-0.3167749283369101
-0.6351251208556634,-0.1242570323779516
-1.4031063996087463,-0.739699728422118
-2.109910032663983,-0.8958605766125239
-1.730527488797208,-0.9833504649616597
-0.827703400074283,-0.4781682757546214
-2.149478522357432,-1.1829650319827727
-2.448830096204853,-1.171056937128389
-0.45496050259928683,-0.36470829829735557
-1.0231762749990774,-0.5357238714797877
-0.08473601733428004,0.06746920466321704
-0.13245134865159242,-0.24828312710036324
-1.0574902360608205,-0.6827666088549852
-0.41487109344797046,-0.061577358520654074
-0.1510706656789079,-0.020877033621805957
0.22421234260795916,0.10624612596607669
-0.9057756187589727,-0.3951378777483647
-0.4807623516041459,-0.41678154954046276
-0.4468629801354418,-0.24947145576806615
-0.4415146021468239,-0.02655621686602974
1.1708151719155266,0.6380075916747889
0.09488049469923188,0.1940479268338404
-0.5457770183865902,-0.19735713598130605
-0.3126491689572428,-0.13690920851607033
-0.6695240524349979,-0.29833653562088214
-0.6087637420268289,-0.3569518698792829
0.11911299016268329,-0.10387368614781092
0.01827456312427228,-0.1702448140205571
0.9507867633433266,0.43013275613684776
1.539504017991316,0.7094770600185742
0.6815224350440966,0.25179195767102625
1.1684739685694774,0.6414401004048462
0.8453622658015939,0.5038712145781659
-0.06670850334419015,0.025929218423291142
-1.604409587612544,-1.0299797442744831
0.741816432585201,0.3943261056479862
1.4850294469381415,0.6125126454668832
0.49167380512753267,0.17497202097322775
0.0877506559976422,0.15924133806727472
-1.3638552125860717,-0.8043600342645794
-0.8379922513356799,-0.41953365718406077
-1.8385263567826389,-0.9329848884244524
-1.101934981986017,-0.47280146793354183
1.051552920722579,0.5581971493427665
-0.06887466860273894,-0.029409296471526764
0.06768336360421116,0.15890335537332229
-0.38707266966583187,-0.19034477541908756
-1.2212437854083362,-0.708631182968136
-2.502692010025326,-1.1915593895904166
-0.5800789932715661,-0.39513385111385213
0.6989672743091642,0.3666959798783487
-0.012180264286395681,-0.039479573876245594
-1.4235664245698734,-0.4577461301156704
-0.68925493096214,-0.2780160434703823
0.022695974923038043,-0.22394453416207646
1.4089157705847541,0.6913970732573657
0.14857002223005378,0.07974333148672667
1.6737579578080628,0.784150431909456
0.17388294957643902,0.07443119158008019
1.356014124420529,0.6985280493830331
0.3406512505393234,0.11053867398781628
-1.2186613932114398,-0.5619731814715441
-0.4325969863352456,-0.18026109006420604
1.035580463247047,0.4763823461987184
-1.22524502790813,-0.5472275391612055
-0.8356851378131608,-0.22851978854878643
-0.6737416213180027,-0.23855817846706495
0.10562330110860113,0.129234775743041
-2.2995418508520267,-1.112916137901332
-0.7079903779266267,-0.4042911673814971
-2.521705886983284,-1.2552100450947605
-1.1424282214817283,-0.5876058722653924
0.46545814109693295,0.09256218341353237
2.921540129079164,1.6183645685391683
0.03322146953444072,0.15032640231882932
0.9510711151146991,0.4755898905949771
-0.4588423215215143,-0.11137989684349085
-0.5863479374056316,-0.14016366208938072
-0.7920474374014445,-0.37798740210031667
-1.5221755409721274,-0.5639301266015366
-2.121751126163744,-1.043795893323808
-0.13523506190804524,-0.20729331311896437
-0.37399596777457916,-0.4255047429648109
0.8767046039188426,0.5407915823825672
-0.6158959278120762,-0.5291888526284687
0.21788843689059145,-0.04032837707499953
1.8682558586539642,0.914616307864974
0.6819251186474988,0.4809645086741343
1.3351420645551833,0.7438642341889878
-0.24723874896649622,-0.15573333154182326
-1.4445767645715515,-0.7924835092186154
-0.11567350851271807,-0.1659318239767481
2.080100351248838,1.000409364443479
-0.32824441051664344,-0.1738753238602313
-1.7685480675404885,-0.9074465842599471
0.4458493450343982,0.23207817553591323
2.172179858455151,0.9751513862128814
1.959481506503576,1.0210085702827743
0.6121487313041416,0.4102282630030851
-0.7761171244581417,-0.4195168821015124
-1.3690587612230782,-0.6938857541455531
-2.358396858718169,-1.089330269639973
0.4062995887844031,0.19167438568903694
0.06881885112135994,0.19660585389696686
1.2748587572973324,0.7071518003203426
1.1130183821700943,0.5449221125429192
0.705062837664627,0.49368377900715865
0.9014333803979161,0.5524057406856251
1.5711056098306122,0.9260432069796745
1.757928802935085,1.016422493843787
0.8174190813644107,0.4599880360385039
-0.4875492987497043,-0.2395491424090421
-0.2272716775866429,-0.029193204292875627
-0.9394538356490059,-0.4499746313215094
-0.47021904563169703,-0.4629722103043249
-0.058625346575448795,0.10984102890415985
0.26800563366493085,0.24004915641049676
0.432297294849607,0.31212577761005883
1.611281088616174,0.8753135489325053
1.331915897076763,0.6406494936971636
2.2835875401840333,1.1916427365912
0.34635909837081885,0.21979946144373702
0.32748942405644815,0.13667497223451044
0.012771117748608646,0.12424452250317673
1.9548129451992398,0.9814692319663064
1.3748843807417244,0.7247647521935733
0.9526947790121236,0.6063749248209642
1.7452731185194883,0.9346252624888538
1.8539157488477143,0.9376805855900133
0.2771785671355284,0.19082719883582377
0.42007126009416434,0.1783722617442449
0.6203247146319599,0.137582071773209
0.7538184616192143,0.2788481995999381
1.1334081796527407,0.6198668800855014
-0.6694766249006335,-0.3376055373056656
-0.3290343569262783,-0.07948809664066925
-2.1807719197701627,-1.0359299050283426
-1.9005029425264983,-0.8267487844316443
0.7917211627597632,0.23293390237344908
0.07281763428616567,-0.05485847752471744
0.7872571081511737,0.3390540827940052
1.649234076528268,0.7720397561271493
-0.2593983774275489,-0.26829942581611854
-0.13855177997569823,-0.1521694979465904
-1.3829793049309613,-0.8442975871492173
-1.4637802953343568,-0.6677462816211898
-0.06348837184479927,0.18702379344170986
0.2631793189104395,0.062071113906969275
-0.3136743099856241,-0.1726064145649485
0.5828864496521182,0.30419397559035205
0.05620435597130036,-0.10673643170201202
0.2810231784897366,0.26696827367955944
1.0056206042689213,0.5313063178243932
0.9644275006731353,0.4910367438955762
2.122610415717996,1.1473062924360282
2.2328015398484826,1.079864452174748
2.4781179132008586,0.9984653440003117
2.0824917076820193,0.959036730097657
0.34334683835432595,0.3964979956509367
1.5569081699361416,0.7233924012290596
1.0752893455906953,0.45001635284863073
-0.09469899172637786,-0.1301863793126108
1.0883668733816567,0.5410127506292407
0.468488263567378,0.2029777889758203
0.7799258083273171,0.41182821810196385
-0.19511241668119422,-0.03377220384547398
-0.4686806255531327,-0.1209498671945965
-1.0149526058316354,-0.4676218973309083
0.17622626189285573,0.009277481189145953
1.2491341466024934,0.7063529253888342
-0.7512856291058522,-0.36815987329359395
-0.5961943238289382,-0.16476539303184035
-0.3904220166129262,-0.19227166983818822
-2.047901666270744,-0.9124859843504239
-0.6490566220567278,-0.2315278097581332
-1.44293517259994,-0.6753044647724306
0.6240385417581188,0.23607217720925613
0.7311671295190028,0.04595832490982643
-0.6749781312457526,-0.620284883660101
-1.9398681716505277,-1.08881145351581
0.23567635192134717,-0.06946291065295915
1.8110488959910276,0.8347563395644345
0.5710871743798682,0.38000443175515464
1.1813042298175516,0.4397797215426494
1.8584881479289135,1.052240638417375
1.2389251444168052,0.632636330306454
0.4347924074059295,0.1586013393361686
0.4600670716580756,0.24867436466098292
0.10345742509715297,0.18654420237982183
0.9003336937550313,0.5886922759773525
0.7156350678612029,0.42153899552330887
0.2518187851844826,-0.011909269271895478
-1.3387857018538374,-0.48068740464162113
-0.16084931204350694,0.0081113876018023
-0.34790804882539117,-0.16853106605216595
-0.8924629284768739,-0.43312565264839076
0.9290727414531869,0.19093886864397014
-0.3551227750973255,-0.13135222789189221
0.9437466031715438,0.42359404024315417
1.2146524358762985,0.6163143495076132
1.0469143259023181,0.5326157955495472
0.8898161859556649,0.5936236423231565
1.2986102888292614,0.7785074316982685
0.3392788182805255,0.2350160160230107
-0.8607292005495679,-0.3391175874791183
-0.8310203313149604,-0.37741495415271104
-0.60018276124443,-0.12813518592914913
0.3714401959458723,0.2965536658512754
0.2238094394770648,-0.10730078726593763
0.3947892072833158,0.36349555052455723
-1.1395102355777922,-0.5655903679674552
-2.9369474068168233,-1.6076278623672677
-1.7210415377851,-0.8054109943550692
1.0936941554346455,0.7368268312396854
0.9138042365951395,0.3372940648614557
1.2145632273563782,0.5503719132406488
1.0246672829884598,0.7368796677720124
0.5399447799550379,0.08087066766346082
0.316298839815609,0.17372277413307863
0.572404019300724,0.3543485366616745
-0.20884731359455955,-0.21329645373118278
-0.7275012756368913,-0.344587575524313
-1.2058258374195208,-0.725934340909099
-2.007894003290009,-0.9192729932351817
-2.2821700048006153,-1.2122106818163831
-0.8112375598665471,-0.4095787226425429
-2.5370377393699988,-1.2127590503101007
-2.625692237743168,-1.3892076905048731
-1.101508255247715,-0.3776891852203692
-2.371928863342974,-1.1926620412158253
-0.8070684257802119,-0.4510371568584596
-1.0360951802024125,-0.36976681211071283
-0.5061380548804713,-0.26748896131491096
-0.15217053545249964,-0.041679162636848
-1.4390323552863749,-0.7344498954278825
-1.0490994673556193,-0.7641008989372601
-1.4985506053747284,-0.9175604409216669
0.548465817072354,0.36445384465417935
0.20612611370463932,0.15797966052703316
-0.9255173095367435,-0.37100584774725953
-0.6458768994499268,-0.3128384955397107
0.5910711571930369,0.24225771900270054
1.229249679100121,0.5335673696982104
1.247128769644378,0.6305524857617827
-0.6835495125090871,-0.3630755773944686
0.8577887854356712,0.3253558117646742
-0.7532587277587219,-0.15897131657774577
-0.7768525190160448,-0.4850684836667589
-0.9223008121921459,-0.4672683312981876
-0.8384858534960595,-0.554870853044771
-0.9516708511113282,-0.437003500591591
1.5242038335152097,0.6947431147671495
1.5522217948919446,0.761614617986676
1.127426181326973,0.7301670403342312
-0.907670795311629,-0.47820854037313554
0.02806887495869892,-0.11757050056368465
0.8136248037871043,0.4159754022822309
2.3875092968075524,1.242905351252785
0.7219766967017335,0.3539925253292496
1.3768411077924665,0.6270444462789733
-0.8321303257469763,-0.2989257366241985
-0.19566298507983576,-0.10321738041418582
0.5357999784861062,0.3366674670930712
2.3358741064090567,1.3646773324977066
-0.3486155438875512,-0.17872058008926123
0.783190912763079,0.4005359670254085
0.7919594738615177,0.4792640382035084
1.088388740441078,0.43964366348064765
-0.23117297910499646,-0.1295447088046187
0.7936917985988542,0.30366683866542976
-0.9865527501820646,-0.5394098434835829
-0.7642471770820023,-0.35528007524711686
0.9853682829395418,0.311304271205399
1.5875348117506878,0.7548377566840474
1.15379164323002,0.6304844142942895
0.6660346572250273,0.539264104595103
0.33484232766975547,0.18429645062275474
0.056487305886346706,-0.013069817905422887
-0.4668338585378474,-0.2936339110381785
-1.0376819130754047,-0.6679914845252364
-0.8046555367043281,-0.4123422732586019
-3.361272549844635,-1.7207212849826532
-0.4297640501187149,-0.2081840815980937
-0.9670088329598872,-0.47601996614474207
0.6955816512648573,0.25011291704575617
0.06691759580599155,0.12758230998246742
0.8358137018333589,0.42409682447160574
0.4392715683492524,0.16591965140101866
-0.6192773922787639,-0.2600469450180545
0.13596030423330668,0.1480471249026398
-1.8302334208308033,-1.0097898366939249
-0.3707575400726241,-0.15678694005224975
-0.6696673343483598,-0.28692855182758803
0.980781918746267,0.447046595787281
1.0099289647522625,0.453065606399601
-0.316029403729411,-0.11152179343627858
-0.8707109083944077,-0.4693969018829654
-0.7776878541228058,-0.45398064872709853
0.5349084796053458,0.3374930359194922
0.8985059847980755,0.4752670365358191
0.34437819539647585,0.2847070269527267
0.958967179633744,0.5594776545159066
0.7025335988857306,0.38751625889249575
1.0491903034173276,0.5505750987074133
-0.2127415651372362,0.032955826311656694
-2.4896562436706025,-1.2151139814617173
0.4642148441084666,0.25637704760868085
-0.8298014363529953,-0.4241865089901995
-1.1703896500134734,-0.5528302710868472
-1.2128025278905228,-0.7459540319324852
-0.620046380173697,-0.20033121457286146
0.44676709205293286,0.25265921598329494
-0.18218566655302587,-0.01939844091210205
1.4808923484186143,0.710514479277341
0.011283089419656944,-0.09656791601735358
0.9061244749894275,0.3874323615346336
1.2977538521462921,0.5704706074197412
0.5058914056695147,0.15017690923406318
2.0883459746303905,0.9770501896832365
-0.2056922624454165,-0.0547837695605158
0.45633050735673447,0.33243708956427537
0.36873881082931087,0.16638844388237314
0.9010943299309189,0.48920300706444125
1.3475408145473748,0.6555568298640971
0.6930224807983804,0.22507101895785597
0.6418045466545657,0.08723522510024523
-0.034708965589592855,0.12563111725335138
0.3045832191207306,0.09492042545158146
-1.2037303286251637,-0.7413307739292692
-0.2021213443465753,0.0010347340171907582
0.5095941094826142,-0.03379341470073155
2.3395792960742243,1.2914109517249492
1.0527004543945204,0.5610328166544557
-0.5741430558427045,-0.29258949502074305
-0.6525631376380527,-0.3240066570357069
-0.2893099262207059,-0.055651595307349325
-1.7205833358700828,-0.7323730409787922
-1.5214158359616705,-0.5925090339938537
-0.746136070949033,-0.6501958021705987
0.6276863994449835,0.26598715962698793
0.28790809640115467,0.15889299591307343
0.5012287489134054,0.2912097672269311
-0.22921844049800366,-0.07507207427204529
-0.9846337973307558,-0.5198170767637276
-1.0725012225321167,-0.6852577535057085
0.8898507472284587,0.4214241138175569
1.253600135825747,0.5260595797561115
1.0067159977024183,0.6128623020790829
0.7932881898359689,0.4939053236427397
-0.2977812793605634,-0.0670346594060358
-2.3082117572723266,-1.2009938824248652
-0.4597624269672994,-0.15544716269193173
-0.9695189909694291,-0.4985700547530364
0.09070034966885754,-0.07650936114000652
-1.1176418478918273,-0.4089229074446252
-0.6388582481778412,-0.41721767820164674
-0.46054132244178225,-0.26172804432349345
-1.460457953422173,-0.6279521326854356
0.6516683400762936,0.3363032770244178
0.8377788771648713,0.45213580079349225
-0.3229618143694691,-0.2376547509787441
-0.2967833814670579,-0.06505180006853808
0.4469601481905404,0.1884675403722006
0.4222062968617849,0.2635495600627707
-0.3553578205436372,-0.10554768532233635
-0.8597493808606325,-0.53008502758384
-0.3561306403440743,-0.23585341657376846
-0.2892329062292749,-0.21286268252910306
1.8162674319495915,0.9125158876939299
0.4461485544845551,0.14115894073520077
-0.7441050729571987,-0.28374703585453065
-0.7590070773585089,-0.3163707650540595
0.3608484115139061,0.08635370194549864
-1.3806196957667245,-0.6238869532000965
-1.0081800413353392,-0.6019754475587734
-1.1091412014887152,-0.552254362089581
1.7098486132753932,0.9359018332296881
1.386729159654521,0.5656280563088191
0.47045645316468954,0.27214233093830836
-0.9367436176211537,-0.5437145308933348
0.9594362283627706,0.6080245300260037
2.264102416286063,1.2428359556050408
0.5583948671437576,0.44137276013096455
-0.522157154345706,-0.3146043205252951
-0.31353403021180404,-0.09681404431775378
-0.7534062736188111,-0.37213469229322627
-1.578416808607514,-0.7354185580827103
0.8965944091342075,0.5307924390567011
1.357162373583523,0.6129459763019733
-0.23019368909912574,-0.12147516512585792
0.2841367459176901,0.15036242904501618
0.7711760290036512,0.2796455940254781
2.133941389561139,0.9978834594858597
1.2049448963092613,0.7289563712408978
-0.21324907956434613,-0.1941969729034692
0.6214481076716594,0.29996384037098056
1.080550561225702,0.6217939849969711
0.5420569559869275,0.29780208604716835
0.4421727915310609,0.1382126386658876
2.429815766867115,1.447381749919482
-0.24734842337324403,-0.05827845494204127
-0.28394099781557647,-0.1954609262274283
0.024994162736893033,-0.1340194000400659
0.17642900511698048,-0.007922639867101816
-0.04419611787601929,-0.1581483636788633
1.0229812661330622,0.47221729972095594
1.3704345676519862,0.47944856373727307
0.65557854300635,0.17285965061972258
-0.2000694273540488,0.02264756608209234
0.14365864922332267,-0.0520016689740658
1.6030855708920342,0.8395922455267978
1.9764106741206668,1.054888309590699
1.3278351265467603,0.6808677450768661
0.6917249714802569,0.379806957173402
0.05571082932982985,0.012318753320228073
-1.7177714118710292,-0.8034182271469441
-1.0684138075809761,-0.45599917462768336
-0.6772561056485968,-0.2888938688650451
-1.3547468145438604,-0.841651879682675
-1.9345321235261745,-1.00585794918631
-1.2086589057709924,-0.588053112844948
-0.3019147439530372,-0.25820483009255113
-0.7630524096531621,-0.5805702039043086
-0.8721021794130704,-0.4586604494300293
-0.0501141425683731,0.0381651641523575
-0.9449135084493526,-0.6492641944958601
-1.0855470053469922,-0.5445584870203564
0.28133479359428537,0.18379107062773894
0.4768171708347938,0.31894132885564863
0.7358025454490509,0.3638606482837076
-0.16234071727990862,-0.13013920206182022
0.1582473587541609,0.03684739426856598
-0.47339597453831406,-0.28284459621713853
-1.7755913162460961,-0.713417063823319
-1.2315232505550484,-0.5612685827149564
0.29462404917724294,0.4042681635130313
-0.9534544249363941,-0.46490822853664493
-0.4574914844674979,-0.2837991650590015
1.434668670084925,0.6904744391206076
0.005391917105398436,-0.00958484425118403
0.4852169469063202,0.38532059739590424
-0.30002846495307617,-0.20523392272271165
0.4792397512367512,0.4327885765269227
0.7160881044837184,0.38140937117575907
0.3214905103522229,0.05485759108868281
-0.14138685986301308,-0.13133227898300556
-0.5627482681420171,-0.29450120022387616
1.0525134031138024,0.5352909405105174
-2.2027699405082437,-1.0637431298516506
-0.1195366112329398,-0.010067513656013938
1.27001358684605,0.5202696660558023
-0.18941362935866746,-0.15254086416809196
-1.8096456081372518,-0.9498898749173083
-0.9492313363900469,-0.62263779630613
-1.8207399469858,-0.9357003007100205
-0.8997357633373454,-0.515270260788879
-0.6571928269241516,-0.37158266998351286
-0.9370255197968167,-0.41678975851090305
-1.2191131899166812,-0.4316518342821082
-1.0086983485968972,-0.3320290015561078
0.367922229293277,0.08675196478219357
0.5873482444953848,0.3482509790581771
1.4783492204635649,0.6362952428175469
0.6423578078430726,0.34665712297663215
0.3028073926003813,0.1037981130652226
0.3999962483710231,0.29080114875723234
-0.3052414196683913,-0.12379783221902274
0.4614232767640252,0.19320908329446385
0.8715767122850246,0.5403962339161688
0.7761227857311539,0.44049123341328933
-1.02586656317726,-0.5244554322072037
-0.10178181217132587,-0.1235850006785283
0.9635498211099247,0.39538703374080386
0.4430972538041586,0.0014755600121999501
-0.8610556468477328,-0.27944470048147685
-0.6461018909222069,-0.322583945208303
-0.4431133968041564,0.09263726053306304
-1.809050479846335,-0.9915318474020987
-0.9811256324670277,-0.5397086757155702
0.8740728002751567,0.41940974027360617
-1.2055834621885,-0.7324796489864055
1.8501669061000534,0.9859066240573859
0.8775360534534669,0.2697712913857986
0.8991575442170133,0.3718849397056137
0.3284630506588947,0.17068857896173564
0.4329534361842875,0.16696418205647032
-0.6094278839206788,-0.2183981300735097
-1.0465591088877186,-0.6549291750967695
-1.005752082388857,-0.5808338152660891
0.5324623584949525,0.25676531999487645
1.902902232987186,1.057818987135513
1.1949063442101604,0.49288973140919673
-0.9375221027650521,-0.3721399341487396
-1.3200920203019477,-0.8099696570572328
0.8760348319637904,0.5417432113530667
1.4526596345149554,0.8815484530552375
0.8163603969391897,0.34482167130445524
-1.0052170352403786,-0.5755753020894745
-0.6997362559932659,-0.28693716869959446
-1.5366023838117306,-0.7658174585415735
1.1025000323977436,0.5259388241493531
1.094193655039025,0.6114405678255679
1.4409512672658416,0.8236581340045701
-0.2269025327934634,0.03813540512719432
-1.0806232349928977,-0.4600358658222048
-0.5859139093942471,-0.2608365030303734
-0.2897598546471235,-0.13927196536981984
0.0764405054301096,0.11504000143711834
0.969655978543136,0.4873848059178806
0.402551720103532,0.12179192931343857
0.422696619082676,0.3285708635727778
-0.4702846310976154,-0.20135976855020854
-1.945754303985198,-1.243962567971584
-0.5246727427048642,-0.3724412225656904
-0.7490323211993981,-0.3033537330464494
0.041671988118402004,-0.031121438659164016
1.0704865270816295,0.6935506303838478
0.674569598146257,0.24226976037385195
-1.4602855099067797,-0.5481636747789208
-1.6019727081638315,-0.7357617619596112
-0.7962201839541533,-0.20262223971950594
-1.3213613004697682,-0.5062428368241478
-0.23185121601955544,0.03043804582475379
-1.3986602888815265,-0.7040998008341065
-0.4180290369749968,-0.16540695863501215
0.009642044112338488,-0.09478322554429558
-0.16363887671823152,0.03108227091829835
0.18751329475518272,0.04555511414917679
0.09004684789866393,0.07994553850570951
-1.286468211630407,-0.5782473545967682
-0.2519820096652165,-0.17122039190640798
-0.1832861772093046,0.057310778079075905
-0.6418349815444817,-0.2604714270499788
-0.026725024985229662,-0.19549094323557395
-0.5625411930475201,-0.15822212234714061
-0.775676700385582,-0.5679167320035168
-1.727871243376232,-0.631064493133879
-1.5287564038348778,-0.6782569487334414
-2.210465079189213,-0.949931604419359
-0.40891677056689874,-0.24592576424817778
-0.8936549622120789,-0.49514460011090866
-0.5690688942107054,-0.2793960281005762
-2.882416217840618,-1.4234998168622555
-1.5939161667075907,-0.9398520832184065
-0.8207962307239668,-0.6700634600352178
-0.818617156302035,-0.581502087843186
2.12470493998799,0.9615749424157887
0.4843769055053976,0.09602197940919302
0.8870614890313004,0.25620767257184085
0.4567506234703158,0.20823386558561063
-0.9736029599907892,-0.4276775658845686
-0.9789747492006029,-0.6721962754607445
-1.2077928710939996,-0.5490522093397707
-1.0106927705006719,-0.5071047667870393
-1.0771786302167063,-0.5421228713707769
-2.257017646613183,-1.3611634850667982
-0.39575152978475997,-0.18479792073518783
-0.2689738729802133,-0.15991990467522904
-0.5624523864233686,-0.21254833062865186
-0.4283001413727286,-0.17989969507336043
1.1363098273225511,0.6032353110432133
1.3984359344136092,0.6681118222586503
0.6078873225081685,0.3026112904316913
0.9134485402745447,0.5172850520101717
-0.025853142701088183,0.047170086207077126
-0.6282760077488058,-0.26596612908979067
-1.0455823003314455,-0.4508220568988426
-0.8960974483721516,-0.2898087227030207
-1.1635861449086686,-0.6040504869584513
-1.1629728342813177,-0.7943887258642643
0.005718782363982822,-0.1471025327727725
-0.8258636728303209,-0.4592483822131669
0.7642361534957376,0.35539808807403817
0.742317019423784,0.3904107263443674
0.9148247702362429,0.49988783290457955
2.3225251064107475,1.3403355434216868
2.5754959005295035,1.2821103099140523
0.19302062488591099,-0.07235331546546842
0.8442716473963157,0.264294022244867
0.29037895839152683,0.08354915174546762
0.16383522327791925,0.18046237420613734
-0.581627123874339,-0.2007244187138244
-0.3994171638816063,-0.10052441124424792
-0.3062490476263884,-0.15236524721687977
-1.3623127396531545,-0.594401475561515
-1.0926295525091079,-0.5156979739990899
-0.7488879470672388,-0.36047169267168744
-0.7065002369746541,-0.41088144149989075
-0.07976354483994202,-0.039270536725581506
0.7665463990025891,0.26115600141749484
0.9090928628776221,0.4081979427021526
0.5374801117311437,0.15054491426256836
-0.622235240479801,-0.2597383117520636
-0.931532760400153,-0.6964836655317763
-0.6990043882905447,-0.26146041033858386
-1.3875655471592152,-0.7823898488602251
-0.2729216799658227,-0.3554652931588886
0.5817300035089183,0.24032052007726207
-0.8967503761864398,-0.3847157446047328
-0.1825587896181528,-0.02805117606170475
-1.4872946073831086,-0.8500335294533905
-1.7641375318324042,-0.9600220596463676
-0.91302482354364,-0.5208964402208582
-2.09645253376516,-1.1049106661156936
-2.4921184933768075,-0.8661497283652386
-1.2417647750937866,-0.6636779314241931
-1.0496850318399178,-0.4676899366894118
-2.548848791096181,-1.1853793752498152
-1.5746442253542035,-0.7383281990937076
1.501186111772432,0.6587573855029472
-0.518954594154805,-0.29672438195625234
0.652430175266148,0.2159624606401998
-0.8388188572313948,-0.4151622715710517
0.48209462374070977,0.1291713394427469
1.4397110715974164,0.6812156966307468
2.560283398644043,1.329932259289731
-0.7249694949812273,-0.30956020293127273
0.46571077554536433,0.15635955206090996
1.7003167577975093,0.9262072198281146
0.03709473846712119,0.061197432475778045
0.028563229111460448,-0.035411570661415724
-1.1153709962706375,-0.616071001223137
-1.0790953973367479,-0.6420011800993396
-0.8915181414433664,-0.4658013652390288
-0.47146362703439243,-0.2764973907240079
-0.8159019800796694,-0.42655816606876157
1.0051975017589108,0.5906495705703896
0.18282496348575056,0.16109363310736008
0.048056586765982234,0.028357951314754618
-0.6354464810623032,-0.25149858223826027
-0.0945957331121714,0.0025820622191610743
-0.275589409382629,-0.1161239249126926
0.5453704188877605,0.29009555245770036
0.2949897351623964,0.23332837408343987
0.05397862182496477,0.03747974292171226
-0.07301747191490829,-0.0016181037507699073
-2.7937507173998104,-1.2263652380147942
-2.4489772609288183,-1.249903661261164
-1.6077616168698223,-0.8183503851312999
-1.2290483296677501,-0.5866144068118609
-0.43582734162711345,-0.17641946631937688
-0.11593042206091492,-0.04114459330590846
0.8590740031388128,0.3424345112918214
1.3231975146407273,0.5115236697356431
-0.3152792077921216,-0.3428776425636485
1.335064523187982,0.7262129244769705
0.12923790058000173,-0.01818763837965104
0.32535639987425724,0.30541604568100217
-0.05352992232969453,-0.1399400033313953
0.9844008471431043,0.40452594410702686
0.605491682034766,0.21762941935952845
-0.47555154458526544,-0.38307237577135966
-0.38567723462579845,-0.2756958603321017
-0.046069532412138625,0.20805120099428423
1.303619375763144,0.6645717682995989
1.659164122463296,0.7911471518040121
0.21631663653651356,0.04373622429705737
-1.3724471182639228,-0.7948036220908412
-1.1904149198252494,-0.5888590296967241
0.30082629945426076,0.029346994311820432
1.0857587084601292,0.5481926300069864
2.561280273976144,1.210266912386296
-0.030963982554013114,-0.12377954719889593
0.9735198297844686,0.4638807761546975
0.9856168577743956,0.44758067385328276
0.7116479276223723,0.3556681346181708
-0.4013253412157872,-0.203858638234856
-0.05939409269317225,-0.14210949815038817
-0.4563055910391711,-0.316765469526472
-0.21543704410498224,-0.05411354582954854
0.437383284044692,0.13191351955443065
-1.2743994451037386,-0.47115422054708445
-1.0308422634679513,-0.3090765509004353
-2.1154883670123836,-1.0073581165942644
-0.7809641394737925,-0.29204580569714816
0.8713355933270306,0.33365307681238315
1.443768555520824,0.6592417335475307
0.9241313104859545,0.4875176799225232
0.04630421412294555,0.05616641707771762
0.7500370730685813,0.04514584320751025
1.2488707432620847,0.6706695141595056
-0.13040554126363657,-0.10393702205417321
-0.2912623540607023,-0.1498926289192182
0.15142875743435397,0.11449171817928339
2.015142501487062,0.9520380019527881
1.2955392452842105,0.7532526471877548
1.4148401392231316,0.638576914756776
-1.0476743416518741,-0.3937705852110329
0.7292382973023949,0.3843700798418176
-0.4334887412136002,-0.35223898490533423
-0.4547187576895213,-0.2913295663174078
-0.38970636616029797,-0.24525122387247186
-1.6834989149009394,-0.9129639903126722
-0.23127640152974893,-0.15583105830258415
-0.45617057168797814,-0.1785410445519282
0.4325844083894462,0.35249332487478424
-0.4460878748416209,-0.34001985940028906
-2.24673056158003,-0.9413836511063132
-0.39863048968186576,-0.1164073426194967
1.4066598930514536,0.5102988656969891
0.909978066835481,0.35744083017043016
-1.1341873511943854,-0.716629153283495
-1.1163027653853652,-0.6572914809670101
-1.3458758474186068,-0.7488266771163121
-0.03579479103169092,0.0009359595595456807
-1.0039283770257545,-0.6755416333206096
-1.3408777734058228,-0.45943267810925537
-0.42077046359151427,-0.2717150488477371
-0.46272533856170595,-0.06934215423802301
1.8555199940813363,0.7720587121611506
2.681294007191731,1.2714589002344434
1.4917938110818345,0.7748118150071973
1.1698660921566693,0.399739219237877
1.7885674380138092,0.9248969328121828
-0.783517521498875,-0.45279262874883347
-0.9804981236729877,-0.2448644915140773
-0.9862307520641123,-0.7055824685781507
-0.3109976048635005,-0.1933700536714803
0.10620354628364834,0.08356395109892001
0.2984473444921538,0.060201472500138575
0.9904316056794827,0.43949456632842127
-1.1063240236056635,-0.5434026261139411
-1.6252972014548626,-0.6688123216898086
-0.4870902057743888,-0.31370908752682497
-1.5782574285963349,-0.7846022220902316
-1.1640668359288902,-0.774832545509481
-1.4506110630108089,-0.7211595032925296
1.002477663245301,0.36793904116886716
0.8919160942845656,0.4128682778653968
0.7908775049166926,0.46513699267980113
-0.07029686937185692,-0.0058106875669472965
-1.0361023887252305,-0.4726985350683943
0.5326872888316685,0.2515986775838421
-0.040142285384506815,0.14241009748621855
-0.4587195325747717,-0.266697008393744
1.2012627348870146,0.47337523086953537
-0.4835530102369554,-0.4028614784176845
0.06605889039836238,-0.014663772014331514
-0.04692980920766573,0.026903479243473628
0.15782131824762777,0.1423328241741209
-0.23719798699043815,-0.14360580017794844
0.3384921720696259,0.18894788825654404
-0.3550017446994753,-0.15613165373470667
-2.3969056159203324,-1.0647535796034202
-0.9659700247323468,-0.5199186503745926
-0.7638690367349619,-0.31602438682750095
-0.26266706553447594,-0.1418849062662174
-0.10160215426370384,-0.17328724532968467
-0.9853381830673914,-0.620829976967707
-0.7650805104882892,-0.5290746194709895
-0.4333648073611178,-0.4049460309582759
0.03754618713485569,0.01923369839601283
-1.0423590539437622,-0.42107612449113185
0.16319736844203991,0.08936721435331084
-0.9719535229298062,-0.5266859451824392
-1.5177376403720253,-0.6684515921262223
-1.5231139089287247,-0.7166575256444454
0.9099226789768486,0.4609057131211754
0.8378147093746979,0.24991644613345082
-0.3824382935495185,-0.21660249292823433
0.27599305686559705,0.039007693330905036
0.16116280672962843,-0.007659646373520221
-0.5254259822063706,-0.3607824301464948
0.20446858338,0.04937119247186377
1.1998381210436757,0.6690836857189225
1.0113667403914128,0.42342879989421023
1.052378212447084,0.732549247685566
1.0931749125543435,0.44287639604673146
2.557960823322857,1.2877909029352652
0.4791189656193137,0.3045542000666983
-0.6608833381643007,-0.4191966802755326
-1.1065483142124046,-0.5809389158889859
-1.6048377125939999,-0.7321657787153422
0.8439217218494485,0.6348072645043547
0.651958002162973,0.3717271696990039
1.1584818961549876,0.5684471228587658
1.5583509310766273,0.5552003790836406
1.5672592864664678,0.877523797460121
-1.7694218310590568,-0.9072845437431143
-1.7701276317356105,-0.921297695603229
-1.0739619754960812,-0.5578010685344523
-0.20773462799377995,-0.08338217962258711
0.39707799850343967,0.22635093671198678
0.5461477880236727,0.30245121116748414
0.6355991676090744,0.23975985308579215
1.2078672226195426,0.4546843980070477
1.9947786846694378,0.8986002100765528
0.3239409467099227,0.15022012166082435
0.4359438887372621,0.3815886306276447
0.5429006647019468,0.2620229757411794
0.7501692841160261,0.5236333327844983
0.31527054682326827,0.29545287586260216
1.274483334550955,0.5812791823883481
0.10424621245846011,-0.0019853733630335185
0.4260157444697161,0.3107584708049165
0.33577555199841724,0.2612294816975703
-1.1233352454072294,-0.5663383856528951
0.872823053744518,0.4734108833031613
0.4348928591265241,0.18224331650120135
2.0365063056960557,0.8624251363813498
0.6636027474111696,0.4794050251195952
1.9181541214906321,0.9885410033243223
0.28291295026199736,0.2662265723546292
-0.5465681557282757,-0.3052579361056472
0.8087233450317775,0.30986713409659133
-0.3540056650992384,0.05673942054721534
-1.1925509471964435,-0.6656085553324356
-0.5940792587118251,-0.28243798985484636
0.7972685389050747,0.6422568466814497
0.38111048154707444,0.2697625141530313
0.7396887437226356,0.2965673157019214
0.9379442847567931,0.3300201547296555
3.4045981426524237,1.6833742943863166
-0.5683528882325273,-0.1731710772788153
-1.2989493472257045,-0.6457434649840734
-0.3278671488811779,-0.03972573387111887
0.23796046927331355,0.2942598912007094
0.1543308493776597,0.12195187963860232
0.7503343123450221,0.3019034949453551
0.8253848653443802,0.44253557577597447
0.3982115494348795,0.18079258257810266
1.0241258262516184,0.5250285479083417
1.1673977690165926,0.6069537977374143
-1.2593238891654273,-0.6936118537130436
0.4448486046208945,0.35598880378901343
1.7597959604610163,1.0192379782862788
2.355738951434711,1.1543145444439462
2.919557689261274,1.4356819835968806
-0.45680157905445207,-0.22718170219387882
0.6910557100577298,0.3436504684627763
1.8008754723069058,0.8729196185004094
1.4604596730960187,0.8515803996787531
1.1476055841471209,0.5206538580088854
2.1105795514915155,0.9345835650818499
-0.244832704686738,-0.08569311988172212
-0.27957789194547555,-0.14695055283778566
1.3058782598497038,0.4958552573331356
0.6028260113021492,0.1793336209901099
0.0457276761324823,0.15571154132796794
0.3192170652612586,0.23904690151732327
-0.05901232823859667,-0.1979568816123337
-0.3814976112020253,-0.34497050738630625
0.24924932939737748,0.17623549267678712
2.0120278218142227,1.0428666983573622
-2.202414837359611,-0.9983316324335634
-0.15657145494133273,-0.002679093601744509
-1.0327787169916782,-0.4965634558525139
-1.3182344166407962,-0.8062816372595865
-1.4933774313682409,-0.752044926690544
0.2006053668145007,-0.06604955940504081
-0.8752922215384721,-0.3680594768619274
0.012054962265615865,-0.04204657262613479
0.5744085150145714,0.09991651520715877
1.3782828912553826,0.6623676512812664
2.8187506092535783,1.3900729045714741
1.5315265417603463,0.7152221722081595
0.7313345609613772,0.4209742953751485
0.9131559695876893,0.4350922854210024
0.48587177175824103,0.28610328655229644
-0.8104405198468388,-0.38268982236687316
-1.8277650116923403,-1.017021500963889
-0.39830033526258496,-0.027727351787242283
1.1473831175923748,0.42579954160011246
0.8862837938500487,0.38939556444391105
1.1414683053581216,0.5378808166645994
0.6565917725127185,0.19159419054390156
-1.7395346605845488,-0.8323553621348861
-0.45438957829186016,-0.04990141899001255
0.07032994630297268,-0.06585514040225136
-0.906234305812472,-0.43566956700908266
-1.270315565655662,-0.6349832396613714
-0.03801898107655577,0.04464509834907153
-1.0298248606094207,-0.4329871483492214
-1.9321453822948835,-0.7774504449561955
-0.9912394735499842,-0.42529648010351573
0.24520346925523473,0.24724971418474828
0.4350335925066423,0.13251148802985407
0.6468015680354733,0.22516034741762492
0.9944004418122576,0.3354092734364786
-0.4827027996531945,-0.2484012566315865
-1.1081392282143816,-0.48367439939005363
-1.3177205493477362,-0.7963926962303987
0.1914142873699105,0.004163512505201583
-0.02808416002225267,-0.2584493824034118
0.878639992922018,0.34423346320519554
0.6706079049913618,0.3669670195643801
0.8991325015790699,0.4288328852556662
0.5589299697399219,0.35174215696571876
-0.23420954856922038,-0.23722748690996104
-0.31428299523016956,-0.18275893935033882
-1.3761427556340355,-0.5190824392069264
1.7998257851329278,0.9188019214587465
-0.12789122243214457,-0.09761209634499163
-0.4324389273334223,-0.24870822668602588
1.0221333822082588,0.7514700528448939
-0.8571148885427281,-0.4266771286200323
-1.058771007878677,-0.5847498753579917
-0.3589869215840544,-0.1817175428963671
0.6507021404475324,0.4412099382693765
-0.18193322606181817,-0.02063720848483533
0.1552116764407077,0.05630722593801518
-0.4605211535691842,-0.2922682320231643
-0.18135366793462787,0.05785673723477014
0.08312444864288376,0.1563863143915778
0.07297225294983357,0.13952698669399383
-1.1265702763043366,-0.5062550536295769
-0.34653748777123833,-0.2503001954012912
0.49432205744896396,0.18098735359170398
-0.8867312186254915,-0.3711165921934179
-1.7491934075467643,-1.0510889118541444
0.10054841380657209,0.15202670610665325
1.1094821814859317,0.43261705068239326
1.739700864933162,0.879368488264525
1.072132636161641,0.42184023243021374
0.3222481814328687,0.31027525396728173
2.232471681065455,1.1173403595764253
0.5695517947851062,0.20603103813378143
0.3673542129692195,0.17671096384925458
1.252856773472519,0.5989531143219012
0.9317091943759659,0.6722121577798696
-1.5477108627821927,-0.6436075516556008
-1.0243774512458796,-0.627403537250327
-0.9226971247969791,-0.359674710330273
-1.6515810737880638,-0.9262636507390649
-1.1121652732836738,-0.5692202872580562
-0.22755484408415172,-0.17355983405754521
-0.39284029627303174,-0.25274938932572366
-1.2324679584224527,-0.7026395064394099
-0.525522848414933,-0.33913754405836194
-0.4183315492161367,-0.2125045918979652
-0.31257947858153257,-0.15415085823129265
-1.0789956626058712,-0.5012357330304402
-0.24636010448835138,-0.17072121720997543
-0.5191470199633629,-0.3338804655957778
-0.6631094619729285,-0.37756477207663736
0.5171971412042271,0.12039934270486419
1.1709405229459415,0.47148749134805285
0.8580764946913714,0.33050886567097637
0.2255466839234022,-0.15453329346338332
0.7584091645043937,0.47775187673715575
-0.5603266212606515,-0.15542403709721894
-1.2643205648025693,-0.6326660755051583
-0.46654820202256425,-0.3246586638495901
0.27903184286445726,0.21212417070103945
0.3833544094422869,0.1325132301978312
1.462611692493177,0.7282913467968617
0.10667714973438214,-0.10291890346075339
-0.9237116708440457,-0.5283001394162504
0.4844590648406164,0.12736703822488601
0.24435884549212505,0.23473835652415687
1.477649421053732,0.8039962483190803
0.08521797556371646,0.05378463011378969
-0.8585791429209507,-0.3317714586799704
-0.6305043170906299,-0.40231652333858275
