0.08927461770516365,0.1507987591980149
-0.20048872897281073,-0.12612400209964728
-1.3062249079348869,-0.6035324707386116
-0.1778426430805951,-0.2031964639996975
-0.655912552935826,-0.2532741249678458
0.18983729367816515,0.04613016199656535
-0.55596484467425,-0.2825136677513696
-0.3333103552805088,-0.08314568038754368
-0.3229447281621485,-0.22363684065739875
0.27876095521066346,0.22068341673413888
0.11522442560717763,0.06792231358988962
0.8897697636372811,0.41479719940033366
0.5304629168316116,0.22691921926228617
-0.9935938594375695,-0.5089717033450001
-1.6391535241597994,-0.8071221917718937
0.012785331985847082,0.18277463141189212
0.40267454941533787,0.15400606680268897
-2.7574175298323684,-1.4426016160467212
-0.9364659302027235,-0.5818113638930664
-0.8277598108153557,-0.5430750456269304
0.6113430338732326,0.4304448078615063
0.8893421566522968,0.4933748580764399
0.45246353456148247,0.15520085056240768
1.5715582371301005,0.6021538967333535
0.5680567718927528,0.2107138360331947
-0.26270676210702143,-0.22764790468899515
2.231252400287402,1.0802978817722908
-0.3291866240615058,-0.02405791760972048
1.020936770578826,0.46580762538939363
1.9127937945019946,1.001263965878697
-0.7106329399784387,-0.3972032085559386
-0.9573479137491852,-0.3340054948829142
-0.04854533590928306,0.05626400238436652
-2.2646586073289177,-1.2738224570517362
-1.4859510948041184,-0.8374059648007941
-0.8061012165244835,-0.45152129594782064
-1.3128398966238592,-0.693585497181729
-2.0166196101580693,-0.8283205356768176
-0.8278640130013679,-0.5018764488788835
1.5728373506071214,0.7118184961442215
1.1077166089036656,0.545940944635452
0.646650411700738,0.3200632298040174
0.16859808379952487,0.10381776017677458
-0.47474450617782904,-0.141147972074882
0.6023440072901762,0.3984416883665507
0.8962972511945229,0.24943860895926767
1.2980725361223713,0.7108521376310619
1.4909831286426571,0.8112179852088716
1.2965853928436868,0.6511100648406866
0.01616199917849026,-0.004272326096298179
-0.15287513542401007,0.02424342738273251
0.9689338178771721,0.3456742395052823
-1.090470380506627,-0.6113207793196505
0.7879295339645014,0.5240045877740489
1.4511787951161992,0.7984104731723439
0.047078523284719065,5.862756257624113e-05
-1.4309696240151073,-0.7385543349743011
-0.4883396521140181,-0.1334714344745701
-0.24246887736194345,-0.357381207103482
-1.2370986702089957,-0.7634006665201605
-2.316637408764554,-1.1278236560924713
-0.5254289985689031,-0.2630756311755595
-2.3786870383427754,-1.1634787944501497
-0.9558288225880175,-0.44754869547205367
-0.9045333981157054,-0.47931481021248207
0.7806694554399639,0.4028309072017774
2.3378034809529,1.2038519973850716
0.7644411412031601,0.4115525615436058
1.096656550548632,0.570660381484867
0.36601337429384906,0.18145753445049012
0.7809686417749981,0.5499016826499468
1.1630354339380713,0.6037513627628923
-0.2882399920968738,-0.11578205353370964
-0.3730855439076498,-0.1223324115096916
-1.390665231384582,-0.9011239701740464
-0.5024742153167014,-0.23336896449423897
-1.0615679025937441,-0.5150864015471708
0.40863584863468594,0.23143223702470989
-1.8512746560809892,-0.9929074109373165
-1.399531859609585,-0.6360084276625944
1.3538678499106873,0.5879313777462122
1.7466732569152312,0.8633391219399885
0.8758505633141046,0.3120820986984773
0.5815279644524332,0.38575049590429
0.5689336501869379,0.21343107891627164
-0.5325397026110685,-0.22406434950042994
-0.5797248173590759,-0.31854713964044473
1.4526997451998342,0.7558686032796916
0.8078299508222407,0.24914118248458378
-1.7475913795818856,-0.817348665034967
-0.09155545369498308,0.08442841634061324
-1.0123043595938028,-0.4939564853245241
0.8091338496954077,0.2879239859271557
-0.35702953609341553,-0.13859599051912175
0.6320264920267795,0.42045114212859913
0.034118934654876476,-0.07132721887290726
0.9844683961175416,0.39857199907745394
0.834990334763485,0.5749982791947955
0.10909303825840033,0.043058504991487875
0.44087934069296875,0.2064543446778093
0.46262810946131977,0.1906496011723437
-0.8879044419555606,-0.4101979473714723
-0.12401091027797256,-0.10174858078627907
-1.2435949317193922,-0.5192522370841524
-0.5915252101279862,-0.3179317361682291
-1.2936940543692472,-0.41293033255023337
-0.7411890620564306,-0.45807848813419755
0.07443057203989989,0.15140235432338184
0.8201574977371443,0.42647148254828066
2.5768869354817316,1.2288450784492952
2.6636527408901918,1.3770127796028229
1.6874181255305891,0.8918433303487618
-1.3767122784360888,-0.7238699217885781
-1.8519461694839205,-0.9127141954081285
-0.18977264396490867,-0.007728778447949183
1.2194276792397043,0.4437647069867814
0.25684617093720036,0.013226747707179493
1.0229393223311853,0.4455728388133758
1.1049669540265783,0.46932867179341325
0.27671362346047385,0.002238139340741685
2.299071042273292,0.9823942500429211
-0.0973426275677225,0.08425146508009007
-0.30973295615910723,-0.2944016537295365
-0.5268206995728381,-0.3807043822578376
1.8198558048567675,1.0655364335028532
1.7749214851403987,0.8491565189694089
1.9212378617686454,0.9230956268023501
1.2322931320962545,0.7237794370512005
2.9779862661914933,1.4347647512191153
1.4324862979908173,0.8341770481502054
1.5783447583254777,0.8316075625728049
1.6670202895558792,0.8063949285254303
1.0261816028327377,0.4945547595647073
1.42492620079274,0.8115614010911949
1.256690499108717,0.6677800208047333
1.1525654870860944,0.8126722031265068
-0.037339290137129555,0.07594378135315509
-0.7030033719052233,-0.5013620303735233
-0.6582700899226854,-0.5856143664360227
-1.1427309339661058,-0.7466274557268137
-1.0504570239426805,-0.49384480959230587
-1.5234637383148817,-0.6539393558235527
-1.0135769098218592,-0.3525284319850997
-1.0944887216560917,-0.5892518130243174
-0.11039117030093754,0.01751616212925068
-0.4967004966168147,-0.2602614431149532
-0.6551164720519415,-0.26868812179892065
-0.3484068114549313,-0.020125527880979738
-1.518937845800226,-0.7757623156171572
-0.8027078802966519,-0.44291695003273257
0.7201929709930286,0.5294443617550906
-0.28375493685147474,-0.11947615614379713
-0.012120605610924928,-0.040758589640928274
0.6411663990053188,0.4152251229195345
0.5628061172434564,0.2561196410938077
-0.22468821490275537,-0.2275696983311441
1.111224658775439,0.5075923902416386
-0.874529524660986,-0.3063565041965812
0.9881861565818205,0.24662705533573565
0.5764642068310641,0.16780671543864722
0.1728658037190441,0.16614093812901914
0.5436569769541023,0.19750925895280153
0.9940963384777938,0.46367018094099854
0.863937875213969,0.2705434310217988
0.6930091601221898,0.27796161911091066
0.7738042997744503,0.27054455513683445
0.6630894895638422,0.33289445673360396
1.3410503796144497,0.5458907908831152
1.0050294705836125,0.512183480588127
1.0917012470123137,0.46282525690831905
0.3107428437914825,0.15867065461833613
0.5365264257734622,0.280746123610195
-0.3685683426135645,-0.25933955875782566
1.0371162198092934,0.4176176545398165
1.4355252614554146,0.5880173536195509
1.9311395673077465,0.8891853318505607
2.4422093144854102,1.3111070382335004
-0.47480062556569846,-0.3091011242151156
-1.2473515238086261,-0.516591970190347
-1.2060159918639657,-0.6920461099979673
-1.5224719676287397,-0.7412246027289623
-0.7594135728012172,-0.4948771293178817
-1.9190223918584397,-0.9558039770533684
-0.20472942106747705,-0.24853636499531484
1.2268078285400654,0.6727687995501329
0.45621725952444375,0.0840474105727938
0.8509808895107223,0.6208067688785183
-0.5648746612276923,-0.02329550164106825
-1.577975964047575,-0.7313794019447705
-0.35661314881823886,-0.1681317190478633
-1.9714534544042903,-1.0460369374718395
-0.028503257339571153,0.07015808938873508
-0.7765078730029547,-0.4454687221999432
0.07554059661469448,0.047453764270248874
1.2453445129945626,0.8242960344428254
1.2958974361229254,0.7226783319281475
0.7017349783359069,0.2784341669560331
0.002933399532789649,-0.14907290313610655
2.049078128594937,1.0284777866135164
1.1405118748087546,0.5239059524890411
0.829706072860543,0.6295883650043758
-0.2941115922852204,-0.17037260116312625
1.1713614168027942,0.6021152920505294
1.4202435121935089,0.7043299900478743
1.1150862306920666,0.4477263420043195
-0.7833672274019261,-0.2786996695330936
-1.4324955413817555,-0.7773718975142623
-0.6068951885858144,-0.45751290531948025
-0.09436328988560821,-0.0662201530799831
1.5344553261517186,0.7516216819936659
1.311755914734237,0.7688914801371663
3.0078353797277213,1.6038096260960242
0.7343174856275952,0.23737293943003163
1.0195059950910976,0.5900588348658837
0.1705589109321073,-0.049912790094660375
0.006557468029196392,-0.20675865540098928
0.6584264370710521,0.2985877498315836
1.1227898547886885,0.4950256380444658
0.36822505464859945,0.4698572716473885
1.3061863942229441,0.5555194429292142
1.7177223846370215,0.7019219935767821
0.5617413316820227,0.07300767653946089
0.2298004188097954,0.06579701880696766
-0.50300709906336,-0.10865660728455628
-0.5059010813936948,-0.2508987257808589
0.20351117566000249,0.09611608611164882
0.31102972746595603,0.1799175186002654
0.17898378231811563,0.0744673769450501
1.1530575708208914,0.6270522646422724
0.8415716476590994,0.4571503182572517
-0.060795707019531575,-0.039600927358535834
0.6539374335599276,0.21541701223778945
2.6379115800116435,1.4189487780352985
2.1069024096775406,0.9296371133842248
-0.12954120029726823,0.05096778479205098
-0.9983127873319333,-0.5440418772774588
-1.5393145304434028,-0.6171675355092436
-0.80026162114962,-0.37193563425369386
-2.4264767583004594,-1.1163755997491374
-1.0298488557350438,-0.6067149465678323
-1.5171193145598787,-0.6205506910834648
-0.4693048596432431,-0.25843543945034636
-1.6707592389125163,-0.7773988739665548
-0.011034859445832823,0.05699654584802871
-1.0548077077348605,-0.4385848554357659
-0.048562188328271305,-0.059134425381764374
0.013244663770293756,-0.10321541983290616
-0.664325573433438,-0.295521071632043
-1.8415690831682616,-0.8170529177634732
-0.8323589636660914,-0.252160822543959
-0.04067488332527719,-0.12490575550121785
0.03602236801329775,-0.06828094447509804
0.4180946263360043,0.15375035753170366
1.2083189610815448,0.374615086172308
0.39329818951350914,0.23031900778874181
0.8562927584748964,0.6217377654617822
0.454343895706145,0.2728535257401538
0.03666492287190476,0.009110639740453825
-1.4514049176177417,-0.7328929606772676
-0.2621447045300224,-0.23671060405103855
0.6077092834743658,0.4295244661947917
1.328427509398983,0.6221576453794899
0.6840963735881657,0.29235699266535375
1.6374512942298047,0.8693740386634291
0.8813124159067187,0.6619221219901583
1.3442084084361774,0.7501836699463633
-1.042630302346766,-0.6151743305536961
0.027607399739589478,0.04274369483334749
-0.09702670095615525,0.055401098908815345
-1.1799689831311282,-0.5816681202667335
-0.04166372489826342,0.0935428443904643
-0.7092500921389677,-0.3126521941573813
-0.8797072460670934,-0.4203012827504094
-0.6851492843625906,-0.18734600243578312
0.6570627177661625,0.2631365759192905
2.3943261125705066,1.1557569103763672
1.1309757337757511,0.8069599095695628
-0.5755290615668319,-0.4385118425243982
-0.33199236690734835,-0.19539671302538475
-0.21211236417836365,-0.34876860236076906
0.511083957021745,0.056433104300044085
1.8689006660940426,1.0508377655423717
-0.17366478067520175,-0.04235889861347752
-0.18875452828363337,-0.009352168240966297
-0.8440712151996019,-0.46621297063921735
-1.9752231533910278,-1.104202954585714
1.0161072478340327,0.35254415016276575
0.4968560562272046,0.3268252074471403
-0.8306642176570653,-0.48362472288234465
-0.8278298196705417,-0.499330960121298
-1.107935865849796,-0.5425678057216888
0.7097147209475821,0.42180282235249433
0.5112018635248226,0.1916579592173151
0.3881972102601727,0.29664770283637343
-0.1887379356797012,-0.17744748110205924
-0.9981481466344275,-0.42415636873025975
-1.3540205550008226,-0.6824016495022728
0.8324023623385443,0.4255337895247055
-0.0930532598282024,-0.045095256547141915
-0.4699774423712095,-0.2664005157443516
-0.33199986673676685,-0.21179251748854358
-0.11915304907067212,0.10974226521858087
0.23744871516419294,0.03982116463449589
0.4117316860285899,0.35385423436618
0.3762877408959805,0.09600606497045712
2.063991805032758,1.0857535066935402
2.388286353067917,1.078747164028762
0.9719477393129212,0.6298643380847171
1.0033321347126019,0.37134516230489717
1.7712259575927272,0.7176948448274664
1.1257220912903652,0.6457136743564824
0.797201626814146,0.3710608757859261
0.3357675128789967,0.11969225031567343
0.4133848564254304,0.2294334858275755
0.9299638103871097,0.4246018782323322
0.6248149902192995,0.5432951723699799
0.7602521814274135,0.4203962463784175
-0.22908098530839233,-0.015174766522221411
0.005559749303366057,-0.10137034972657485
-1.121669917115713,-0.5443690147221675
1.070561381902106,0.640898635049119
1.8048913551645962,0.9948641667296496
1.3058457536701074,0.7427082960458875
0.014632085457769395,0.012290838102556642
0.27814550392383225,0.09929817614674812
1.1757788565532548,0.5445700156624494
1.8246601390995407,1.1093584025561543
0.6452253534394625,0.4148963434538956
0.1610219184726908,0.08943251052192547
-0.06648141508381,-0.02674648727846994
1.1095267940967264,0.6768335702772493
0.5653267192215639,0.2791658217844777
0.4085946596110867,0.21233618023154346
-2.8808680675459195,-1.4562657947296935
-0.09618761364003559,-0.009261790210111163
0.3491088144860784,0.14035341546634805
0.11161402672547924,-0.008747319359154668
-0.09115885657235816,-0.012214243585735113
1.55398213602578,0.8003825008921867
-0.2137221269758145,-0.07485979537244516
-1.4605029593473207,-0.7357309044894874
-0.8294783945222514,-0.4296543643746713
-2.108824296053277,-1.0923472189573142
-0.3625505204321525,-0.04441304543095251
-1.476151850562531,-0.7486138986739874
0.891913857148523,0.43801738756114794
1.3424094423138875,0.7704943110429878
0.4952236290710648,0.3734579244620355
1.4127221698681245,0.8462637120084929
0.7606473225953299,0.24868623297305684
-1.2185698908341795,-0.6999675953772482
-0.31397400985215385,-0.17419581339087725
-0.9968372797058028,-0.5709665790210485
0.19414211975608409,0.16216574195923705
0.22564627896925965,0.1724103377230068
-2.3096751334505687,-1.0389488235710633
-0.3052264058219548,-0.2074760290710995
-1.9524959994156998,-1.06489841415845
0.4017002099512983,0.1496106369938407
0.6064956763324496,0.3283453623827609
0.13934210979210807,-0.09361971120962818
-0.02514655613223811,-0.05824584738968983
-0.666027939051726,-0.3274440276974797
-0.16621184385699792,-0.1242170827179496
-0.6438938643409284,-0.5827884046713344
-0.8963573043619086,-0.550232763535497
1.212069465688555,0.6685144313947994
0.04976967514579567,0.05127263681936384
0.518556088305628,0.24003869315497112
-0.3105502960279565,-0.30837327782697743
0.005358278644947478,0.06778798865816812
1.1227355620633086,0.5749925303079018
2.0132617954873666,0.9605012750743338
1.0824940532506322,0.3863889877250123
1.8622220392234832,0.9546708322530162
-0.23999036350586478,0.032298247075385506
1.2431971280091418,0.6809277745319253
-0.5311264122720591,-0.3468904633846129
-0.4893532254070886,-0.25132964340626907
0.9776407580153523,0.35888179612464466
-1.2711798210737126,-0.5120663571695421
-1.65759628319072,-0.7934898442199347
-1.178960772842011,-0.6528165819066801
-0.03365252769869653,-0.03393679185921942
-1.6521213213451682,-0.7735510331246178
-0.6747877854314561,-0.23323815494682099
-0.5411675709676627,-0.22997229276782824
-0.6130233028981018,-0.5403984543949865
3.2103086812424046,1.5841443638755544
1.2548410323353743,0.6845409124808243
0.526124608106746,0.13891561993455137
0.013903496257096581,0.15241745018740152
0.5787857432553138,0.4337025589784531
0.6117642175195991,0.21632765372417923
1.047305368100215,0.5905590161691825
0.24527272357824853,0.18937150444223944
0.44580483623344747,0.059517583487708636
0.30276665141454934,0.10381278322754732
0.5680598393296894,0.3297115204709293
-0.26334907651845796,-0.07201088518714904
-1.8243071233511368,-1.0776926263263844
-1.1256545115892493,-0.27319606775678495
-0.10215515305812428,-0.28433461563403784
0.4105103860958966,0.18030057300558042
0.1886536281516695,0.20640674442426307
0.9879339746947502,0.6277615543326878
0.286529085497046,0.022758775421682406
-1.7325360421388178,-0.8541518431541135
-1.0531742884531399,-0.41276634850032007
-0.20130751886843934,-0.05921087435514986
-0.3084773973314411,-0.056466684281134605
-0.9531708261437251,-0.33818201307092033
-0.041980523324587515,-0.1277241425618073
0.35155565599092703,0.0389693381506217
0.5969212114321925,0.07561778264359797
0.40840189618443085,0.2205065810528149
-0.3390783649676859,-0.22813576983791403
-1.1055646733857138,-0.5743360534819557
0.11422573412241521,-0.03286212056047261
2.91841943353031,1.458373655821436
0.5465921948329566,0.37110995234656735
2.2358335322905734,1.3604494233112623
0.07376470327300066,-0.05542389045361795
-2.607863021033554,-1.2943937118603315
-1.2441766714010174,-0.6261326671524458
-0.39585507255613367,-0.09228505744776386
-1.1922676200142062,-0.6893860686764559
0.4139774116744468,0.2717729348386962
0.722002184673173,0.24725356710156615
-1.2204137375821476,-0.5916564697062067
-0.10837500361975416,-0.070039185617951
0.4420904206302685,0.038247260888292334
-0.9035013881186118,-0.40163604831841304
0.9283530383687493,0.4898339111918727
-0.1674073628572157,-0.08350530326447128
-0.01514565713180141,-0.11983388996252695
-0.25042683651486486,-0.17221924783566428
-2.124578157136257,-0.9707807207986712
-1.4218628699082174,-0.83461172951058
-0.3433869233576924,-0.3620444386465908
-0.13835343298587188,-0.2077533462856646
-0.12766001383321202,-0.23301505001121903
-0.6365312624773719,-0.40328061130074655
1.416737910221719,0.8214897992976614
-1.1458467659870735,-0.5992805031714364
-0.7648009012450363,-0.17003998919758995
0.17117300258643348,0.08245370260589416
0.24499388424677865,0.034312343660957506
0.8769438763508413,0.28815708128855666
0.04137937631884098,0.2753284735713095
1.149860256149758,0.6498188292275587
0.8899681422320347,0.5610371888440605
0.14323828535240335,-0.04851096512129151
-1.2097912061831737,-0.7340661108470656
-0.8674002720459248,-0.5107569295144996
-0.47949946057771187,-0.2643318848572349
-1.131214867944014,-0.4111901118863077
-0.13931782809863036,-0.11662182311166891
-0.4685746562819009,-0.16512776694452913
0.6460680096759608,0.28338024179189303
1.6578950302410316,0.895254337748664
2.0166154636264824,0.9528702096026413
0.997694126291371,0.45191538754859806
2.2806657042907625,1.1551020709038289
-0.11042967887713695,-0.2699958141393527
-0.9536299314612225,-0.4901067081404718
0.8435109457039339,0.40932033086705316
1.2180386345454834,0.7238802499702962
-0.4592768180453005,-0.11998873833029351
-0.5263723304837398,-0.280743265700653
-0.36327787119944827,-0.022973700575274175
-1.0418486904650053,-0.7055739441074489
-0.5194018544935083,-0.2954119422875061
-1.9368375213881053,-0.9781023595805706
-1.560038166935319,-0.7557811887582332
-0.8140589186329743,-0.38125262325941184
-0.6447190409115456,-0.3276374932321555
0.4384100976264189,0.2380674078823745
0.8948962224183339,0.5436377272400559
2.509606251983359,1.5271712020852137
1.646843497923193,0.8300241440972896
-0.9763238969209016,-0.6488070289829054
-1.7165592788648003,-0.7565895039602286
-1.2803944984960016,-0.5235812925612779
0.12937992256122877,0.18239300798018976
0.4072887522866653,0.08323693011312322
0.3435431501320307,0.213470943382447
0.9405397792998746,0.44846354399170385
0.7408716774795268,0.21116493605100597
0.24619398576276508,0.05260743946820115
0.6684207444415602,0.18938931330758793
1.9126706991688942,1.017680737142105
0.7234537737039329,0.290666448819278
0.17507315570982257,0.18424386536735055
0.2375594814444178,0.06291814689087111
1.5071126519875957,0.7150820899747855
0.6169263563152075,0.15077414695025607
1.556036237059815,0.8628049007365614
1.0291188216277771,0.5219816048752904
0.9702507162240827,0.46808224508630847
-1.2148230075824504,-0.40253346333095685
-0.7334801297229252,-0.4177538988997294
-0.02033114327883695,0.1090627721108772
-1.650608655758596,-0.8336648905163297
-1.9137607959942895,-0.9185403705675494
-1.7572391510557406,-0.9257170965797253
-1.1020214620789894,-0.6188143341517097
-1.4501671799837406,-0.7781560920057813
-2.276584952068771,-1.1736205285475607
-1.895358177755175,-0.9400598134144372
-0.6821075007172169,-0.2834921282609135
0.8456685920011695,0.4532428780240899
-0.5007788419239908,-0.22399595710186945
-0.18865409473201572,-0.17319401505416768
-0.6240901788156079,-0.4806656180896429
-0.9816324528843747,-0.507072006376319
-0.2765189961696567,-0.05838263023081436
-0.3636928046738963,-0.19474656591130024
-0.7079276453182185,-0.46904904947133275
1.4078906334058892,0.6127899142480376
1.4687906981604042,0.7824522064377407
-0.23819609893813343,-0.22019553474109205
0.7180241128469107,0.45874351356124154
1.4113486405174416,0.6733284672792151
0.06817863468790752,-0.08882024808352029
-1.6677099506205129,-0.837347453560718
-0.025609635976544975,0.01606090016128844
0.24397015279593257,0.19228107432528935
1.1034520143930115,0.6105884899203597
0.5229848934697386,0.267173649832643
0.7429489335784214,0.49594013036916995
1.6459566746931173,0.9242803671741849
-1.05091313681951,-0.5194117507020937
-0.9762835830599661,-0.40308415604654446
-1.8923009601246918,-0.8682013218143813
-0.8548154870857744,-0.5653564912482332
-0.061423005815320675,0.120802243600344
-0.23003657781162995,-0.0027560559322560158
-0.5557360334275383,-0.27228491528969034
-1.9528071649291134,-1.0568361496013061
1.1026209903617032,0.6865927130429037
2.0145195956408157,1.2322664968076946
0.18628441609124669,0.3406434580080876
-0.1550535659254386,0.05090847407518255
-1.3723612554363886,-0.6066469266118237
-0.6201274534572153,-0.32426182539768794
-0.1544150783752581,-0.0642692993536175
-0.5374332589156715,-0.28664874780547095
-0.35823953863528185,-0.2101643313715404
0.025301976590863223,-0.01659750485109973
1.2141825967122943,0.5121240334086721
-1.1511886749505824,-0.5889476915825573
-1.6582116984099908,-0.8100241619991899
-1.0212632056187978,-0.5522607038323188
-0.4161637521600373,-0.19664807770495438
-1.6878160039094219,-0.7643063372312033
-0.7584647881662417,-0.47078888205986347
0.41499170019558984,0.33331525059360323
-0.8263316499644453,-0.4004895348386281
1.5328017319110945,0.7867078817151808
0.6241617634166309,0.36002608066503217
0.9461995213384009,0.7306511781626815
0.5638890145815968,0.14445856040546978
0.5390157701917266,0.5043681678628116
0.8206219908722727,0.37983574602193493
-1.3999110019042469,-0.6044528707690092
-0.5837789009318534,-0.40357963663844537
0.01270253282383843,-0.1334643834044372
-0.7122466961190006,-0.31062455433822894
-0.07130360495589877,0.031053489941871418
0.35316271434561597,0.19216348351748946
-0.4795198114731112,-0.3468497810514228
1.8320841407307777,0.8930449876429402
0.4736642041938286,0.14080364902406567
-0.2518306917570376,0.020706522168881386
-0.7509236391192884,-0.4064429672445854
0.7766033833166149,0.4257046945667741
0.21583175873476843,0.1010431498695101
-0.6980651490708876,-0.3126265316904326
-1.8093176223075655,-0.7555599851418077
-0.25439244152050605,0.14315575605522887
0.2583702229213972,0.09610369473519975
-0.18845143674622006,-0.031541041723379
-0.5770992419101717,-0.2203686251991473
-0.06569277495455844,-0.10556435454533598
-0.13279079031190388,-0.17711452973310643
-1.6856020920017343,-1.0079582857944849
-0.8604681866521207,-0.4638982853051348
-0.04618619287885617,-0.1299579171977074
-0.38063344578805114,-0.2773802895467563
-0.5672644708312742,-0.23871138035087636
-0.9634238793613096,-0.4986871948540558
-0.544561485041493,-0.3504232937251405
-3.7148451013059227,-1.8959719230948973
-0.7087353259061177,-0.3139510678266063
-1.7167480173344207,-0.8065098619882479
-1.1193435439469015,-0.5054415871016533
-1.597439382099755,-1.0971578950613805
1.61421249534421,0.8061110814121301
0.778878258595539,0.4367576440604027
-1.0386854941712385,-0.5220799718410946
-0.4465713600765441,-0.28090665892965533
-0.6683873776673421,-0.26158660575139264
0.012809310167619159,-0.08765770355978483
0.5891886355995634,0.28050364025214913
0.164367941092974,0.1189438916045496
0.477571769238923,0.1385893636851498
2.6644399382073742,1.296871899252276
1.8594245157822182,1.0536409604621249
1.3377753622165929,0.5392417961218884
0.11061015137413244,-0.01105577423545101
0.1195390837080114,0.1427120836838679
-2.164307350049226,-1.0150836127092002
0.3126948794622578,0.2853032308162541
1.2745478479145618,0.5270983431008844
1.5342438230335445,0.9124081247252449
-0.06315599262371141,-0.12502977787622455
-2.0700939802466287,-1.043902761378131
-2.069857860754568,-1.1151293221639138
-0.23818573463996795,-0.14024596666578015
3.055634862723422,1.6519216629095315
0.6683097210194175,0.44698358718056524
-0.6989297641415766,-0.40839461713779435
0.20904481446153567,0.0961395893488
-0.2397716588215545,-0.20374090183206994
-2.296772158488806,-1.2933981489689952
-2.2560489061258764,-0.9464582562725157
0.0037126831160469997,-0.01569066420363401
1.6758223333796336,0.768515138263695
1.5656485976823329,0.8673804458375065
0.36007477891951983,0.08988248112286987
1.0634986492474967,0.4844467476193858
1.7010664518859127,0.8286175705476501
0.5838679583898781,0.34698883166757954
-0.2073502659856461,-0.2246977530911759
-1.1524868760208355,-0.6313582757852275
0.47142912440725415,0.20561906012604564
0.26641012207135295,0.005666681325049078
0.545419420922707,0.5021898559588102
0.4075779375459564,0.01661957396379013
0.9826288839753654,0.4750423684747786
-1.1534637506435212,-0.45069035253716405
-0.23707080217262033,-0.08419501901928164
0.062301126904972165,0.16945657658688218
-0.9287987945640936,-0.21490485924239205
0.09848966678324855,0.06401709152665497
0.7966997881710141,0.4011234120784662
-1.4962874453038908,-0.7875663990054356
-0.9972461647063657,-0.5731052969086704
-1.9517100243750107,-1.1290143907598837
-0.708602554260497,-0.2566859944309271
-2.0006759347235277,-1.2118305797434537
1.1193493702557995,0.6401138700021081
-0.3205210264655606,-0.28169823653747944
0.33826685627027775,0.10517589501343053
1.799412284173441,1.0383539384663474
2.977056466288488,1.5689381292781375
-0.12269373334072853,-0.032737043393384194
0.6976480613977539,0.5211676318198957
1.6931356278771057,0.9118608873794974
-1.5623705457425296,-0.8102540443049592
-1.1298207222272731,-0.5079489433993989
-0.9244448863903241,-0.5204021255287155
0.6568844809857497,0.1947889476945827
1.5750875155748822,0.7543848279804087
1.4327277731954426,0.6701007253895651
1.021544790129869,0.339025339020961
0.366234968774448,0.1929338818198892
0.11138778173599914,0.03411748695559813
1.2514615351288993,0.6934012684018102
0.6874081377834685,0.2857813285647818
0.8087562516834265,0.3336159902838971
0.4737040984796917,0.10242655927312219
-1.7782948952049316,-0.9248504448134494
-0.3354311893474003,-0.2584395904506811
-0.8461502543135856,-0.5474179406224362
-0.8545098240310958,-0.43016729211609345
-0.3946513146682191,-0.14110376404115815
-1.1973184971189341,-0.49832722282807895
-0.8006504389335035,-0.42476123831173834
0.10686675928993333,0.06067409914277962
-0.5850384431707203,-0.3244240777101629
-0.41171815021724595,-0.26404510805349374
1.4309219944038112,0.6383296648372425
1.3365344926439413,0.7886049620332677
0.8803982614691541,0.4252912848770058
-0.41540039372058923,-0.21494838108620562
-3.0247654570664597,-1.4477396604227755
-0.4546344264803466,-0.24887397014483342
0.7450220154694434,0.510595217784346
0.19301007884649346,0.12770643004008647
-2.5790943525570764,-1.3984433827908993
-0.6561859409684874,-0.2707375518917912
0.45103396763039383,0.14166945750997745
0.5036931982276169,0.2530211135555109
-0.37914648624747543,-0.1642127185357817
-1.216497536300893,-0.5704727310070927
-0.15665541109267195,-0.059771494033421815
0.08872944861381617,0.1304627378222197
-1.061947897880581,-0.6580573424299629
-2.5287017224414976,-1.3424307262411905
-0.7452169251172557,-0.37946780687036713
-1.3580950926883089,-0.7615753707626908
0.04871064478435849,-0.13460060434324678
0.0981128295690398,0.21494651322791652
-0.10183128760261331,0.12223987526520876
0.1315745053616963,-0.07299815470487078
-0.6638944255183061,-0.3419682145281125
-0.5642790277971198,-0.25113865041795996
-0.21165881918887794,-0.14353502301705054
0.2564467229297089,0.11807246552741558
1.4429439157305344,0.7554783148665531
0.734097033222027,0.3374505349839279
1.9777245240050465,0.8281182090389334
1.0120627277576997,0.3940031917819706
2.2622760828191586,1.2531637874293604
-0.1118243996408893,-0.12617082196556556
-0.5028193277934098,-0.3934199145566844
2.107031862143832,1.1547003301774024
0.9170639956010032,0.18689180001081307
0.6075808372464235,0.2227468323196019
0.05040073553799079,0.13635218240098257
0.08552423550686415,-0.05474707852937529
-1.9113452899760852,-1.0693596513701291
-0.14701559781280593,-0.11223586338646097
-0.38702083383568636,-0.21407015052318876
-0.9405182006766485,-0.5078942068367965
-0.29716721712795935,-0.15131850605670077
-0.9885604989026731,-0.4479253522371695
-1.3582369724574246,-0.7256121066850698
-2.0311450954751806,-0.9357483299080153
-0.6710190683018362,-0.2611707838471209
-0.1857801769545598,0.21322077485050706
-1.3203828699627167,-0.36290765637745453
0.2805921577388205,0.2998369408791192
0.45102848236591697,0.09569828315878484
-1.2042583390000954,-0.7306009625698323
-0.8411786978833407,-0.35391057032844875
0.1114532887047428,-0.11057027042019796
-1.004304125135366,-0.3772894327373963
-1.8052995250404211,-0.8581755132197598
0.9884771328434029,0.3458893096846498
1.3845453594735717,0.6422363906509448
1.5523400831013505,0.8177425952665619
0.2784946147568505,0.10265609325389033
0.805757955327374,0.24651345899145455
-1.0412619736547448,-0.5890924387137387
-2.0499505683668096,-1.007777655340979
-0.5227547388933611,-0.3729044161412581
1.0546411158245974,0.4675665855851068
0.2963589657198603,0.18207123983916573
-0.28520687398318834,-0.09322128976259342
-0.663739692534584,-0.21428341806274248
0.4761830140809966,0.43025716865267216
0.7816255183192349,0.4236301110621765
-0.2060072940397225,-0.13699779316618274
0.21613068735236965,0.13785910883706165
0.004711995332986357,0.1182817009069976
-1.4176918165528234,-0.6454676217945267
-0.9730345728677277,-0.6915648845838434
-1.787760926012417,-0.8969754735201195
-1.3213547371900418,-0.78890206197519
0.12435325731622737,0.02203948832020433
1.5104415412327867,0.7050107237310174
0.760201742846399,0.36446890854340436
0.018607103405384906,0.10321432997910902
0.07035289908764393,0.10078750945042397
-0.7571340072606331,-0.5443165381649533
-0.5827372637003729,-0.2169839836450264
-1.218705962544765,-0.6741210324306542
0.36513000651002436,0.14053074275874983
0.4498294564678731,0.22718425965880595
-0.14818983021188498,-0.1925414540774125
-0.8422812491050434,-0.48101303303204357
-0.1035855271950874,-0.200470550976979
0.49062359472030176,0.3677672880659486
0.9856441811043195,0.5845992745472843
-1.4753899297250865,-0.8722634805525322
-1.2070524697007436,-0.6914246196371925
-1.9409415034118709,-0.9563107206085661
-0.8054401937208922,-0.2598868357883644
-1.2177820111934654,-0.7041808981848536
0.00515508340590165,0.005361284409367732
1.019476910347616,0.5074362292832723
0.015795830911207176,0.1518023238793201
-1.2416432728401876,-0.6178926250220913
-0.9812199717474108,-0.5492012475228336
-1.0250832230995837,-0.6825146636393935
-2.2057719029217804,-1.0968079101147878
-0.44114291087262153,-0.22847598509291087
-0.18677081549177316,-0.09338251688039964
-0.33079379942991627,-0.1332258848414748
-1.7116552852045126,-0.7897401756283772
-0.7520350540345705,-0.26198318939613874
0.48616586426207925,0.2310751053879973
1.5543485414280296,0.7688504885903021
1.125663688310846,0.4080979016970578
1.8799012628582605,0.9340229156490588
1.1426961720294202,0.5518059566812795
2.5436337515306904,1.2110861254283778
1.387718306856299,0.8903728745081758
-0.4455762986777102,-0.20817710401294628
0.9897271719347156,0.47963015742926185
1.54789966795681,0.83412687479667
-0.18231874656952796,-0.06759462969615893
-0.4472838654362036,-0.08072597874033302
-0.6423483697346763,-0.24109328088868343
-1.8750852626285242,-0.8603183728223199
1.6650722318320637,1.0385297396725688
1.1783731532295514,0.6169855345363121
1.4076057588801156,0.6950972318165477
-0.2677855564327587,-0.2160573981664899
0.4596414424237045,0.1348887900594543
0.45066849759786626,0.18020218848438344
0.9111991465472058,0.44038508881746247
-1.2858021342974297,-0.6029339901291687
1.7335926280011935,0.9072353067247544
0.1986451360810937,0.18253397144287847
0.2370613911347308,0.0883090434862543
1.3879957413192674,0.6477415508495851
-0.066091521725125,-0.033840625206625195
-0.6347527693328497,-0.4199859898519686
-0.6572179513951724,-0.4018966931941903
0.7861826939093627,0.4827535419990138
-0.27263539225333566,-0.2180644565680921
0.15033427762510146,0.11198286407290864
0.709594380970513,0.3192052237415832
-1.4681964793384377,-0.738758225299329
-1.8351541750633884,-0.9031613702273457
-0.036865192810847436,0.12148700294646039
-0.13057881159391793,-0.12784378743936753
1.0209163343270262,0.6079928607692148
1.4444119653640728,0.8105341680095801
-0.6716562620509623,-0.3623509612496307
-0.10725284623551373,0.06543309505149333
0.8408230262382514,0.2844381628211299
1.3639114250260997,0.4065615749757787
-0.4639147688936489,-0.1463868101551548
-0.12059647199239387,-0.20929043889383564
-2.1096184752045914,-1.1238502567615494
1.0677146883982673,0.5390789146808674
1.4016504004025259,0.48844543027413634
0.5279092306006594,0.3180295007019015
-0.07353491189468514,0.0427973301348995
-0.799923222218379,-0.3514899893382392
0.7302783617207269,0.3844645713866344
0.00011208201802120898,0.015710808625289074
-1.6343084601813238,-0.7897347417130629
-0.3302526358372306,-0.20607483912084745
-1.411773619342394,-0.734407639891885
-0.09213866221502431,0.05278191583528685
-0.42356156110560794,-0.14947684373519618
-0.5837551360046846,-0.09873557704842781
-1.2012311931530935,-0.48105210892521755
-2.5245956134183256,-1.3952582893255023
-1.4576426962139322,-0.7268217746617269
-2.388384291880207,-1.1855751510060029
0.6405192333117063,0.2221483642174951
-3.1297016319745348,-1.5377349910978868
-0.6944665934814616,-0.18721849461120413
-0.3443308056050251,0.26255083361182685
-1.0205645466004791,-0.4744539231366834
-0.5348841725692528,-0.2096979566627647
-0.5091943044210021,-0.2837283515624386
0.03702784963942107,-0.05632497052833409
1.5399784474699079,0.8340175943590741
1.175730561508785,0.6114883312593792
0.06488073595362731,0.11862919874630531
-1.5183240668821532,-0.7106479466025022
-0.9230653937994127,-0.30460219860639615
-1.0714826635736139,-0.5677983198728405
0.9958061558022051,0.28991133253868606
0.2534420639380348,0.10910555471842938
-0.7592907044478507,-0.4571750677545972
0.5721840219216375,0.3202525663720598
-1.216682105834603,-0.4697655676278527
-1.7293051521144103,-0.6400565635148165
-2.6237809415689126,-1.5172461825766723
-0.3768306045669207,-0.11618973811585634
0.36734160867006427,0.12925382795656964
0.42954104391255354,0.23144227064751138
-0.2622861075226244,-0.03708696925334963
-0.6659295014620071,-0.36600776833720033
-0.1866768899761663,0.17904650094798336
-0.888940750939833,-0.35337818409291116
-1.1642094378702788,-0.5713518980027211
-1.0309052337889444,-0.6751470382076379
0.2099150449431335,0.255986047873731
-0.44796386086471773,-0.32823221065069136
0.3834092756387036,0.23758418474670961
1.1419317001289016,0.5686578066939927
1.992118645480565,1.1189760059994969
-0.05893223340111631,0.04269922056844709
0.9181843354740327,0.5148873439396757
-0.5305570526808254,-0.1453041636303336
0.3798860635904702,-0.020811325774390432
1.051453152439509,0.5558205331583677
-1.0734943674247113,-0.5523175018275872
-0.027231402302557495,-0.019498724293564775
-2.801014682005527,-1.474934691257205
1.0715088697628419,0.41102753864940866
-0.07962134077739758,-0.18518444446731752
-1.374278271015918,-0.792828513553419
-0.25196281237520274,-0.31874860765363466
0.9115656880719375,0.5327108006478058
1.7439716170727757,1.0547509979047671
1.135254356368565,0.6065825453061036
0.26091857701855975,0.08388748776887457
0.9078987061980194,0.5337360760713215
1.6665433223766848,0.743857604817884
1.1743487405024085,0.5458716945116827
-0.1612435326321524,0.017218622139562018
-1.2264920798468184,-0.6715177120253678
0.8123369990455365,0.35079408265693546
-0.360654779542149,-0.11843216736260347
-0.3092754896228016,-0.2552701603282982
-0.7831331549329118,-0.43890580197566437
-0.5884911510071078,-0.3875502499012381
1.0454516836766816,0.49546961923256244
-1.2337459919796347,-0.7285042423150834
-2.3420712669031225,-1.1033306199947697
-1.8857021039414443,-0.899183262052294
-1.0873930246617087,-0.5223608131615718
-0.08310295269354329,-0.006348790760721534
1.9408542034973588,1.1968842854942463
-0.5362675682367638,-0.38837213624585454
1.5172330641314864,0.6730444867526867
1.2946540700893763,0.4763976653236569
0.1049996099016457,0.010651671880611363
-0.1439022211554629,0.07489273203607276
-0.8039039804510003,-0.294383880463265
-0.5535170347088781,-0.30767684669811074
-0.2290380426849057,-0.22825184495160394
-0.8713347982378352,-0.501615955815365
-1.3007701726901506,-0.7846780183624535
-1.765500994834429,-0.8567572989922879
-1.0305504438304354,-0.4786105179613544
1.6308256440379871,0.6890930166223836
0.8201997881224785,0.5056797110278988
-0.476228127437125,-0.06751200737922883
-1.0478828396966007,-0.32382909341941324
-0.9165188987398944,-0.3756721111544544
0.20803657606069126,0.021231666221641507
0.8085022610161572,0.44782977583043637
1.2250510063706743,0.5661900231038585
-0.7262393427238466,-0.3334588289773425
-0.9034008376431358,-0.5707134971884729
-2.2708395208081,-1.1252107799615376
-1.8818252512462044,-1.0462515030036885
-0.6190385262562188,-0.2996122678186945
0.8669419595759127,0.5213097718794156
-0.4716252203861853,-0.26869244514633234
-0.6039670169087412,-0.35661722981142296
-1.4164835818391768,-0.5577432328070303
-0.560695120694118,-0.12179671760052224
0.02871087427797997,-0.05969526172289823
-1.7116007405188696,-0.8186855827370366
0.14636058618098602,0.056743230789500235
1.6713477717647358,0.8023845074841834
0.2045713632486491,0.3297446415370566
-0.6804619065130227,-0.33716013151052354
-0.9875645630986007,-0.5599350030820989
-0.5169858681998235,-0.34245434115971135
-0.08385987862866484,-0.07868574899219269
1.129612002757599,0.594562190905781
0.5360455252148337,0.11716361751024953
-1.250809865700399,-0.7069753156222963
-0.6390705444859872,-0.3282846755800318
-0.7191851816127803,-0.29903622366344595
-0.19553464435351822,-0.025027224053399535
-1.1806622751453657,-0.6040149932330955
-0.6679589672119689,-0.24597489631184383
0.025789730406080513,0.1316104837070793
0.696333767996959,0.3953701223764016
2.0664614805139814,1.0983303051229691
1.7893795241134596,0.9167032228989141
1.0439008707907067,0.7075627812702763
0.14736730800917353,0.14325166722639654
1.1828006491220329,0.4640998568805824
0.8188947135123614,0.5976725966407608
0.5177453261384777,0.08244516459107137
-0.5278825433314824,-0.13120212466095377
-2.334269583856244,-1.133232560828984
0.738886499550369,0.5033675873564705
1.0273639812713697,0.5549713472976383
0.39909005902678246,0.05350920154352409
0.0866884725830957,0.015122780999040911
0.6558758722575267,0.3559010810482207
0.38266683423315795,0.25525740517202233
1.2962398566507485,0.8009876535012546
1.498710847102359,0.7577759370430083
1.4581325876524078,0.6839766343946972
1.2921646118654122,0.5466555703612648
0.2108876203333092,0.13056767183328155
0.331483729881488,0.19920447692305196
1.2767227427535996,0.664478293226563
-0.2885720475510657,-0.31917162256887643
-0.11134934292118177,-0.15113436608053932
1.6447000159001046,0.5800876218355708
0.6191881785970432,0.28578804117061024
