0.4467143194296502,0.18622869468755146
1.8612324762851844,0.9121224387402063
0.2872084780195622,0.02547239916351514
-1.4537078173404416,-0.8100090055067622
-0.41251632367854385,-0.1913745907551696
-1.2258937032181627,-0.7033858991506918
-2.1778293512250024,-1.1837431561062908
-1.261730791588777,-0.40350104411083065
-1.051688310127298,-0.5479332482256642
-0.26890847662102346,0.0017963472083509513
-0.8090211665064994,-0.45935827893573444
-0.7221087535429072,-0.4908358460861013
-0.2627155056832887,-0.05705354643259217
0.8934203724601608,0.4766302927670875
-1.4921872661954074,-0.9030743437190341
-1.9205504890897562,-0.803240214706783
0.02062756259824694,0.04677691865114983
1.1170805967185773,0.463866439547332
1.0216503436843336,0.579000358086944
-0.4239962091203445,-0.24623736455740675
1.4497296015808359,0.8795273295490078
-0.6994648715324367,-0.24778816312398322
-2.094345693628623,-0.9879909282867614
-0.3581286501561691,-0.18174868360233853
0.17111952171368575,0.08223297671870361
-0.8580668769490031,-0.34414874820124486
-0.324414730206798,-0.35686745328012426
0.7880956495897063,0.36436842942138137
1.3026543630626284,0.708981315558188
-1.615687688073857,-0.7264026093648905
-1.7937773645241517,-0.8370906074241147
-1.418365389063388,-0.8743695307455598
1.0121200478823167,0.22674522488479698
-0.19813094839563694,0.096625073991849
-0.13778026418955835,-0.047470687917979856
0.17939912460671403,0.11701880288950839
0.23383394430269822,0.14037024487049415
0.26845103769729584,0.06358085708248391
-0.753025063602486,-0.2749156693047224
-1.0579866869112577,-0.5894513001964228
-0.898058271153273,-0.37351575988382507
-0.03871387975133023,0.07645218265436021
0.8000826718401141,0.5896245528458433
0.15540522089855507,0.07829365186910221
0.25551666136971396,0.16671850874114658
1.0226939980451228,0.4540702938609421
0.7806163187884744,0.19652156057340267
-0.8657237417527076,-0.5016634329242886
-0.2538838451808434,-0.11102038818685436
-0.01614308360007119,-0.031235951535509746
-0.08582694591241605,-0.07487771472629177
-1.131884580933201,-0.44590325174047596
-1.5719822033862805,-0.7756421424064621
-1.7882228883135167,-1.080686918187199
-0.25689632961516135,-0.13297678204612987
-0.5116640568257254,-0.20657723927498547
0.11507361853523823,-0.0815615733944709
1.4237808020480183,0.7190679862653959
-0.27652541507230277,0.04105343962083294
-0.9638501441755332,-0.5597015114579725
-0.795538825759825,-0.5139492572905997
-0.36950858567514333,-0.08602746932946252
-0.4059559586888437,-0.06306167255635592
0.6163442580551832,0.25834599235822464
1.0561289996934975,0.40840540726581387
0.7827926879199443,0.5609953986388421
-0.8029605301402074,-0.3619622623053983
0.56916013808412,0.19627592265670338
1.7626623550799685,1.040411707152907
0.6960877024257683,0.4414601133627071
0.06797894522265147,-0.13486061334703914
0.5181002276642468,0.15114215565789854
2.305397877515773,1.0582249946138487
-0.7374209235710151,-0.3347559980113441
-1.5727221296566314,-0.8102944775735346
0.4344579611771161,0.3805128069522589
0.5859309620085829,0.19042709855340106
-0.9100037515949589,-0.5527798233168733
-0.3129905619539479,-0.048463943384438796
-0.11834647624782478,-0.16806322209313715
-1.2978467149693407,-0.5502495121658058
-1.1445414266573404,-0.4470962842009597
-1.1712900866225784,-0.4745663844276819
-0.526019795417682,-0.17938045453660992
-1.204176222004706,-0.5329404217798568
-1.6931609276730937,-0.7583575645546471
0.29551413385617376,-0.10089168595214229
1.6744714602562412,0.8015929154989692
-1.4794613215892185,-0.7678629174643158
-2.0847649815049563,-1.1349703110475777
0.4069392826875433,0.2427073918622897
-0.6326473893887206,-0.6484106758407167
0.6615974460824904,0.3696262010415128
-1.584517513943154,-0.8359116382835856
-0.7735216732979617,-0.46674571601796133
-0.36459405814075935,-0.2321531503109332
0.7438791675510987,0.3659198748618531
1.2182455640148273,0.6503055784033485
1.0249867259406473,0.6599798895592296
1.2912672731761492,0.6874792168739698
1.1296283079763336,0.4294453736052183
0.1651391681281002,0.023110847449041953
0.8592888251666768,0.3692123471779657
0.836186596922874,0.3705035516628861
1.3499603099452915,0.47520192212980994
1.968546114695654,1.0642841301205441
-0.11889542361181371,0.013271449157910495
0.024035625356270976,0.09886560650177081
-1.7192948924767781,-1.0147395054840775
-0.23083817505717502,-0.0702211617440236
0.4791258437488849,0.2084078812427606
-1.628841199236354,-0.9270863141273088
-3.2935983401704783,-1.590807741576325
-1.3066568407413037,-0.6577043151328904
0.8294451325067456,0.3843889785808244
-0.3701162444125997,-0.13413443695980087
-0.9482842090616743,-0.5043506938520979
0.3868143448725456,0.012981874605643262
-2.0273647261637975,-0.9910994612340027
-0.12127181242857799,-0.1408731218458617
-1.3552760169744875,-0.6892128478110632
-2.2529831394138267,-1.3167779464233502
-0.5532168634883029,-0.21222461617698485
-0.582164849511694,-0.21406904919294809
0.8465768908900644,0.47864759608164875
0.85407164078603,0.42718735341965675
-0.7699561521893332,-0.5116494272699468
0.6307704297122916,0.42155115069499627
0.6601279571063823,0.33512239089049745
-1.1605671080991407,-0.45527973344094796
-1.4357570634201426,-0.7638827894268159
-0.34904334187929054,-0.08913336393190335
-1.2896358680523892,-0.7323882455723855
1.4564692929344059,0.7692687621344019
-0.626300325388616,0.019931669205759894
-0.24599103117749246,-0.0708638900546663
1.164500423530237,0.4631996912019054
0.10149512139527317,-0.1121218191708562
-1.400977124881641,-0.5998908876766964
-0.14362254864848556,-0.09086752370630231
-0.1374909178379869,0.01687181464641277
-1.247615195634023,-0.49807103683115683
0.6838777047417867,0.33980945981718375
-0.5322529929091748,-0.34467816185801387
-0.5154076296249511,-0.35094922823944946
-0.8452749877420722,-0.30416133318686717
0.26340036024679536,0.08969999947461402
0.0034428097126559254,-0.07116122069634254
1.2083289992985482,0.5371020728691037
-0.3567468458305907,-0.24357813978196294
-0.8754222169494222,-0.44258609149568834
0.6294384364441865,0.2869354839985385
0.3293241362322928,0.13327317688310064
-0.3838155277534675,-0.16567067535048954
0.32553802575792196,0.17603504911975604
-0.32950549188283795,-0.09902149252634337
-0.45220493567388353,-0.3259548781669105
2.309879699278835,1.113783141509786
2.038834984799538,0.9364332933735966
1.1934879376525525,0.6268563764160815
1.2623020182909706,0.6508189218350187
0.6563918593537551,0.18707101026883147
-0.37671897839633883,-0.26391113359045054
0.13028682773450484,0.22847345771416508
1.044845342012268,0.6269353893105484
-0.8383200876259488,-0.427432484263787
0.5153813402773095,0.18751677007866885
0.9341585882830888,0.5634521618642797
-0.23027315834697237,-0.2789717573405587
-1.1997598835676335,-0.8713483796751327
-1.139297076033587,-0.4568515936357393
-1.4567926498715793,-0.5908928336462403
-0.2139312513749983,-0.006424395554052123
-1.421312596697689,-0.6715083585605008
-1.3187932830800588,-0.6159676120789567
-1.3517709572716732,-0.6734222343751285
-1.793513191700875,-0.9877203621068267
-0.5239170992043236,-0.28740199781705517
-1.6801892096517943,-0.7569464716119072
-0.557689431642246,-0.24807674537187846
-1.8933037786221039,-1.091659874714757
-1.567261045416024,-0.7528834252163776
0.04560007763551943,0.04451357167614216
-0.8113173446250164,-0.582998972324508
0.03383023847389294,-0.06673323662490732
-0.17445260796403675,-0.0009689017724102966
-1.2388264372767768,-0.6246517794439921
0.1403700357236578,0.018123294418228318
0.9363455451691483,0.48107154273058034
1.1956047969630896,0.6343422471059952
1.1333648978477986,0.5392162832241965
1.2496367943184479,0.4990077257014742
-0.4158907968336707,-0.3312665024622602
-0.9501668121667908,-0.2842425097782675
-2.2928619369106196,-1.0392778444673627
-0.45239328080038554,-0.10947314748944784
0.562669881590043,0.29939344877290575
0.40984000097764633,0.18899167732994843
0.206211135972725,0.2822890795431582
-0.3865070681631534,-0.2253871077810249
-0.21188409768382854,-0.12683954963061542
1.8488633382026107,0.9436154690673467
0.5598344102870566,0.16037952425319002
1.0440570895690355,0.5021500570501161
1.4121641339025837,0.7072646050592114
0.8960831029438204,0.2741453133697542
-0.4411722810975296,-0.21127310548193093
-0.8654204261113951,-0.4506408182866053
-0.7979036381165194,-0.3956420689971703
0.134427239450293,0.1624107237329933
-2.587886089276172,-1.1664014356761219
-0.7800750943302076,-0.36878644352191947
-0.7854811891385922,-0.26553072161931335
-0.18177690616255926,-0.08460740810902287
1.0158427764213556,0.5376308514801209
-0.20075375104963833,-0.17569609540592362
-0.36455427814413693,-0.340049704983095
-0.5291868199406502,-0.24942728448306234
-0.7301974871126161,-0.3042474775098477
-0.42171750854421375,-0.2567102458851966
-0.27919795280811477,-0.07221911814630051
-1.599715241501406,-0.8142813978894231
-0.8647100224276283,-0.3651838336930656
0.894317288784306,0.47492313923735774
0.738395821636728,0.28018042559117595
-0.29495689479239784,-0.2572835557766108
-2.277989385113356,-1.2081349659252065
-2.0202153259184645,-0.9924255384361024
1.2624239852112955,0.5074842015347409
0.19027987379337918,0.2411610242407107
-0.4776929483164317,-0.23355942931151472
0.2614223325430494,-0.06901177142234027
-1.1581175803114518,-0.6318312524551496
-0.920921864069037,-0.23897575281945158
-0.6893351852249385,-0.2435999266152779
1.0236287446823995,0.5803067034428032
0.055869249514556296,-0.07007191009435171
0.218678364119974,0.1478502340894665
-1.3634282903689625,-0.5656218406141891
-0.625569939688646,-0.4320082830398978
-0.12484131138716775,-0.10673636923737079
-0.4963951739798247,-0.3766918097780787
-2.285155404738873,-1.0519853138672233
0.29502335682538383,0.17124869177414895
-0.15642711717373461,0.10846413632845474
0.20234407935808604,0.020597945475618648
0.12570973296968718,0.006559747941847299
-1.9781191797576008,-0.8586525275740295
1.7391451983142525,0.8464988413769198
0.11824333420301503,0.11676599405787247
-0.22058009739456155,0.044285456116520475
0.15216391635967774,0.08183626692979808
-0.504241566053959,-0.21068542029722093
-1.4280600727180601,-0.5478390210166227
-1.8768009647196475,-0.7982192200157403
0.1248765813518733,0.12635106238094432
0.028724525291152554,-0.11017432216709683
-0.059156145004232094,-0.033977709578962505
0.16645572783792928,-0.1179629977861868
0.30418994942611066,0.13657243446374956
-0.6516028206687167,-0.4355391461492987
-1.3123529796412376,-0.6393130060297461
-1.4018092143238416,-0.6192457659118761
-1.4320153521229848,-0.8467152293993254
0.41709390706990357,-0.0675988352825368
1.2161468951851038,0.6468395384901675
1.703035685037483,1.0468075571213584
0.3579247962204751,0.18284241567464485
-0.5888264840716126,-0.33834239705041413
-0.052277091775013995,-0.10967182445279267
-0.5856925241192997,-0.34743800254302715
-0.2766733769176688,-0.2960052908021046
0.56229578476085,0.10738580231215913
1.4387742307857907,0.7340454465667814
1.8497128738956572,0.7740824521748109
3.504528493704818,1.7934295915022247
0.7365449053276889,0.39868989236799834
1.093720385393076,0.5605398026468934
-0.051456542078161416,0.045279221096392
-0.08155488366541225,-0.07023361027968517
0.8909630888206224,0.16242991645309196
0.09067067371848864,-0.03756389446910946
-0.6214397634031041,-0.4317381108721256
-0.48570656333863854,-0.224087545286675
-1.066584474236216,-0.678170383000652
-0.17535779909778837,0.14635119491036375
0.48413976406642856,0.4005668184634662
0.023663671441196243,0.056703519953387786
1.428916256509785,0.7337999679002031
2.4129262090582526,1.2392139359400758
2.0173019448205536,0.8116732995981808
-0.7861271853436685,-0.22316680630021155
-1.1396398188816026,-0.629842150659419
2.235010284484207,0.959765978032387
0.4674407913158774,0.2955034172213933
0.953757437056707,0.45599811892130065
1.4167310638629926,0.7494054041973565
1.814065442350667,0.8881753909656511
0.6857293735287299,0.4062703265734649
-1.0430400172556729,-0.4141325599962249
1.2602921962042157,0.7719419773365545
0.2190477833495703,0.029140730011228494
1.6071221728735052,0.9466542344232522
0.06390863374199607,0.08806176842108546
0.22963831278508803,0.09910316868459274
0.5362543760744783,0.19051724864734015
-0.43209999635034557,-0.22898925137032733
-2.036562494925758,-1.0848631567812586
-1.03869403818394,-0.5891514477303706
-0.37565677322917784,-0.1602409607587261
-0.02556568372906229,0.12774911776771092
0.459704167596401,0.21605068762965784
0.12264913520596477,0.047310971733863706
1.8973509109300364,1.0240475067215034
-0.8760719629247643,-0.3219241675990552
0.4388360522239291,0.27545367666060855
1.7764605377697973,0.8900878198380952
2.1223168325961272,0.8345999975089509
1.4531180057560924,0.8345831145801584
1.1683662378421273,0.5646656084731956
0.6687072726194132,0.24560185992794936
0.15925179022392771,0.09893020729306976
0.9331158704832736,0.39693873093022225
-0.05831904714428515,-0.048734168510815856
-0.4254678970555114,0.02207493131740415
-0.5561241888167319,-0.26235971336029046
0.26712491134727573,0.11569745847109231
0.8715939223341578,0.3638679889090671
1.0042483747700093,0.4229615333932725
-0.9442715672983585,-0.48869342375996394
-0.7385967069729681,-0.37266433460016973
-0.8574556036089566,-0.5569116748965914
-1.334890055885955,-0.6240949952552869
-0.23244166499516083,-0.013099623213228162
-1.379179136087519,-0.8604732002472559
0.01566339519958848,-0.07921442590906441
0.6079119008405103,0.45666731349183204
2.5057491343035925,1.165427424101282
1.3400744253137309,0.7466431452795678
0.1886543822463564,0.1415198924099587
-1.0501043502937266,-0.5778959470566765
0.20056968910135797,0.05972405498538239
0.9199449918843208,0.3315926503526814
1.0209085914416776,0.5393702006026558
1.2817808161127002,0.7752106471167122
1.975174942561585,0.9286049192354758
0.1413500086863847,0.12135139624383164
-0.5195085230446821,-0.33720718545842177
0.8865497272554211,0.5513027020014867
-0.518918317501337,-0.30408733858792986
-0.38404682146899105,-0.13154343176818245
-1.169862757541873,-0.45254096158005963
-0.31361989081614333,-0.24791209953294907
-1.3638514772502228,-0.6633556486517547
-1.1656231003935473,-0.7426319100000092
-1.5284411448161794,-0.7562284453165948
1.1181511427766107,0.5158680840230482
1.1221071585684859,0.5740970083824367
-0.4029165716607117,-0.28938693881163213
-1.397970600512654,-0.7124159589582446
-0.796827451288215,-0.39166855864184663
2.6783533390476593,1.2683950661377705
0.8162930049992012,0.32483199958535725
2.738649646250667,1.3724081016788254
1.0381584719506944,0.43343251091587254
0.6452494947894233,0.561487131784345
1.1056673260024947,0.6512405078518488
1.459336923568058,0.7271580196900291
1.395630300881002,0.7618111158246859
0.735182394735867,0.35838814947579256
0.5041075663318857,0.23558643975625007
1.2633673209952858,0.492185451772085
0.7392399586120975,0.29863080978109063
-0.9600699111591384,-0.6283973623031239
-1.533120430672505,-0.7306796821801547
-2.6514436769255445,-1.3912692604872696
-1.6535414624593536,-0.8053476627983762
-1.6881417253176296,-0.697254466581672
-0.5615805765953272,-0.3319566361260304
-3.8388243510029687,-1.9543451815220445
-0.208013655152548,-0.20219483349618383
0.16246904102990392,0.044977555434924536
-0.1306189776886544,-0.08359149141005566
0.28598331325170423,0.10508065407451364
0.7494492872983693,0.4257531302812255
0.594961982593115,0.27637846928896603
2.2311071676761838,1.0270612706050906
3.9661120281348445,2.1239374442663657
2.0748512694376937,0.9170348932845158
0.7157842002934405,0.36814285929811874
2.030098062710943,0.9997823712730018
1.677243874655788,0.7712169318989515
1.9858044698261104,0.8389814486481956
2.4298080081940436,1.4020880430014746
1.9251211158731159,0.91207928743874
-0.39144509733578337,-0.26808699903578903
-0.7730864058201878,-0.29263624553896095
-2.170825547724141,-1.063120630557917
-1.975525036986859,-1.1935514960430498
-2.1806274354087596,-1.0266667101873812
-2.3299513986364735,-1.2481894513062106
-0.7018936641755043,-0.283285730250564
-0.4383138576951022,-0.22731840234596987
-0.039550188653011686,-0.14588551859857612
-0.2944423997446329,-0.16233688147849645
-0.42013862090558896,-0.2697793904456417
-0.6414759689739457,-0.2820241734300644
0.17705746966146502,0.15126863437917587
-0.6694808239460293,-0.28077001700705284
-1.0281741935773976,-0.6867235625204959
-2.5104403934448456,-1.362613162379983
-0.10841592758604457,0.1557874692282473
0.23451478598338632,-0.07243075011822014
-0.27324954695802456,-0.2803766107621046
-0.15399319508252726,0.0017584242076703754
-0.8595500680996596,-0.5227739332667417
-1.3943661715540192,-0.8586597027480312
-1.220911066933866,-0.650035113165649
-0.0031651113664262764,0.03584812223105171
-0.5663421553662787,-0.5085764836813309
-0.6452084613864901,-0.24471289436128613
-0.19859422583178604,-0.023835175440560102
0.26781386659213213,-0.050364694902873736
-0.1243799778486945,-0.04027774495339142
-0.46653799158929715,-0.06973059613904639
0.8624551373234877,0.5889045138739719
1.0202659640942655,0.5655565409386687
1.9053077711169526,0.8838550798521168
-1.0355559062646962,-0.6236838444186706
-0.2866987777689913,-0.139285420663469
-0.018439206077458192,0.027063878420933468
0.7301620718536183,0.24719250337573295
3.128287173704479,1.6616096502378628
2.713292050793993,1.3071757428836408
1.6187417706635099,0.856474983826414
0.7500698045730755,0.2991138297447208
0.41823638761742044,0.2445952465193932
0.7661966067910378,0.5929680110847029
-1.2855829817513031,-0.6453966753437318
-1.5105209257935885,-0.7350881794904223
-1.075823417421743,-0.499232090909117
-0.4135890771049623,-0.14021851361296336
-2.1436963797727024,-1.1148872992119125
-0.5741245144243133,-0.3225323638928212
-0.9387969632340373,-0.481605114065753
0.32880452018201434,0.00040807071069398626
-0.9130671396491881,-0.4945695143381226
-0.11012512180913947,0.023098270755556427
-0.0693625559599996,0.09628408707460949
-0.4634822915033231,-0.1803041412784352
0.19875713407906176,-0.015275402347639425
-1.1642069108493636,-0.6272232337554651
-1.1019984199639028,-0.5321994573222304
-0.2776143492597949,0.003196470133010554
-0.2490497058625834,-0.24461006932484786
-0.07284016193342079,-0.3230051015113078
0.9140450321442173,0.3563630276606337
1.9279312858544877,0.8937301540475441
2.2956854582331534,1.0974939669619976
-1.122705425992578,-0.4879467561068434
-0.4910968890198685,-0.19685328463976767
0.37487966249995214,0.17072518401985556
0.6436145592749871,0.18284767967515328
-0.6021262379525923,-0.20113154995186683
-3.5812442332862777,-1.7269230483884148
-0.9861915844161285,-0.42586703820858707
-0.5549535211352181,-0.3978055183430587
1.1137296729470616,0.5038185686369209
-0.2600460880652775,-0.16096122008827612
0.15247900345809917,-0.10768687977000141
-1.5066468025657023,-0.9854870715039132
-1.3986423564279804,-0.8784471463509615
-1.7978856905052072,-0.7995032758459744
-0.25486829866376687,-0.16990946879830415
0.5637969788830319,0.21091422364570644
1.929307426093392,0.8253272484992024
1.9146250853223832,0.9181595714247544
0.19030131732286715,0.10201100090355243
-1.4581740500381268,-0.8935298415352321
-0.8533796704104164,-0.4588605528209842
-0.2884689091319597,-0.08432605660688976
1.1854859739746835,0.7477315920452778
0.41472947834943663,0.0744681063241639
1.6192015482529722,0.8490975445790718
0.18254137054742714,-0.023084305264302024
-2.275569622196272,-1.1086433055018137
-2.286456001930523,-1.1857829786523277
-0.45469722992980444,-0.34875814681703665
-0.6369136602372156,-0.10150993389043919
-0.04327108834505128,0.17784554670643823
-0.18837889306722486,-0.13589647682194958
-1.2375554392537187,-0.6919961929102784
-1.3220166084201361,-0.5432358545452535
-0.031517539750080314,0.08379830107664243
0.4516226099658796,0.24127085013499333
0.8523284848536441,0.49910570593067954
0.7422831861004268,0.4280168795056133
-0.9201384455172728,-0.5872349240384866
-1.379191763446828,-0.6976189331899996
-0.7091258276561524,-0.31321550548471594
-0.3758100347255054,-0.09139838122450737
0.004954405082248536,0.13531037254894543
0.4327716771874406,0.03746533660151796
0.8113973108726118,0.5983777047826576
0.5016643899198948,0.2066488977689183
-1.1120380481859418,-0.40452120722362117
-0.3851797652057945,-0.24347308636266032
2.577705332428721,1.1987717399077102
0.36598574552625407,0.17774230047116155
2.0460309548396904,1.2744778860469617
0.10143222934128937,0.22603455688941892
0.5959458519833696,0.2788531389031379
0.20339388536676065,0.16540882112460986
0.00669657663374118,0.07657212865321229
-2.493829014484759,-1.3544644600173141
1.446745150412547,0.6526464566201104
-0.2730879303789636,-0.21451183993788536
-0.11215784113253065,-0.0934734950525148
0.38332079862831203,0.010077586574765457
1.1546211552473937,0.5065082452795563
-0.17763317012805913,-0.1575670583987335
2.3027542277654214,0.9838222120832318
-0.3565975857421667,-0.11884150582290715
2.0859847631931814,0.8757397928536166
0.6916544138225846,0.2833180882855284
0.9402309130417641,0.5225750482269148
0.6778977804818571,0.4231221969065955
1.4221578115992979,0.7051209256835599
1.0551501137528523,0.4056689864961183
-0.0063621215517404295,0.14085468714418775
1.598980353548624,0.8495529376958588
0.25518474323402096,0.1888386268347776
2.0866451387292284,0.9816279782045192
0.8813827474371422,0.37931135663523785
0.46562064064168446,0.19053498014862863
-0.2505089584159072,-0.01671313203565715
1.6646086097224586,0.8847644059133336
0.4471417281159271,0.09532219185141497
0.8905927752268744,0.423385035220389
-0.7758991215896561,-0.34910264588778084
0.40118356552020695,0.2435832011020081
1.3145107333451902,0.7033515456580662
1.8313095963346018,1.0548085354287455
-0.23323597388832817,-0.13665716758973964
-1.6378754362591355,-0.8464483167648936
-0.8113782518202438,-0.4642870184081297
1.0006055340468776,0.45596885931824205
0.6026132596859273,0.2898268481894653
0.1405186309102986,0.17281438597123205
1.3608388426616884,0.577252305569213
-1.0451112200068269,-0.5910664731988006
-1.454851613630785,-0.775665461155771
-0.7110779511398653,-0.3589156085051288
0.7713669080822998,0.41503662306879974
2.1945740276130317,1.0468146565770011
0.06187808643377912,0.06931951428409491
0.1292269631385018,0.029625168552889762
0.08911432339887923,0.07722106705543372
0.06265568068732472,-0.031195756269159228
-0.05019814849197337,-0.05785424886543125
0.20996828864386596,0.16470203675515582
1.8483233175910234,0.8113958574002473
1.2962665527849726,0.6418723029796902
-0.8188153376130409,-0.5251001756309819
-0.31941545812440153,0.0032485784601604673
-1.3281288549215078,-0.7569029870257101
-0.37718607234067536,-0.03903265579462742
-1.3972612460697045,-0.5287177210752185
-0.6927177389469785,-0.44565917756440154
-0.5972833298890183,-0.348902691026292
-0.4744830615140894,-0.2615475399041156
-1.1562751937254676,-0.4904288099528113
-0.2042230045200094,-0.05667159328032607
-1.217436294175646,-0.5259260981900306
-1.8327002109445916,-0.9087148013003782
-2.4172529667815326,-1.3731582562907292
-1.483318938497094,-0.5667581906638616
0.32967693178948354,0.0374495901196252
0.16092385632833095,0.0037467140916451203
-1.3141646989673812,-0.6992574299061715
-1.3765388026158352,-0.41994344056712163
0.5261812692896709,0.31478496145340984
1.0468342683541776,0.4527156992548131
0.49329380874578554,0.18154081038482026
1.6437780392964556,0.752650675473385
-0.4003658316052521,-0.23369443620927452
0.8034089213391384,0.3803121700481694
0.8228690973362638,0.34512589574251257
1.5977443063280201,0.7837985247850794
0.31903493796300986,-0.036437624741770536
0.9761458952469584,0.481004020876365
0.8260849422722636,0.48016067877907126
0.09627999811200771,-0.08972441869316569
0.703419287471573,0.5132423569589599
0.0869516680845166,0.10974254846471136
-0.6205807827184541,-0.2274713858181751
0.7162224504512378,0.34021431133714375
-0.709951139921303,-0.39118496999321606
-0.4719657611002984,-0.37204654367487033
1.451337776584853,0.6617571848159557
1.7609734529950374,0.7544274395261441
0.2573744461370835,0.021724127923662406
-0.021538978413224164,0.15005617596763704
-1.1446246108016027,-0.620115091304059
-2.9176250846562803,-1.3900682010170344
-0.9526038480945995,-0.3881932836032984
-2.1691132940136586,-1.1229199897476283
-1.8975702372765246,-0.9190279933688712
-2.6371221896845736,-1.2569667460624245
-1.5444624270846425,-0.7651407562968264
-0.9524191699507295,-0.4936962315781712
0.18556057308637453,0.08405059269843947
0.40821335594085983,0.18414989629473016
1.0454531097741284,0.524288786868665
0.5910410782780571,0.3302282040431137
0.42300626185096996,0.28424706186982485
0.4828398985679845,0.15297900165597328
2.829574302305276,1.2177659778314702
0.07169111816406604,-0.00940127072620698
0.18546396142326105,0.03384235656532936
0.8529870474220689,0.3564872318420737
1.5279054534693708,0.7893944955340988
1.4514393422387,0.7409983477478593
-0.06737667936077396,-0.047998247397571414
-0.5553015891527027,-0.3949546692314775
1.6913299332922693,0.9419867755972453
2.4161929439252443,1.270838483089411
-0.3394748427990796,-0.11335107661062842
0.39112304160717437,0.21796478951583548
-1.2764859015423828,-0.5630739962043968
-0.7455076224747388,-0.25123528531568984
0.6876505636362442,0.5066333896028752
-0.5635649897166077,-0.2555912752028575
-1.1959707402298738,-0.6039239255733163
0.4460072250332022,0.15367901854331661
0.37820741701617216,-0.002717610008432264
0.27932799382319956,0.07246723556161046
0.523096675408517,0.29163766944877506
-1.7355440386178342,-0.8736080477150208
0.2629330481220471,0.015214547728925026
0.45374778548248473,0.26598620425534225
0.5125352009014092,0.1691519664761043
0.03839761292166671,0.18277390932018134
-0.06989232536711533,-0.06901155912409337
-0.4510763486846012,-0.2449569847688997
1.3994327461692595,0.7039762994993954
-0.8681983364555521,-0.3283619280502122
-2.8039044455024555,-1.4714616154420064
-0.4623092825292839,-0.2580129308688002
-1.453055840689855,-0.8159633904641589
0.24828410056186323,0.0008418963229876036
0.5857669759737281,0.05909559416872717
-1.071411776165141,-0.4475463863025432
0.03001542361670806,0.0056539422994319865
-0.9216781582033463,-0.5122370805080116
-0.8354063375730311,-0.512761034631584
-0.0492406162875646,-0.19960336844082324
-1.1987231465899577,-0.716521842908861
-0.2603582404403819,-0.26186983680213893
0.4572589947116167,0.13358501995594377
-0.004528189201167321,-0.09213741362172471
0.16116514673572688,0.23536405086274392
1.3230564970202483,0.8342115438974176
0.2630509904934163,0.009126772528030277
-1.3068834866024979,-0.6211034648784761
0.06570922428011838,0.1778419286158318
0.055531598077739046,-0.11885247424241496
0.3491409650873296,0.1687210568507694
0.45220284718284864,0.07885148439595227
-0.26794911136731414,-0.36215656128577767
-1.420980454654525,-0.6527742941126122
-0.8137358810375868,-0.5766433295359471
-0.5002835214641366,-0.3082737403065583
0.2874096868933978,0.165401669584308
-0.3650890501540371,-0.10454957596164577
0.8994071865479346,0.402789197965088
1.0344762238062204,0.49682934428081643
1.3325509838635332,0.5173600181409237
1.252410261872457,0.5827424743612148
1.1762595522164765,0.6023250523718108
1.1397564039774861,0.5977056722243834
-0.20256594717791865,0.08165585772582809
0.0033463337045173402,0.013772753118984073
-2.1933368277026664,-1.0793232446544503
0.4518720151887863,0.3391046302802
-0.08426478357895006,0.07727018419304627
1.2594266839448807,0.6494642661049818
1.43823999617344,0.7226981542300113
0.5865899609799484,0.18143077918523082
-0.29142854593270384,-0.013363583398361495
0.8252911414365556,0.3292834339430992
-0.957649688255247,-0.5356819564016384
-0.17011372941989572,-0.09541734973943473
-0.30109434423746934,-0.2598699934736901
0.10794249552838014,0.07132637684103874
0.8983532421753383,0.5432072360047693
-0.5952419016709933,-0.38691690402528567
-0.9505354938729863,-0.5539691123211562
-1.1198708603947194,-0.49916293162541064
0.27362066705998334,0.2825500723205858
-0.7954120222270759,-0.38280469686751073
-0.5936140181931159,-0.2790780895803603
-0.47335504616254365,-0.256126719004599
-0.7078178172739261,-0.43864765202949035
0.2798989346969277,0.37552724075897653
0.976040291710202,0.4086972239127688
-0.8176655718471413,-0.5295165507501329
0.9543931169564763,0.35103747517018835
-1.1750560314607892,-0.4803455429819374
-0.4124129551420871,-0.17134078107675127
-2.3656371862819006,-1.334021419279369
-1.0706402058190685,-0.46697560586499465
0.12729609077258064,0.017492854141806076
0.5254430021138738,0.19606045150439586
0.48408681226979455,0.09495802877671655
0.885506833261559,0.4118844356830566
1.278225714576127,0.5837399290086441
0.7562461639021143,0.2554446042152232
-0.15585740242437324,-0.058630666704135574
-0.18191230794658997,-0.31283418606882496
-1.0285359342450073,-0.4738996905196827
-1.7544016308919077,-0.8448970072751991
-2.0896242081870255,-1.1316403788312068
-1.5144415752974347,-0.6717309802661384
-1.0981686501302401,-0.5477588181243125
-0.038258768421294276,0.019692539480069327
2.3385549470352647,1.1851585383371006
1.2403216028628001,0.6604866395255519
-0.15002594470103447,-0.11811473946584417
-0.02899297047626756,0.08846744225258557
1.073465301083706,0.8050485830966578
1.1309215225671316,0.5386545345829051
-1.3414921084057543,-0.5271714888870325
-3.4261995610453115,-1.7680334035727692
-0.06682210836443392,-0.17047751883185153
0.4842203238902016,0.3205994026467722
1.4166541946596205,0.7310445426168325
0.20313522116431482,0.19376146604217503
-1.6007999986166603,-0.8003626507768873
0.9237183558886115,0.4912405637531563
1.0272229608144166,0.4348368605974035
-0.24118355496240085,-0.05987224793317936
2.3502452109100473,1.0804918733367228
0.7667572210916984,0.3002916043789965
0.5505988891376962,0.258913052190321
-1.189957970381506,-0.5804152058059326
0.20379022829042925,0.17740008274470442
0.15448182271748967,0.15805141395020206
0.3450098314903824,0.20013412633384844
1.3209358732219685,0.6924454696330944
1.0332000590466457,0.5627384523382661
0.713765549427708,0.1064246825796557
-0.6969458809358933,-0.4223899218837216
-0.13804383756322902,-0.026088553204249916
2.4636295359498654,1.2414707062667392
-2.6492467906599684,-1.2395153143963185
-2.6621697114866953,-1.18686187543712
-1.6161167725330188,-0.8509552300937896
-1.5274930873961041,-0.8346388930197888
-1.9884134778257998,-0.9619622045383036
-0.817309682197458,-0.3908001626497188
-1.7117570638875161,-0.9509626673623108
-2.275005247062329,-1.1094342605992509
1.5659060974731722,0.8057015710746164
0.29833480572296067,0.22684742153847304
0.45139724228226086,0.3153501655783061
-0.8057105346127025,-0.2683765108760924
-0.7195866335328991,-0.25373950302700854
-2.0731235610585186,-1.1244561739199173
-1.0442280062289468,-0.3623498986289708
-1.7880841431398695,-1.125043631247093
-1.6434896862952137,-0.7196902847202926
-1.2392194951599382,-0.48093724846799746
-0.27395575063622996,-0.20852759800851317
0.22587634550801397,0.39235024529411894
-0.5882502371844714,-0.22496171385220953
-0.08540376402743649,-0.03874063656705731
0.6990812141627417,0.5067374095234158
0.6886448889378592,0.5786849385757274
0.5517573342118048,0.1555996653847666
1.0018047389117237,0.2876774695274309
0.4765639015943537,0.19636694989208328
-0.14173324291195644,-0.15912366969352232
0.20534011940800773,0.012352996960575638
1.4091183563186835,0.8088484796243346
0.3438669838867556,0.23960978249290693
0.29057425207272836,0.09264399956050849
0.18833771916782213,0.020127970853210192
1.5085867257652819,0.7558099413060206
0.4805902772923295,0.29616139596598184
1.3636214935572892,0.43226625991720125
0.44277363266379927,0.25190769874090796
2.059366575215071,0.986913993888442
0.24033679166135813,-0.0012965331066031455
0.6156270291878109,0.4173592440402525
1.9912194222803867,0.9188642462061305
1.2237233153307405,0.4599608659000619
0.5020253456106375,0.32873679227925423
0.45257222933343444,0.08473441129363635
0.5498347728384088,0.41731770170267657
-1.87944852497536,-0.9379299259767668
-1.382383231487867,-0.7436765655427126
-0.6647571890910681,-0.3360117512279889
-1.2539673032301106,-0.6844294052364546
-0.747390034270045,-0.5682081858957901
-0.916190069102413,-0.44043820051990407
-2.0610783898505884,-1.025848187226996
-0.14019534033471104,0.008382081705772967
-1.0350405832510643,-0.503829966663342
1.4417548432310086,0.8234341806683695
0.7003775796434695,0.4418039223419351
-0.2817768891131073,-0.10522388183493413
-0.4855849949176313,-0.23606232336335753
-1.0937971652305172,-0.5982453631637185
-1.6190775505120953,-0.7260180472977348
-1.091167287396921,-0.5392991493911802
0.4446435028534209,0.03714903430896532
0.22235687694114603,0.2948622205921143
-0.6080615627510968,-0.19768064052010234
0.0033622148199063395,-0.04150554084304453
1.0335355236466897,0.5780104667162339
1.7476232468648445,0.8395286515248591
-0.8171650477792829,-0.5005291466816788
-1.6630239644546998,-1.0564189542640685
-0.4066071873009521,-0.07791477437315009
-0.5437228970926576,-0.22231745014039173
-0.9641650597480165,-0.5711399561966193
-0.7842325993903105,-0.27748286160611535
1.961120662172478,0.9193633244313735
0.8685702723436649,0.3250174372004271
-1.1482750541294222,-0.5359780992808434
-0.9582857896357645,-0.3995445483270861
-1.6085925093638327,-0.8602125482561174
-0.37824349262706364,-0.22624980561361321
-1.3087617057820573,-0.595986766849492
-0.2696070241043861,-0.3248177462946428
-0.1778168471433945,-0.31174392711397475
-0.25382100531809443,-0.17941720005067402
-0.014633214258046423,-0.025961138443837833
0.44654918952072803,0.17482530266700436
-0.07473283938529501,0.13216937595773462
0.6318295912152019,0.30412024943965354
0.6227649233192645,0.34450516541229825
0.8672060425014579,0.28577237966490737
-1.532637140796073,-0.797563331581821
-1.7691433149382392,-0.795936735614407
0.07531840451749028,0.1963491251784429
-0.9913929346718205,-0.34037695166044246
0.4799678511890586,0.262707993752403
-0.178988858318057,-0.05889274075487452
-0.7338622299535781,-0.41155121281752255
-0.3046233750164805,-0.19218639295260834
1.099288204646829,0.48140158602949923
1.0973777691453055,0.5653345770720068
2.2937105289116575,1.2115735610263103
2.3835280843388413,1.075372223551147
0.7067654121229899,0.14571943346690458
0.24965544099233644,0.28380193873230747
-1.428075214594242,-0.6823890292647873
-0.3984755474298766,-0.036286077375419334
-0.9387152631120834,-0.4590696441313426
-0.5109867443960066,-0.40378778062776033
-0.531947732392036,-0.3418851732588494
1.0793959172649217,0.4368828145262862
1.6598966382451006,1.0314270481517511
0.8427053137352559,0.5759246137467382
-0.19832649969333926,-0.13980479490573602
-2.1236354778676745,-1.1710547564884555
0.47558497465924676,0.08521991142837393
0.44820760501592516,0.307978758993243
-0.9258690520352886,-0.5528656299544973
0.09975610199827711,-0.020314509582920123
0.3435167081814374,0.11179773347877763
-1.7099920960886381,-0.9713843389402181
-0.5927433446657145,-0.2491271590282908
0.2406388232370632,0.3288776086861461
0.810617744929482,0.4474944266607195
0.3157034063768238,0.1424120802904266
2.0252358499863505,0.8305051009118098
3.647071427250272,1.8650109823394716
-0.11996544179931012,0.0451718081163584
-0.5875524950229427,-0.33871707600509937
-0.5430590228934644,-0.5053954227224412
-0.5496728476426953,-0.35426910621116015
-0.8249971804643769,-0.35953754632722384
1.298325382526507,0.5687623322469876
0.6770563130512199,0.2826176647411112
-1.586547988975367,-0.9929365821200338
-1.0430000696353299,-0.6536501870780488
-1.1835296674592557,-0.715281175925292
-0.11235212290430846,-0.0008746063982179031
1.417470390908468,0.6967255014203334
2.270404095948371,1.0476577473937838
-1.339073627210759,-0.7353931900802104
0.1887769561894267,0.1404116450422541
1.3316953289317979,0.5657257884342488
1.8675506860637285,0.9403268750304
1.4740277167723415,0.6969363211372421
-0.0037927920239740898,-0.09503872844845875
0.32510516680138263,0.11597279485751424
-1.383754283143083,-0.7004262644243621
-1.4854741644585676,-0.8470569055428318
-0.7353195631915221,-0.30537488565370763
0.4023888382396128,0.13638406684679827
0.43039218818060687,0.188860812846341
0.1366629897418127,0.17815418958726453
1.4369416808032283,0.8282721740266222
0.633793933692388,0.21443571963134703
-1.0621038389152797,-0.5387506307614013
-2.516090745438114,-1.347617794463943
-1.3563697695241776,-0.5945840665776281
-0.8101094009331564,-0.36062535634505455
-0.10945213114308644,-0.014588703725696366
-2.1022582740624705,-1.1133966480132
-0.37632870770819243,-0.24668829124091868
-1.0321437040921797,-0.42919105308998723
-2.1278136154963643,-1.1704701770586177
0.21377798370133616,0.1367589890764214
-0.20922726809315978,0.06460160656357092
-0.8068288067938009,-0.28704021254020295
-1.3290070239152985,-0.5810896853814668
-0.35120484523758233,-0.19743821058307906
0.9922753513670557,0.6290975551362084
0.5995051977969243,0.17094856346054715
-0.5177788457671157,-0.27557378383818887
-0.18661462245744007,0.11876473864776595
-0.6234736200950519,-0.3890891956895669
1.0596438113054196,0.5947691421580912
1.3620122104836005,0.5339457620316368
-0.32989080467352394,-0.06719608063408627
0.23675260874276371,-0.08744105843837818
0.5701517590387296,0.32258794836696747
-0.8291789719056628,-0.5493667797183412
0.6034083108302647,0.37925610313135677
1.3339138361476959,0.6805240984691435
2.7525262337518153,1.4480769817800394
1.0675368922386885,0.6566074063472167
-0.07333559546200308,-0.14077676426588015
-0.8396989325339617,-0.5385360262070589
1.0894322978266802,0.4490407276003151
1.1530303613064594,0.48124757486881165
0.7026284711970435,0.34186131310505585
-0.8816034082324256,-0.4481347335450441
-0.911564220698318,-0.5389015572887275
-0.5245031768478481,-0.3246149826280501
-0.5935401608856176,-0.3144266108224723
1.0085878371446264,0.35326474281410214
0.457305911380379,0.3841338233585657
0.06762844845945198,0.20605907549882904
0.15718885465966467,0.16116556679421642
0.21457427824622524,-0.00040269933128016244
-0.6912150733282216,-0.41583770073941945
-2.4137490478823502,-1.0305330448184913
0.8456634159158579,0.5053641457515653
0.2538750105451325,0.03171672922589859
-0.6249822081642393,-0.4326419747124449
0.6899787785274405,0.28895085924492203
-0.39006018821366223,-0.30133570322051656
0.3311928322675336,0.2406920926396884
-0.2580614680775827,-0.24171458845000593
0.4213704801457431,0.21822429005044838
-0.26726379975606307,-0.08657011715250704
-0.20323071612237772,-0.08592682571291374
3.2518629792728486,1.6185059880973465
0.9511130179127751,0.5242301561022407
1.1759623679709086,0.7174085020717393
1.8588681962321596,0.9327839891803106
1.4284351179384112,0.7932118681627319
1.3806649374909123,0.7090709308657803
0.597131204345841,0.3980877925606403
0.16826841870203993,-0.04806230348488262
0.5910177567384931,0.3324037466295845
1.3147394902810932,0.695330338074473
0.12906164675890863,0.2627514823227348
-0.6641098634775248,-0.26822760653858513
-0.4167515230944055,-0.08742559406769326
0.9065324696404258,0.4168683410473976
1.1856515749978285,0.560192259928639
0.5966518912432629,0.28570400009926644
1.4081150668560123,0.5967565127856993
0.6695928793750685,0.43316578904610453
-1.7344036745390183,-0.9226070086276265
-2.0422368186616535,-1.0439805900713623
-0.4346267338610732,-0.04935075919928844
-0.6583239167641173,-0.24393271811536982
-0.8103021906607886,-0.5202837352023431
-1.4088265960184905,-0.8047935578104568
-0.5685289934294022,-0.32678119390982285
1.4001724291091218,0.7517269340004457
0.5478651213904692,0.3588213094591193
0.9963033942604251,0.5683545731335438
0.840409036808557,0.46332689368548446
0.4280777039447866,0.41988455734390534
0.9860904313162299,0.5300313929527232
1.3871652109783383,0.7844237988986321
0.7142277259099425,0.17961679918109832
0.3252782694192726,0.18930735011335234
-0.11911110407293196,-0.17173146713397386
-0.6693409222709238,-0.3896901828051977
1.017466509663926,0.39910468833746315
