-1.7297934598221447,-0.8229034425164767
0.6973082627260715,0.27682785183664266
1.6197657087614052,0.8682498235367198
2.199307338427305,0.9757137085028318
1.2836967077601518,0.5193853805662173
0.597065625285327,0.33761585458523347
2.519816444816231,1.4100993107454303
1.7371851467418198,0.8742542719321473
0.5650888007484345,0.22258762876419755
1.6507956684469187,0.8577316372881185
1.165728989923857,0.5231099093088645
1.4875547524434682,0.8101124629765853
0.8607257085904836,0.35939818244824534
-0.6066396268010941,-0.18786896173983586
-2.6184671613488697,-1.428520508027573
-1.06454222980714,-0.5476869880585207
0.19477681222002408,-0.052264734733492496
1.7874269903657134,0.7821690484470705
1.1883885407876607,0.5484829674998983
1.7941952758019295,1.0082775826621735
0.8830750570665431,0.6409831468526141
-1.102691688982811,-0.759176370728828
-0.9616480856972138,-0.40942107529439553
0.17176802674287361,0.09938828039471734
-1.3914480263528375,-0.8066447593835598
-1.803221325821923,-1.1275385865323782
-1.113043810552448,-0.5762674061580386
1.5385090545459348,0.6841065208757074
1.4360203177374689,0.8882169902542878
0.8015532784188408,0.34527422873437724
-1.260457119644974,-0.6091020950392821
1.2828053455458706,0.6641269966091345
1.0659878370944353,0.4772033868619779
-0.6467047883916316,-0.13071214081401067
-0.8658582660027858,-0.3629905421124933
-0.10267946850013077,-0.1553544819645855
-1.2408393959295128,-0.4815487555815196
0.7054464110522141,0.3912993428485349
2.3778286468680165,1.0971836398668318
1.4697470691889383,0.9485697126596657
0.09160734817265614,0.1668411464227248
0.8172141533759383,0.501881281291903
0.8191796516884289,0.38454972815527716
0.9747883596614688,0.5495667351502156
0.5061396797652761,0.3546117098338969
1.8745869420133703,1.0337372987991034
1.0479762065694749,0.4365482151161948
-1.0878297659207679,-0.5128762817708464
0.10614724462252023,0.20203466079103227
-0.9087119101602722,-0.40797981384753484
-1.5700954277726544,-0.7720222219951256
0.17497952011063955,0.008483762804287032
-1.5792752907685397,-0.8113755484185955
0.6373549634971808,0.27991149026078144
0.47640667474454707,0.11144372401812686
1.2969298628729136,0.7582490472090313
-0.29460377729800347,-0.1708303136422932
-1.5933791691967643,-0.6960177842288114
-1.4649160831597987,-0.5555744031313393
0.3276559538319842,0.0899962264002649
0.885883418520497,0.5108454121750209
-0.08817960356354027,-0.16481774770597904
0.3403082292234583,0.27460152084821154
-0.6131437079649988,-0.2982298580216656
-0.08612610163856893,0.036817545470171464
1.0577466395621082,0.5037805931519161
1.7939227893428868,0.9106421097990487
2.909079712015005,1.4405662345127712
2.6078077905589727,1.4145990729061164
1.6493268678142177,0.8830896276721601
1.8398373093843672,0.846644786579019
-0.10665932264364886,-0.009655579060802048
0.07526579430078285,-0.02543899310500628
2.1151630543937765,1.056320928534461
-0.08883140811747803,0.11877922537856331
-1.3153022517036996,-0.6821692644098447
-1.857931489617176,-1.0195960916781366
-0.3354537009280218,-0.237474254400672
-1.099490738463051,-0.5205360693964496
-1.7613748487053424,-0.7355877422493612
-1.8242573278108989,-0.8681555458355982
-0.3231966631474217,-0.08187455061266588
-0.7936652184660684,-0.2122539076841246
-0.034816113861611264,0.04227724416722088
-0.4127280797048759,-0.14636733321395468
0.48900046416597964,0.26137630569385717
0.2907139543240792,0.19846713345523448
1.1396273676693813,0.4749505792150594
1.6857013747179994,0.8004978579453566
2.3900669059544093,1.0858218946802265
1.3661060778825087,0.6604298769425233
2.0520392603605844,1.0286847573919942
2.253423964500449,1.2546500709070136
-0.06158691425317531,-0.11525095604628094
0.30908343909356983,0.15792432701764983
0.3277326597382747,0.2695080125296596
0.11172863341578394,-0.0264318581090607
-0.9540071949568951,-0.5412970323302084
-0.4380943321770402,-0.35597594955433953
0.45651462321922065,0.18040891893276184
-1.2948911387236544,-0.79349104405078
-1.2537543335163381,-0.5552449488425623
-0.5180972668698355,-0.29309559965892695
-0.05975803645719657,-0.12421050449755076
0.49057100664367076,0.028241063084742835
1.8505780408252166,0.8933573374688212
1.1266802292768365,0.6045200596213256
0.7817392519283434,0.3538338104014122
-1.4422385011922767,-0.6696592247504293
-0.2586088521775996,-0.1387599752836713
-0.9453231878062016,-0.3709299010860067
1.4195980285627685,0.8028165625891994
1.810825812053546,0.8258152284899988
1.3423649411077037,0.7796329680005754
-0.5058362400942575,-0.25409217875739737
-1.296587400725976,-0.6282361841500934
-1.7933383246860153,-0.758154961756011
-0.06808304331674142,-0.06919738596375405
-0.8515247084969787,-0.3850584706901321
-0.9739902399971208,-0.7046875637401367
-2.1101714126396662,-1.0824576810505393
-2.1488032124343572,-1.173118623887769
-1.5902292253755477,-0.940075979430018
0.40276546310476835,0.3339401943258563
-0.5215235011801111,-0.36473699567268947
-0.3853746485996128,-0.26686621520193976
-1.1586833137932528,-0.7087401520987873
-0.39856450901426327,-0.3076156183494853
-0.06874901246625559,-0.02229241909364503
-0.2954864031709502,-0.26496572234843874
1.3722427668197958,0.9436317846290969
0.9487266171035335,0.4738375345117545
0.3585892052019616,0.06099101308647677
0.7213997165459635,0.3463472276733703
0.1262911438050865,0.11394501132313288
0.6518621340524049,0.1961699621390331
-0.9583284823767121,-0.42118996091991046
-0.03442133560109084,-0.0060186795476219745
-0.7630353969658561,-0.36783356404921913
-0.596528146987167,-0.2442398797805213
1.348185000031909,0.7436835209293442
-0.4369153974275368,-0.16400756398038185
-1.5222451837312998,-0.7519996356391682
-0.9493870142611738,-0.27612106165483075
-0.6581317244286427,-0.3156683691706053
-0.04025058808990256,-0.08209828255845393
-0.27861501265245175,-0.08466546515773293
-1.7492555116190824,-0.8055368405843374
-1.775775131303921,-0.8721850494049173
0.5120754778513855,0.22602311155866736
0.13826282536215634,0.0009257990398440913
0.6369546133113428,0.36120221763776517
0.11921784180445799,0.05140499017355403
-0.416773891990868,-0.09144049807815242
0.8904229481238827,0.31264074865644303
2.1348198032824213,0.9069472022873946
0.9679578836103857,0.4585800758122548
0.5104964910537039,0.39212676134896385
0.48258227202789883,0.26076906407438
-0.14368658493655462,-0.09403963220369622
0.36462777249439404,0.03853729804681055
-0.5772744192099017,-0.09607547710237427
-1.5630120700160068,-0.7396091286587827
-2.329522500916905,-1.18299137094918
-0.8654719506687193,-0.46451498199982433
0.4930434863677127,0.21007849015988023
-0.9893649824881704,-0.48611773594659274
-0.13850282207821812,-0.07967808213598745
1.536666639229745,0.7799951329289891
0.0784693056766601,0.01815773482808765
-0.840218852330082,-0.47166396305748115
0.33551569973294104,0.1071456903212431
1.6865339110040876,0.7926773087441931
1.2461315875435095,0.45006008382524887
-1.336842236545226,-0.6787890276422828
-2.634310146165382,-1.1893607399513408
0.4217656297095822,0.3215761606723618
0.819209341865999,0.44250991759581665
-0.7609710251660968,-0.4329554816072192
0.19965558813136947,0.14908652371132355
0.24867053329468217,0.16314087267815408
-2.0382973553089565,-1.0320559267931144
-1.104448517019978,-0.5975497531912066
-1.623479739555945,-0.9287330683525102
-0.6121926911620545,-0.22610306551175868
-1.918116912831233,-1.1409256911986023
-1.6367070785936422,-0.7456896057469942
0.23583377035639874,0.1177147727294255
1.0254719033157411,0.3823940978853926
0.3325572186544895,0.04296739140605642
0.48832090186844734,0.18888424195310652
2.5657499193104174,1.4677042062362655
-0.8777115320956499,-0.2997263661326599
-0.3512053080162876,-0.23177774009727048
-0.858801524627127,-0.33830945254393996
0.7074831114325765,0.37346778319731155
0.5560595173992069,0.4657817330923382
-0.46897382111125996,-0.285532795329686
-0.016341107299992885,0.0721787749615824
-1.1018092813878158,-0.5214759908549473
-0.6862568222268245,-0.5646761564139076
0.9512210131145007,0.4595428578304442
-0.35638309512430166,-0.08529807135203496
-0.3031335329018981,-0.0764325728099162
0.6628129943371744,0.3060352786446818
0.1335573971302511,-0.08223437096986916
-0.7791961480127001,-0.29651529950558986
-0.7728968848545761,-0.4840046882460302
-1.9817738151326567,-1.029429306990214
-1.6536186513838862,-0.8714726299546867
-2.036515715477452,-1.0719796613104569
0.03600302325616278,-0.1333141109339177
1.4298120301820882,0.7740579060810814
0.03659312491006528,0.10094774198809114
-0.5550434907598086,-0.37842409517788544
0.7771815232707187,0.3593824047738836
0.8982417262972391,0.45898868934194853
1.2196430911190843,0.5459443352792569
1.003620453948024,0.46816728927002954
1.3888646100556914,0.6750585291828904
-1.156680303587086,-0.5416106776594335
-0.24035660077564136,-0.0708945036861886
-1.2497099650542256,-0.48582971545455333
0.3886709499377279,0.1756496554898324
1.8065077404996668,0.7685700920295658
1.2328090151840958,0.6448269048717232
0.26670560808257815,0.25454097834005396
-1.6868344323570106,-0.8383489640223304
-0.4898354584902065,-0.29917074371512453
1.5262651610477116,0.7140014070172864
0.25859268030573535,0.03888649561531721
-0.10014948048208697,-0.09717488067082806
0.6512243620271803,0.3167340418076894
-0.4615051921911324,-0.3443953708643069
-0.9353835188421331,-0.658096911787788
0.3921236852735387,0.0631205007395502
0.30197653261206336,0.1243470846564095
1.2149679459046545,0.617352362183633
1.4072974264409956,0.5295568788191958
1.725704293428139,0.7542816658260312
0.1776791763201061,0.049777225851897006
-0.6370979374220527,-0.40783719893794973
0.6569914631758933,0.28393650746706656
-0.3789212943620465,-0.15439021451980012
-0.3500022379033835,-0.30366767146471907
0.41674662435544296,0.46602551510079754
1.2042653426499341,0.41137805807980654
2.107859568257246,1.0604162514514455
1.8811170291790396,0.9917353302354734
0.043379255215745705,-0.04210347385151754
-1.1468690909336845,-0.8268245318703465
-1.1009954661357835,-0.48835356208852543
-2.081705576899495,-1.0237255140007915
-0.1381402184644479,-0.025215784680192643
-0.09809431375549997,-0.01054812967026577
-0.7058541189039346,-0.3846336071506163
0.927630663789662,0.49914506903877076
-0.7479239217706647,-0.4626275163393548
0.47047884872107826,0.2819589840739057
1.0304398241055468,0.6747002070171115
-1.4260563355821168,-0.7158850232405665
-0.27874679338297154,-0.2165269494029805
0.5573546720558009,0.30604442295575923
0.2484346186548041,0.2533215723382225
0.6248393504630795,0.24719768750848212
2.614386392591106,1.311239255203129
3.738560415845921,1.8753138951177102
-0.01592858129621544,-0.05406804179863661
0.4457684967064052,0.23184455639121085
-1.5280068077008493,-0.5271465423663638
-3.1576821876987413,-1.5106754557955553
-2.065030645111474,-0.9531042024166825
-0.07516609844312871,0.10027914670722088
0.666280624472423,0.274476426622302
1.641479071234073,0.6512291046505851
1.5133493184353952,0.9159346607858556
-0.7319763274671174,-0.42831461982469365
0.5418072913276808,0.24093348209867838
-0.28273831960506407,-0.15019443897220774
-0.7041317991045235,-0.29944292202744816
-1.3616335276704434,-0.7804666331132123
0.005941897849151334,0.04336323772351946
0.9957441396763645,0.5268150166911226
-0.10274448913061529,-0.011456817354607025
-0.7785533448764896,-0.4594789100055935
0.301157271042727,0.10624885869774714
0.27491492529412187,0.1343008114012111
-0.35691741839389235,-0.13030946534709337
-1.2204216107364791,-0.3006721677420985
-1.6392004432163878,-0.9034065089287693
-0.9186763299145875,-0.4110571896967066
0.2848270820749298,0.1314227091592264
0.15894567836516843,-0.03298472969098695
0.9316619818028007,0.47567455093168665
1.6477389861610545,0.8535592851398663
-1.3228536898685617,-0.6846476077781223
-0.841567146129845,-0.36094960837695866
-1.0646873909455048,-0.5719213826049995
-1.6647732076938369,-0.812628405058586
-2.04907781381966,-1.0469196046822329
-1.6725369868120072,-0.9259253358821198
-1.3440164637753622,-0.7477560253125972
-1.8261186332138606,-1.074876712053374
-3.0705572324842194,-1.5632355727988587
0.30854237335851964,0.3068041977327082
-1.030377567251743,-0.24050752395166153
0.18982879051758805,-0.08906139303041397
-2.001799820567621,-1.188682426893807
0.9875783394385479,0.5964122711290173
1.1835254023338364,0.6801830007850728
0.8538455087127861,0.32275853897982154
0.8812907855485363,0.3506492914654312
1.2720707976440766,0.5295022271828858
1.5594960527558372,0.8031945992737215
1.5761506670140695,0.6776210167362298
0.18556756184184897,0.05427201837983327
-0.1255267677099375,-0.10141834759593941
-0.3288825621477485,-0.07061308813905767
1.5144476624079943,0.6111254670950147
0.7612610489310672,0.264864016439061
2.250804197641484,1.010630024119851
0.5468058224719439,0.33057691871450906
-0.70822028562913,-0.32618040286611744
0.03303684184118927,0.15893425063370412
-0.9524886147861971,-0.37854244235702433
-0.008580226708338135,-0.1186347522752411
0.5178662864613549,0.2195919823137527
1.9005682559370953,0.98555573424145
2.0314794348724026,1.1113962247145655
0.9843300317001107,0.29637100437590336
0.7462206654614977,0.33092551142686844
0.16101885120767362,0.03856041928112698
-1.9569693076690398,-0.9902087681533027
-2.7821749277379686,-1.387855524119988
-0.06900602885465157,0.036340145207936644
1.0817030990012575,0.6457231312135564
1.6949118278772821,0.8903235017385516
0.5955644229902531,0.25277612492321905
-0.827796714197576,-0.307724838698335
-0.48718674403076917,-0.22011827462889277
-0.288026045908565,-0.15203384993711502
0.3484343300810975,0.15419311985763445
0.7728593470095972,0.30446635586587073
-0.016913150086529827,-0.10541719541649423
0.5949697768659066,0.4601885064530712
0.7601272833956931,0.445907787107096
0.9177862564864269,0.5031928720409898
1.301330667983732,0.8593558343570232
0.5439742443219732,0.47132251098734185
-0.6073788788031398,-0.37157688250998794
0.36849244102137124,0.2627460718567628
0.36293430022495954,0.23491326717173083
-1.2606025190420733,-0.7977556265755255
-1.9266094962884632,-0.9994203023476773
-0.45956900377117177,-0.14069237549390617
1.0838578420002898,0.6287585504483597
0.5262970979685765,0.28052550470906934
-0.449765822685106,-0.17120050966819753
-0.19693867993415834,-0.2625222978168537
0.8337336642883072,0.4055923836928396
-0.27009622793988197,-0.08407982488353674
0.10456892046218474,0.007522016496832214
1.0863577645670504,0.5140856663238533
-0.897656366125002,-0.42523895102240133
0.7010049988391933,0.32512839953125056
1.8257636225118523,0.8753218834022957
-0.9891450171633512,-0.47625923916662366
0.7416380349543052,0.26336711343611274
-0.36693808257503924,-0.28285502391633194
-0.5220829373132205,-0.26501860886110173
1.9903415160280837,0.9314187189186801
2.5437913391403106,1.3498054724395927
0.19159769424340378,0.1383297912701668
-0.6699999547921789,-0.44365603758574146
-1.0173873057620728,-0.5503530178727247
0.5766885311398032,0.20715254798761468
0.03278667926573742,-0.026562130936642586
-0.2135893513046129,-0.10052018760466128
-0.35889638972630084,-0.1560976106129131
-0.1291350888913893,-0.13780367720588194
1.1202440858745426,0.5588824293075698
0.11946643681585845,0.1325706248171518
-0.457583919256718,-0.1337901261558577
-1.1798267829299796,-0.7824595211744511
-1.746174854925585,-0.9090915904541822
-0.5987117221199554,-0.35712466135620385
0.13503924096417946,0.16001640684202115
-0.5802247364784391,-0.14050947239479553
-1.7500461795629996,-0.9579077727560422
1.0378955123585392,0.4876559765170076
1.8225992534917466,1.0233501267322425
0.6247765287767937,0.3117556511699176
1.1587268732536575,0.5447161147444625
2.400724037172791,1.1184846616490638
0.03236392462965898,-0.025762447742674395
0.8731836013272068,0.43097603376209614
1.3939834772857753,0.7425101102022383
2.7123660758921027,1.3108537595699599
1.1664550022610618,0.4864771125579139
1.5158089489359081,0.7350114144597569
1.10949211013927,0.6707050902048146
0.8213918785324109,0.4002269689966957
0.6170605951047181,0.18378784700553658
-0.5430922140557102,-0.19479769842878578
0.12377080796318574,0.09847385479769499
2.149190372666017,1.0194451450021478
1.0408012158774538,0.6021637459226412
0.5166003658025903,0.2591568340102018
2.918153228905952,1.4815517464120076
1.5881101039845245,0.7170896963754935
1.6336326751387267,1.0693159902180813
1.697664723032613,0.9042692617926883
1.6179539903898634,0.8372932788527641
2.2126221478100305,0.9944922402569853
-0.12446575122322878,0.046658069467930496
-0.9885851829846921,-0.45521451658506734
-0.7779829582345171,-0.3178387380196773
2.268550191982815,0.9761000881092252
-0.18341856844438154,-0.162257577955538
0.36409150687768355,0.27016731315234427
0.39106771884408753,0.15367680911930587
1.0091399641942194,0.6179780530831559
0.1798464075892537,-0.04442475763234438
-0.34034691400329153,-0.28071409960458893
1.1987327467371387,0.47729198351545676
1.4143734709569615,0.7769200096991437
0.4889743198919775,0.19272627789880678
-1.860641469321249,-0.8699138737917079
-0.9596485068280864,-0.6210190352204837
-1.5648457711988013,-0.8293714967941312
-0.9926461419118067,-0.5701030155540036
-1.4786375207524545,-0.6267963934550006
-1.0982575075863523,-0.6148697429449417
-0.026794908569253595,-0.12839311640825318
1.3094748696041383,0.7395247644098182
1.287670365092429,0.5539783655961892
-1.0240900447817407,-0.5549939043249925
0.19471209281330237,0.012345979726446799
0.0452005091783428,-0.045831899715299294
-1.3672988977122664,-0.6632172822613872
0.17040523419066655,-0.017605013514217907
1.1534839056454298,0.5966732911505905
1.3047464922451448,0.6548936418797395
-0.9091896318616165,-0.4029077641567983
0.8240537407072229,0.3881639828623766
0.5170365690826393,0.2311071218068321
0.947249945154707,0.583991048409616
-0.10976578522851765,-0.08841889048812637
0.31069634929346807,0.30569732110947945
0.37901697848405314,0.20006007782600815
1.7225920273494615,0.9429996161905444
-0.8106344868040949,-0.48143248703045993
-1.7376759546764213,-1.063821189871013
-1.8257571280347693,-1.04170688400594
-0.45910263671887164,-0.08816827764180452
-2.194584608425456,-1.2124381385213134
-2.2554045761835404,-1.139167887021768
-1.8133135836605407,-0.8107615593779206
1.0918690394272912,0.7645425269323489
1.3657326421186518,0.7278823203972622
0.7680546191072488,0.4243871551888388
0.5869480984749327,0.433479502465676
-2.774392151837683,-1.4447540973442303
-2.0500386878365404,-1.0312550919192993
-0.3613759023354162,0.13489024325252222
0.08689656010263794,0.06158794151368384
0.2400601457611986,0.13598412355805137
0.7843881211366424,0.30716686399210974
0.6880207046074419,0.5496127113853843
-0.4857924920573626,-0.16328795066679452
-0.39066242251077254,-0.2675204722677919
0.051338312767870986,0.03499972077692578
-0.24653557256374095,-0.16428908415143087
-1.586083957940883,-0.7502038364850817
-1.2860896303919909,-0.6132192200219452
-0.12316247928621438,-0.029468424648849335
0.7117702056795335,0.5262197890432285
2.446565782867199,1.2247971407686555
-0.031060203754824656,0.004011117751335523
0.22138749635288582,0.18115010269609555
1.9069186057144583,0.9127778088944161
0.8368941678438387,0.38449724594180906
0.9417896782487003,0.46248604450236475
0.4992770991552551,0.28835163442585304
-1.100211894550409,-0.5744866457139772
-1.8409032772869818,-0.802167841361793
-1.3888037875359789,-0.6506140630917467
-0.7296944621956812,-0.2807739121760673
-0.6772888168300746,-0.4054827351882554
-0.5760250302786312,-0.4142004464934904
0.04413301771116407,-0.050056814162484184
-0.3379202596759295,-0.2098750583146536
-1.4916528951119121,-0.7819747599665814
1.4068554552381678,0.7567437613891992
2.4378177169525848,1.4631073508852772
1.066703010329836,0.5464418113052053
0.02920327320129179,-0.09417106064035712
-0.04513070433643114,0.22007110109624772
0.7234925618190757,0.38564489391283374
0.5156270002532911,0.13349329012178857
-0.7358466686097793,-0.47884626941027963
1.4362128751830796,0.8908929044704706
0.6169289013014705,0.2681823763940174
0.8745122771306406,0.4661462573761787
1.0909872509535647,0.43795607572366524
2.222398293270991,1.0937259791234901
0.9893877712627909,0.6373549794702703
0.9083124686234821,0.4417236587250666
0.514733940885104,0.28076951381883686
-1.3372623245555437,-0.7181296155580305
-1.2014838465174846,-0.6597471534823587
0.9035027439953589,0.3966260878113781
0.39312482582631,0.3379994599478398
-1.485486427728981,-0.5281554776541331
-1.1402403712094076,-0.6978292120756405
-1.286642084473781,-0.8124059560130735
-1.195115919358268,-0.7273283640851768
-1.6221490024735683,-0.8053662331829268
-2.0267896991675425,-1.071612237346186
0.09487768728724943,0.1231199699203952
0.9664434184017717,0.4173359592843946
-1.3410698217302666,-0.6885391545215609
1.1242861379834934,0.6233687499276188
-0.09316037538439659,-0.006824369495961213
-1.4626058385853484,-0.6084549877385976
-0.3493702599758688,-0.15006585631230013
0.7468630999797582,0.2530249901711722
-0.26792183504183714,-0.025131733368644354
-0.8662892643229876,-0.4110308870475011
-0.11577797533841372,-0.348651238824339
1.532775165083939,0.760118983540721
0.5581734441922901,0.359417895898942
1.4694661155978042,0.7134889540252685
0.5580800663841141,0.09367508760176807
-0.022342515281037978,0.05936796530915685
1.1151040093924525,0.7579520134620071
2.4410677676529224,1.1218918951263295
0.5203160455923022,0.25553936427555096
-0.3066790417544792,-0.12362742488690001
1.4717459889153255,0.6713119564524893
1.7458757834529828,0.912524804065231
1.2432276172110786,0.5382268026207055
-1.3573732610581586,-0.6589400710660697
-1.3568020501790934,-0.6508072154517679
-1.028985835696762,-0.5246751734576538
-0.4000111145332917,-0.14156306515096767
0.4768745674144709,0.11852446675868003
0.6671732661878986,0.28411768546719707
-1.4473910377785664,-0.8316918596190551
-1.7266547986779996,-0.828164460379022
-1.1485775033732915,-0.7406546490162912
-0.023300124375779663,-0.0024974755168956798
0.0966693743991858,0.1361099050293385
-0.7003915680698857,-0.23035058885245074
-1.0862171323953225,-0.4779719804632135
-0.3542305943210661,-0.10620218050576455
0.15916254233888513,0.08985517247572664
-0.12154294720177651,0.022820393443364444
-0.6483152282757207,-0.29670519724060124
-0.1466788079011691,-0.2713120931237126
-0.7331627319026311,-0.47820633937646223
-2.417825369174004,-1.188229333914024
0.6286374715893337,0.22529990991433113
2.5817699661721814,1.127356928381082
1.1251464641481697,0.4552807227355835
0.6523436848958714,0.41050623424737787
-0.6847080832420152,-0.32554443604602823
-0.7943398754863826,-0.4841290800751485
-2.1293791965395332,-1.1304321113184552
0.1537072297442892,0.12222920330746231
-0.35820922723932425,-0.18074701706938898
-0.35683269461184086,-0.26176352539695663
1.212121859564332,0.7264727431542057
0.8511105884642837,0.5011748898302358
0.9908312940529103,0.3460597146247314
1.948293162450623,1.097356757724653
1.0877093103281321,0.5480795494522783
1.375267090408309,0.8704356831376343
0.7279834747277877,0.3844295246993448
-0.9845351296188015,-0.4599368567683346
-2.1624818254671183,-1.312140576218756
-1.0721887971183424,-0.669738462164909
-1.9162637604570243,-0.8771900584047587
-0.42706531778207046,-0.43074182751986134
0.7643978458022087,0.36034981348810635
1.125720414673073,0.6023481168871202
0.42823549809113337,0.05621572779900552
-0.29414430989580237,-0.3898156799627991
-0.5801720314482047,-0.31982080182798184
0.5574657568232133,0.2880839192440466
0.28117449329398536,0.22576020078674502
1.5823868995098964,0.8455002117172198
-0.912854344097761,-0.4725368150908409
0.0017959395848267112,0.009035577548402812
0.3512495613758358,0.3413570299307627
-0.6324036991456115,-0.34831282034042294
-1.3889466965959367,-0.6880800116309371
-1.8853348893265665,-0.8157656745795667
-0.9581119686155727,-0.5244669540127073
1.1302215140307836,0.2692033052320317
1.8350990422858098,0.9378676677105016
-0.9389450844066783,-0.703609755938265
-0.7940154249166794,-0.25354603524948716
-1.1560639845491134,-0.5697758115165226
-1.4542688126952927,-0.8270999793025433
0.4702075761117491,0.14458215357889415
-1.3611278497800459,-0.6286106793406766
0.8077399190313417,0.33794190150632614
-0.6459210229182327,-0.4042134764181518
-0.4815333535511087,-0.1810961384896801
-1.1465526438347644,-0.5510155093663631
0.28423498737045894,0.3082934212096215
1.3920094350162504,0.7113212584871995
0.6659247619953845,0.36944715354325
-0.7839141448201932,-0.396569366356135
-0.05371062735307497,-0.03880044646884803
-1.207921949309693,-0.7312756021060025
-1.5453476455550448,-0.902405996389345
0.2662610314368574,0.16239082319948425
0.6811770384925904,0.28301930633437866
0.5105130042923427,0.14484934663877208
-1.022626387112164,-0.5490092459528852
0.21183005516356546,-0.012542594082554481
1.0872859590347603,0.3528844945845808
0.22662222767507828,-0.030013608920376217
-0.20707515600992663,-0.15635218293819883
-1.2454768379042174,-0.5377832937314637
0.1017091746125347,0.011290453403009534
-0.6866110173588167,-0.29174686868562294
-1.4675324978376927,-0.6825586940540366
-0.5370145983786366,-0.2786437175837646
-1.7072545683504758,-0.8628444131446183
-0.1663178687870297,-0.06963643535023926
1.279617748640815,0.5460904790817525
-0.3454136180231223,-0.04146861905304142
0.5746044136074463,0.3145191573166556
0.5327878166944742,0.2609420191312484
0.19885222186839585,-0.060623784614740966
-0.5513842480591897,-0.30430811197238067
0.11680835175753601,0.12205171487106134
1.7533570085354235,0.9823676422252762
1.3302473625376239,0.7465240689010253
-0.06725621299132578,-0.045861158072563205
-0.21917127339501064,-0.2420780898322756
1.6833044846900589,0.8770292447247761
1.2410536165418469,0.6927168578192144
-0.10584144589932165,-0.23955586337472295
1.2288647703079687,0.6269570376068496
2.082891456239492,1.0742069513017878
0.5805205740786772,0.3094235265215318
2.830040243516428,1.3473320838071121
-0.5931188152263263,-0.4481417977713536
-1.4963370689259543,-0.7421812513994288
-2.1020127946229645,-1.0631170016164075
-2.181948823795387,-1.1592835671200776
1.1435331564930387,0.5927902156520739
0.24320175030833946,0.11483081244587184
-0.013568001790738471,-0.18341240093821096
0.4999147644051721,0.29737407781306785
1.037718302301231,0.3745254003283892
-0.4761542912149752,-0.40179839580217713
0.15181822103085318,-0.017153450210132593
-1.064141179447213,-0.40956930589755924
-1.874029629836703,-0.9913453421711176
0.08299724557126764,-0.15579360193440223
0.20813015430789103,0.4265328557483987
-1.6262492181913288,-0.6916985240620466
-0.9369808256118324,-0.35555456899664406
-0.37738082825540764,-0.3320943016388441
-3.4919181791301575,-1.793136272486435
-0.8053462819988305,-0.4459079055435149
-0.6762455468814128,-0.34376206088755096
0.032923464707902195,0.09519672233778807
-2.3432755048821208,-1.1402333378109952
-2.418116061606931,-1.2595832358774188
-1.541587974488987,-0.848225223847271
-2.381324984755893,-1.0774085939467029
-0.6503058873555383,-0.3634847115241293
1.3580435899035121,0.7177588639106623
0.6295218175542896,0.533730112642084
1.1987960290332558,0.6244030303791069
1.1187241651442847,0.6599581793196213
1.2053167177709265,0.6169619263058996
1.5095181294962385,0.9966289023228248
-0.3705249591057703,-0.07394685656145622
1.1005802242509302,0.6556761920119021
1.9356545095272448,0.9575089760131353
0.8345715672787306,0.39956474383438384
1.4280389399618052,0.7075241142549379
0.2616557498388757,0.2786872053343501
1.927278028798499,1.0260100776750536
1.1129864076830849,0.409754875731312
1.5113103615713661,0.7649154265520447
-0.2587006061004954,-0.08502703979874036
-1.3694948764344754,-0.528874910368585
-0.8564611206033896,-0.48103369989735606
-0.6122849860020236,-0.35121111846382097
-1.9299705116740629,-0.9932726463959625
-1.0000317932466773,-0.39411339475969187
0.11659615524632594,0.028960749970943445
-0.5246291922163545,-0.13326562291160887
0.007482401233708913,-0.027939234405184997
-1.208661207361839,-0.46863315407396067
0.6248717175159187,0.20465419535271212
0.2554310147024753,0.10657815317122923
0.96795922524948,0.4624557438795602
1.4083381107525228,0.6647660822731407
0.6740270746349929,0.16880384862454154
-0.26337668750549514,-0.19440387776284768
0.3496085782757843,0.05760831527237614
1.1610332866971045,0.5651102845989372
0.6722317218786399,0.22796892434041371
1.8109866917239121,1.1001526679372182
-0.04359406062225457,-0.10283877944295078
1.797156039700689,0.8543792842736601
1.9292914585895569,1.015870781599699
1.4984273711024678,0.6861047496424911
1.4457995195948552,0.7084294393444744
0.9357764558932725,0.5146163816424811
1.4036345091203564,0.6931738352602396
-0.2997920487419876,-0.15733494023816277
-0.5764688318181705,-0.30302968102011524
1.0144716087498744,0.5147522386423722
0.7690715824263377,0.4361950970219006
1.6525439056065818,0.950387149704928
0.7547295713530605,0.1989581270450634
1.5766084798483195,0.7465354044019384
0.13672246875320826,0.1426380786993253
0.46402341294744903,0.2714984247232373
0.7917382694447951,0.48073437206046277
0.5848097652817037,0.29972101065023843
-0.9291170031609359,-0.5614190320238102
-1.6625944521742237,-0.866051817563091
0.7964814138938541,0.4063870290753447
0.7394907919364544,0.2526116634581765
-0.06994285377240522,-0.06680089031522717
-0.26488727800358675,-0.21945716289321954
-1.1774113117982905,-0.5122468029226497
-1.3513571970898046,-0.6325992684499802
0.3044420463582025,0.19670709791448232
2.076363274066342,0.9126364035388336
1.128347385630962,0.6031674199338003
1.0868166483630977,0.5769522989929308
0.12986584825830638,0.004550376267179267
-1.110865167891671,-0.47653099857990333
-0.33472794739401274,-0.22016822792281412
0.5466282403378855,0.09824860939667085
0.3360053370601796,0.19133984991814745
0.24560911953320225,-0.008931317805160488
-0.9304963169180107,-0.3852656249905623
-2.709703615031812,-1.4712589038774768
-0.06715133044629484,-0.023901521610049256
-1.5601307453102335,-0.8520312325812358
-1.009172558749437,-0.5525773609549496
-1.1000175227559206,-0.40071088148844314
0.7292891249455454,0.5232140189859493
0.43047105914529754,0.19515457123612046
-0.9262572773617168,-0.4836063515743205
-0.793551774099941,-0.42166523909261333
-2.046360397343932,-1.1028444297939022
-1.414174990075476,-0.860598873062845
0.21308577934787087,0.12269556824347168
-0.23656302135925625,-0.24152501022881429
0.02491181884663038,-0.0017392211308162354
-0.10154795499470243,0.05537683544756328
-0.7449854465899307,-0.421749466763587
-1.5217670337978924,-0.8294971678061808
0.4236340014409392,0.21748179965235556
0.8670288778774805,0.29746454809142137
0.4139059947564301,0.32301345795698216
-0.018778876759145302,0.015541408878204203
-0.8593180970513983,-0.6551591407741671
-0.4076348892490199,0.01171734137856334
-0.753177213568041,-0.36834578627877723
1.191349559506827,0.44366232454693466
1.4425133215955708,0.6072019584245626
2.3843549407880964,1.211171241856272
1.078930461828755,0.418124156543065
1.1913730002704597,0.606252827204024
0.7784449702796119,0.36252215961274203
1.0534430557625118,0.46254112740192954
0.7345732797731936,0.48063740533393084
-1.1549518798448233,-0.41912699650528834
-0.22981033928285183,0.012801139923839466
0.084056200030757,-0.08824206335795588
-0.13497943410950258,-0.01062511489723092
0.44929104198918846,0.4190831590288754
1.6393777045326243,0.6615762679377777
2.819060829414106,1.434302970206817
-0.5740227627369612,-0.2955496439819359
-1.2671355802407265,-0.6569087882452518
1.9442755783054864,0.8202252090560347
1.7972340698693499,0.8622206353317822
0.4282643311882432,0.27564837486949795
0.011104529762490045,-0.26087143378003697
-2.046310610611528,-1.1014884934459899
-1.5181504699509585,-0.6795804764148834
-2.5776127002614238,-1.0870481284252322
-0.5538513630612045,-0.2996415155605137
-1.31585628797026,-0.5863072262721921
-1.1004157609436664,-0.5515457373080032
-1.5062151376179584,-0.8206882556203032
0.20492689142896725,0.1841830522057885
0.42635413835714875,0.07733073862491552
-1.65053885920665,-0.750334675701146
-0.8299242130112278,-0.10386467295054314
-0.8958446295219459,-0.32755752716449715
0.6360491923521795,0.27232816973577345
0.6779808910051541,0.3092060835646693
-0.7123069046846675,-0.25072575912279593
-1.2159323116997465,-0.6582656309546238
-0.25920335689769486,-0.11804879839212654
-1.4742397727205139,-0.8467650073832489
-0.2781903958780259,-0.18917939862104188
-2.5989054788978323,-1.2569982505817523
-1.1777293056546643,-0.5678916310176141
0.07800486746574453,0.13438976976676056
-0.17978514827075398,0.0030377367145103668
-0.3718015933140263,-0.11821607849698242
-1.0857158359250974,-0.4416068512599609
-1.3952622929281904,-0.6834722615120086
-1.5578396603047544,-0.8152767398264725
-1.4524207819008643,-0.7489595542093176
-0.15526047761555417,-0.10426310335815914
0.4529806135175587,0.2656267683024396
1.2042321691738744,0.5694783881581242
0.841726220096011,0.5468994232166955
0.2391456523799697,0.1211700615248804
0.24979493390671198,0.23764328783249983
0.12984814461539246,0.11212670524995882
1.2332990342913777,0.6537632825537513
-0.9034417013487341,-0.5040927006978468
-1.70936626892399,-0.8830980408493423
-0.5667081924658115,-0.473821039609046
-0.5220385646403949,-0.2129691379904217
-1.2448629253305508,-0.5898159502133635
-2.023245702996601,-1.0707580002972357
-0.95100520554274,-0.4852198676587226
0.10152555427569532,0.23744255317538898
0.8877974283265996,0.3213618295912751
1.354072392785981,0.6087974992132078
1.1363530932320933,0.6416099249810169
-0.018836074027364647,-0.027817567259719105
-0.851164461144227,-0.31948030295291535
1.1328604017500306,0.8222578475774731
0.7938604748625107,0.13380013154701748
1.7466887499858854,0.9809201385921524
0.9642970146469813,0.6277656038281747
1.9435055063717734,0.8773323228504505
1.5079383805098425,0.7009274985659084
1.1325431251410802,0.4963031703983907
2.7367073601635203,1.2947719475700072
1.589794594054896,0.7803933479803512
1.5121399715347295,0.6884859112045788
-0.3201308558879491,-0.2014407358573067
-0.28462150119583596,0.020684653626402205
0.9559675314881992,0.491575946753542
1.3438321949800855,0.5021862072602404
0.19453647013530145,0.12125801908950372
0.012167435631802753,0.03138820856747414
-1.3801020711496303,-0.7994643720973729
-1.638323169051609,-0.8394686304830268
-1.5631275764729922,-0.9040127085198562
-1.3694704162705003,-0.539967662057515
0.6657946091526207,0.40136767010634533
0.06775847588613981,0.030519274479654884
-0.44879277631243286,-0.29175260669753966
-2.4963629448148867,-1.3894592444444505
-0.853743890415597,-0.3417934552390004
-3.2019090725684176,-1.7276610362674627
-1.3882803812659272,-0.6637074058305958
0.1956469763041052,0.13192565039677004
2.1750741820407082,0.9472680998389106
-0.46295014321500116,-0.16213265525730325
-0.8109526354674134,-0.505900683319452
-0.3994208806230296,-0.35443504310856694
-2.1060454625454024,-0.8811509039088564
-1.6618145906949358,-0.8284019005356175
0.503905647079061,0.15537853439715393
1.5620304969400776,0.8349170567712764
0.2870591836323085,0.052352090049180094
-1.6611288325696763,-0.9025791819601695
-0.12029509809795114,0.005260936433006763
-0.18355345311698495,-0.13793253490468546
0.9469610943570995,0.2859871855617345
0.3105520968563459,0.21622530763542888
-0.1455607250372106,-0.03754078713511711
1.8795612301445406,1.0381975658565517
1.303743104182757,0.8857841518915301
-0.8453722565304063,-0.43807924357357786
-1.1498599443435,-0.556313109307273
0.16448301198712634,0.082403206519098
0.7372839141954549,0.4744550216800649
1.0879382269145723,0.5495612907805315
-0.09026410479426783,-0.14096631966383252
-0.8466966213539264,-0.5206882530907381
0.19742267054998136,0.049603311333894035
-1.691311029042064,-0.8604978435656316
-1.5959003224168566,-0.765421232139509
0.11032732235648812,0.1387084691512595
0.9111304158247641,0.6917480919692494
1.4340494356053837,0.5982058961792098
1.7337310373714587,0.932703669967185
-0.4246453373206037,-0.46730189187149557
-0.09835416086810544,-0.06026890940616987
-0.372386567919374,-0.2575753913776002
1.3071492607214066,0.7538983542580892
-0.25454623239382557,-0.025669006282633272
-0.711427464029901,-0.3342368696558017
1.2187305523595304,0.47770528922644295
1.0798756854683396,0.39961530952242696
0.97822684809616,0.6312718035207271
0.6260038240668763,0.30823716201074414
3.245608897362686,1.6830985770775846
1.4661573671433303,0.7255897226464547
0.30916672649389065,0.27129834200125724
-0.9253861028416869,-0.4655188550633304
0.3958237120353063,0.18820260863699512
1.865721959226443,0.8530080303582325
-1.123782301270499,-0.6623999331500154
0.6425257618177044,0.2941560436489419
-0.15838146714503948,0.10056389653457304
-0.4320986580206531,-0.3377400910483673
0.6571739316740788,0.2140796608119165
-1.5200305443098705,-0.6882195937741992
-0.8312066603251003,-0.5038711615391613
-0.6866313143110689,-0.5391212131934884
-0.6009390657497049,-0.25860820389826034
-0.73432680696458,-0.4168142529935867
-0.512286017811677,-0.18343994853271972
0.43313577061119146,0.2635969037822217
0.9892181520390011,0.4405848466898644
1.587179645936506,0.782137837434759
-0.13189031158058817,-0.07060251631391765
0.14210045851826275,0.003266368110693668
0.7504009962795082,0.386044247174979
-0.6265359085445124,-0.4388562145584
-0.6760966911607126,-0.4553176553488484
0.9292336069506333,0.39438428149770877
1.0343007928282382,0.4817209519125924
0.6525996847311173,0.1841712660513872
0.9602310378656874,0.5840909043327485
0.3104895860352978,0.22073001900888847
0.3489523955865108,0.2341294234730459
0.9402939503004475,0.49539178683470614
1.8353852408013376,0.8714081940260764
0.006004735984175946,0.19899527421710173
-0.328803290954235,-0.11501127370529104
-0.8159075619589544,-0.640099582232576
0.6557004015987073,0.3727052123305006
1.3464158727881388,0.7610591622638458
1.7043431730935081,0.8202498008682362
0.03670707159677089,0.052570045729970774
-1.2864741066551615,-0.5583736192916213
-0.768060977654454,-0.3089981590587554
0.7658433914576569,0.3953789300246239
0.06007192162877867,-0.08099750129947525
0.41224542809761505,0.22119814945010366
-0.5194594529732385,-0.3134733133411363
-1.7132336475218375,-0.6682930100350895
-0.20072663755077935,-0.10670142448126735
-0.9317856247943501,-0.48091625835872664
-0.7117400128043906,-0.3197811032254486
-0.8192109845171831,-0.3149934645460438
-0.5143294969681461,-0.25958851319178883
0.0022342450148751247,0.005098072499193706
1.034009426151635,0.5550835631751038
0.6096775588872363,0.25478749728897576
1.271151510705565,0.4614581627002534
-0.16614030942817537,-0.14177497788267265
-0.054988788164601114,0.051575149076574706
-0.3870990197231551,-0.1995639776847443
-0.3174096807219367,-0.22496904323496164
1.165850077225896,0.5400000714777939
0.36628816852767276,0.02684950735620481
0.6975622084868669,0.4468344505768171
-0.7445742664997991,-0.34137132971182016
-0.18162290335689557,-0.06983010022830433
0.8538694680807886,0.5568449672801097
-0.42079849045773515,-0.1414151918654878
-0.011859946941034705,0.0223136535462857
-3.172023877944263,-1.6249204513280426
-0.4691998164388277,-0.14310775117580055
-0.6034032628478296,-0.39077054270449835
-1.4165647648936663,-0.7498562119973933
-1.5843982546638946,-0.7793953210514117
0.47703268985335057,0.3218414351927618
0.23227216546041762,0.0867917286680497
-0.0877795018281731,-0.16876390943759195
-0.14239376513664204,-0.12564239280196662
-0.30466012334068165,-0.20780039148704343
0.43076701717837845,0.24246789255012005
-0.010961449699439463,0.0910852200934282
0.42582790253796304,0.4063564611688646
0.5755400645166173,0.2717648190721539
-0.6064313778196195,-0.44064828107816467
-0.19575578576605684,-0.32089956295215194
0.13601866379595984,0.13081993127856265
0.2963562963437175,0.12280561261034505
-0.16375599303279162,-0.03663283609266177
