2.192129614207538,0.9029012919365819
1.5595111689633898,0.9007321053540323
0.3618530934889501,0.05104946466270449
-0.07760290336561285,0.018286609162278165
-1.8938540354649016,-0.8845249511056255
-0.7211767146392204,-0.4830199523486129
-0.44431307143813503,-0.3273029228326505
-0.9427371731116584,-0.5377943652270059
-0.9556294937832943,-0.42574114143131647
-1.3378010237741584,-0.4920420708109027
-0.45122681836815304,-0.13557331539292938
-0.990428105142414,-0.6379415054470826
0.18240924367666167,0.28745484720421827
1.276436221948864,0.7069263107043267
0.3480504661919195,0.1784748081915372
0.6084391823270532,0.224962080839187
0.2086926636441336,0.00170544465831865
-0.9724000690601381,-0.5261762523060414
-2.6243992370349654,-1.445269472918636
-0.3919286351143313,-0.20062013857886454
-0.49103745918497754,-0.26452868921697426
-0.20306974687955595,-0.039026977158080844
-1.8872218238062746,-1.002021190146421
-1.355278514733593,-0.7525736755896754
1.0350720708499028,0.4271735926680498
-0.3888260034869211,-0.2171626720116236
-1.39303912387879,-0.7609863394998715
-0.7494812177324209,-0.4828460337748835
0.7922519099832646,0.37584150049227655
0.6845804568296557,0.4838934334080838
-0.7363618140086728,-0.36485303035653166
-1.382428473669769,-0.6785193563401152
-1.5619579930408691,-0.7721593146134329
-2.121264285018122,-0.9329758898801321
0.9790311802175355,0.6078909331840296
-0.7501179124882726,-0.10998683868107884
-1.494269727070474,-0.6258724346235326
-1.5267340716636153,-0.7928802559959175
-1.2951368949117652,-0.6536971426775318
0.29853008106730283,0.10044414945373352
0.9401766673644093,0.3114070404329555
2.1466196866360043,0.9473368746448932
0.09742810529335677,0.14559587607968652
0.24788288006885134,0.1545158479132007
0.3628319521588438,0.20156316126726148
-1.0607991280314153,-0.36389699597583147
-1.2578083602717691,-0.6562839757058845
-1.2073434882889762,-0.6414808101892198
-1.5808730974420935,-0.7538226943295886
-1.181875078379614,-0.5801059088965332
0.49826664014596145,0.2890566214716296
-1.0764305926723639,-0.4554771548622729
-0.4730417407464607,-0.15823906973739624
0.01590053481378234,0.12413251682282407
0.6625555499059715,0.4700987906068933
1.8027008325383698,1.031875032419407
2.4778653439814358,1.0891406623749877
0.5889317200894709,0.4149046825102934
1.1375076146732632,0.3806133602315708
0.9345307594556418,0.44776577003198603
-2.3833623185767285,-1.2364963485423204
-1.2254363121429126,-0.5587598302271967
-1.2402122712507544,-0.6284058751481608
-1.554017801497635,-0.9712155809125189
-0.44067708252566673,-0.11237470212577005
-0.5773053998671318,-0.42015936036628165
-0.7933888426368063,-0.4196765298912273
-1.7382872899916564,-0.7657064397413047
-1.0429105792858844,-0.41186162045091546
-0.5272525070072029,-0.27210883542130226
1.357776081053107,0.7912843368917276
0.09147718684061124,0.07591350713813763
1.129980618535218,0.5884946815059664
3.13273807737731,1.5711588447454274
1.0229082852074771,0.4762218869491766
0.49304635861378177,0.29702650748483167
-0.29755554239864684,-0.20072916193548984
-0.4839531486743175,-0.17935239399222314
-1.4169795214239898,-0.8815924133541987
0.6321224682911272,0.29285780429487707
-1.0126001846851995,-0.5503105412294022
-1.1773896948053304,-0.5918686601228292
-0.6536879556532685,-0.2422691460632257
-0.8559521017069781,-0.4157126710286193
-0.47017011080315274,-0.10941603307961761
0.262093907824662,0.03853004050967629
-1.6561424462442587,-0.7794781667090462
-0.21825584159397382,-0.07232774884599427
1.3476058154082455,0.4306929452083559
-0.0562887771595485,-0.12769050655664743
-0.08465010028538622,-0.16149935285756162
-1.1090604895758844,-0.5336152032698094
-0.22601106513995262,-0.2470313329746548
-0.07807564372255268,-0.14975477505120388
-1.5498703895676411,-0.6776057152306956
-1.5283263118245287,-0.8459820041147238
-1.0313244656637397,-0.5283904212739275
-0.3943659653247084,-0.05249285116178454
-0.3917106371152604,-0.27400104227644595
0.8066029860065135,0.40990660380462995
1.2702624983125523,0.7806588644939689
2.516010694665072,1.2376391109129288
0.7143256503755252,0.45476149012125183
1.0908982414408275,0.5259618712373572
0.14786808648453958,0.13270702393047332
0.1500039179734249,0.046420739056030835
-0.7302033272254613,-0.4416518565047541
-1.083453507338241,-0.4858355211297437
0.30610876992833946,-0.0401832256009059
1.7708311888643478,0.8301184088704653
1.5939849379773012,0.8748756602621115
2.6364097697014346,1.220570190704158
0.6220392633366225,0.3197546678595086
-0.7820981692556641,-0.43624527104370864
0.18147585578508424,0.1381641425587924
-1.6313235556582772,-0.7895688269840381
-1.7244971167051686,-0.7845099188177189
-2.5261406668387556,-1.2661606187420638
-2.153578803169175,-0.9174088027816183
0.34545769703931606,0.08987429486775335
0.06391470976066013,0.07867146739762051
1.3171427182120419,0.6943285844942311
1.5038332882321437,0.8940600606587292
1.080103155315831,0.5429762015475554
-0.44247830120087495,-0.2229003459576643
0.11469823691791281,0.09520220076045008
-1.702496076298032,-0.970441772787978
-0.6965477735226396,-0.34567095933503295
0.1669777135637347,0.16670471523443037
-0.3854457336468155,-0.13054446662512115
0.8312829590320514,0.3764742959830576
0.9786653113339305,0.4962530892113024
1.6983193762255986,0.8435001825089088
1.4158940043062835,0.5000675076102985
0.7280241179227614,0.6332221679735601
-0.7996161291265049,-0.5060785069595323
-0.946082658787966,-0.47158252400123624
-1.1231822168478676,-0.9274556561369046
-2.150347119696054,-1.0599758508033505
-0.8077338142680781,-0.21832318634139633
-0.569727452675458,-0.3669629519724229
0.32145331059068843,0.1730106093942772
-0.544797555293178,-0.22026546487030169
0.5381387049043301,0.20375757534467037
0.9766736996160011,0.5881011159785132
-0.36174911704138224,-0.1269751100017611
-0.5596770990811268,-0.37891093997365527
-0.9812512994172331,-0.5754724647136362
-0.37495410823202635,-0.0578605487311169
0.7910769824299971,0.37388322688305214
1.9770766202186694,0.8724592646831345
-1.3732670497503332,-0.6755732239803423
-4.471983204263814,-2.2369065046419014
-0.6748533118592805,-0.225740275220221
0.8919917553463668,0.4606447019133653
1.6795744913796966,0.7807190593672927
0.10354882127154197,0.22204361762154154
-0.034717574888893904,0.18106953276621252
1.3500509477524887,0.695835822722647
0.5125364233354917,0.32367868201261185
1.9461020633487436,0.9110404585542381
0.6423821644859395,0.2364588487571003
0.20018167015846583,0.18841461584294236
1.3578250692071479,0.7038751724994444
-1.3163031857861798,-0.5558342961666989
0.22550755341047135,0.152638303222571
-2.397152844908601,-1.3629328458552807
-2.1203773924570513,-0.9607537545987054
-0.809100041532905,-0.3409446255448727
0.8271790757920731,0.4381799301245299
1.1299873074116376,0.36520450225318046
1.0733305109223994,0.5471727943460744
0.4619664147653848,0.3018813196117864
-0.416868979399263,-0.18090924921849985
0.8276015598347422,0.3386871105040718
1.3400852430646322,0.6770619631740096
0.39652373079462,-0.02224127601855394
-0.6035271589517606,-0.2944732255695871
-0.9846719909842726,-0.49166252666550586
-0.7184321945621557,-0.320189943816347
-0.857831581704526,-0.33430272487112805
0.3294924958214326,0.23442594741106454
0.8803700482441352,0.45999728412299873
0.06568364842612873,0.09216639142416416
-0.196172076989607,-0.08415279945853685
-1.0098986598318187,-0.6373886705482611
-1.855365698296775,-1.0293786494300496
0.08364798925584893,0.03589512357425152
-0.5275156987716121,-0.1817674087824155
0.16989579796001114,-0.10906467967119768
-0.6402502946407284,-0.23083488817365505
-0.21894318139101407,-0.17282674704252424
0.12486112784860312,-0.1173896441379146
1.1891328040366937,0.5907819352799721
1.1118069469446628,0.5513470853037038
1.5109205065244646,0.7913683191039723
0.7641211216831963,0.25341964504788417
1.6098220346162018,0.5817772824664348
1.1692605963211358,0.7860787084640485
1.3801596909453364,0.5833942852938706
1.4117411019151391,0.7258680526675704
0.38965081290263354,0.35243357174101086
1.2039314619529835,0.7289585438825898
0.06817323733651004,0.04698956485878015
0.2905272553534975,0.054091585937022596
-0.7619111763548913,-0.3688401499350352
-0.4424129569392062,-0.2772099229612667
-0.21628517898199184,-0.12347383976451208
-0.8516103914836958,-0.4368468519011196
-0.07847267183579348,0.02019090251231593
-0.3819309630165888,-0.19269429088704018
-1.5228602695851814,-0.687557276672143
-0.8628031370332339,-0.3757625512015086
0.9089251382418785,0.5221358168464935
0.7098916152607073,0.2691400915883463
1.9687148400295442,1.0131299755757242
-0.04120506279249658,-0.02481371481767404
0.8554053091634438,0.3816508231814647
1.8074795512370996,1.0813053340683116
-0.20793719858325865,-0.09097041833630336
1.3545865130906796,0.8046876548322426
0.512072363243937,0.20209450374005083
3.4278663883464646,1.7985914105745286
1.6335072200293212,0.9248513377416187
2.8784079993535356,1.6024958219595675
1.7086962066140887,0.8701372974413282
0.316037604149098,0.28675930197631505
0.6229309004638337,0.26725825744718135
-1.066678213285051,-0.5941754258648444
0.6505640934509817,0.3891999526591532
1.4882610466667723,0.7159435607638873
0.2435087761372089,0.05380671493451328
-0.44126130653423445,-0.20561108728221145
1.2073124657149599,0.6799427234895428
0.8032992325699584,0.24598428387727722
-0.15273954168690912,0.027315649672111725
0.49629672800842634,0.25918273366999506
1.2432779820732138,0.6824961042628637
1.270823678037238,0.6467483427300393
0.9302941751610296,0.6577450047709433
0.5632693425865967,0.34249518320618877
-1.4035252757282572,-0.5813464020035409
0.029017505011653455,-0.1851305907593554
-2.1440074112122662,-1.1669532927090762
-4.214313262762611,-2.1250431166369674
1.0076223369297703,0.6665319526780848
1.6359312005157383,0.7853070798210868
0.5283673632239725,0.2684069416466154
-2.4432712233877214,-1.2700530635458962
-1.4653881688026287,-0.7893235956398346
-2.055604991495125,-1.07154263034304
-0.35028756081125584,-0.25791910712820465
-1.5420857449028924,-0.7414548283125575
-0.6748223377301154,-0.48764642774196965
-1.57373255700794,-0.7030072179223201
-0.804980800459399,-0.30077310712750666
-2.1225333798198673,-1.0757043544305642
-0.07357650902918167,0.06263525056638543
-0.18221128013621493,-0.26009409232992187
0.5372725857043766,0.11278362916602624
1.053723689181365,0.5742261979190135
1.9775010308618683,0.9677347849928655
0.00631375980399651,0.17026521564280578
-0.0879123843695358,-0.007966942988924433
0.36165565124020815,0.2312503199070305
-0.8385690305400475,-0.45613670119992006
0.02340695594115927,0.026856555350026172
-0.3876907578998288,-0.03284959229543538
-0.5831274224069727,-0.42129671987524353
0.22224799093418818,-0.0033586480903486093
-0.3131497214928642,-0.2921895243799792
1.965889279409667,1.186237091003319
1.9840633933123817,1.110000808990569
0.12794455577551922,0.098791358791828
0.23774738575270687,0.038859916405942024
0.9298725801175748,0.5252607612874236
-0.5355483737008404,-0.11702715480236336
0.2711691591639605,-0.0068346966551097454
-1.1502528240380772,-0.6432594197947112
0.17311859629190818,0.09029092240622183
-2.4319915082338412,-1.3294999226852533
-1.7760102067777175,-1.0113782788020242
-1.282899016877907,-0.6936525824105145
-1.3319520367367215,-0.6107411509334506
-0.7357692231865276,-0.3024511213243701
1.0318080771209461,0.5395754525869259
0.6999104928752566,0.41612478828035016
1.276971199519587,0.7159916871212749
0.6116035814066489,0.25658154617552725
1.5554949641154974,1.024095916877887
1.9223855018059322,0.9657486716787141
2.1742123898049073,1.162488905660489
0.06682069586760164,0.12461333669248216
-0.13213520486166197,-0.015197204769405233
-0.35930755961800565,-0.14481027079250658
0.12198708259578178,0.05676491058587744
0.7577549730613118,0.3124084729396185
0.9740081897361739,0.6443332671203961
1.2801538513539432,0.6565840942319396
1.2149736401729108,0.5435226592696842
1.5488244866535426,0.7169537251750464
2.078380092825456,0.8650690243483203
2.1847444878339948,1.1898500898789794
0.01564581618040195,0.027247043144801125
-0.17966273602014962,0.07375488337171525
-0.7602157794404948,-0.4316507192366094
0.2000012769153766,0.2551323296857425
-2.5789199154612694,-1.3144888591050539
-1.3707951107975784,-0.6458642713500917
0.11598475412186704,0.15570216811418452
0.08930298480410534,0.088671874776119
-0.442204232783929,-0.32390784425148633
-1.2386485344472964,-0.5384637774425589
-1.5879762615929793,-0.7325243159914446
-0.6393695597250033,-0.5044537687771238
-1.3589172247319796,-0.7265499582603877
-1.8434593772023868,-0.853576420866218
-2.862461034545116,-1.4692600829001217
-1.6981735503392343,-0.8496837520298429
-0.29773911486977855,-0.11342375056118773
-0.7542182324527209,-0.6206756855898968
-0.31713978729666475,-0.1272074097211586
-2.0930410077294397,-1.1575244918510212
0.1809606215331817,0.01950950500834138
1.0528319026474917,0.5035315030359063
0.8191156030121847,0.4082044919772845
2.6270735944737096,1.287108208958421
1.1345362650475381,0.4166419577069582
2.290301357560901,1.1293289799141064
1.52418284379341,0.7835315522685191
1.873628333887228,0.830861131373017
-0.6099162803382948,-0.426403305904709
-0.6830919069950261,-0.2329156105685603
-0.931152466744539,-0.32423499218713636
-0.712617209629588,-0.45553633509207536
-1.366203567428835,-0.715096198382656
-2.2977063437262375,-1.197239241416037
1.409745449104567,0.804878047211234
1.0259891355390782,0.41041434510196806
1.4416000950225154,0.5668769135721249
0.04719353889723821,-0.06809201003909839
0.30241263372348726,0.11063895488182013
0.2362121750666886,0.15129439467885408
-1.1493716883153098,-0.6747067802561306
1.22936620932856,0.7135586134046235
1.45078682952673,0.6482062468742404
2.035928382893993,0.8809561548621535
1.2116227025259763,0.6667003852941078
0.46951590230985535,0.1156043240680697
-1.7311340122772223,-0.9153570020666687
-0.4491541118530889,-0.2055286376196509
0.038884520087312635,-0.019363166258652545
-0.23639036741943725,-0.019752141365861328
-0.13261094409308324,0.02848532028187807
-1.4048487567589298,-0.8096642152350111
-2.024369430786681,-1.0734198818040084
-2.1415968055925267,-1.028901980898711
-0.7219443675982183,-0.34615524833475886
-0.5571334805226361,-0.30944299401855263
0.12398483385372455,0.07076628969201834
0.0798557867357914,0.0745472235080254
1.8183156293680889,0.8717885894756076
1.1224780114964317,0.5653693161559677
0.8762622640254226,0.502177536211245
0.418234280585559,0.12012705049874406
-0.3115696352064956,-0.0012847608675825573
-0.05054367503007737,-0.030566852229536444
-0.644260322668344,-0.14033794063637156
-1.4773092330615383,-0.669138851382888
-2.1073846495625905,-0.867345062050684
0.7717332771357672,0.25437234881904436
2.3356846814165646,1.179193760437517
0.3534297698370208,0.05677807195916956
0.7518667695342741,0.37289371642574864
0.852722134861939,0.4965278470683583
0.05882702141212953,-0.06940670916604576
0.23468832060092729,-0.03602086815034393
-0.2032065885268603,0.014581974701303943
-0.23131906601080732,-0.10002772147293217
0.6641695151583892,0.26147975970249826
-0.524572568047831,-0.14627688639672415
-1.8108225027878062,-0.9115688873199854
-0.9249387586037757,-0.6107372616763835
-0.3516759286553033,-0.20896093258369408
0.5508951799731889,0.26811515125837254
-0.14391037103267107,-0.14120300388242102
-0.63194969278214,-0.2836419856579691
-0.9197331341560981,-0.5263155600684025
-1.121820811918819,-0.4190909327426204
0.0008119595632856136,0.031235614019132458
0.5866879645005846,0.22577676666962976
-0.7203393848028562,-0.20050909424139912
-3.2896709288569683,-1.663011071678651
-0.5784559299342302,-0.22692084426665976
-1.490784323212186,-0.5091209707363751
-1.4226693785777278,-0.8072406147454873
-0.8855595259668333,-0.4639872372040031
-1.1631639576389925,-0.5302956838937642
-0.8747395618386117,-0.4081106921649318
-2.0853029001042214,-0.964797672047824
-2.240504055732318,-1.2303921734765841
-0.04903573976198372,-0.08910337676568385
-0.44263261464312037,-0.3065742246514207
-0.3695045659758044,-0.2653165459914085
0.7702262248991638,0.5592582232698136
-0.31663750829708054,-0.35276085000497437
1.1473273147040584,0.6087193166052574
-0.26071743590944263,-0.04312163681729764
-0.13674596190268218,-0.20754864364974124
1.0854578331359308,0.5638080640103621
0.653185029830265,0.30101707865740024
-0.3664824833084281,-0.23073209956636434
1.0458652061845262,0.617386533450666
1.6483028859009723,0.8936717188716086
2.0197933304429903,1.01647581686237
1.624978141702556,0.7665738625187364
-0.17637711059446814,-0.10524198082817601
-0.6012338060570708,-0.19306502491941924
-0.49751569137401375,-0.2562500131285837
2.2593296818482353,1.0988306292982164
0.0668039881056457,-0.05480354231979466
-1.4431844413146777,-0.5378673390014572
-3.5108205246596684,-1.733363186380734
-1.67942393245047,-0.6904352991148387
0.05419695940827973,-0.1638509510659038
-0.7293831772448479,-0.38501887836433113
0.03494961197132129,0.02452071989799319
-0.29337016142486827,-0.07534127246447729
0.9636725354628175,0.4776758801906629
-0.5370109836171412,-0.22504399737514152
0.20763421991424796,0.01939472321458048
-0.4155549851910012,-0.19089253267310757
-0.7104714113508028,-0.43897137338734876
-0.5261692407525341,-0.27329570362616273
-1.0923013804494044,-0.4247895746798501
-0.5736033883107644,-0.406414964047398
0.41751051208644513,0.04453788369032863
1.418711924154669,0.8477318774312717
-0.8072146922686598,-0.4472084647107223
-0.6716411388038581,-0.35586633747838026
1.1816990128552374,0.6583807993530084
0.2807974662269375,0.2241352316918238
-0.6102207823672374,-0.30718608312409124
-0.2274292313867851,-0.11672135259940247
1.4444566902426066,0.6942771847482131
0.7899278928122667,0.35517672287085844
4.167677206926819,1.987853672743059
1.3529860446363267,0.8361523046624076
-0.025879207414089,-0.023549321474160036
-0.5321057827348236,-0.25817080198897135
0.13841471226249175,0.1266170203312353
-0.3994419358546678,-0.15548644830574526
0.4837775092415403,0.1453718405131852
0.013082793299060924,-0.2728379624757194
0.7507488938094881,0.44397297801563596
-0.7151643242155873,-0.3186093208727819
0.5258631900552986,0.3523513775771675
-0.18887064097830242,-0.22377026098208444
-0.9623961506819066,-0.5183739352886447
-0.5952363454504336,-0.3491317437784158
-0.5532879003306475,-0.14496499476131416
0.024813762824935415,-0.03053807365264411
0.8907025376584192,0.59273670084931
0.05273216292651656,-0.12710605702724084
0.7894573877991636,0.41778602741604254
0.4954274985643557,0.26619913561274466
-0.9874262902412276,-0.4398386672531849
0.4944673906871879,0.3605522076400742
-0.5545901162072266,-0.2706348489241923
-0.7073240423964452,-0.342018198319607
0.6394559215466699,0.355365646783362
0.5415642403569971,0.32283564219095634
1.4426478588795926,0.6770048186444322
0.2047806252751051,0.04966290254842173
0.16554166407856627,0.12477298439229423
0.6469882425189222,0.3829442105819811
1.965303271862263,0.8383144195095559
0.05817397150130732,0.03941969549804762
0.04092913604712904,0.18314152977177853
-0.3195551385068569,-0.08432942138310973
-0.15098600787253535,-0.048180914861878636
0.5454079309070489,0.2226772445357211
-0.8166188472420873,-0.5160687500515908
-0.3457803241419163,-0.0723852851327218
1.579088768878532,0.8591807736036253
1.2754423758228803,0.6544016468006113
1.3195193834948058,0.6307659705491939
2.7705572183618843,1.5046246674249066
0.7575862689236046,0.1873850528736328
0.2980837501417646,0.26864587598753537
1.4228805412398982,0.6763738178057557
0.9601775388273389,0.5115337077320383
0.6831374084835702,0.18808839512198422
-0.8680647258803702,-0.5350079909331749
-0.8475516487390011,-0.5188712922810707
-1.6784752305586563,-0.8574376982676339
0.6837607573480733,0.23048565079176608
-1.0633312944465452,-0.4912786558642718
-0.3950731772938595,-0.14637431367739012
-1.6080272534467528,-0.7179969450698331
0.5305967391873853,0.1074436499579983
-1.1364767646199376,-0.5629295999844122
-0.6061821215877912,-0.30754259011597973
-1.4888217215869117,-0.7790843589268949
-0.7096041239065888,-0.3276566926276469
-0.7794146789029539,-0.5013865417635228
0.7462634105278333,0.33207790109360535
-1.9621355065661708,-1.0491227854640128
-0.8357604881591308,-0.3991901685014918
-1.4381410129312504,-0.7318404226936867
-0.1281743374600519,-0.18986305279290414
-0.41485200395602007,-0.08546732633598425
-0.9745197935028248,-0.2613782144585966
0.21615168686547948,0.3249073990266116
-0.46563630650329313,-0.34308128456754045
-0.07932411486538532,-0.01939054908154292
-1.600652974124046,-0.5953038843279566
-0.9727710666875797,-0.30854001713846124
-0.6703552215139528,-0.2711462798422674
-1.198394824021506,-0.5611554154180209
-1.0042486746266635,-0.40316261861804303
-1.4768268912132938,-0.6954087946598815
-0.2719910279904831,0.10162223186436672
-1.2249979784988114,-0.4632128315685443
0.34081557863407963,0.21382248257217126
0.9853214799168102,0.5099889617462926
1.1331670678774488,0.6229323002361119
2.36118234505754,1.2946486375268733
0.6047447218862524,0.24228735313554117
0.7005052354448487,0.42284791832240765
0.2874638696052251,0.19999853452678573
-0.5732962727340509,-0.23581804434752185
-1.110346622685682,-0.3371547192407353
-0.21334908082516102,-0.10145092264392211
1.3324013264908228,0.5526847264965381
1.8671620379739546,0.866508723456103
0.4727828698505199,0.1311962018832263
1.87514029931803,1.0128937942752845
1.0016691543305016,0.3922099140971473
0.07018172405411449,0.10942888634521009
0.054283979059921085,0.019884699399913015
1.5386624685548973,0.6175126538220816
0.38532390719585013,0.1833834252662363
1.735249329127677,0.8822650245120125
-0.6695311276387437,-0.38031743934428164
0.6366742068988407,0.036826014164863696
-1.0165719870225187,-0.6747793622248361
-1.397204682349278,-0.6834243379301205
-1.2848724068604067,-0.4428254132080286
-1.5264829222239862,-0.9696229440160975
-0.3017618690485757,-0.2125583961759403
-0.2133222261139451,-0.10208904120435305
-1.0899992270170833,-0.5173171563904562
-0.8971045765424209,-0.6205350922119444
-1.2016871519643684,-0.6170475975770068
-1.9681041292079713,-1.0525401551086717
-1.4773874116137065,-0.6530077749756378
-0.47585368864296945,-0.3332861573167113
-1.1329512182298922,-0.36233713900533154
0.5740231018758456,0.2510508041747873
-0.434401810552909,-0.23101021793706616
-0.8604035818175362,-0.29306535983597637
0.22370847722133547,0.1015980449349389
-1.9482355557624143,-1.0108462897777009
0.9253581474177793,0.39795104607987497
0.7384794060472715,0.33542459018705784
1.361461384221833,0.736331118498023
1.384609828087128,0.5044825893033469
2.2029197444384225,1.0991291427281498
0.21252541877905007,0.0720219049404137
0.6276256350881259,0.25083694736945267
-0.10036551670905353,-0.1375928094153941
0.0054224321016781984,0.05376146154299189
2.1395254804106787,1.0823479134146918
-0.5172709090566073,-0.19385483723803495
1.4528762804784943,0.7355228378828805
0.6690183736739932,0.25621417317158396
-0.7104741426479738,-0.38758242024698875
-4.254209854988069,-2.355223077739942
0.10108401652932641,0.1010276069857528
0.4269153565573759,0.31093469047980077
0.07433696884511104,-0.06837380373632951
0.4607775237196529,0.13802225693290476
-0.5922209015483795,-0.07245669422839277
-1.152205915558541,-0.622373334093005
-0.818475230960714,-0.34750012191579943
-1.686565937555273,-0.7790060166452097
-1.099124247454111,-0.6075609971064916
2.8754576306475834,1.3951356135252593
-0.5487443025367608,-0.31351974650844777
-1.7881464188084983,-0.7942480325451245
-1.8482597461959887,-0.8065006966579222
-0.3603994054992963,-0.3237240103451514
-0.36526996260186007,-0.16059829160298747
-0.9271157235187353,-0.4410282605692859
-1.1601457869619138,-0.806981758192877
0.5608703667199306,0.29316531865449147
0.5685263354149449,0.27973977403832434
1.494502535466357,0.840869703990713
1.6855883125820583,0.7970758416797451
1.543976426412887,0.7340699693335956
0.41693049805043475,-0.04107039347840846
-0.1741551709062264,-0.195441409754295
-0.9004779395270446,-0.53759568812904
1.3907620083698033,0.711298046459902
2.5177402361225663,1.4525794698874075
2.6779745684377225,1.4197716252376151
-0.6765824756749638,-0.37175992724552925
-0.07149045887095512,-0.2543917223326058
-1.724334874904532,-0.8189782562580987
-0.5415984461499217,-0.38673344316034153
1.5150156745513923,0.7388283120933666
0.9581210206923776,0.4772920401500725
1.9476978357414587,1.1005709063270377
0.582955307190016,0.231573134469845
0.9664312563089602,0.6119279343360502
0.0989727829963521,0.038633689129429646
-0.3415418345888433,-0.1972927757633296
-0.8489295218100524,-0.5017158011479289
-0.4865955753923074,-0.25183189531818756
-0.688130268244027,-0.32682852812550156
-1.4416216571321232,-0.6304551874183011
-0.31623800619532066,-0.2111222791611399
0.11178256711098095,0.17907388179733216
2.006519239376731,1.0005890678021165
-1.2661401419452356,-0.6292753316507085
0.45337326545826906,0.12566484287831292
1.1596898694703524,0.73122546230119
0.5377947829963197,0.30680646554587715
0.14218628942553138,0.11713360295762928
0.9166654257690868,0.38257145342265664
-0.438214803777771,-0.030189754988505735
-0.9736810929388844,-0.22461426190458295
1.0865683679277622,0.5283428567811435
0.45630917173066365,0.2743921080638968
0.8187067639851029,0.40470918764802977
-1.597495699319975,-0.8305435997390004
1.0683982103890544,0.7011042368404719
1.7676089306477567,0.7995966844383882
-0.4259012697699339,-0.2188546985987507
0.1677556642646681,0.32223527633724586
1.511723260839376,0.8761372699364703
1.7518756463102656,0.7227507211387724
0.4593309036162755,0.012750440391919693
-0.885418511612944,-0.3157221682515325
-1.5474592898391841,-0.8410518810622463
-0.39609452575168647,-0.11418293893781774
-0.3444879650186808,-0.29678355226566866
-0.8738589244089268,-0.3600766254029437
-0.3911251604427409,-0.2029823994219547
0.6022277163806555,0.2556168590499972
-1.2368382488666925,-0.7293637461614919
0.669937518565684,0.3416240556350936
0.6317635337478691,0.6278948380115232
0.7678118439699481,0.419280473153046
0.6341379849515444,0.3876217804144688
0.576098201390296,0.4996263161106198
-0.606366212377305,-0.38925860492775444
-0.6977882460562236,-0.43299723144708563
-0.19303335878110203,-0.09263864070226434
-0.8594600998241515,-0.3444439400423853
-0.2403108187866591,0.03514535070107172
-0.3830337355649226,0.018611313284373543
-0.323501763102116,-0.1078340738820305
0.9358096734631873,0.4341853675590919
-1.2985627300521503,-0.5346387752638586
1.3819316035930638,0.7736191894877976
-0.12940521983797726,0.027486375002044386
-1.5244306477897132,-0.6097590228918649
-0.7166745615048293,-0.3726180431655464
-0.8001463866428946,-0.4573829814923204
-0.15476867285259888,-0.016633014724678027
0.05823707295648353,-0.04291086444073658
0.16505475211540171,0.031457625590812825
-2.8323798933934845,-1.3775242286498863
-2.6514840414583167,-1.3047722110932543
-1.387068377438459,-0.737009955349018
0.021516612075607844,0.1529450136956064
-1.559706522539927,-0.7515209614485926
-1.9731285590772676,-0.9530032790253172
-0.7214239432119995,-0.30214348407083785
-0.4211721254581431,-0.21692989600917148
0.09766944586013798,0.13929212337001656
1.461306430960426,0.7355796375813648
1.155410221664656,0.6121443944068107
-0.2651613753993801,-0.20278746694619848
-0.1389265778537827,-0.19103048001632095
1.0750836834359445,0.4149079066030015
1.5829812777564911,0.8387877209184502
0.6573691928120778,0.3613187783311329
2.3301080309060835,1.1575472720347983
-0.34696086342160437,-0.24863746439846285
-0.66343947219273,-0.4129826565040735
0.47328494092079976,0.21064541345177826
0.9590335095179547,0.34099751674350065
0.018684518914538484,-0.04930638868251341
0.8480975751349513,0.4823048377762983
2.74264251767141,1.3436584246826042
0.965758359228956,0.6629559164407818
1.0920838391678456,0.3978173022437522
1.7544731185915023,0.9103921316785443
0.8577768721875364,0.2548458664187572
-0.515635717019302,-0.35860658855652094
0.16097280563406535,0.1174876441208102
-1.8789204688920351,-0.9110141667589897
1.9043756511086651,0.9194023249764856
0.235745542828374,0.07220912851413874
-0.7539006524366408,-0.3790070669749433
-1.2477429775798097,-0.7305757215074465
-0.3329692484951939,-0.3088297974665252
-1.3504739079946728,-0.81300305215934
-1.4031172503343554,-0.7359145295394734
-1.4531523467326468,-0.7562588204267975
-0.4458160413510767,-0.29650059724417877
-1.015864121864642,-0.5735405882931355
-1.3057040959183064,-0.71724428638209
-1.2719815087584079,-0.7173312071881498
0.49042114237238,0.14910108296031044
1.6684460647931358,0.7694069895117532
0.8058333679267536,0.3691773729061625
-0.09743816681929512,-0.09603351104824555
0.30974493322455965,0.3060701703909833
1.1009579154623368,0.6086560559481399
1.3424848271737333,0.6840900431214472
0.5613853847358166,0.1891995317480585
0.923958825534803,0.6215011862502484
1.247551417373896,0.611005710852178
0.09267205086805619,0.03244542783097559
-1.081918068130278,-0.6487820075753767
-0.8625038243271315,-0.35681059988167907
-1.5405583867114805,-0.6166332457627205
-1.2721801779675297,-0.6693893538643566
-0.8912291429708228,-0.5560227747741524
-0.7845437679720373,-0.35564815098762154
-1.7960798351943033,-0.8452419112896409
-1.9477901433835676,-0.8944412291078793
-0.7409392816027363,-0.29222899739194313
-0.01571397518939599,-0.21612006844378695
0.42513577055568424,0.1791275147934155
-0.4215866066781396,-0.23921591072685558
0.3299848105682541,0.25048095775086016
-1.0352070526238588,-0.5241228085201811
0.2025374986020545,-0.026312767999375986
0.08660562615508256,-0.08468772972417377
0.14262099665136302,0.11262684900981429
0.01793798308948974,-0.12496153513789776
-0.451356497125157,-0.24313036528551474
1.0928748801450765,0.44755485272602696
-0.7732485273251093,-0.247090058575538
-1.0410564299591463,-0.4032192721146641
-0.8865180682747068,-0.4189271145692618
-0.9884578136462289,-0.46637855852277604
-1.8254767033732855,-0.9562696291732927
-2.9547510960896775,-1.4962777755726957
-1.183761088375298,-0.5523801429988574
-0.1521619773873844,-0.011911459619689521
0.4902828479038144,0.13566177859508052
0.36729985496397655,0.199061626796608
-0.13921403185485107,-0.07868562392955783
-0.5011259491557762,-0.3951054134994475
-2.140712189072513,-1.244160825389924
-0.5475633027448282,-0.22470732091273246
-2.145520807167342,-0.941614725876033
-2.0100253648577646,-0.9225042490309551
-2.013435654361168,-1.1048623068123813
-1.1229908063661287,-0.7787860912731764
-0.16969364279139937,0.0555146291980842
-0.016269753294528885,-0.03434518781878185
-1.1033966119635683,-0.5752993769032094
-0.23823205686117505,0.028124250613051044
-0.5014664053739943,-0.027155158057820428
-0.5056394221837384,-0.15005953679186154
1.2808288080650247,0.8153087131977327
0.9875385421954755,0.6115626880608795
1.30221842997081,0.6416246610944442
-0.2536601937084899,-0.14266392057092153
-1.5882610883294823,-0.9238958641779993
-0.9953036776702897,-0.5895805819093694
-1.5549897548978626,-0.6549349115885792
-0.15089985159688069,0.01912223128879957
-0.3036128742545481,-0.17123742176765114
-0.9221088263945107,-0.4412709881599924
-2.127254234333862,-1.2239305823353488
0.05605853628274282,0.11577187866073464
-0.6552221548164959,-0.31100152879588877
1.0137369020928162,0.297463802914845
1.3396026956660454,0.5662191075893395
0.3342583430623395,0.07170479946162359
-0.8807174416272445,-0.5214583711711748
-1.2870036153805582,-0.4516155382203615
-1.0386510387426164,-0.2913708284307188
-1.563672959958568,-0.8811737397962476
-0.9457947629106069,-0.36275913948774746
1.1382939493065138,0.5268903451316976
-0.5142634430371416,-0.22868931012278731
-1.0613185095465913,-0.6653070451190304
-0.6123321549091875,-0.22663092662407855
0.8405934172513043,0.4163353187809363
-0.298411079120041,0.011819143224821
-0.8973027997406038,-0.46129323658798593
-0.6928599768341719,-0.34792130189902615
-0.2298200012988288,0.017655580273436555
-0.5048635221795327,-0.21265923012809
0.1130022195903071,0.16000790330023434
-0.8617973782598318,-0.41501711147038156
-1.6473020086741224,-0.7736186619804811
-1.5557059222597003,-0.7927961546844137
-0.9006568441329862,-0.5077971313444334
-1.5703603168440936,-0.8180741425158609
-0.08309875557029911,-0.00670839802602189
-0.24167369388699195,-0.21180212362006204
-0.32357780592946805,-0.22900702698470013
2.141460067985506,1.1609311280582606
0.41200651835314095,0.44430478740297163
-0.5385464671990898,-0.021460035352946327
1.457407874129796,0.6494244271044636
1.090133038270058,0.4143128064352777
-1.2058180176429787,-0.7202743946570771
-0.5522967867048838,-0.3578779907096353
1.2038451641976025,0.6514360165854745
1.1476806017947696,0.6550737056891981
0.019392597733841166,0.09982337241995459
-0.4662508179140639,-0.48743477479825237
0.003509701952111477,-0.030449089965501074
-0.719121899954805,-0.23253535170007938
0.12711025985475422,0.22800024489566192
1.8303124784757985,1.1449911233785373
0.7286109218931918,0.4147141887734006
0.1342601209960918,0.06303837488156692
2.039144445527479,0.9738688897083164
1.657453031378827,0.764826958175739
0.5517181675619366,0.26611487022304886
0.7478618959304011,0.3449218544884655
2.5605054257058764,1.1126027455180645
1.39738254590279,0.7731662349429417
-1.0477688771013876,-0.48709359171845323
0.06323156004842767,0.036589452833202515
-0.9619178537333405,-0.4838404582605116
-0.26645234897861664,0.021933947316340574
1.5990117002315265,1.0124948194252434
-0.05157507998365629,0.011115841060362522
-0.28970770780867616,-0.28808276289305645
1.496604408232012,0.4909285993713118
0.8167113623619523,0.3577168345136077
-1.2141661242540205,-0.6121394152119711
0.021996989935168076,0.08330876571273792
2.6370892681478537,1.163331068807171
0.7731919165394722,0.5381459106351272
0.8670939726587392,0.4301404149448861
0.021976210234943117,0.1267789540522481
-0.171106375853588,0.11958202623105563
-0.5040498944861932,-0.35183353978301
0.8197512090668161,0.25749803891069345
-0.8974571109858415,-0.41636359735973505
-0.33880658105975314,-0.16017374772205178
1.4245155194657522,0.6012347024101947
1.0513911620814689,0.5716895901268024
-1.079000473651103,-0.6109310121690116
-0.4567009726236464,-0.29356142918348155
1.3636937934291828,0.6039499224852635
1.9277098954677208,0.9795389653670729
-0.9942951159779458,-0.32662161832021924
0.6682952316679632,0.39353851653555777
0.4881683360519634,-0.006628145486728243
0.9676842223597306,0.7228610354998055
1.3782335478341379,0.5578594491338781
-1.5046454333590442,-0.537101146459091
-1.9569790889883012,-0.9243434972177706
-1.8516410540433914,-0.8607027032884005
-0.6088195817988333,-0.30234470834847366
-0.9282398892000869,-0.48980065958540875
-0.9416141036894567,-0.5193930862333482
1.3303266310167008,0.57628364698219
-0.9675364047802052,-0.44266803610609046
-1.9408728714212335,-1.0369921325903402
-1.9811567830875538,-0.8863693886650429
1.0863561210338788,0.6872066707503562
-0.12002258501447804,-0.10948435658971509
2.0142096220080075,0.8639378816420543
-0.39608157157527746,-0.28442979552839964
-1.8018180521043532,-1.0203646346869162
-0.8786605456001522,-0.5954481300249908
-1.798708843437374,-0.8314442684415898
1.3526612770302924,0.668580970117246
0.4792114354067886,0.22188934156210996
0.5979678674424159,0.5153047255314365
-0.9619866950888735,-0.5660663600075055
-1.7970205200558618,-0.8265885347206753
0.08970705071552243,0.10802772185078048
0.20774879337199836,0.07285338488587512
1.6002007106802125,0.7709238703979001
1.316130399929114,0.563570356359705
3.1083655164331074,1.5326733521920761
0.8852087516772997,0.6403230028345492
-0.6590901439175363,-0.2537611249391728
-0.9572860246900764,-0.284788455691919
-1.1555985323336286,-0.5666428349133663
-2.3587237418398024,-1.2133478088673124
-0.25175101931458965,-0.17583637706702238
0.0872623169984591,-0.04028753451590324
1.1898216977577163,0.6923040898970418
1.172575296846904,0.5439758511646763
0.4028209377496823,0.15146496614385918
-0.6220487287661765,-0.22024832738889155
0.380829070606771,0.22193598721854957
0.6399634615891192,0.31707628454008263
0.4544077970460531,0.19417338154806155
-0.0969005208739635,-0.05615382772101285
-1.5821201513144771,-0.855324415394802
0.5722134321642839,0.2643778520243635
-0.5185172732683025,-0.24745280944346956
-1.4817842077921433,-0.7916559193042704
-0.5814029442537623,-0.3009799382435984
1.3293825720214216,0.6931077783290029
1.429035010733923,0.8379050700146616
1.1748690563203195,0.5374089648196121
0.6304113826002452,0.13912764219797316
0.5489558206946721,0.447939130246645
1.3710276056378308,0.9144372839912316
0.7242748927008201,0.2582548156231974
1.6021353660754163,0.8308941931937834
0.8623209823456504,0.4230470343472478
-0.2290238604699238,0.01115661961354486
-0.8079428599034658,-0.36856613875600536
-0.5523679401955126,-0.31518443720921296
0.3223755252860615,0.13752818477187687
-1.3501202342455523,-0.7753571440694936
-2.1377967295697795,-1.139487866553295
-0.6798604314067576,-0.39937097285389134
0.3341738585673596,0.20943263099503376
0.20181413187399846,0.08556710578581232
-1.3772433065798944,-0.7895799831536918
-0.7621641319395572,-0.45644672130849206
-1.1850706345152822,-0.6663578121331079
-1.4146706824657254,-0.7576073962092319
-1.6368231626023633,-0.7113796820267665
-1.0759819528816328,-0.6453321780007296
0.48647011221253345,0.21936334953767228
-0.007452338764090349,0.07318419292887564
-0.659542661737571,-0.4274292752611198
1.306957493177169,0.6018697701669392
-0.6902191264643828,-0.4311582702738416
-0.6937573194648021,-0.2701838740921518
-1.8321503372645669,-0.7627391263333303
-0.18129095209271573,-0.048718615920481885
0.28722258270997725,0.18808264942517866
-0.09616381946831482,0.043541695093821664
0.4877961204170051,0.39629383744431934
-1.2296093964107078,-0.6772309777968146
-1.1740841458502218,-0.6108962076599507
-0.5338875765844444,-0.18129416925542172
-0.5863397950268013,-0.2940416287753335
-1.2949268915058658,-0.4873218739579035
-0.014591365178431404,0.043156416295286375
-0.45445539132770507,-0.26939618443906416
-0.6258819732454088,-0.22023483605126526
0.3883667757236991,0.27545492042871295
0.9751842890190111,0.4315696811093163
0.9860414377696803,0.3704197756241109
-0.41174457341908544,-0.2559333929410878
-1.8619081421384647,-0.8924805224618688
-0.8737965749551838,-0.3733497104412854
-0.4114204549527327,-0.32104948494676905
-1.393204390445048,-0.7067243181188937
-0.11469630396313857,-0.06571658745020134
-2.064257300842194,-1.1604203625085416
-1.0107737425339025,-0.44231461457650606
-1.601796018813939,-0.6380041872410076
-0.6905541457839611,-0.3905447574436609
-0.13408333000373523,0.02310592880013289
-0.9609565029342291,-0.3900327843062972
-1.8825201270692167,-0.9726172321497769
-0.15156955282358098,-0.03549531961819507
-0.8809021553552016,-0.5990930247753186
-2.078268844460173,-1.0577414226929434
-2.0780082657508516,-0.961586776845647
0.6397191055771922,0.4237085157017982
0.5396493542467407,0.17301143089680257
1.9740905034142706,0.7209087971478352
1.6360203234960342,0.8236850616323225
1.561301403436926,0.9510541806243764
-0.2948675348711922,-0.16525503612182116
0.43839526888750613,0.08520999768220563
1.803997800388308,1.1522623925377378
0.5228852762323484,0.14202242817863492
-0.3502003418989454,-0.0543776014710189
-1.866813046597974,-1.0275549247816989
0.15150967278706617,0.1684589547715161
1.614110378833702,0.7607674010103056
0.18304431466010007,0.1541360667901741
1.1587554182621431,0.7592390272694699
0.8525631036429796,0.5699648421069444
0.9348304559880014,0.6097364241730535
0.8580576689129489,0.5108227667833555
0.022011403408540797,0.029377230183313802
-0.9734900507213697,-0.3466830407710564
-3.089987844633484,-1.5339478335383434
-1.599538776474519,-0.8451076792906502
-0.4134026706528151,-0.1677110060660628
0.037640460966838374,0.16190558293710225
