0.48988802802901865,0.3526061099928882
0.35881659080072276,0.20811944409953248
0.15882667364996483,0.021341063038424778
0.5426338575084791,0.12465611769322263
1.9154769237532714,1.1507590360238518
1.2791219543668948,0.5860523830808777
0.3097893768278602,0.24125569359737334
-0.19299966276257946,-0.11841519672409559
0.5858844062903688,0.3546886466380678
2.062061650849708,0.9973723427372247
2.472917852385291,1.105568479093783
-0.002923974045709654,-0.0034441606644954373
0.44295937479819625,0.3176502987013399
0.9113496201530978,0.4567579754122389
0.4328436478832695,0.3001229799999097
1.4076367627459128,0.8161042727587409
0.2940021902836127,0.30628759113555165
-0.02734442084571362,0.05458352198559785
-0.5359145215511887,-0.38557315737359366
-0.793159525195083,-0.3686967264906291
-1.2604101691352634,-0.658833961996269
-0.8239343539361034,-0.38591571863779395
-1.5141407396736541,-0.7584853110433173
-1.1193991845548363,-0.4519655175539451
-2.6780728436777568,-1.3565517690622853
-0.6142460476454706,-0.2751807322734825
-2.0723908980975048,-1.0822973282368926
-1.7459723630685833,-0.7619790257711198
-1.7691559243395178,-0.9557456257296727
-0.7367849304127007,-0.37961228089090543
-1.8249678021145335,-0.8372374329229293
-1.5137215391324066,-0.6641113396718605
-0.5536342317114391,-0.136988786201884
-2.0578966328295953,-0.9892022492004887
-1.0788021401487033,-0.5353443728618804
1.2942666410055566,0.4330851252656678
1.2336680350501805,0.5017145947715299
0.35709804243671184,0.28949353493960234
0.436918829734201,0.15838084626508406
1.7771597176825196,0.9667871925642143
3.0905248052613357,1.533442550591949
0.7641393832487847,0.41472011373021556
-0.29528346618311024,-0.11837852905981414
0.9314533146463244,0.6415101269921044
0.30758433089376425,0.31460112408512353
-0.2134093311088007,-0.2170871153382007
-0.5119765915609604,-0.09931699132603175
-0.5199331544644785,-0.3500690334492675
-1.9748808003722134,-1.1014203788621142
-1.151427909092562,-0.5913636090313313
-1.4606128200934725,-0.5972002324448388
-0.1398463148524517,-0.11486940783429042
-0.6888721670485978,-0.3454225729676426
-0.14016143941899822,-0.18460798048347676
-0.28419794324461123,-0.23818976281395104
-3.074900887383667,-1.4343864405712676
-0.9812260250520882,-0.6220570859340517
-1.2104651794094097,-0.5447778509506807
-1.3084983266764127,-0.6116175636503182
-0.10075595826384298,0.10687437774106895
0.6592709195350062,0.48578356684447266
1.3315239113856794,0.608106689294551
1.4944453909440452,0.8677749607861832
0.8762166152775761,0.446378926659459
0.5380045604408616,0.232300560777257
-0.8826205958766697,-0.43923264009094265
-1.1125191012962299,-0.39829397651213894
-0.11979467287976442,-0.012391838398717402
1.2026494865528459,0.6128413636572212
1.8020647946821315,1.0161077120343454
0.12916528864675236,0.036704311826814176
0.06785284741467926,0.13962905289027708
1.1028100071651477,0.5741146868803398
0.18584683798042,0.12960305641827138
1.3108016005532912,0.7808707436966968
0.8771369909787756,0.4263597961843725
1.5861482693042364,0.7737702685843538
0.2621713058507794,0.06457287774627314
-0.05730394762626764,0.01804261006916119
1.355573581559091,0.6905147013755719
1.2651258457597376,0.6608711911486513
-0.216538159911963,-0.16349062820318266
-1.0258116629707454,-0.4042030930544266
-1.863466012117471,-0.7660435907883061
-1.4668605468568399,-0.6865854183085229
-1.226723280041126,-0.7157790785955163
-0.4074620827957409,-0.12903813384253124
-0.6246891950116751,-0.32441504633486207
-1.5021192907549707,-0.7562951969240215
-1.7735139703551501,-0.7809190318615734
0.8819827684674125,0.4540870155420634
-1.3632764456623292,-0.5147447162112752
-1.5247700266538082,-0.833353899175901
-0.10387666304315324,-0.059513180166252524
1.9551323752073344,0.9703506906044441
0.7458606735323164,0.31991614563529835
0.9602700716364587,0.4004195885598634
2.7319396466667287,1.1945112113347016
1.8484614414420952,0.9893744258347252
2.690995231254555,1.3039762744926424
-0.3563538273135025,-0.21648583313212394
0.5982581938916195,0.3001936529363932
-2.0587470480338173,-1.1041031392677825
-0.17014473925434093,0.013295456194717864
1.3930555268687514,0.7150227186006152
-1.1036359965047187,-0.581147509964167
0.19626665058431247,0.12753531290975129
0.34144827411154544,0.019723561726502775
0.20911159133807355,0.10571579623502109
-0.7340857766450235,-0.41116858667091016
-0.11265477331261725,-0.07745270144973407
-0.983997804636549,-0.4771627269560891
-1.3217923763656454,-0.35111695932326276
-1.499831932108727,-0.8197655102222279
-0.8022698675408751,-0.2776851492972073
0.38298103695782365,0.2161481088956068
0.9880098608932577,0.48601869687430577
-0.279909000395966,-0.12729355899153855
-0.14614261186015706,-0.029780502843681875
-0.13142589929726803,0.03263235721975015
-0.5689149494318717,-0.35822979556193935
-0.550872559538045,-0.07391506004666024
1.2880698602142453,0.7031983676102083
-0.6824071602397417,-0.2503891475516835
-0.8258784710094496,-0.5010395907930533
0.6640475918191874,0.6150713118287304
0.5787751780210559,0.26652013852134515
1.325298862567696,0.648866333066327
-0.31217368825555125,-0.15216320701546787
-1.4126830865245352,-0.7230592097570071
0.3204785192765488,0.09495038260370793
1.2664951269818867,0.5376298364677481
0.7675350759342029,0.41893832200035125
-0.06509353552510683,-0.19849452280379518
1.2206150326482665,0.6209619483753801
2.3283432004196367,1.2141838748398188
0.2773937920287666,0.09183407069229144
-0.7233372900315049,-0.35626890464387284
0.341344967350724,0.1878212325868994
1.804970966052058,1.08260201553523
-0.38002619478525157,-0.04516488564068208
-0.08250117425930018,-0.11908164764358989
-3.044257277201658,-1.511984254986406
-2.1288826652121813,-1.176153347737344
-1.9714886484658778,-1.0791572732444705
0.6252099304287393,0.40202311077417985
1.0690156857787354,0.6340095090352799
-0.6107520510103491,-0.53622262398088
-2.403652212917055,-1.1571038245811989
0.4618824105436071,0.28284593227899285
0.21864598020705261,-0.05690842332542101
0.3440518357414484,0.020355842472350894
0.3399432901010251,0.08439503901006803
0.8796789054686512,0.4682457524898522
0.41876976206644384,0.2773281366293445
-0.0400247965095793,0.09264276042919486
-1.4469009617151158,-0.5783137352725621
-0.35262555803693146,-0.009021359812952906
-0.9668249615711725,-0.4054611257456738
-1.3714496388107795,-0.6738691452291548
-1.0933209874354848,-0.4834967062800128
-2.0489680287607177,-1.0368339871975656
-0.3783940913653519,-0.23464420587517715
0.6358148739943528,0.3933508734616154
1.2801354292088725,0.7940639534545183
-0.7044557587957656,-0.26732622921442983
0.2558152805030456,0.18274761014659568
1.580855566538074,0.6466967138334998
0.22119518075413408,0.27291981236053364
-0.4664064041406685,-0.3456598408003947
-0.057633128038294124,-0.02924392309858135
-0.36687456421452513,-0.14019533017240893
0.8889491226653481,0.41371247924382476
0.5865380131876785,0.34796008352314484
-0.9401953840910857,-0.39677136904920485
-1.485964184695057,-0.6922455926712016
-0.06787827073356778,0.03938940559283985
1.2647769743134905,0.690275260264901
2.863803848433363,1.5204700726110174
1.8147279344080123,0.9268539192351978
1.5648136907292627,0.9451738427907497
0.5624715569169901,0.1755643404726922
1.4896921083480026,0.8181952976042887
0.28022863325739966,0.12150083438003925
0.21667305053453395,0.1819910686544735
0.46863371921234664,0.10308914063696553
-0.5579602735568227,-0.3104234476096623
-1.1132060113021656,-0.5827804412175415
-1.740730079088902,-0.8608623575799179
-0.9590141816535804,-0.4180920595940095
-0.12277502216850911,-0.059598171969495836
1.769372222231876,0.8267460078760037
0.7482342409819832,0.3506367205920255
0.1466827786472915,0.17963287726406862
-1.003740063922231,-0.37671030714088083
-0.9634642362668644,-0.6083941241903913
-0.3486740137163704,-0.2258940348345923
-1.0477815687990388,-0.6104891179321887
0.8123759483945419,0.583412153629971
0.13010222738128302,0.03017394751163572
0.01845422378925822,-0.14973514919139122
-1.312209938107728,-0.7102246708219913
-0.9260979285069064,-0.3150254178050652
-0.616297625587667,-0.3388595960946919
0.3376195659039452,0.12516871362047516
0.2310803654556466,-0.13628134246886914
1.0818721250893695,0.5160802069436725
0.6865882298315465,0.5643546026990655
0.709748489193051,0.4801772771400573
-0.31228337257670663,-0.2726670152381303
-0.1433778444372954,-0.13072593608440242
1.0428884930522209,0.5318333227376378
2.7161933281292767,1.3803567151866156
0.9022216665484305,0.26142916669229976
0.29987239980016966,0.18980369367447353
-1.5174402899163038,-0.6010086513380879
-2.174226707735524,-1.0341231946816387
-0.4541043843853868,-0.1954745413853448
-2.1236208869843,-1.1218050563126365
-1.2909409935439875,-0.6253033997009629
-1.420585417618397,-0.8954494731334204
-0.20550817982064218,-0.034029199390349096
0.12950137103693482,0.10484339847318397
0.45141068249187144,0.19614580098411855
-1.576933460059475,-0.6825531203496262
1.1280430194105229,0.5758000031417039
0.41802700707451024,0.09567504196788669
0.18741045605987516,-0.012500643580635531
0.814333211583693,0.5001657874750206
2.203979808314217,1.0078851822081474
1.5570615222987052,0.8970946222727204
1.3556158905258644,0.7247938717265552
2.4404829667017336,1.3730355647667343
2.344630318751982,1.1727444412178758
0.9925820986456821,0.45281240818414853
-0.6717154402422019,-0.2514684918734701
-1.0636444643747653,-0.3937366056993328
-1.6159109999584262,-0.7514394291508192
-0.3209929492183349,-0.07468103788861959
-0.36633448663508017,-0.009677554481629741
-0.10580305029058884,0.007916716159046475
2.9880466157024697,1.6775174838687192
-0.2589150778630851,-0.04428377808596978
-1.8568155589984543,-0.9842409970242835
-2.19508957123268,-0.916636335151586
-0.9674956252095465,-0.4081671916784689
-0.8332325798275485,-0.32610984389161213
-0.7166672000148983,-0.3021911925017321
-0.01988884205288749,0.15790542887289377
-0.26238607133164776,-0.18235193989453147
-1.115583818455075,-0.5823597549933126
-0.5183434004650875,-0.18596256191471033
0.9064921718122277,0.44662307068245705
0.33640714510277797,0.24864866527025706
1.3311339327049925,0.6947646854185433
0.7023775237022198,0.3826263272301872
0.25478225782953906,0.21237203665551596
0.06455942116168557,0.1378448937860859
-0.27309210372169296,-0.07686407351961866
-1.128579374977692,-0.45744438594467063
-1.4431155460124323,-0.882299425126998
-0.5441596190636946,-0.13143942229059422
-0.42283741350879583,-0.07533422495079858
1.6904354343709767,0.8513570561835296
-0.20964714795553108,-0.1854173087114248
-1.5612627533147911,-0.8812799515222249
-0.39187752310268853,-0.3702404975069978
0.32881535732955003,0.12162205694424813
0.5920672898313989,0.11960621193878793
0.6835117449277599,0.2506511503065246
-0.13837334013052477,-0.1784524690038399
0.6662508485195238,0.3601995645345337
-0.7732603619790972,-0.35313347025556463
0.7111774544173779,0.19390700797402083
1.3177795607518357,0.5935816874267149
1.4780227807353459,0.5915698322282862
-0.08404227976249234,-0.08192888701021944
-1.2104938906855263,-0.5116793778891112
-1.1993856113808334,-0.604405197785722
-0.503909384732613,-0.15554066683742118
-0.3521171233855088,-0.09771486134763821
-0.15781375841419676,-0.09949762823600906
-0.2806362930158165,-0.2856609358299349
-0.10066414624757719,-0.05019251052830985
-1.1260452707014488,-0.4575711669877702
-0.9503767353378263,-0.42175372729818006
0.8696961501132999,0.44620759789659525
0.8057753936432199,0.4914237423403073
1.6372242589791939,0.8448339471561874
1.166105002278471,0.5963027230511762
-0.19411093400619672,-0.15814895162319378
0.8990830489246353,0.41381747691491516
-0.19894348444741694,-0.2162160650517338
-0.7338547100098403,-0.3120687104284618
-0.7075699060041978,-0.4975370203736985
-1.094034411772158,-0.7354293338712591
-0.8544509662528108,-0.5139768078910534
-2.003632001489984,-0.8636072438680094
0.2300256394842627,0.007554860069553249
-1.525542292758541,-0.7973402051069082
-3.006563744763822,-1.7156004686498647
-1.3907733092506316,-0.7219392739327534
-1.2934234838268908,-0.6113291147877572
2.371056607152152,1.1812518092892526
1.2708073197602372,0.5017460914584966
1.481304538223299,0.6855891524745663
0.2571387971945321,0.18698306483595134
-0.026376488434257467,-0.16448401350640246
1.8185724305307085,1.0045444283495804
-0.9921140874406466,-0.5014208397162492
-0.7870140425518912,-0.42884023127236964
-0.08662554141619205,-0.018134761232580246
-1.9570184101124715,-0.9075825881567395
-0.7641189303499498,-0.4606295868389976
0.7503598057016166,0.34124018992262417
-1.1184715822483213,-0.4853267412868837
-2.0389875970701814,-1.0011962239672145
-1.3631119966624836,-0.5327517005487202
-0.4063550648076198,-0.26428709661484867
-2.5002224603108885,-1.111715183198227
0.17878389135844597,-0.07793165627463702
1.8527025609591363,0.862088214102087
0.6333935504353411,0.5536767353780647
-0.049202647921278764,-0.02690073157721861
0.03845479227630507,0.20747440684850174
0.04118617525200311,-0.03791731896804065
0.7007295153343853,0.3079819847954058
-1.3356864753499007,-0.5619971927345331
-0.6978983267323886,-0.48537570965363686
1.7947172758384036,0.8633192259405174
2.4439205668460153,1.3283271134372514
0.4929927798424975,0.24697951752468483
0.5139793255308494,0.21373550019020823
0.11414643196224175,0.06564219671093734
-0.028849951049066486,-0.13681267789250512
0.04973536455801396,0.024123514393188876
1.4245794715353421,0.5894288648816848
0.09094925138399446,-0.1032562449976005
-0.6696764310382028,-0.36842923513642967
-0.4739003068657493,-0.264337015997455
1.9781238842808064,1.0319013643804023
1.8637141602549827,0.9558205038778875
0.8687937647047981,0.48562685156300994
1.2002488258353865,0.5516794779143637
-0.2898619303819099,-0.09860345550279313
0.34693408837042183,0.11564154891500376
0.33719791176105846,0.16357800237113357
0.7759015715300189,0.3510009392474862
-0.2440260623115389,-0.086820626765537
-1.270500674574054,-0.4806636618863631
-0.3820532394140557,-0.26242603605328046
0.35712118056329645,0.23576080808214572
0.9188485106531235,0.4159040538691507
1.3327866981244536,0.6049390527687626
0.28237692007369747,0.26668390150737664
-0.6590071958911699,-0.3994496634772856
1.0112168587169,0.5910708909566168
1.024054375089543,0.5510588165599668
-0.9946045810687913,-0.527688361592315
-0.8112720701365133,-0.18671758310733522
-1.6674856281915755,-0.8633270621448603
-0.9376762637077242,-0.5263787757915895
-1.3606054081324381,-0.5229120351378254
1.447677675002077,0.6120991623144125
0.10458151359306178,0.15037725367363303
1.1397619869034235,0.519741077339815
0.4394976003261961,0.17096002600951618
0.04419831475986069,0.04908693631555972
-0.8596853414054432,-0.43695434720765053
-0.31768843346932274,-0.13205123547769576
-0.2164536884952018,-0.09526738931346487
-0.36671607000234974,-0.25559387589870897
0.9447955436964964,0.40096506497358175
0.6242592185498461,0.3877708838171122
1.6383865369549417,0.8375501919798329
0.48399642448502245,0.30847773263182576
-1.6162750621015975,-0.7279351623962027
-0.10209242640568672,-0.20651329996886736
-0.5084417428973159,-0.2022136863133595
-1.5666399001519409,-0.7885022962471884
0.9642734232668818,0.47965240385860525
-0.4410698467106263,-0.09014435716085431
-1.332145353352117,-0.6398911157214492
-0.6343658715556825,-0.3822188637874664
-1.7987491707280527,-0.9362529467041232
0.11504151406938878,0.1453814969027555
-0.9498989146789152,-0.5005026570806999
-1.6331341394857497,-0.7589853401599869
-1.256217696340701,-0.8288803441905472
-1.0762716142512134,-0.6603511503723156
0.20101626992663613,0.18503410200308712
-1.280765587182941,-0.8075527574315183
-0.6438783468802242,-0.28109375071258375
-0.5411746520719828,-0.32437295301884306
-0.3568433886248226,-0.25091357136777453
0.4425107416284111,0.16471171499055584
-0.34937674022880455,-0.1872251423495736
-0.852766908913345,-0.4146723349706854
-1.8099645559733444,-1.0079175323141958
-0.6938375551134379,-0.6295667403942928
-0.1748566189546727,-0.11361350535954624
-0.1595855357807979,-0.15408587234905022
1.4659762647202053,0.6817165561129002
0.17481197732807308,0.005125287457866529
1.5484628979776254,0.7992774947808562
0.4940873603423733,0.2238866618281389
-0.12071072169870128,-0.015147718159036448
0.5427135345987516,0.1860336421392363
0.013374288863072792,-0.14873751530272972
0.9514179275123524,0.35605242829518335
0.9811909013571134,0.3842290642455284
-1.4867042907913957,-0.8717047785565318
-0.2081494764541975,-0.2394933222715924
-0.0037676966091578223,0.11014546170913413
-0.6752053579902382,-0.2856860386822624
-0.5136176285934173,-0.09091721621918439
-0.14209972477483038,-0.012396310829320648
-0.05571634042946016,0.03417861746324183
-1.3307927161577255,-0.7688663566223943
0.046958327811743805,-0.20533094638081634
1.7012026288706534,1.0570977076255166
-0.320859267470038,0.06264607842526934
-1.4399703199596303,-0.6970221559930176
-1.390416458936111,-0.7756458463634887
-0.33327356663795465,-0.05459651062295333
1.0999846948789664,0.4559544709373239
-0.7010098823705451,-0.3409020510916058
0.6930621717984099,0.3414308985807894
-0.11676584870272283,-0.1589842645708992
0.6554865828522277,0.19277472510952617
0.23493921781158222,0.12720314159117846
-0.2996635699523271,-0.0833714164111228
-0.5969742995534169,-0.33514253469278066
-0.8920985413663588,-0.3713859564006892
-0.9049072062917212,-0.31045630633730703
1.4053850879990932,0.822880521290639
1.0142871842764507,0.6010168325946535
0.5263808400717255,0.23168991425926708
0.8436850625336586,0.5287317335278398
0.7032713786637281,0.3302754853900812
1.9455063270464246,1.0548729256145073
2.345048861872878,1.2533715234169154
2.584396227273993,1.2746613911930307
-0.05182264976755091,-0.036850797527500014
0.6575044200656487,0.324021996233582
0.9249861569012501,0.4115025501953016
1.2840710436449063,0.636943714226289
1.2932336975552847,0.7592602544299684
3.390164172520512,1.7434209250922004
-0.06789014324629905,-0.217575461733493
-2.1573524803455832,-1.2000540066953256
-2.506827583474324,-1.3191601846121805
-2.1059424439315593,-1.1054097680647534
-1.1367850644774151,-0.43286825140543295
-0.6201826491722067,-0.23701268046466528
0.513339217361862,0.15686434678786487
0.6698326128213905,0.26266252585634126
0.5871270395286642,0.41031733172979723
2.1309096953254256,1.140386220234757
-0.1838727527846763,-0.07911999986121425
-0.07842597976271895,-0.0615621476297786
-0.6724921006295085,-0.29079190401485777
-0.6627795673392437,-0.4643912526786127
-0.5123890453702439,-0.04861659837770943
-0.5101368601781128,-0.17254167335801268
-0.2921593496371395,-0.21342180952339546
-0.3599328016307337,-0.24120598268073296
0.08392040335482062,-0.06754640879732869
-0.3087382728502024,-0.2736990527552642
-0.673325012373981,-0.46995420519133124
0.9898865661346896,0.6562435510349726
2.271549204880987,1.3932644909045435
-0.17080106371562143,-0.3191821448401084
2.511257016261602,1.281440998173001
0.39671612400253686,0.2291221262206609
3.3410900928551213,1.7691021990778883
1.4813857582151002,0.7865560868593803
-0.43071361512852324,-0.22073933000553456
-2.1104179074679825,-1.2213721430441464
-2.3573561223235484,-1.2054162128635042
-2.0370026849890546,-0.9557071531987816
-0.03316972406251617,0.11956140636960932
-0.2886135772064188,-0.2183544807692526
0.038233520685822864,-0.021733179306943046
1.3753371072701042,0.702053345661716
0.7168503704224403,0.42977703894891367
0.88895033617439,0.31123599701959914
0.069826624285802,0.21095970193907512
-0.154904141377503,-0.023230722226654565
-0.16242315651243408,-0.15113671644770166
0.9203798603349065,0.5105719414115716
0.8190385503339781,0.5400032156772572
-0.142984762757549,0.04790904897648693
-0.7365118883223543,-0.31764563847553023
-0.39015586510490147,-0.047690528813280064
1.4947347237117337,0.6410843147356673
1.7665147731514388,0.9486736046652327
1.6765047106657915,0.8536840865278879
1.5304264160911767,0.8832119205715867
0.5706741914999561,0.361610863574303
0.4241764189695937,0.1175015400729941
0.4449684828023147,0.36963773407582395
-1.7941373594880408,-1.0360226225835145
1.6557333299337245,0.8309889157266009
0.7196887109161604,0.20422427878575963
1.3247004660316686,0.8756471088948835
1.096942487849521,0.6909448275422213
0.9691869698842197,0.48233919588355545
-0.013892840684356589,-0.08463678174359457
-0.12453140430838965,-0.05869141627254861
-0.24764671568027552,0.03224006831498205
-0.4486978506636706,-0.11658578304986744
0.6758886966991118,0.30305772141520215
0.6619345192594972,0.16746062795981595
0.9128241578187701,0.4414480383613126
1.500529544531049,0.6701558565870069
1.5340658497311384,0.6616922811827586
1.5253508064429493,0.6696906043767115
0.5118577184007285,0.2323631041735459
0.616074028102391,0.4171239869595331
1.3891173313733671,0.8157726858365788
1.052744402416744,0.5736805429699446
-0.9466837880121013,-0.5173230373064689
0.21602432803000005,0.012507493402563935
1.0520635293561826,0.5659853185716556
-0.08577695759898563,-0.084187950235254
-0.06995539796583697,0.03921287326181801
-1.2482976776031516,-0.5196732622828418
-0.2254227953183629,-0.1059972393315687
1.641670117162818,0.8598440310099811
-0.7218317371015508,-0.5283606724691563
-0.6412016360356328,-0.3370826496914066
-1.3257281105741547,-0.7298288656905265
-0.969530225399435,-0.5042024828373964
-1.5175853442744123,-0.758732490713198
-1.9109862144699723,-0.9590277913223387
-2.114436500055919,-1.0184577056291875
-0.305569259743518,-0.3415909430629207
-1.5411932481428405,-0.7031260182395721
0.18484514494693172,0.30416154188710554
0.5022693655931739,0.09218269244087102
0.4240405450293022,0.13602734264906785
0.3009310738884591,0.01988386453957222
1.020856074807889,0.5865918579898526
0.2484199245277971,0.35011270225645225
0.8967207542696922,0.4397654207637453
1.7577967849181562,0.9247833669161156
0.5803061078977927,0.19523845485123414
0.6691595296408178,0.2418479605707291
0.03853247950931249,-0.021619591954656306
0.8242198983492993,0.25380457384987554
1.9650509196062522,1.1776664112504986
1.329398001683516,0.5943619782019983
0.026806208045381363,0.07561170371962392
1.0744153435146593,0.6694951288023856
2.0573580343351843,0.9354469930361504
-1.025121045284386,-0.3729033826061655
0.17308900088062829,0.11187298290201583
2.315280226938991,1.1425510200136975
1.6473571931602788,0.8534469857270183
1.3677609294511393,0.8354687820923384
1.5520443694128605,0.8364791042641282
1.6171608464937082,1.0113240885175658
0.32161769090123854,0.20246883912518196
1.331791556583708,0.6434574376353023
1.03153378092857,0.5791697075911305
1.6956084643308476,0.7706260050467221
1.1711824177113141,0.6141623425428452
2.35539889031317,1.1085776099829756
1.7264033242176056,0.8882260479163829
-1.377060287985762,-0.8452006646714166
-1.6249323583796,-1.0133619267056166
-0.8006688685084318,-0.4604194013766309
-0.8397199164479869,-0.44547623758933186
-1.878895967616038,-0.9210957854211294
1.414606951734821,0.7988512116882047
-0.041811489973398785,0.03343985646060561
-1.129372582447997,-0.4596178744416654
0.29310204484806524,0.2673345990425559
-1.4827173355873202,-0.8749725782460414
-0.030845364371948736,-0.13475716295872314
-0.5867323137540862,-0.24526796246331875
2.263381078738074,1.072259276438134
1.1500848100503251,0.5570268642742164
1.2916016958636067,0.6621373065246189
-0.5497891553037026,-0.05760847127195434
0.166484379334416,0.20831438000092892
-0.5869860191863296,-0.2722142293200321
-1.8937209565190072,-0.960139683093236
-0.7680565342092099,-0.37355100600414715
0.363331537671558,0.11205580627578463
0.12912799910347134,-0.05890619849947701
-0.9178288985311079,-0.5687565857744041
-0.7663720403861516,-0.11273090222752685
-0.4597030895748088,-0.19913292311039574
-0.2633864527871103,-0.04491934157163879
0.8016750760741089,0.48314764590550346
1.0075063371759536,0.4618355453624501
2.506058460872282,1.2230654461835992
1.614172626974673,0.757472751377294
0.6982108056589157,0.21931277204733582
-0.04239471865717803,-0.15506549758946872
0.14148086585719832,0.13955314944895117
1.2545319296629158,0.6795070375245255
-0.2808873166615533,0.008979187379585002
0.6881715290289636,0.20258034780176976
1.8070002875111821,0.8038266334739542
-0.1944475366333518,0.012339614623215367
-1.692513433513117,-0.9377921680678198
-1.63481201729646,-0.8835062421024216
-0.12743920807871034,-0.07233861721814351
-0.2950598014957057,-0.23000675183421965
-0.4115594157946857,-0.2617156286060761
0.6759380987956312,0.2782390533464274
1.4213352374446673,0.7362844121311498
0.9144709408511593,0.5784160924865023
1.5369575229403607,0.9085925588543715
1.7681147061219853,0.8642332040930717
3.104273052041537,1.5456511336990126
0.6180223024086443,0.4560079711529531
2.681070452006267,1.385692946950638
2.2682781483951384,1.0214723194227717
0.7115614976710586,0.4606751050607947
0.6621588733864392,0.36448457086907166
0.39510968187466766,0.1611381121582841
0.13755291930028493,0.03291790431938142
0.5904820314513564,0.2441759534739087
-0.6941933047439961,-0.24770356803112858
0.8559931157152967,0.3629711023262512
1.6834520382526896,0.9746010538398596
1.0324214273645131,0.48748429078031724
-0.008130245152969007,0.11039307601304855
1.6791518764808866,0.811706939772
1.5908852281760515,0.8079438803801932
-0.14209726263652067,-0.05792705529833278
0.9883714582117289,0.6484934649812795
1.4611767192451595,0.7128679318775473
0.8039756070300741,0.41526794428457764
1.0688990062493406,0.3944861344053638
0.2852657408154498,0.05269079041902225
-1.1068155329664173,-0.5110807787305848
0.2599642611923656,0.12795338381067256
0.31995840530562303,0.2603133482285037
0.8519520954411322,0.2817750294344934
0.2668840835338648,0.21596219350486504
0.6435493145929825,0.13432020018933424
0.6207931279806473,0.25701770404928564
0.1840663584991807,0.019057286785350486
0.5384108078227534,0.20035472079637973
0.9318000766098129,0.49376418073952955
2.0762529687698894,1.1259293092748608
-0.7372329413057057,-0.2922221638864778
-0.2971083676773955,-0.08592723378577354
0.6643485107584637,0.46768366619594015
-0.04369818762237082,-0.08102932811366911
0.49340655849472703,0.18598742979194496
2.973309391647588,1.3150735064298305
2.1216904959575893,1.017296541009993
-0.43649172555804194,-0.21363006671666163
-1.9313439558865717,-0.9995647984665341
-0.9717144686094439,-0.38016423068538147
-2.1899643987635957,-0.9914370291608037
-0.97174941469743,-0.4780785550212225
0.7778446877368858,0.44843203779750906
1.1142912706239294,0.536050580792358
-0.521808933095428,-0.20249303538033425
-0.07162436046243181,-0.22225100876950957
0.5077273253301845,0.25563128594268325
-0.4864369297401017,-0.4390756083966939
-0.5619564433791076,-0.17323231498025066
0.8224439145318407,0.49014297564039144
0.3526414954951536,0.2188664160513321
0.2918964374944917,0.06861980695257425
-0.08767891338961387,-0.006769456615208572
0.11926347942107307,-0.0774523001684774
0.11875363997310426,0.12825721693579828
1.401383522654605,0.6316379894800639
0.24823709333431143,0.08519759988326905
0.2641484609675233,0.14500843776177186
1.3860802303355502,0.5747494988325974
0.1335849195002401,0.026111761187667802
-0.42990319696738727,-0.20113456174700847
1.5384538911129804,0.656893873405568
0.46847593462315507,0.2577335566654394
-1.179469521033114,-0.706433881146521
-1.83863871370575,-0.9754577042245156
0.4181294487899697,0.10185106047113357
-0.0029722235975939704,0.02293265367832169
0.9925712003451926,0.43028485441700726
-0.0385969305985282,0.06994929668958694
-0.5953624563630242,-0.29358310903510515
0.5826329380754842,0.18474744719948222
0.7214666170484964,0.4542473244465638
1.2155094135685536,0.6180191134833879
0.6146917002622793,0.4726384105208682
0.36075628631046636,0.16932293163277579
-1.1498934116099346,-0.6715731840403516
-1.210293987974511,-0.5971748229237641
-1.8301906049456709,-1.1171065984334585
-1.7235626320956672,-0.8882952513688339
-1.0989020275083583,-0.5384492469964564
0.10876100798347343,0.10458700053992143
-0.021604551743535733,0.04356885451519745
-0.010594001124629594,0.0022165238603612343
-0.6508878539724933,-0.3456832083377982
-0.5977589570264229,-0.29079174589769224
-0.12923427011877958,-0.10334814428428507
0.15803701381278046,0.2146937688921912
-1.2072759271466984,-0.6872329649660067
0.3420370835250086,0.04536657511881048
-1.6746025715184742,-0.8414454933730496
-0.3892432689526792,-0.010882527910592632
0.33102645539679076,0.0895850818857114
-0.3640390210902791,-0.2985658932635425
-0.8706924468547292,-0.44808268577009774
0.6510288473370702,0.14392097781986066
1.2206148261180862,0.6212493937535912
-0.527123655116714,-0.258026230875978
0.35744419601534416,0.13549407032757527
-0.019558066706032218,-0.05030611443726787
-2.3130214018497295,-1.0660580050151505
-2.120686677201218,-0.9266781393872281
-2.6788828709606936,-1.490767764605374
-1.2624550111613047,-0.7380506750685953
-2.2045439486417604,-1.0104269154515861
-0.7578646343831424,-0.3094207537685068
-0.9938505673498138,-0.3653181952797817
0.06619523688009665,-0.007968432161109783
-0.9838868064994832,-0.33171156627062637
-2.1477333004866415,-0.9117793739292404
-1.8917990173974357,-0.8916280687311702
0.1833260100816353,0.12342843940795348
1.7024253091631472,0.8109978021579606
0.3573608086305275,0.20097257276579972
-0.11083740683349669,-0.0402164307001123
-0.7027252405835974,-0.287806440543392
-0.09542937810853697,0.025586075983957526
0.15918762028422223,0.056076567831090246
0.08137588379440294,0.16431627002520788
-0.10320762684249182,-0.2498354974745371
-0.4840394987496582,-0.29942393538794604
-1.0172968052320368,-0.5772413730660726
-0.5207936880886247,-0.2773618934579293
-1.7277460076529885,-0.8919380376348109
-1.0995751747840363,-0.584009174187641
0.7784282896156898,0.43354613793659036
0.2128218103456162,0.01118596261441647
-0.4343627819738346,-0.17759813987118087
0.9036408984459448,0.45855899980456744
2.111845790789771,0.9963173777079575
1.032227958178524,0.4431003167518158
0.5781755621033374,0.31665419194162514
0.4080947321197346,0.21785849323949558
0.24285756802899552,0.036632111600665096
0.7500407415967616,0.4997693220943319
-1.1098423626674527,-0.5021094995498506
-0.030964222120687834,-0.17693876201372516
-0.5663560522541682,-0.2810516803736736
0.07270713270100915,0.05134279167038162
-1.6534487680517191,-0.8723144961083042
1.058067310990094,0.5396957868802722
-0.7015476079387488,-0.4847053020538842
0.02924438862736478,0.11974145042799678
0.4867398512857506,0.24096983718901313
-0.7237225299764306,-0.36070202556957337
-0.22675348358778277,-0.037086945722879724
-0.9603491421926007,-0.47943293376977303
-0.16383760696362598,-0.23752913816824864
-0.352578118184299,-0.3189287497127212
-0.6341732938992806,-0.4400201635671531
-0.3876480780334407,-0.2856021747437042
0.44358044113903494,0.048712152544103354
-0.8935335574959402,-0.4565391379689435
-2.6056303506967153,-1.3909624050847464
-0.7010399282933668,-0.28763984468398485
-0.12448495957149819,0.1076087036500685
-0.5476875552933347,-0.2852229686980107
-1.0031038322528087,-0.6766755629784146
-1.0116369586313496,-0.5462865896766328
-0.8009369588974491,-0.401877637988935
0.020300524398019104,0.12127606783978266
-0.1445884640178522,-0.17459594912168108
-0.0019796281789767473,-0.048566096021334146
-0.9520464803088367,-0.433718277069131
-1.4758999295631328,-0.7310750150255172
1.3164171246707457,0.7007111101658929
0.2770598017232353,0.21351703222721438
-0.31421539209548566,-0.1237070592177992
0.5961687324305394,0.3171437096357621
-0.8441258055568588,-0.5686829080434141
-1.2139070718845009,-0.657980367374579
0.7702780020430707,0.5150427495865104
0.8096346926028309,0.18597772750896266
-0.34792149157049057,-0.0841193573227738
1.378307887918688,0.8559826459615707
0.49456533317857465,0.36524559715130134
0.6958839071279528,0.2850052515399394
2.387855490045131,1.2866501862607607
-0.5964785417706104,-0.3775079398705695
0.3781292232958151,0.2848476909508769
-0.7378545035443258,-0.38091714190343406
0.7128903900128325,0.21653898037515987
0.585779368052288,0.2483096389503322
-0.21276479446412971,-0.07125471100285918
1.9849645932626474,1.0822907514189568
1.16062542627497,0.5821773542234955
0.49363913578840046,0.22333627388026422
1.309207281972519,0.5795476187636783
-1.3147956378708385,-0.5879441239909732
-2.6969888339103227,-1.258379816178716
-1.5374042538530333,-0.9256811209793044
-1.2372646681847042,-0.5678575186264835
-1.133714264498841,-0.5157327252876734
-3.089177977758886,-1.4725843146879163
-0.7970138599475528,-0.5059878558399987
-0.7308079119377187,-0.25860524975373084
-1.342054627380409,-0.7730006718509276
-0.543084785668602,-0.4449741828170765
-0.16533057349429908,-0.12315565949814256
-0.890111875802499,-0.520449850814471
0.03992717285850578,0.08386649498435127
0.9755259764332875,0.40451733821499897
1.5885185483282127,0.786652366983109
2.4001669714882246,1.0634099318963874
-0.2954166185680268,-0.01628783247352894
1.0667766298614363,0.5936369042601608
1.0664525437147303,0.5605144429120051
1.8108600927081029,0.9326868388480107
2.8246784738639783,1.4374473965338375
0.8005588208304367,0.37311998678946157
1.7247560931981671,0.9556061927888877
1.4346047408696991,0.6849262512919602
-0.21708007831514065,-0.12598312344313384
-0.5593052977312517,-0.24618663176771033
0.06501463148753406,-0.005658040927325282
-1.052716801950267,-0.6629018071562509
-0.2753470112326129,-0.19497462493890141
-2.3848290736177087,-1.2855683063282481
-2.0435225464331994,-0.9343499579952799
-1.33157818487581,-0.6851570676628931
-0.5537373655998654,-0.29652860442514817
-0.2740521661232339,-0.3644669472514285
0.2662455626508491,0.12569119849581387
1.405665999640822,0.8637521096961116
2.1640132135575434,1.1365178399887088
0.9674390209761002,0.6376400657262898
-0.7060533387225495,-0.2549021086153823
0.19869678059874768,0.055885941803130335
-0.39948133205338,-0.3016457012282716
1.8584809512520106,1.1055576624503844
2.108151362169549,1.0458707269763234
0.6203145197960177,0.3334171318985454
0.13769337966965844,-0.008216862167612249
-1.334266162683987,-0.5677305146143359
-1.169058597178468,-0.47418595310424305
-1.4611344099345365,-0.7285493847860146
0.8218303282887326,0.40742021421860725
1.183243358332525,0.8037698976520677
-0.04304820840174617,-0.03903518823235341
-0.25514695247578,-0.14842801219058102
0.03401028121458061,0.05232128958197464
-0.6034988639472522,-0.19765758849900034
0.5659361677994394,0.18951571794853567
-0.5851064255985421,-0.24657111219605543
-1.0297501909933797,-0.5271808890662955
0.5047894006871634,0.289146173883054
-1.064260606651158,-0.5093122882524708
-0.3424299382722452,-0.32050629722093793
-1.1899524598354942,-0.5512377572610206
-1.1363922228379617,-0.8532365999324428
-0.4163654147267748,-0.20488774435129647
-0.49007544567539413,-0.22739340487204496
-1.5276202623111463,-0.762317998219954
-0.9251451713876414,-0.2800325560710374
-2.3398767105798015,-0.9696621318844386
-0.5314579082863283,-0.2926878025884632
-0.036492112998106174,0.004100355704428786
-0.5077212652730749,-0.18149350780567175
0.9799537482532887,0.5206418040891578
-0.557718135096712,-0.39556241282285076
-1.2141996113215192,-0.5089528780267127
-0.039154323423428616,-0.0943271579643941
-0.746304097209313,-0.28023913170746023
0.3436066260392592,0.01633249621299851
-0.6748558902342088,-0.31441722700828617
-0.9260593954055271,-0.43472852794020134
-0.5144265482991528,-0.31342367172525387
0.8103929749516047,0.3599191107885656
1.5648853215897955,0.8173939395542893
0.21704889634125518,0.00906993110757208
-0.40160659114988806,0.013440526360151389
-2.2910308052907493,-0.9483771643731129
-2.5397812811917913,-1.2804535222778328
-0.2352105782481444,-0.2184711145769817
0.47854918635562355,0.1730268291734588
-1.1939208603546794,-0.7146025490695334
0.4047135467242208,0.2265150177406639
0.008119662834760788,0.010433181252045336
-1.7753773007916909,-0.8170478678519979
0.43742401156337285,0.09925324412512107
1.4018968190874437,0.7441217436660476
0.25488269998119717,0.16260620320309882
0.7884934890930665,0.4005524416936558
1.2370980576572899,0.5692870760632853
2.4072100843015427,1.2059835568535495
0.572108197559809,0.24458698419564162
2.4450269286267394,1.2762427882453533
-0.16610698333291352,-0.21424874589243412
-1.0522674750689498,-0.7188244979974201
-0.4160007137929801,-0.16170434956280572
-0.01246895171741319,0.05216122657663279
-0.7227508257177898,-0.47969540416300094
-1.9582076815142913,-1.1479077824922583
-0.4735636002440561,-0.16789028872449965
-0.9637250464033782,-0.47341635072765287
0.33539915829731515,0.2619992645188973
-0.7201391959764456,-0.2679657808567105
0.5913015787974356,0.36651868002010335
0.41121757668422493,0.18777526430547817
0.8984734830096952,0.3981020105011759
-1.4628047805857625,-0.7421842941034722
-1.9089453904897118,-0.9997814510118986
-2.132753206217938,-1.0462392990492106
-0.0633732300747093,-0.08146014379925287
-0.7057191365520812,-0.40493033844131604
0.0961019981436374,0.0019613190098418665
0.5714959229324715,0.17550257891336002
-0.5886333162568362,-0.20991481951344662
-2.0580566030463383,-0.8970011775767275
-1.7460003539163724,-0.7280464307347806
-0.7186761355691172,-0.2929546783955418
-1.9506809708302408,-0.8970256554965246
-1.4191203934180199,-0.7437316749514096
-1.2733523209554964,-0.6234564666838637
-0.9377940884658149,-0.4904461485512289
0.8311921438978842,0.4499636943750993
0.15529746130480981,0.16633276991969453
-0.23889786168815194,-0.06798493255384826
0.09084896803402989,-0.036497496214873276
-0.10165584885798867,0.08066836453042411
0.33524880425548526,0.3097999717315006
0.3998486004359928,0.24624612399826384
0.2809356300237414,0.19384338769362477
1.6935436661278274,0.8325202462165167
0.8220416878894818,0.4416542703642792
0.8230038608063176,0.5475283650905098
1.1481843189251177,0.4505483248637559
-0.7348074406451993,-0.3506408059182478
0.09310995809093026,-0.12476804315209059
-0.5239812173598488,-0.057564355267437084
0.35776186457898834,0.1419618737802296
0.7037016824718442,0.4061537395500547
-0.553175154974825,-0.08299494615465952
-0.1510803765431751,-0.09435176780572439
0.6269715916335944,0.25198858660999807
1.1772251780256437,0.7241946263927768
0.3887226554284682,0.15681914665520905
-1.1378175680517648,-0.5024529554697253
-1.3122506522782609,-0.762282173803317
-1.2833156759718671,-0.5682109323693502
0.6856772551691004,0.5073602043760577
-0.7169853406640011,-0.331067059703962
-0.8110128928164106,-0.3991431372923082
-1.7746015868308764,-0.8826032440521376
-0.922092870877437,-0.3563308417387306
0.49051080738745645,0.15121642942065816
-0.7786436102014653,-0.1646008360598127
0.7270009077873882,0.3066395085307053
1.2946524416268952,0.8739008837340655
0.720095195648922,0.4025973756862352
1.1434179053781617,0.5503001543917687
1.7403118038384369,0.8627598593328871
-0.20350814668448014,-0.09814406855552461
-0.7849137221388878,-0.22679846580556
-2.534068872766228,-1.231956113579758
-0.8479106439713607,-0.5467972725492535
0.6040397247436737,0.2866474683737222
1.1393874840240557,0.5539331790528484
0.7840620855105085,0.26930549693205574
1.7398033951297094,0.8634603844377405
1.8425885719318198,1.063634485979466
2.498694356654873,1.2386847899552673
2.0749769493104235,1.035128636730181
4.033344105490246,2.0316398665380153
2.4866627790267506,1.1841115365226778
0.5455125700797872,0.29350631132092575
0.04596697476160777,-0.10094187370075726
1.1450272710121387,0.6588834868841976
0.8994488473052821,0.4565446827740351
1.2182599639053744,0.5416016399819139
1.3843263342810084,0.6983106716467153
1.9604669537735506,0.8562047197970224
0.6031410033677584,0.3338184038055549
1.772827732562666,0.8197046109797214
-0.8778587299035177,-0.48720607582696096
-0.06692184827434955,-0.09499269043645261
-0.6188773238185536,-0.2704789215116521
-1.725490109893566,-0.8146924669195126
-0.7853348705962552,-0.24675167071104034
-0.12410696593966314,0.002129255404119332
