1.4220610948740948,0.6627813732512967
1.9830576240762356,0.9765528586537865
0.22999650496666346,0.11603196271921465
0.4039099834794408,0.2723255115504812
0.7858416509854526,0.4920127906613206
-0.09102084695770135,-0.0870451938397083
-0.5582938675307278,-0.4164186263898735
0.7966026978692766,0.27938188884339
-1.4664403048502939,-0.7542851877121485
-1.4119248727009022,-0.8335065395329061
-1.2351715217834065,-0.6983683838279036
-0.7801756681700642,-0.3415233567596771
-0.03147500632783262,-0.17156693791397185
1.9781523156409748,1.0569970164682385
-0.4364152929839302,-0.291530078037263
-0.5275285687060145,-0.14716550452996763
-0.9189204012784048,-0.6313364573861229
-1.1947190120939102,-0.7156647048948036
-1.565608036670074,-0.9334790542200588
-0.2807743275466618,0.03323771843726586
1.8548364616877262,0.8871170286382897
1.4004231138821064,0.7422584521220479
1.4283329909741016,0.8009329670146426
0.16426434849007276,0.0845038107483232
2.1714716658337814,1.0685698360556188
-1.9999838723191425,-1.138893968723473
-1.5849676928138758,-0.7126372648199453
-1.9543372989209942,-1.0618191907539005
0.4194401219634877,0.09586010705719249
-0.14508969019118095,-0.06548186145899729
0.9202634620420238,0.487264198240077
1.6012552133543378,0.8966069612787676
1.818295470157731,0.9687901173623511
2.6074748935521073,1.1964868217302325
1.8188236341446113,0.9518631181668125
1.9444802642947008,0.9474973310271798
2.1366714521318952,0.9640847675893407
-0.9925384791207844,-0.6651753991500966
-0.8233152525868919,-0.428618278384479
-0.31249051414223217,-0.2465920091240744
-1.6052136062393632,-0.6595119257265339
-0.7928400779672468,-0.17805972620574606
-0.7038891557422265,-0.29228163774319726
-0.3224297259374116,-0.08304008758145376
0.22561856346026643,0.13829083170690332
1.4062021180642073,0.7382898528057781
2.4304596511324057,1.21472244837319
1.675085127953933,0.8441629147318401
-0.2917210451994733,-0.13204653525605647
-0.5862230927290754,-0.27646397667109185
-0.45896260968189173,-0.14229832285222807
0.3379034168270677,-0.014658085327866832
-1.291711917917445,-0.6537050248968499
-0.7319522159930361,-0.37480252674184433
0.17762415549759392,0.0959137508776856
-0.4028012019859025,-0.2814400118175064
-0.06596812577075839,-0.03277857804033856
-0.17680147212552721,-0.060417501814290134
1.636086720651468,0.7402119924617572
-1.3215226290564446,-0.47934834798523096
-1.9491536878966782,-0.8603146493563292
-0.3907324869533098,-0.30300466570017237
0.9518477983772611,0.42489674107593195
0.4815365274562471,0.10352281087568058
-0.4817026904051683,-0.07389274315409464
-0.2885439900984659,-0.007865112138000702
-0.5361299779182563,-0.23638629092642946
-2.0552680968850643,-0.9877103126927649
-1.5721277943345744,-0.8162634961195341
-1.8728349965240758,-0.9941774209835662
-0.5299998898432683,-0.0010854401872296138
-0.6816818687720828,-0.4681862699834926
-0.047694148763973154,-0.10268462561572657
-0.5180712363029415,-0.3034935681828259
-0.13532902998349028,-0.012632480708093592
-0.6459538791297619,-0.2195357385421903
0.0767330239541602,0.05317598309609933
1.4431058908751226,0.4970954418498218
-0.26222485804572737,-0.2909763603529767
-0.2398779664031646,-0.03775840980560989
-1.7730594507799253,-0.9472674394818495
-0.31141091058877163,-0.17368259457770455
0.3372459632595898,0.2133886395264916
-0.37520723844950454,-0.142480586153762
-0.5204603137465574,-0.22960403099165544
-2.316349643682189,-1.1110467682417724
0.939551183192497,0.6504937077359445
0.7147357238875371,0.16943421506828826
0.9863508680186042,0.5831158155208656
-0.2243292284360291,-0.18059069545270262
0.3503786147835278,0.10210670906433096
0.30088552343147673,0.09282911463021183
0.5970335542583121,0.3496376410491573
0.7154333379137886,0.39292180864139137
-1.2044119003618847,-0.6289526722588364
-1.3788309135092258,-0.8212855070498006
-2.057358889298718,-1.048245128985122
0.6540128725420487,0.22189282617675554
0.596791929800951,0.2145318939638849
0.1746946520671706,0.20377596068126716
1.7667012802952184,0.8222467759929843
1.7813252953587804,0.9493261598084006
1.8778049412302953,0.9738338871601123
0.7864050074965367,0.3570883698153892
-0.9268384159563251,-0.47620723185381914
0.5161483865121971,0.2936080169210535
-0.4224977228007589,-0.05912960552322108
1.7990510885377264,0.8627238851111088
1.368812201786684,0.56159351682014
1.0055480604596996,0.5133134413916036
-1.1716957178315592,-0.592979508867943
-2.5378521531554887,-1.3045626663896772
-1.3759179561805943,-0.6600971146478161
0.3197863834743798,0.22769333763118527
-0.20279291145288122,-0.13939919259044353
-1.4898465157848932,-0.617940837755409
-1.5750333589170702,-0.89647147955042
-1.5035219711777152,-0.680546091088858
-1.0575259400546064,-0.514498511509209
0.10229599052754745,-0.06674726812727169
0.8940487895447655,0.44739983782324205
0.3738688433064768,0.23021411549751294
1.1736541920558987,0.47602824602017907
1.821660005919849,0.9800580792095687
-0.4437813040427302,-0.2074481809739215
0.13432848261415054,0.0028289959212578902
0.4593418793202047,0.16768931861183292
1.0001080342405926,0.6127983753062314
1.3815298747137996,0.8065136071532285
1.5049454399962154,0.7713633997411348
2.924116426691796,1.4881333381033441
1.311388878667077,0.5881241082284948
0.549983831826404,0.32012581750800906
1.1153677246466205,0.5293277147806594
-0.4660604550132881,-0.1125896965503399
0.5028734038990903,0.27655815545353357
-0.07313334193653553,-0.10259905147465066
-0.19043778460778768,-0.08138506000763716
0.9168151864807581,0.5459267130415733
1.2291683560623354,0.6096005634566006
-0.015610892256150088,0.06632404460444488
-1.6213835080448815,-0.7410905007624699
-2.085768287061554,-1.1166058603982632
-2.4400232553915027,-1.0850565899395197
-0.2976306957518271,-0.005648442790702035
1.1823030142724185,0.6395762578728452
1.7217216910443933,0.7556229399799445
-0.5147166987184378,-0.297356844394726
-1.5913497302619377,-0.8897415094477421
-2.152457708577464,-1.0466157147474875
-0.8248080505296241,-0.41364409545441155
-1.1151597567790361,-0.41938482158132595
-0.11119803043175924,0.06758343357914263
-1.4401430085847449,-0.7328386581988785
0.07005240728200524,0.13831634117931968
-0.2746091362119226,-0.14309675959480386
1.1690623011097039,0.505692763539082
0.21404776678287818,0.19482469077401166
-0.42591789857454887,-0.2941972513487888
1.3355047597098775,0.691432083385126
-0.5435191593924455,-0.3850134337303016
-0.6318770289480818,-0.4291486639598158
-0.1653857873785635,-0.19953231188400683
0.3384474296329083,0.105256578524428
0.19137693499136627,0.09124352262624585
-0.4540247821464696,-0.05140100760506616
-0.7660825480282176,-0.41577452486567235
0.3571109962073581,0.28575088878472504
0.19829622451405537,0.16732979865783557
0.4132018552307938,0.1331331053905127
0.6879562323953212,0.36946191439888304
-0.6312277086344329,-0.2670543898801693
0.6291809930962231,0.5206394821482347
0.757939001159776,0.29313064317025106
-0.2074450554079031,-0.1726831673145196
-1.5833655024222055,-0.6439548226486009
0.6773663274920715,0.40875567714502603
1.4911846187840885,0.756272038224555
1.4391808666013894,0.8754580107707198
-1.1756053415929402,-0.4969021572461425
-0.4223012322741136,-0.12501511946714552
0.01204341663898667,0.0682442809620343
0.8620969840313927,0.5500110422809075
0.04227649025385821,0.09663994988101393
-2.688746941280471,-1.1307397294752637
-0.9647205146314922,-0.48153326743568897
-0.7407668063923922,-0.19737052014942247
-2.3468609277916794,-1.0685623315979351
-0.9840608848743644,-0.4232633538052841
-2.6134846944494416,-1.003505205601518
-1.0016669213157317,-0.37837946879135764
-0.5802696261420205,-0.21386921457824576
-0.511767709681336,-0.49313526803895286
-0.1512534390893806,-0.03259929716889948
-1.420405986482554,-0.788719289727938
0.630372696782314,0.22413629177164943
-0.7878552194052472,-0.40020949318871607
0.5798922445851127,0.28234219390567006
0.7850516964602892,0.315551405319648
0.2814142447291592,0.13501713746986946
-0.3604780691861129,-0.07072865535597234
-1.4315648628532323,-0.7978782106562936
-1.1287000192852634,-0.5178886691069048
-0.1308538008250852,0.10109340940349759
0.5876377824758934,0.22436254345101375
-0.5850998234810628,-0.2952516353878937
-1.7997571390274716,-0.8294337849235786
-1.450440871209047,-0.6702048146967184
-1.919961385016232,-0.9408597972165278
-1.4406396978944103,-0.8573211633628597
0.21963347194955474,0.10716551537177305
1.044035113914137,0.31961012109860204
1.3764042680031816,0.710549409758517
1.4936398104011734,0.6401270057750288
-0.392412136638146,-0.25530241761839234
0.7087956844099274,0.5784328175106352
0.48467752286399557,0.22969112221821733
0.67902557259422,0.28892206054011327
0.6347855004784131,0.35785459892421917
1.347460517130396,0.588698003667108
1.9544108672146423,1.2082080651758549
0.7564126707202438,0.34623393251737233
0.5999062848360767,0.4068240490178369
0.433040045435882,0.14385642627834427
-0.574501005682615,-0.2942718807444753
1.025948517443277,0.4534853922423973
0.45786090339016866,0.26186183142462
0.8652286789295272,0.43461497075211225
0.5822143489517085,0.1734664324390094
0.7269189006883168,0.33922305624922955
0.4598579590192639,0.3565530812471065
-0.08655265058695238,-0.04852519896208889
-0.21085564447757896,-0.044089753768865855
-0.11594072999182348,-0.1588790586993073
-0.5183784057366331,-0.11516018799174718
-1.7814872220662812,-1.083855974758591
-0.3176856139051564,-0.1542613231598323
-0.19001212981166224,0.0721184714146859
0.797003997598081,0.1914319083317722
0.7381828727117982,0.3991852119344633
-0.8147762697531347,-0.5088114777469976
-0.3911289521195838,-0.1352728180532251
1.4633772331008028,0.6782151572070657
2.404836000132417,1.255191297171348
1.8417384860764883,0.9213111126546564
-2.5180557801999304,-1.1274767715222709
1.339398187153389,0.5792426156765439
1.0728171901850323,0.4495424031883206
-0.04182573687416702,-0.025583876483504076
-0.47777113412649963,-0.21067348510384049
0.38109221612869737,0.018584830174987688
-0.9453540284805915,-0.4922933703625073
-0.5768627474678679,-0.2326081776189771
-2.316143720026516,-0.992799114189914
-1.3862014841804666,-0.641742558651608
-2.1409976755364823,-1.0728718333805842
-1.2599584980126863,-0.7751680932193223
-0.4591131757681099,-0.35493571462134604
-1.1623870534002978,-0.6536119798058744
-0.08110489679767352,0.04451396237433258
0.6211017505410948,0.26927300629475837
0.9070505344619012,0.6484568370794264
-0.10941028541845865,-0.11781869046541087
-0.4643064928692493,-0.24554105563672
1.2884282128927071,0.7313516600813543
1.8171293511670394,0.9559381950989002
1.3561217973010313,0.6567176107568511
-0.4025639643019071,-0.1716503153162241
0.13318347295020738,0.005739604694905441
0.28000420797699277,0.15596918273358276
0.6185930960336731,0.3312668585664734
-0.002619066314034857,-0.06170996588704906
0.9097502292024058,0.44714742841571814
1.1054109666025147,0.47142552126461545
-0.10398642145691095,-0.10282098931246439
1.146861062938632,0.5758244325459112
0.6027970862493955,0.4323715429153204
0.25593641362452746,0.17385447145788333
-0.7175053768713411,-0.4018512429006536
-0.04257249252740786,0.03640397580248615
0.27544703677158416,0.016803007653163546
1.4916167250843928,0.7228210398295634
0.40334375123667904,0.16956969321506707
-0.05543072604306709,0.04904122248419868
-0.5050980668053069,-0.30969683112631824
-0.9508562202992674,-0.4293486034560545
-0.4479479960552657,-0.0074528807294065025
0.5059424469567966,0.24759862948073616
1.172076992158352,0.6743036103014177
-0.3991122765377837,-0.2777654551144324
-0.5517601501405736,-0.3448465616084506
-0.4250874614622456,-0.020186111822721925
-0.8216358473670208,-0.5070676556748878
-0.6319109953532873,-0.2297961467561424
0.46676650659439267,0.19372247308156304
1.0053963888253143,0.3820607102721741
0.7158305485457098,0.41897589801433377
-0.9971482181361404,-0.49015297908531386
1.393768570751861,0.6963344237427804
-1.6914800873559388,-0.8851627509940719
-1.856916588738847,-0.8949899990594778
-0.49184838921451324,-0.18429602242436197
-1.2749439902974904,-0.38134212048432153
-0.7012678446968844,-0.24146435380576092
-0.9644609709092994,-0.40701086987098456
0.5365307616653682,0.39006610454464075
0.2894532996635779,0.1507460626761155
-0.6698525585745245,-0.2604422612824793
0.056828920007213846,0.11976905418375683
-0.1935291022847186,-0.1051612083309196
0.4713393979915296,0.19266073158763292
-0.6078040740643015,-0.3612100931860013
-0.33444378438529143,-0.16599335834941467
-1.1658846706093793,-0.4170061882011088
-1.744641029762127,-0.8911948093535165
0.12469087252680477,0.11328203724164815
-0.5652146759712038,-0.34303976222112575
-1.5774462049738702,-0.9714318741342699
0.12921908244974778,0.03822657728718683
2.2680145012319617,1.1362530544112561
1.5841169523711403,0.8427406591337175
2.3281428095826,1.120877198771017
1.7275320731426098,0.8636830221726315
1.1621476952454008,0.4068310081271613
0.3252635548693139,0.13803746774181955
0.7758591085691668,0.3039817942490337
0.564583047210137,0.34367003382614686
-0.36801533218780713,-0.06847797341454312
0.31041993899114606,0.1672005761515149
-0.7760974741228657,-0.28630264342780154
-0.7088219248789777,-0.2099973738831515
-0.5564661776725588,-0.36617518564116414
-0.44467733286806366,-0.3424113498544632
-1.0547192242096197,-0.6557464587305131
0.2980755101429732,0.15628320094756112
-0.010300091314127652,-0.011709802293725253
-1.2322177632674816,-0.6708053932323172
-0.4475926167050238,-0.23065263942182412
-0.48519812442677546,-0.24486770046977005
-1.5068589875707104,-0.7899069017810136
-1.265288491090411,-0.6175543971447447
0.5950960616573997,0.35022727166035617
-0.7484815619239645,-0.23643543170594106
-2.356329625164016,-1.212362761383685
-1.3966604417838562,-0.8732873404595416
-0.6331864498941047,-0.4349719899588367
-0.2849800933060179,-0.2539274938529284
0.1336663445574459,-0.07822368374634155
0.7172647632736155,0.2936969988156822
1.3669150748132701,0.6263098588990627
-0.476644810069514,-0.2634167187446783
-0.31390537550217346,-0.21010013099117822
0.9390210172440969,0.48408809132011876
0.7648206261385793,0.4074587288856658
0.01800607467474774,0.16634093964323718
-2.613075307727768,-1.334234825175668
0.48702673164261523,0.18934620497528773
1.394996326961983,0.6305587151385674
2.024960291826389,0.8831410620892953
-0.45438988772064304,-0.2253836314021081
-0.8104676910873463,-0.20723630558826098
-0.6236513301967589,-0.389528027410983
0.8811180166631931,0.4556832507145525
2.1216734094679675,0.8495723669522375
0.9124042935256711,0.5454859262699451
1.4083339023191326,0.788440397269172
-0.962644858736172,-0.5602771708946959
-1.3205874538235571,-0.7968876529770093
-1.5490407979252068,-0.8187901263047543
-0.10459470819306482,-0.03937915165890837
-0.9884457482827117,-0.43231661108915426
0.7177184021465909,0.30777645398391873
2.147848395276807,1.0857222846986165
-0.21801340492020238,-0.12116162620645246
0.7302428701856605,0.45658367357414537
-0.07695210203581027,-0.22196525732879463
-0.33669967836967124,-0.29767459143238184
0.7715127647264113,0.5710726212242694
1.750185106424291,0.8271194695826608
0.2025064838428141,0.05397403216968506
-0.45186523164285874,-0.2602989628779816
0.9847530885419122,0.635733212995647
0.9920989535374091,0.6059849183187951
2.2018791215263565,1.072910645190345
1.5516820259035897,0.8022070672815852
1.5930472611310942,0.8962303636093323
0.5306063837751466,0.16942901822290268
-0.6439387606039667,-0.3289065873647099
0.6446388328447027,0.32549853402046997
-0.4732588408625932,-0.24399636281362047
0.5067388315453558,0.38787731328651925
0.1414839633390069,0.15002525403132583
-1.0087379013540698,-0.5640402107742449
-1.0663759606662655,-0.5140107427027323
0.09234826388502404,0.07780383211961261
-0.7179741505716101,-0.28847895196043033
-0.24131402781629005,-0.170232360204092
-1.187773278144453,-0.6631405610117921
-2.132577613249028,-1.0779344109902855
-0.20243477826366452,0.17696086937599986
1.6151789667650098,0.7355683565822364
0.1952331493851992,0.08879276717312726
-1.1762352871637165,-0.7509790985749019
-1.5849800828331622,-0.8591065380676227
0.4445944801138242,0.33314694610346296
0.274731419763559,0.21120357043521126
1.4528718577849613,0.81228253194756
0.9313067574237213,0.5269230318267777
0.3049484237913829,0.22732109795626515
0.35698797648978714,0.12188102995277139
-0.7944809545943521,-0.5135681653850239
-0.10269200027535669,0.027497290066578167
1.3802620571874666,0.7455547029988548
0.9025653220882337,0.517607180619965
-0.1578473760993463,-0.025161018449357593
1.1594056188417943,0.7606788913185019
0.4359854467203932,0.2057644133502617
1.0302119157317136,0.49429916917934175
1.3696973327498927,0.6270729435736788
0.7997412920803152,0.1232739865212325
-0.30739733117530804,-0.18742944160978825
0.8931074860595904,0.3971927390992192
-0.6759735468427626,-0.20798815103062035
0.7031196266375787,0.48851258797984426
0.7970960813763697,0.500518531281283
1.6541188494365002,0.9837014244169854
-1.6722306891069136,-0.6535326258178482
-1.1892383202617682,-0.7324501323379443
-0.10440257858203084,-0.03642334717351049
-0.8350691373460272,-0.5176021090103066
1.3354340580539479,0.8213095000715227
0.9235230207114884,0.367235991644708
1.012227895433289,0.4011109305385645
2.1759346706860265,1.0421687176161896
-0.26927157561501947,0.02279913803285949
-1.0838226101798067,-0.5261037248660402
-1.3235709291927047,-0.6354527924489797
0.35404054690360454,0.05603960946369739
0.16710435076042915,0.12168482652744218
-0.32621072014852914,-0.16380775859576896
-1.0978248577380896,-0.5438134361566802
0.175678066345481,0.17565148729795446
0.0768899619594087,-0.03844023742195883
0.823938590018453,0.3134476652401757
2.2249369326332546,1.2193029091830185
-0.2298006010683793,-0.17072293754407725
2.2273142782432434,1.053724419511553
1.5247629654893762,0.5770394343349918
0.425064255838106,0.2823981550411199
-0.6337413203258819,-0.3701982871188209
0.0810637602400961,0.09049010998541893
-0.2053066724394912,-0.10001582527939612
0.2257913468353884,0.0779759554262543
0.7785994277393198,0.37674121622202733
-0.003353578875656238,-0.09965856982307993
-0.7706796018640324,-0.2866652386631679
-0.8758365301953042,-0.5720682466320897
-0.2327489878364733,-0.193394466949542
0.9233529604517173,0.45478096956627817
0.9486406520467835,0.4930699284269951
1.6988151062269636,0.8060369397625179
2.907104886338262,1.4418445889039808
1.9467270747749885,0.9564335590631112
1.4214561217841943,0.5998195692001658
-0.09267497753735132,0.004658269829229282
1.2894379870797312,0.6138456599399491
-1.2037650155720208,-0.5987279812061207
-0.9690903286461012,-0.6973938649014522
-0.9518860141018651,-0.425324615272169
1.0175392559031047,0.6866194637752929
1.0755564360382661,0.42738388766319885
2.105561968109588,1.1487078646997917
1.8240509064073902,1.012163510059366
0.0016157324549751495,0.22000175534712335
0.1460930222601984,0.027809498984814038
-0.14111061731880226,-0.05096987042332023
-1.0420232055620982,-0.4721369504213928
-0.7309164080507127,-0.1825732352816375
0.07927804497629315,0.10778201190301753
-0.5182790781051042,-0.35621860472738737
0.7501950709778176,0.3982311743258876
0.8517557444543515,0.5005072635349793
0.9071485672703228,0.50230701145492
-0.10332403146663649,0.02125111825348011
0.40523010775345325,0.13998636826973332
0.6880191466932966,0.3319475321474029
0.002652397635282522,-0.016817068599239475
-0.9544386589689576,-0.5955388443704729
-0.09635741318633795,0.04974327690644034
0.18272514113063124,0.20788164052479463
-0.16193924768219597,0.015970101499362524
0.6413453628962594,0.27100978206860776
-0.3297174728561818,-0.12490798441638878
-0.3232038406853064,-0.14862375753746002
-0.3257905392746758,-0.18442632252853908
-0.11577901181773281,-0.19243557671754746
0.4803488493547288,0.32476599514683124
0.5483451249024621,0.3821928145683267
0.18824793892208394,0.12241714742892465
-0.9897146900058749,-0.4354203721886163
-1.036745405759802,-0.6844563802713128
-1.557875718249743,-0.7185072844919294
-1.0607724201312276,-0.6760230741723068
0.3382494494353393,0.1313248349864647
1.2873902848820609,0.6408641750152086
-0.5102520985707296,-0.20722496905668067
0.6925906444487081,0.33440833947354665
3.0526497379457864,1.449108006756106
3.212197743335807,1.6079249185224878
1.5954544133997741,0.9175493901871046
1.4599118181917699,0.7177291567110172
-0.7839197225516639,-0.394096344960951
1.323772998905087,0.7329199188490053
2.1522317063908445,0.8070329989115921
1.087280648182071,0.44382826268788017
1.6150010846338563,0.6924477621505897
-0.6476903012657147,-0.3426708749807996
-1.016513677194014,-0.43572236159420985
-0.896619916175981,-0.41514777875831393
-0.7816372097718451,-0.4500054393630889
0.8288801792205504,0.4852913521124085
1.7874777025737438,0.9332917244572825
0.7861944921396857,0.40361631648903235
0.0029365629787731495,-0.17688536233669477
-0.9636278268755555,-0.41966461257813614
-0.48462552219749194,-0.1780915471823773
-0.7640293484646268,-0.3093510909598797
-0.5073008334182801,-0.18594929624119796
1.0272208609519478,0.4080635897811849
1.8910904630020553,0.9010846169104914
0.8075748786971284,0.38125709767637767
0.7575122466205768,0.32611053658783506
1.2193046781975672,0.5886221135169741
-0.07908656728720509,-0.15506534136958694
1.0374768602900613,0.6514254083791962
-0.09236978743015412,-0.004766604069302412
-0.17315606885903967,-0.11298813851616599
-0.0963409876634795,-0.07862581895301796
0.3104921805278092,0.17871047146094673
-1.3224507607393172,-0.8769803490960584
-1.275420855043413,-0.6533960063844672
-0.44233480050938123,-0.31882504210676527
-2.0366312768823187,-1.2303043533425881
-0.8606343969671464,-0.441860817248169
0.7421105008675564,0.283444887533465
-0.5895704849640883,-0.4118819905091945
1.4248361758081325,0.7012367217658482
1.2237932856721656,0.6121733271231292
-0.5698338828196949,-0.3717177527548864
-1.1700381753416975,-0.7184216204399986
-1.6174496493240311,-0.8297290454116498
-1.3841300996199974,-0.7372271847006808
0.15664051122773948,0.22231185677807616
0.13925948292587065,0.08512719020231362
-0.21096354237016163,-0.22680470238767445
0.3408797689833952,0.11642623796667356
0.5686816673991613,0.29229134420279146
1.2099147128385,0.6193503407992221
-0.01413485541624837,0.10259101563235656
-0.7249787582834922,-0.3227225789646832
-0.46296430148472745,-0.3833299726184331
0.00977378826981351,0.15367170703069472
-2.374410542516287,-1.290254314859658
-0.07169738993683361,-0.039605541422803175
-1.2213466586840585,-0.5342233148860132
-2.545662097823779,-1.3005679811251474
-0.255748409052422,-0.010946131374265824
0.11076348594789348,0.027959273132469445
1.578986416128663,0.7966056590522173
-0.2829253764532874,-0.10045130771466856
0.6568577635898276,0.33314705249191373
2.6230354835669796,1.4203179518439357
1.654013572520483,0.7893667499320975
2.3715549185214324,1.0807353642061817
-0.5137055102458095,-0.21219599603809422
-0.8180351789512501,-0.4218720464559775
-1.4832792931708265,-0.8356575498187716
0.6333770709183091,0.34091578461627875
0.9168928816608047,0.5453013652343817
0.31366311106909844,0.08737575788244885
0.6133661258127844,0.27930203444207313
0.5954913939158223,0.4472968346635052
1.8639903417166241,0.8429859215719646
1.363810035254994,0.7242681426825842
-0.046346414752566956,0.08177403522830473
1.1012102789252949,0.5235214729109522
0.10509630510628298,0.14189572512627824
0.6847790408047658,0.32894424379247145
1.4160921445671923,0.8634712088984238
1.8130842195850736,0.9932655430534187
1.342475545250541,0.8507741233091791
1.5368861161813254,0.6222222941682098
1.645833402476399,0.8815827229706182
1.011701863145095,0.5942917865549624
2.542676344997551,0.9692107231380138
-0.2734935697806502,-0.06725890700710087
0.3591912754774337,0.13622482526200175
0.4723938046848369,0.19341634450085393
0.17005224021178592,-0.06153210227354962
-0.6620229909834978,-0.5644888309992566
-1.7006078633064061,-0.992187878841605
-1.5638058435615392,-0.8148821280915158
0.6600982122889519,0.31692786665592676
0.5478358518274027,0.4238078172497081
-0.41368637328757446,-0.2228548926458615
-0.589562026369916,-0.15135473632780727
0.0885155140491024,0.04306836826792268
0.43301097340342865,0.25875257014400044
-0.1694851633359009,-0.11601347288638578
-0.6688424366828055,-0.3726531803010036
-0.8505479938696585,-0.3896691463843616
0.004647562201009481,0.07245389100991369
0.5027175467021289,0.41797429165419525
0.034175575586101015,0.028098690217114364
-0.7041560351062737,-0.3187437923073421
-0.04958142234825513,0.28399407865674864
0.6622133830964585,0.21708027656519568
0.9981074466285156,0.34615780955689823
2.2446076874020866,1.1642802284789011
0.608895036743952,0.35488277874187546
0.9822398451853881,0.48956269390884155
0.42989655351277667,0.19815437945247769
1.8919581959514655,1.1044988727025444
0.915500981736048,0.548476974559124
0.5667426127200822,0.28289591069568143
3.1422533541646183,1.587423650278525
2.3290013737996995,1.3247542488420003
1.3812049462438263,0.7184308805236752
0.813888418195702,0.3550916944025334
2.0419836137249088,1.123282505652353
0.1930875286282553,0.25855183843135154
-0.6116911072955449,-0.3563498360918999
-1.0031864143288867,-0.6822514160089332
-0.4551566743973571,-0.027283963295555214
-0.5293876103878079,-0.1954910817233568
-1.207185096941641,-0.5312972134826619
-0.6690583770107822,-0.2980351904797643
0.6280894936532135,0.372970866651696
1.0738564631002525,0.5689303491931392
-0.5817653861101184,-0.3612821594384859
0.774779395428726,0.37182271323053256
1.100999594271894,0.6272105636231119
1.253961335083149,0.6658499193545336
0.46155466610218066,-0.0024664677428574144
-0.4507911679546449,-0.17117298558325478
1.168336219786405,0.4240435676369312
1.1395006916789934,0.4087246736518233
0.3851371651951735,0.29536256743700395
-0.12036929881609609,0.0737567750940448
0.28838820036051105,0.31524552821804513
-0.5891945031020565,-0.27707013342942577
-0.4971323988336305,-0.25936017530693
-1.7350030821127842,-0.7471277125888742
-0.1720216438905683,-0.1654784774999757
-0.2973045139841065,-0.026184730348367866
0.8219891883417605,0.33389531278041007
-0.9733169341654269,-0.40583285698144184
0.4000891728128134,0.21453228172838915
1.5083117686750924,0.9750898526519194
0.5179728453035177,0.15633671345158823
2.2600077273468164,1.0116054718327991
-0.9920160532373772,-0.3894243253029619
-0.5229151018369321,-0.20788279824696065
0.8742081567855229,0.40530628910939864
0.13063098091341485,0.22301523946523674
0.5088800541642291,0.4063692455689212
-0.6504186753860735,-0.2733496479468922
0.19644350877093708,0.14474947696357138
0.5883832795430097,0.3481456900737072
0.23963026890552133,0.23830167299249366
-0.03977923642708678,0.06453014880592696
1.4629219515338576,0.7386237586181633
1.6226743322965285,0.9063398828903936
1.0147653103523482,0.4708518502730247
0.6676262482744165,0.22538398137137186
-0.9667304486473971,-0.5409161434518757
-1.2329237707321075,-0.4925968109714827
1.0136762289770738,0.5065770406018345
0.04309256999504174,0.0026776327884288076
-0.38326743123955337,-0.08148717992255536
-0.11751051155593426,-0.14166311747449717
-1.2093861292707744,-0.7583197721296607
1.3798686113729013,0.7665386390965094
1.9066910632472467,1.056649950601025
-0.8116596502946267,-0.4525129218198162
-1.8462198929938887,-0.9461638668057475
0.31864089516135174,0.059597597800393476
0.06728244748872086,-0.035070774258660536
-0.5316629776894766,-0.2822704667175455
0.9795542117327103,0.4278718050924908
-0.2835918297353822,-0.03682813897294575
-0.4703096090645399,-0.28334128968837785
1.1204467336506463,0.6350682874702499
1.224692698796833,0.6628856542448873
-0.6469307991414776,-0.35326489118475735
0.7265424215571994,0.302360604208027
0.012782300214556064,-0.1671052961535943
1.3446872742657,0.5800421845214344
-0.5647469570703157,-0.2523736142850892
0.5671756705558868,0.21915774316086006
0.4871540498165785,0.5008036079478271
-0.004439361060140201,-0.028246786680434895
-0.5091384063150476,-0.26187946821338753
-0.40391433222199236,-0.0668001010043161
0.35096248423020493,0.09613185174623648
-0.6277751215799394,-0.3446926330417762
0.6235746747115576,0.3727882936119689
1.975528612389841,1.191047593785576
1.2839607152405696,0.6526132375175395
-1.4778191568587986,-0.7810640594876883
-1.4073441817037642,-0.6296812582780321
0.6563953425567812,0.23563882208835255
-0.9643204177794529,-0.47329380532176113
-0.42694747815328415,-0.06184543683586308
1.58525116845659,0.8348581761987474
-0.8532381859603455,-0.49046256253082454
-1.9144648175019279,-0.8924845419673975
-0.774495115089051,-0.29322315359184514
1.18775190225481,0.4566347993606643
1.0098861792830613,0.5947278958988027
0.5872222956607214,0.29288224028160326
0.14514204629211663,0.10117479018297455
0.965243566342332,0.5428099774257792
-0.25635518640213506,-0.24435321596917614
0.775847495382211,0.3288311779505343
0.8643515090844149,0.2977229069820021
0.026239158503259863,-0.1274710154910477
1.3049940258362671,0.6045178622031396
-0.7413959079985861,-0.466085601728745
-0.2527321840254943,-0.2685297017951645
-1.3963364322901373,-0.7017307882289443
-1.5833572430814595,-0.7313794447203569
-1.3060983982032823,-0.5702081353878219
-0.6999887597958299,-0.2786037466785697
-2.1619777206092863,-1.0638386811238145
-2.595121177005267,-1.1134831420484164
0.14539086116709976,0.10405926754254258
1.2513445766211886,0.701239373319229
0.717240734525749,0.4268105519476495
-0.10644154873265921,-0.372584241843164
0.36865650115823195,0.12673296347739102
-0.018851934450379443,0.05438054641702385
-2.234105014237908,-1.1123892634929717
-1.2737068629699206,-0.4649511967255364
-0.49619407153755946,-0.32201283980118134
-1.270781673498865,-0.46935463371385955
-1.3255883466151925,-0.6632302638034197
0.0049878476957117,-0.10287144176173567
-0.03263160871188732,-0.17531105241423475
1.6754132809598004,0.743062285871672
1.7007628292537982,0.8931914274517347
2.4853006620958915,1.1865526706888427
2.7425805597735913,1.447528557079965
2.3796752349086465,1.533524552122048
-0.483022421767052,-0.4601191397362073
-2.2645605334702243,-1.162050709893414
-1.2346877230805398,-0.5067850116528558
-0.7925677868842778,-0.46757352431608973
-0.31011105287166624,-0.06555267046335572
-0.43883295739439676,-0.51669785371607
-0.6706473570401155,-0.3830404865684205
-0.877812599285829,-0.5606350377656066
-2.51699212336048,-1.234575293811632
-1.1739918612814104,-0.5675556137478011
-0.27087248274775744,-0.0934149782325645
0.1451840724400538,0.029451738357163637
-0.20549648431811693,-0.20403638513682568
0.05447836824237956,0.35721658199930595
0.1785721505094535,0.041998318713182596
0.4554722103988406,0.08044544842121437
1.4797985007099528,0.6617877397946242
1.1133476812579244,0.5195512016946401
1.0100263760225718,0.52815655344616
0.4013582085965344,0.24661520778879228
-0.002201890878139323,0.006914822777803975
-0.24378900963113126,-0.24901254398911285
-0.47517500065469775,-0.12937955281740277
0.18277406397226492,0.01969296280483529
0.5720533670058645,0.36688303099911046
0.2756834607595239,0.1929238242378449
-0.11188253527846423,-0.2596403871825355
-0.33984735906293906,-0.08797253896204037
1.466386750854167,0.6385239743639435
2.690019557082773,1.3205490246121212
0.22932406979361664,0.011270315298374287
1.2816563012918947,0.7581517378034527
1.5289482228685234,0.772245404262095
2.014933204862117,0.9768264430535493
1.5903555539570302,0.9392527741960484
-0.15020943937932296,0.04206881399103604
-0.9564566615634714,-0.38610866389209153
-0.558369990822074,-0.3198493028520597
-1.3130187661480954,-0.7444366892499956
0.18343323239135156,0.2055389164504809
1.606146613683396,0.81197562898006
0.23557225156923345,0.09896346503424351
1.8273631404948927,0.967028146692228
0.1457614016843698,0.1157871565915852
-1.082447595941049,-0.4288370149988127
-0.6157295521928867,-0.195613122262668
1.664363789988328,0.7791133365472755
0.22104704817662668,-0.0788500191464575
0.36332935407827305,0.14051748583505877
1.7577204811788893,0.8665209748290129
2.809344044821591,1.410656398122611
0.4768825226210316,0.3812425918849305
0.9040298627086442,0.4924035502419682
-0.1402519710281036,-0.1752865959651747
0.18303248053058552,0.09392860248792159
0.8428892401119009,0.4707205092710053
1.6079376109995027,0.7340030978102627
-0.1226673295814511,-0.07914654694461548
0.09539326661371908,0.27894823695208715
-0.7021609436297289,-0.348131186244077
-0.6969221193515257,-0.3866493749554115
-1.504027005100162,-0.6568469579770592
-1.8653871066416303,-0.9124404169509504
-1.3283354279904391,-0.6267828725461421
-1.0333507406333424,-0.5304008886005421
0.5520605302161737,0.295749740446167
1.6855061748993334,0.8132655109411492
-0.01834699933971795,0.09052102113730731
-1.289862395073494,-0.6287776093536892
-1.1456459637847374,-0.5635867048971072
-0.4063828403885516,-0.25130358443308676
-1.1646880569310163,-0.6983422174065002
-2.0657790160690954,-1.023861922395514
-0.9849216016622774,-0.6780813752373454
-3.130261535685854,-1.5960214321906916
0.26584991786734646,0.08262923010389406
1.5762322830754552,0.745898695336235
-0.3486273870334333,-0.12264594410030769
1.2746604032139888,0.8430448525045858
-0.23184800083181945,-0.05746772940578989
-1.0612799722778283,-0.6143358161431755
0.9490585633922092,0.5349788215329527
2.1486076435350268,1.0898886877824483
-0.3457047269731539,-0.030567372085841177
-0.5732416387973316,-0.36519775314865177
-1.113906055787391,-0.5121396449711388
-0.9434341899975331,-0.4198732084204854
0.08682600582421485,-0.024827101026153556
-0.26567881779648156,-0.19762554579968777
1.199105891715278,0.651443806513501
0.8294662620097559,0.4877083651800277
-0.5970180981085318,-0.3841538529724846
-0.4796572726608759,-0.12317004806379589
-1.637010542526786,-0.8048561370709681
-0.622437628787998,-0.3150095163945061
-0.4865739823121938,-0.3473767597821126
0.5950920043691776,0.28574145793257466
0.7888258094053187,0.39402631499538543
2.05294374782129,0.8639503855672225
1.2110817756264427,0.602451862173773
-0.6600272816293093,-0.20333237703212004
0.4571430350433066,0.4074041072867469
1.927287981140495,1.0326476477131157
1.5680373734789819,0.7660224783365516
0.014745820102454399,0.03727880096455985
-0.3288075234754167,-0.018036874304347528
1.05514018267488,0.4487008187264713
-0.10186322775600065,0.013004670800565651
-1.063400105959193,-0.41202815527681036
-0.8507884012024316,-0.3364884040954317
0.8634834950616881,0.5657137427695428
0.1338386189328275,0.04040483898304009
-0.003481822156771258,-0.04613074953775221
1.566461309085066,0.6433235603439009
0.8021054397103918,0.3062640329798286
1.1247239899739974,0.6340579111162159
0.17213753931516457,0.3708232687843718
-0.6621881645296809,-0.30141624219243324
0.3154612546952672,0.11505092984095261
1.4399656028911985,0.714042554060869
1.4234207564397545,0.7648326557454467
2.9112947325893277,1.5122581259471257
2.5767124632465013,1.4594902527323386
0.17761355192675243,0.09461833747654244
0.6720966001954997,0.12331253541051301
1.678140878429819,0.859989846821449
0.0939918551318425,0.1247648494287372
2.2514961104067215,1.1481607010191393
1.4072260479978405,0.6265097552262943
-0.5084821324477877,-0.32782939771448816
-0.22765021403346236,-0.0770456959652929
-0.3187863722960045,-0.07486688982984809
1.0553015711471412,0.45070523010169333
1.5439497579577381,0.7026167375431932
1.495823133420542,0.6487228183615399
-1.4503334551998326,-0.8003240212800381
-0.23417015021589888,-0.009197064055093726
1.3556768397544867,0.7401779099906344
1.1792796965083503,0.5972530580936817
0.585990668320367,0.1931526321502045
1.335713528566812,0.48682011401440195
1.3229853584313978,0.5936452004725701
0.4447401951706198,0.23967591029424085
0.2359840745085498,0.011852178966118093
1.2723626588356474,0.6303231081588847
1.9990651953991474,1.018694616876043
-1.153548871465401,-0.5143939160373245
0.9455512534773628,0.5220183869484794
-0.35857299714790325,-0.28800266506070255
-0.11284904507212062,-0.0808538253562748
-0.3886380757132014,-0.1083203665963315
1.6015255709360008,0.6041270717318216
1.5515044473488042,0.7193340773445542
-0.10949017364374958,-0.16180675658676663
-0.45142897989125186,-0.18304330242718708
0.032452323638294533,0.03162014249494914
1.3487924196838512,0.6933224438515133
0.4256333850369656,0.12850835612422704
-0.3410236277938249,-0.2531669861076517
-1.2886338895803195,-0.5986226417410809
-1.047188108743621,-0.5967742170499148
-0.6910912912581472,-0.5154423197344258
0.06629492641751711,-0.1167825189962724
-0.01129369590233105,0.05027720645190969
-0.8141638044855946,-0.5675844875594072
-1.44977208556748,-0.8125443368165338
-0.5930112425445309,-0.3032643884816214
0.4906280052728586,0.21680616752095855
1.3084421558347261,0.5371339767171991
0.6705689748782973,0.24406311185614135
0.7672616310836928,0.28564395151376887
0.7915536766887752,0.34192315222766473
0.7620323098543144,0.35417522406484897
-0.09133061943852977,-0.030046953738709786
0.2753368398611905,0.17240265364357998
-1.1865567273376858,-0.6556445168089976
-0.7330907279057669,-0.39640106094579297
0.44467909551118834,0.21873183036954158
0.17260081569747782,0.2073388214598117
1.90957933483822,0.8830882383296987
1.1063798968933403,0.5713459876640729
0.791213271506858,0.49101173098332035
1.4521999609312628,0.6568489306133696
1.3449841144126649,0.5570815906568674
-0.23803366486877453,0.01718037492322161
0.30433997838143306,0.1629744925781322
0.3793464176168847,0.30099754901379533
0.9072094049320436,0.21083692502670837
-0.039052111365858844,-0.08894610222095121
1.0380500859246655,0.42817426415716825
1.4578775524639105,0.6422848704989499
1.961578666842093,0.969573995388929
1.0676886818266689,0.5321648755056729
1.758775961976693,0.8027407619382046
-0.7108545440036212,-0.38214484310212926
0.16806380276072774,0.1659619768955531
1.1212190446181212,0.5931121561533912
0.13160548492655333,0.15490671575964976
-0.2646201092648492,-0.2403359957953329
-2.0411891270794236,-1.2306675971529377
-1.1803340481807383,-0.724921248142274
1.3629787904125183,0.6531059708071908
0.8241747590994492,0.4115605105046122
0.2159952531963421,0.1983750806845187
-0.08877859538099181,-0.20216556451057083
-1.3646189052763336,-0.7858351952079241
-0.30504817030781345,-0.07689021186213746
-0.6661563371608726,-0.29414680006665195
-0.6516069657441854,-0.1891560861075072
-0.19575260706821654,-0.08034549881973353
0.7238530655912877,0.43955564418038395
-0.5307744383663533,-0.2077905195351931
0.27602397966374803,0.00406221926286221
1.4642804602270698,0.7325588811697021
0.2825348675399259,0.08036104084415796
-0.7896177653147901,-0.22917184891564416
-1.264998448548651,-0.7064820854801284
-2.0485332779480214,-1.1617600438319717
0.5945640153469035,0.3258392137708789
1.1270505627767415,0.40529365318790533
0.12014006417446266,0.10304913152372128
-1.136890527185615,-0.6091332902059908
-0.3977919463989311,-0.1712103604112316
-1.5136463635239492,-0.8252728263229034
-0.08776710631612938,-0.16316973774762272
-0.021802870068303483,-0.04738964868749189
-0.7582083735540204,-0.2743864599776252
0.2744605684647634,0.21874720377253043
0.21673815984834938,-0.018212298082183248
0.5703231029146574,0.16250640186264032
1.9128013818739666,0.7881705880502637
1.0632008043254357,0.5133594810305333
-0.34387826412290834,-0.29288695049779406
-1.4663211026552885,-0.6434458674790111
-0.5745864289015463,-0.3249260677468314
-0.08940069338523238,0.09147060235526056
-1.6289781071126406,-0.758890616264389
0.24112124939962065,0.06966888755015109
1.1985246358670854,0.6981973098948207
1.6677186666491455,0.7271199542039183
-0.08345005296720953,-0.1458583481859369
-0.33852618919213756,-0.1561405266670382
-0.8158198788111639,-0.4573080305732401
-0.6064156397885986,-0.21362871981916248
-0.5589222624075225,-0.2595267077386522
1.3674179747138484,0.6829733385109154
