0.7931968737469044,0.25073358234152765
1.3592959327851388,0.5561773851728736
-0.7521800992008608,-0.22274887786155467
-0.20815530787154268,-0.09052579964694876
0.5566708683752285,0.3755875637712044
-1.831633501521699,-0.9772778726695023
-1.0925450817999547,-0.4776828299601419
-0.20156297397554485,-0.0566788535168422
-1.1300391106735037,-0.575978303276356
0.9685588506703146,0.4168985173192423
0.8405051174753333,0.4397923216649239
-0.00240977858210073,0.07464053784267906
-1.2729636426209354,-0.7568244296262847
0.01661173758509138,-0.04601525873985758
0.10843583884037701,0.08305227956672742
1.8513528103497632,0.9915752252485491
-1.2390099900604072,-0.5618148036665731
-0.6005396978003659,-0.3236926427593741
0.6244453046638874,0.3234721414331896
0.18827119660665043,-0.09122610361363326
0.1767684399157789,0.24290448348638027
0.2084959885723935,0.08968610937980326
-1.554854769614236,-0.7962934782737519
-0.1467593263074881,-0.091869008423213
0.9272359969971109,0.5391621606462095
0.6476616306073403,0.168604545377931
0.17727574701905172,-0.20553941629640254
-0.8442542009972187,-0.5225899317026917
-0.866428894950314,-0.39717146715925494
-0.9662402564010052,-0.6106056253955073
1.4822037244101254,0.7689641474287059
2.3385623258182124,1.1063243917944283
0.17478067177831302,0.06955809595217745
-0.6323181692351509,-0.0767922961865401
-0.8721862541041014,-0.416693951626914
-0.8131017550532247,-0.42196487849917935
-1.9452733647577305,-0.8192048679607545
-0.975205877855877,-0.5395244643009529
-1.0817469004534077,-0.5227552821681098
0.7422994450021829,0.2788734932270633
0.5782646221119812,0.2538501622485568
-0.3109777963340817,-0.024733007036217003
0.08491792871909157,0.09622285777536603
0.8591705058576252,0.6642817197454821
1.3603437663094804,0.533023997536725
0.6703792517186747,0.17190279518047435
-0.33996353765682474,-0.19506936067823344
1.9159046848580077,0.9393139600821395
1.2960685235770266,0.5160255079469955
-0.15364210202815187,0.1144325338910046
-0.5430199988217107,-0.31632716201767297
0.14338981851615829,-0.16084676255851146
-2.0868597801068787,-1.047650993905565
-2.3758938156904437,-1.2361278646700358
-1.484708979244898,-0.5483604693792393
-1.0849682359275301,-0.5138774701818422
-0.08123313436118929,-0.07421452009061644
-1.5296650945412857,-0.8378924222750617
0.11084618109764244,0.1521497888827752
0.3710023101220805,0.22545125491908066
-0.4418111926958445,-0.20964772148219468
-1.4645239928729747,-0.8001480673864801
-0.6613551972277348,-0.39951119668605234
0.7945974532661866,0.3309982408513725
-0.660854272960973,-0.29098300522029996
-0.44499045342929283,-0.200747252407236
1.7072416585745465,0.8735235734088987
0.21738010563068855,0.1604223265193766
0.19760881519356016,0.1798687895730783
0.5564915593355965,0.3480942055466128
0.17823490686376137,0.13733402112382576
-0.8001585295943372,-0.5123999735134372
-1.0610253551760014,-0.45873214087223935
-2.26495137127458,-1.1653470393166276
-1.227773331874789,-0.7239095630565284
-0.1415458131738549,-0.0687217305974616
2.065246754111105,1.0024882244827003
1.3419976982754456,0.7053989304765714
0.20620453571982295,0.021970823437005987
0.9848329459923197,0.719472719501772
1.1922037229775573,0.5070520446619818
0.8527436777141687,0.42928094849512527
0.45718592972794114,0.2411354437567626
-0.42122969207246597,-0.15088445036951587
0.3824203990182368,0.15236510470320788
-0.18074822508402,-0.1881193170725397
-0.915840913448335,-0.3146922890120888
1.410565721466361,0.6477584428483005
0.19520197883267815,0.0045972418860772135
2.7851058888106768,1.5067961437055994
-0.6494622316925562,-0.3494283719430644
-1.2003054536579718,-0.5659296888348855
-1.3398360217815606,-0.8270750304902558
-2.3465272492428753,-1.2734537606105032
-1.941619795117528,-1.129016808621787
-1.3746876561097507,-0.7066594589460933
-0.38120274324143527,-0.26642401952889844
-1.2945208736599108,-0.6764560350875356
-0.3689264702544288,-0.16063225081878435
-0.9790794971542522,-0.5635223527960921
-2.1466215688239645,-1.3725958974296602
-0.25336058958528807,-0.03507539318898115
-0.7059256281647096,-0.2605161945126756
-2.0857249982104826,-1.0732139339289166
1.0432037804181133,0.5329458061041816
-1.223706997414803,-0.5578899518088402
-0.34346519824505756,-0.1336449823356737
0.1928609722575001,-0.05671937456192186
-1.195757032003663,-0.4835627202279195
-0.06652532717534776,0.01580311326832367
-0.7098400120283649,-0.3688859546276154
-0.769540046894116,-0.3807762550820723
-0.1792800650689999,-0.06355615992594035
-0.4240081113165189,-0.07559878725348165
-0.48562420143728713,-0.1901393815662516
-0.8572793752377732,-0.48290179517082704
0.2689392463706857,-0.05657034897641047
-0.8159029046014378,-0.4867268717505687
0.11976678452130002,0.14411125570027294
0.5871371944589312,0.34286799619752295
0.1910653375810555,0.16608782062600425
-1.0260119226060573,-0.5937997056483945
-0.4379840982213681,-0.34473508722918766
-0.8428295468985507,-0.364016594310396
-0.07337148443649716,-0.031233252392318576
0.2198422541051337,-0.017819126172836847
1.3687843577838317,0.6461688766907522
0.23253532760693219,0.1581809158356185
0.30982927374503305,0.14010963041690133
-0.8190676062105999,-0.35197435069151156
-0.7426196924255454,-0.21882962140306012
0.05210044109678219,0.11449127832105696
-1.2441694281261422,-0.3525474983341394
-0.21137605835373685,-0.1515248965227246
-0.7979852283814204,-0.3530177953247926
-1.9247257910635378,-0.9779764591311934
-1.9883644467442914,-1.0808186304232401
-1.505937988359516,-0.638649417301804
-0.9330117902115792,-0.2405521713093734
1.2918807522030962,0.7839408789888895
0.4087016604092959,0.13345517677764768
0.6950251286704784,0.27324444184166424
0.5807092671001938,0.4762176183272207
0.618488629752698,0.29127412443502915
0.8512277028788199,0.38779652957918054
-1.257816330076614,-0.5704615182994879
0.40628371984532574,0.15245073335415135
0.7020780403523004,0.28729260724631756
1.2371220724879897,0.6353212694726611
-1.5237236035217707,-0.9017526308618757
-1.266716532970924,-0.6051374981284272
-0.5986802322924467,-0.2616293661027982
-0.7986368628288059,-0.5958714439282253
-1.5570937625020713,-0.7592229571704461
-0.400503374734015,-0.4142608537243886
-0.5591466549896484,-0.25397482644313085
-2.0564105544103386,-1.0740972154034718
-0.5476897383749583,-0.21526410439102608
0.8739297184558034,0.39297740287078553
-1.0290862264064375,-0.39973741070632496
-0.14966806504613944,0.06008383967023212
-1.2268072035579394,-0.6116349782545203
-0.546137435073927,-0.07315808134669255
-0.17898293294437995,-0.11325671358849133
-0.4224351149358606,-0.12772491479566894
-0.5988840444983545,-0.10049095823375737
1.1415765052302178,0.41926328606676866
0.1724571038048654,0.16505857588224282
-0.5674966179130735,-0.290939696032571
-1.177022267112374,-0.5268722171432987
0.5913850816536594,0.2809167097794207
-0.9080098443676375,-0.554315388854618
-0.888173559317387,-0.5222696230728486
-1.4545644030247642,-0.7196619289778534
1.8104215459943829,0.9691721804049951
-0.061669591769808685,0.15669971280848238
0.4466676276122243,0.24790826300238258
0.14428214547264473,0.03567385608166516
1.5528612581266263,0.7760468440177329
0.8067024280394931,0.2500413413454877
0.20740157802716286,0.08951796295895734
-0.38951157331195363,-0.34175255101765833
-1.2567710289686782,-0.7719263882748346
-0.5137696539906907,-0.1406168432620855
0.4573297144552636,0.21057500031865642
0.9406114360543463,0.4670218047858006
1.0026696055798454,0.5473271200581924
-0.0666131268993091,-0.14820017973185534
0.5496812870557091,0.17475251549780801
-0.9346451677015705,-0.40156471254042037
2.168742222237735,0.9869869002912434
-1.1296976856676384,-0.5611893784323497
-0.7439351735113577,-0.37988114812933305
-0.9762161392878681,-0.4487819403658284
-2.391066231663221,-1.146521101629763
-1.264644822212721,-0.6183203983776874
-0.4997698342899456,-0.02318240049543821
0.10782624031937305,0.02513153454830645
-0.3197655715914141,-0.1573927455852101
-0.7072596485694381,-0.4798632793866944
0.18764779309555474,-0.013818571460767232
0.9227070873186748,0.4275839001883741
0.36901695154289815,0.3000702464216392
-1.629595805422426,-0.6906385971257819
-0.7292637690328919,-0.27756370436511646
0.1870918938993833,0.15347286171989116
-0.12522140166331225,-0.030401513176907813
1.37420623850959,0.7495965170917627
-0.16881945540315302,0.03188251438230508
0.24343082592035617,0.13544521525065442
-0.9652890330701913,-0.6439790116111938
-0.11986689447002535,-0.01745297404108985
-0.573046997810682,-0.21629726974672991
-0.3490715291556532,-0.18906975156241201
1.2021368184937784,0.5942388915408168
-1.4304873873482653,-0.9545187875291806
-0.3135144400128196,-0.06773679426012874
-0.7252598383268218,-0.4190064740705203
-0.9071054715273275,-0.3885719350845609
-1.7099016207671913,-0.7312977426129997
0.30671963519161805,0.21670579425244052
0.4714882197462309,0.10200732546269642
0.3716220890932951,0.22933610326325074
1.9171629260086867,0.9772420419599763
0.43946489139616035,0.14463705640773553
0.4736682034427073,0.15442314628252762
0.12135733508231722,0.06671511959158238
-0.5773333176679287,-0.4027964111709809
-0.2768256413612776,-0.1308034262269025
0.7648138591012816,0.295143784158702
1.080310505119403,0.5873806268163023
-0.028524763461810765,-0.06829861316610186
-1.6196181402637755,-0.7560539675880084
-1.9345837686227751,-0.8886853308592972
0.020371528048842014,0.07320103058342767
0.23337860051543638,0.2338467057930309
1.4255940201866593,0.7996686283864416
0.05524961850333454,-0.005892991698678421
-0.2499212294634009,-0.03700080615272759
-0.5902836366643436,-0.2830188236124581
-1.5406570797209125,-0.8253333249494244
-2.6708501946653853,-1.2480171484447016
-1.661681643796791,-0.6643226916572201
-0.21776693141529235,0.14806109050089233
-0.1295187122436445,-0.02162554818769631
1.1885340856207594,0.5697244024464295
1.2036156600638024,0.6778023738409227
2.01874777500386,0.9335034770652414
0.21272732174675935,0.12525044594189566
-0.14002932558302786,-0.12469297471355689
-1.3123315505102755,-0.6275805463295655
-1.4589774522405385,-0.5544181712831779
-0.7310436369151709,-0.5240468795916308
0.1476827198614366,0.06190147752133222
0.5816529251303582,0.3277725523385516
0.031914334864434235,-0.09275889530563766
0.32236233706885453,0.16166855610754932
-0.4427917200796113,-0.13956084130775087
1.8243298796369944,0.9423523462049798
0.7081020182095615,0.35625864324844125
0.012300893513970568,0.2464062456119689
0.4156268573687628,0.19061469908323642
0.1658950814168478,0.14232704959100345
1.6903793341879338,1.0940698319499185
1.1076118376185538,0.45445138862886536
1.7778768410576569,0.9185595787156708
-0.5904362564224367,-0.31378913218680027
-0.698168145258333,-0.41439330947739306
-1.3314878484028638,-0.7186827063012688
-0.630884887309667,-0.5288858734394106
1.6214565154917946,0.7233809674423429
0.5167307939619266,0.3822795401521021
-0.043870767417129586,0.0983526975909375
0.8686652606132679,0.5048898644652178
0.5660626345021104,0.3238452185381585
-0.36415599809978416,-0.055078838698688876
0.18889846244798333,-0.03835654680504062
0.5303096757882422,0.19257876089541856
-0.6810250123923265,-0.35271860501703617
-0.4566976186418351,-0.1804518530220082
0.8630209560580342,0.5941418121437296
1.2195493986543045,0.3599346403286863
-0.6950920393400521,-0.3310775851828972
-2.1897224761377383,-1.1528698426887927
-1.6212326983416232,-0.8694871108161123
0.9223367290095588,0.44539655740028433
-0.6501390911918973,-0.3252362245512731
-1.6926818684523801,-0.8542992480896479
-1.1432369437545165,-0.4786738548398518
-1.175654775497327,-0.6268917729215069
-0.4444344749674364,-0.2720950527532311
0.1437232908307881,-0.02695032491749269
1.5521908032790166,0.7908786395341602
-0.25031465898731475,0.003953326427072468
-2.3307745301225564,-1.1882264372718465
0.07547627220364761,0.2108575657481408
-0.8174511467426604,-0.4226260647203173
0.05071126561663758,0.3472505124544102
1.4615985090925676,0.7586811633834084
0.9177087920483639,0.3683083820799309
2.107398233824422,1.0739731059587982
0.6518077924329593,0.44456176435797357
0.23421444171879582,0.22217393818187728
0.011574589998604085,0.043667169620264144
0.7841246255327842,0.455487675396377
0.8823431004750515,0.5075777582708608
0.3027207145891896,0.32003804412064
0.48261719077720056,0.14263759334675125
0.020355736081025255,-0.06041975665643355
0.3949542611540291,0.15546312167140391
-0.2641855930880102,-0.1590521686392721
0.6475294040396723,0.28148964214606154
-1.720951445881739,-0.7101655976155606
-1.4978994932197711,-0.8092310821152983
0.8898620091549524,0.43734914492222354
2.053766227606141,0.8781943418479993
0.701327806418332,0.2023361804314758
-0.9402861202626192,-0.40596147327671106
0.23708485878783603,0.02961020088787747
1.9112469350155032,1.003095719439299
1.4064860216833681,0.6848306342557152
1.654524753064221,0.8362520661588846
0.5741857906494476,0.23062654523673487
0.07353072024876939,0.1766341628879625
0.5049013810683449,0.3677821058299712
0.390252704823673,0.1529524249961546
1.0052131035841747,0.4988962856052864
1.0979259131927979,0.4397139838366566
-0.4076143371905582,-0.13896050403876176
-0.6901298913727577,-0.40602083709652753
0.008383627626152634,0.11421459291935376
-0.9266556675437156,-0.482066230066605
-2.3926331065828834,-1.2334604524563475
-0.5780909660013276,-0.11970391476637343
-0.31696912926398385,-0.21037931162022186
0.7989947415255058,0.3918037703199328
1.0575835628079102,0.7827082964769191
-1.2200065499888386,-0.5282525012036507
-1.7714712772135235,-0.8809851297962725
-1.1661388367747358,-0.6190406271497807
-1.8235512478305782,-1.0010656889494671
-1.2805258966264315,-0.6382198170755026
0.15043421407640611,-0.18609408647775527
1.1923902371296289,0.5237845348620032
-0.04094544782837861,0.023076922219839285
0.8243716354359617,0.5083343372376131
-0.9342132226814586,-0.6078418057455081
-2.767681360556777,-1.362679546608856
-2.991979831147434,-1.4745479792556488
-0.6610309293324952,-0.2500368406180973
0.07768097019943615,0.07062508528238165
-0.04321455991906561,-0.09340495973163973
-0.1134022353056157,0.11386021825530443
1.4236094895392726,0.6681194039592622
0.6722291451244128,0.3486852410637927
-0.749256319805117,-0.33148493902664605
0.17080703731330132,0.1361524084011392
0.6052992904853515,0.3928713183360027
1.431264793000198,0.7775463554202882
-0.7526348205206235,-0.44120908053895846
-0.8406521695256817,-0.4584566429992301
-0.9190235962987139,-0.4893715265239086
-0.5885510022287038,-0.22647991454426095
0.6854860642512408,0.2726516406513566
0.04695778458083044,-0.012147636297486608
-0.05131135238915424,0.27546991091860085
-0.5002876192918819,-0.10904915612711902
-1.9886550942085646,-0.8305377116758706
-2.0702794668390636,-1.0644355902649245
-0.9451669018345319,-0.7481475904833913
-0.3579530504709597,0.12568340737763928
0.4666683427722971,0.2791541677263522
1.1316735951067822,0.4922435121330262
-0.8598606225186323,-0.5294448463198473
-1.360712042300745,-0.8349337564288539
0.3321119692053843,0.07227503278730034
0.341553716937417,-0.09846615355669036
2.0183225356366155,0.9437235827845852
1.0745899307281928,0.6089607090096376
1.5233201423111002,0.7891556897208096
1.8654177074373304,1.0299300196286152
0.3553402553846829,0.32024885888569005
-0.35992212097766185,-0.17411858764707427
-0.0013270118887755422,-0.07140784551825634
0.5193613769472363,0.28991146822959196
-0.6057432802839551,-0.409124331390368
0.14478605682198575,0.16264405310788616
-0.43575116770045164,-0.350463577530146
-0.05821333809458637,-0.11600454816855951
0.41704768729797637,0.3764184985423377
0.18637736873096875,0.14116731761200169
2.5164434446342963,1.3248260506583456
0.8763003404843197,0.3759543886585264
1.2022233518262446,0.5502865914269345
2.5034056882943343,1.1565977511735304
-0.3850911780183105,-0.3558310873903495
0.5592678757414856,0.35473003397001
-0.031096725252496682,0.016728654201984133
-1.1716621649234948,-0.5471439242662646
-2.3658273937938965,-1.3372569627435766
0.5922951247621597,0.2674583295931577
0.2778240561950265,0.18885432301561464
0.57011044277688,0.2167210418654339
-0.30031510109030746,-0.09379174589502703
-0.5729857162653695,-0.5103840750716572
-2.2590696482386536,-1.2373572373036958
-1.3491929326799292,-0.6376079374066769
-1.2015140771013701,-0.659650464960722
-1.948915048470507,-0.9979224285783532
0.2438335031812242,-0.027416475559283365
-1.2231833040921622,-0.6553547914907754
-0.8596648771904664,-0.3584986461889197
0.9584402018950127,0.5823893898881939
0.9214373499910151,0.15873288445095957
0.8328068072083697,0.42192592490913366
-0.38433505198087475,-0.051021116745886524
-0.6369899477011538,-0.25844471601108154
0.037319992633424226,-0.015377311037495213
-2.657632107493286,-1.4103572675719513
0.697113723042121,0.27973273016962263
0.275840418185695,-0.012703654680845194
-0.23188742540797475,-0.025274316854300954
0.09345310131310525,0.09905823039271457
1.5262480569295733,0.9232173632691142
1.4170528234238096,0.713106423223311
-0.3111320648327899,-0.08390789032276337
-1.4833860180462333,-0.791671053933948
-2.0661509021880677,-1.1074361124103669
-3.0278808888257096,-1.5038878823973452
-0.22766681178762804,-0.03151041657842571
-2.309969068556069,-1.166253935176903
-0.79443315452143,-0.7009902154888676
-0.1945937433909683,-0.043993358101515626
-1.5699141349064192,-0.9033830171478854
-1.3033283733598646,-0.85332486292068
-0.26507680790642923,-0.06412210717803944
1.130212205866586,0.8404529065447433
1.0978124857330545,0.6274947465663059
-1.6503742043605731,-0.7966039598293954
-1.4787925376860391,-0.7519948299476104
-0.7357571414546886,-0.39327964492265416
-0.1366078501494366,0.18006234384040748
-0.8892201867415509,-0.45249574717208957
-1.5243634456667576,-0.5722041414939454
-3.394731446910889,-1.5095792233766772
-2.3100352279640353,-1.2445149669341409
-1.682139180852322,-1.006137729917934
-1.1088479290458662,-0.5620600630752192
-1.1865343847576755,-0.5519193667579261
-0.8446607956749221,-0.46586539634617397
-1.7078394029164694,-0.6903293607234208
-2.163604560281996,-1.0838389970858266
0.05845802111048637,0.195719155601093
-1.2907967040462918,-0.5675320941964193
-0.08309564205096076,0.086337268063409
1.4072768468886077,0.7201428277825174
1.33849704253553,0.7702571764761997
0.5552209811745743,0.1662320808451136
0.5694419154259265,0.2150796618477845
1.2492633452652249,0.6703610705114563
-0.6002321492116713,-0.36574110285436645
-0.5027600738647606,-0.2529715267427733
1.3319217058124972,0.667341104541322
1.1999016696434435,0.6140705599589039
-0.11288401829466277,-0.11954547369963449
0.623364986151942,0.40376122422606
1.1035457333828056,0.5277015921684143
-0.14235615504995036,-0.08370381714830241
0.6728177842291566,0.3306978171757817
0.8434446520550185,0.46079084060324604
-0.11880183069817751,-0.04114815734804968
-0.956582259044602,-0.5300691913159775
-0.8128265376488444,-0.3744942294812037
-1.1837027876335549,-0.668435695534857
-1.0374274965135108,-0.3893162901874042
0.3028461648689771,0.21645841021014478
0.7272197492030765,0.36475930575055854
-1.1960780027731153,-0.4859378976131887
-1.1890128902208472,-0.7133766134098829
0.1807653567946469,0.08429055796836692
-0.4016168434146517,-0.17024940224796098
-0.8721439375226425,-0.557607819250795
-2.4155303698707056,-1.1070505118392249
-1.3493747565593255,-0.6668734113252035
-2.336726213104047,-1.1585346071710405
-1.3887524342197617,-0.8546362427975527
-1.3882854628521986,-0.5800769871045711
-1.2487922001151521,-0.7756921295014552
-0.18668850872058468,0.0886529157272056
0.1888078376757739,0.205826253422131
0.4317341359777683,0.2586988548219348
0.17015942816764096,0.09231864373114107
-0.2734091870389292,-0.19858953444755756
0.14239146908467257,-0.014411626770150843
-2.181649691184106,-1.2343206003928566
1.225646707407524,0.7641784663519798
-0.054625883036184875,-0.13908525502672708
0.3735441588450445,0.31188353105539407
0.39186070319116606,0.34810395887921086
0.34722222106675016,0.3939757063545304
0.4498100269252823,0.2666174028197371
-0.36852441730284113,-0.1437619888581468
1.3809683669817947,0.743500747488623
1.5510686695251839,0.8615575347923046
1.5488994509181835,0.756773036716061
0.6131872531604532,0.15400633449603457
0.8310564822535832,0.259876196366904
1.0828911136509993,0.41903973902661507
1.2068693630908098,0.42118315815662094
0.4494497015131592,0.24698659563394548
-1.090181381249774,-0.5518226494445566
0.552393758648346,0.233663500430774
1.726028256614746,0.770622778637671
2.258394957412257,1.07790838707338
2.2293244025957515,1.3233072106198487
0.5796912096262739,0.18057810150581788
0.006217010481672225,-0.03646955630460878
0.8155569241491346,0.29532461976305435
0.8963714908811472,0.345556687699859
1.727993818115794,0.8986248109030344
1.3435981688747232,0.6260344484653428
0.3026637620764114,0.05062759118408802
0.22611227137156564,0.2766656565436274
2.917599608316466,1.4508370985417445
0.8755175707788888,0.43264756357135853
-1.1192624989532414,-0.5741801218415621
0.6486664111204351,0.30912731579880165
0.6401771126357635,0.20322672440339112
2.0037126230724387,1.1266586462161796
0.8560959291385426,0.568688157538342
-0.15425761317556158,-0.21005349927084369
0.20687447196917697,0.16373150251773508
0.573375273254356,0.38402311852797055
-1.6615069064530477,-0.9460232108326186
-2.2554976326865175,-1.2180960865180854
-0.48971618658108096,-0.3375656683561512
-0.2754497037963737,-0.08815992563461256
-1.4300131444711393,-0.7902317014028817
0.5885908630463198,0.2888585000702608
-0.4012614111532064,-0.2866148002824283
-1.0287041104782244,-0.5596096842827367
-1.369905650266794,-0.7596869462807646
-0.430068316097849,-0.2509777331205185
-1.717957405492062,-0.8755221475244233
-0.5774969797019511,-0.2270675333512681
0.4382299899913523,0.3364416413336119
4.1683099500285685,2.2915750544960343
1.099464378490003,0.5309961705954749
-0.7652700100684361,-0.36664990704482736
0.30409781265652625,0.2937290559097476
2.4232368245982663,1.1993428055017294
-0.5341769211508113,-0.5295371746189275
0.14286986627587445,0.2140986548341222
-1.4461924695039032,-0.6388049358997936
0.05274264164434583,0.16061612964667377
0.211999873683771,-0.12373541960594939
0.2247338979962163,0.07150855613872781
1.3023191700131636,0.6968829228566853
1.748976375952403,0.7537952984316465
0.09400757951398897,0.0680343762008705
-0.5947331725731475,0.030284503443327115
0.6935700490343915,0.3746159660459652
2.035036175957841,1.0470775126826648
0.690591476889072,0.4873942481614779
0.010673494338590384,-0.033054933636287885
0.987911116052194,0.4657908192199544
1.5481831719533434,0.7826049264538567
1.3922657588873824,0.56214941664017
2.200718506119509,0.9907363189296092
0.5842683860487105,0.2175911578543925
1.3216574222057977,0.6577415999151408
2.2086782976181256,1.188829333055186
-0.36344720988763046,-0.3913655271001718
2.032255441327208,1.131351431033612
1.6546879796757237,0.8092400805976028
1.8803945940491706,0.8817980097342349
0.9202930129373312,0.3780729044336713
-0.9847763356984423,-0.6859714955667444
1.6968460299631256,0.7890009079727647
2.241255496370078,1.118987065284936
0.4732373909413292,0.5555989830123363
0.23292485273934765,0.10928573656388166
1.1508805782670308,0.7516443242547111
1.4570512588479771,0.6021114689162294
0.4716709219209756,0.2635061755330549
1.311563673511943,0.7107698094768689
0.5103988230240459,0.2995076117192894
0.05552730170471576,0.09117482630596888
1.5145116044847435,0.766322349121483
-0.3377652603630349,-0.240536399999273
-1.4846072177432346,-0.7558610483776181
-1.6139078799258604,-0.8267058158755025
-1.5838026475203213,-0.6401784450978861
0.04015908613530694,-0.014296221369887285
2.6260550244149035,1.4758007806406295
0.8922155047579767,0.7205415659426593
0.8845326168347962,0.5234907971820602
0.7275258737847595,0.4944430190094343
0.7839044204665759,0.501343526795599
-0.030749696368623014,-0.04215872148633254
0.9861521955021726,0.6327584828942712
1.195942989328779,0.5001388698639918
0.7795754429665955,0.3629606415480993
1.574084997441941,0.850842380924502
0.44372601247967874,0.08432346440628719
0.5786433681781089,0.2891173504039182
0.14119177189783585,0.13868328096232996
1.418828774532869,0.6034042065406268
-0.8991625242627495,-0.34393437081823924
0.4455196282277496,0.27996981211383176
0.9443733872468252,0.5592376679901137
-1.744744079616022,-0.8865296425495055
0.255038314937318,0.31861243958647445
-0.020819480167716536,-0.09644568927834053
0.8753871712194455,0.40245880083476593
2.6258036394477093,1.2447300652784525
3.3532774305537916,1.6439708727215747
0.09321309373719977,0.1695878336960719
1.5134303852680646,0.8586772991342784
-1.0735223605705406,-0.5925838151979441
-0.36939195941987246,-0.12857509076134438
0.4016459534016665,0.22547039424796936
0.8051062962625593,0.3267940655473585
0.9740832888878186,0.4495445472184772
0.9060799505167711,0.4009402565571687
-0.3116397089694941,0.06507333001921081
-0.19742636477970776,-0.3206787721012142
0.13560075292456633,0.007178515942195263
-1.7405277696736488,-0.7817744642499448
-1.715758513383403,-0.7023246926960183
0.10138081414562394,0.07902973238548759
-0.1689068658691642,-0.05049214347494641
-0.5068192175258031,-0.2834346891712556
0.19192837597037848,0.15864965837520556
0.7901664386073413,0.3974241532280536
-0.04808729631455233,-0.051897852892150015
0.43082050728519866,0.31187437904826154
2.231037637439193,1.1872961672489641
0.32135459932382127,0.19611962095954943
-0.026280081865018123,-0.06378102616860626
0.8760152836501107,0.3071512878459146
-0.6364087708117523,-0.30802999226066785
-0.8706865466719516,-0.42993700968771487
-1.099387219524151,-0.5918953018267166
-0.7834409891414742,-0.19611714359063004
-0.7800626091762504,-0.582494802656267
2.073117853462228,1.1224153761058207
1.1754828911681936,0.6293264541682955
0.16787291848667818,0.14440565028455682
0.3165719154289085,0.09869903977648702
-0.01720933446983186,0.047374917580108915
-0.3163444578137386,-0.11837554682294191
0.23939874029644137,0.2244040884446154
2.012286394133984,0.9845726530449698
2.5731071680790136,1.2801921725244565
-0.8615585478531819,-0.26048957403662837
-0.7947855420765177,-0.2982986847250561
-0.8072088468454794,-0.3125322243669114
-0.9542656999197783,-0.5471463679981591
-0.9910326037179717,-0.39785877446637724
1.1328609458486554,0.4960843339113658
0.5931909760664907,0.35987688449512867
0.18614659618690085,-0.09014591507383939
0.28200994660973233,-0.2069288506415986
-0.43645601619766006,-0.263868041478835
-1.231940924040712,-0.7453893504474072
0.5608026456309926,0.3870721925398945
-0.8285934327659308,-0.3347288771093711
-1.9859163237791244,-0.8686261515261765
-1.0560582965956011,-0.6254945478256853
-1.3122847012067251,-0.6002561762702412
0.9787610190860851,0.4423929069017187
0.6916404935601506,0.4387396203131622
1.626347197817306,0.7954064545759901
0.7110272940910998,0.42330905766295446
-1.7564086245821704,-0.9962860060275373
-0.7069912828471483,-0.15391927867148622
0.23361620629206026,0.19139772008104605
-0.30863837480851997,-0.1682958047318159
-1.0180656060485755,-0.5115422986857963
-1.0054751490244005,-0.45555778823509446
-0.9795475703483929,-0.38239982255994703
-2.571041854702764,-1.3134080055994148
-0.5017692257160167,-0.19298976991467567
1.3183192106296,0.7137545445798711
1.3782527899304107,0.7433590326822432
1.0553973353617436,0.4880169109417432
1.2736491890673869,0.6126934036485024
0.2104698341937259,0.0528713406918635
0.8136012278086953,0.39128166995011293
-0.18858726758331218,-0.09756030901637902
-1.9311715439132837,-0.9082511892925462
-1.7988524798420673,-0.9512737130934463
-2.5159402381556886,-1.0794428780080665
-1.789917860510425,-0.6580365318742486
-0.7103442852210067,-0.4102019483882805
-1.258315916753685,-0.5869237365169937
-2.196653451010121,-1.2297893682969514
0.08833826600079753,-0.02721317091277739
0.8515069216309008,0.4729677584929255
0.4138806676563149,0.13910661971098376
0.04479223149913822,-0.011514226370804438
0.6797293408774724,0.4071430544109283
0.290922714526886,0.22944452261388137
1.0135145685649127,0.46552260346688235
0.18153214626375463,0.09452446111412915
-1.231344182781348,-0.5091889048194984
0.41899432761340005,0.20527934808511894
-2.728320600949079,-1.332591571745134
0.2207840275895624,0.034095310448120184
0.1404025791584299,0.001540630190113565
-0.8327428638896788,-0.3067378032511816
-1.0330155722445113,-0.4148047520199914
-0.6258069698737001,-0.15683622977387773
-1.8613951866263985,-0.8908592444456783
-1.8447191571861579,-0.9373051508599273
-0.9401183583926243,-0.5335680766762595
-0.05188038973490389,-0.09801954430221745
0.3572826985378846,0.10737064269325368
-0.6007869306901235,-0.2820457941225753
1.6416920060925655,0.9631220625729954
1.4552001392883414,0.6862746974036793
0.4351578109339035,0.3418351168970851
0.5225434723371396,0.3250255875831552
-0.018486714111762392,0.050582470687172344
2.4448948670750736,1.1487702081269306
0.7421167095307871,0.2710858757654704
1.7124658641006036,0.9486981441775092
2.9705019673554673,1.4257152984465415
-0.5730411909790314,-0.22466446438597895
0.5071555031617727,0.16061392804326624
0.8648879349549987,0.02039557831256139
1.1405093274639535,0.595095084679738
1.8318918939140136,1.006723355675231
0.8173406598033232,0.4360543979177874
-0.2249496991405618,0.02930526692375665
0.5887731277759617,0.2707218169979583
-0.94617009120433,-0.571053122052699
0.026852099545950137,-0.059029192814569684
0.1833437353606011,0.12893439926435044
0.38082818093508164,0.3778548714023817
-0.6334943384729403,-0.28269520179270663
0.19870797258254919,0.0962051547994155
0.0022037732031292834,-0.08701388537371306
-0.2737962291812711,-0.07713648511121118
-0.7173298926521037,-0.3548451054969912
0.2934111708701444,0.010275505106696892
1.013842600895404,0.6498952828235303
-1.2088665955649671,-0.6693362672934376
-1.3593302527378057,-0.6852618094889052
-0.7479893763446271,-0.3927156877205873
0.9245553124142047,0.33769192849690066
0.2864655492340857,0.2941534235282803
-1.5466293076955215,-0.8410841012493728
-1.5883004192829215,-0.7710023674029751
0.3672736073914227,0.13410606620457383
0.9650904203553627,0.45510760403797734
1.639602432627842,0.878946844292418
0.504374470054078,0.320385673577851
-1.3586575774472334,-0.7242997444992366
0.1545922163657787,0.198438238397469
0.4535178941459963,0.18661431860562833
-0.4684761113367199,-0.37075822363431854
-0.2369770838869592,0.049539217465383034
1.178939010367751,0.594507941716792
0.33950481852080666,0.04843918631478236
2.3807270649088066,1.3238929094018144
0.7823329143184053,0.2492681026049486
-1.515824740955548,-0.7453577352595937
-0.31735042200241714,-0.14817019578892812
-0.03653988195078431,-0.007393249504534936
-0.20959005855865548,0.007713946920755527
-0.17928899165890338,0.06907225338926015
1.2151617124234098,0.545056760416564
1.064695993966822,0.6753422771283873
0.46621042294979176,0.2280556202159592
0.6041016039024223,0.3472381846044031
1.3567189352842823,0.6898758563386219
-0.14846820505304692,-0.09547728290266182
-0.5961545381066147,-0.3099569698664066
-0.3831958409710664,-0.29245485027093876
0.6571643090191628,0.21176587275014724
2.401802808435501,1.143898460502629
0.1876200431891396,0.08090152993212982
-0.35024897724264986,-0.34778547536687965
-1.8817006409974955,-0.9074363502820871
-0.7009671413006923,-0.175712789683291
-1.6330272061391358,-0.8555556602148058
-0.5039863592264535,-0.2832897597332036
0.8688800747671765,0.5458442298253585
1.5593266067751783,0.6872210110071469
-0.7407045660073829,-0.3018207693129736
-0.0995835082488451,-0.19980546181199071
-0.6445998176187087,-0.3919634158690498
-1.0354489713401904,-0.5681658864860286
-1.8843762465047895,-1.0131968387695696
-2.4700508311778413,-1.2407649080372727
-1.1586584755671452,-0.5853472856246167
-0.9429697898696772,-0.5237588445998641
-0.3293952242986966,-0.1446382230917767
0.3303561784774231,0.15504480669735488
1.4787530872536847,0.7743860530968403
1.617402161732843,0.9127315182002556
2.141037677684034,1.1566608548973445
2.575489844994867,1.3215964056372045
2.249614532479576,1.162645701823164
2.2566299296632035,0.9872158234554875
0.1569535576006149,0.12518519212997095
-0.7897046715090439,-0.457633901709605
-2.432170404621562,-1.2576878013736994
-1.593065162067989,-0.8634970096975199
-1.6595629865349224,-0.7990596566867632
-0.022975018238778677,0.02901041358449711
1.0635508824173008,0.6429455238467782
0.9610904545216834,0.4613633888555387
1.3400181110775833,0.7302007109828668
1.0038521663861917,0.48463549200590206
0.07145998579153312,0.17496206797400518
-1.1435802861457416,-0.7181904245891144
-0.17470105611603493,0.025797661049259873
-0.8542462682666035,-0.602902309143553
-1.0519794328641348,-0.3604582563733847
-2.1751673753803074,-1.0706781964691237
-0.5463888046490348,-0.33247802116684977
-1.2360069737766206,-0.5337778935252427
-0.9556282100724423,-0.45500802119041034
0.39955787430049994,0.18982379781060923
0.44484925247035834,0.004346063935136868
-0.9093736065670308,-0.36609497592566836
-2.2773065654514553,-1.059896355097564
-1.034616624051098,-0.4839192838175124
-0.6264431765281168,-0.4330293990144338
-0.339432024674743,-0.24573831388034606
0.06164033871799182,0.0803268979191621
0.2143106317799534,0.05553520864796705
-0.2597001550648107,-0.24179280781305318
-0.1888933445379241,-0.17921883460433152
0.513981198351462,0.26018157544743314
1.1882876951654604,0.44237647276253234
2.2785333598087245,1.1704490640701517
0.25845469564967005,0.07849430773598391
1.0745667912290406,0.664158219811813
0.66886576777039,0.3433049017136802
-0.28215112777432366,-0.2093701030091482
-1.0459142218232478,-0.5338129180183916
-1.8948275807061024,-1.0542476211452447
-1.6261497960379794,-0.7841548364351233
-0.8159014861616251,-0.34366023356520686
1.0274465336848861,0.46866949669619107
0.25825332315417043,0.26742332498083515
0.5961049539208649,0.23004575193713628
1.6532975243742423,0.7403840507972823
-0.6939729931129055,-0.29345476057128034
0.06815531910661826,-0.1767387275321259
-1.1601704461392561,-0.726779097643409
-0.12342743813460388,-0.005879252704351932
-0.6400743849993902,-0.35940167783251487
-2.3686438178864115,-1.2119810853121646
-1.2022966866447926,-0.6627938514733247
1.0944517471172592,0.5148851567645946
1.4510673771988836,0.7301324323442225
0.9185884653848017,0.4726632462895292
-1.006415495223456,-0.4404360833537389
-0.7215078844058809,-0.2416490135461736
-0.1636480028740534,-0.07965864961326499
-2.0898976293061065,-0.9448923025493521
-1.642642244871851,-0.7857296588190833
-0.8120336450177614,-0.3716765886785792
-0.41267215625529663,-0.25776320931401003
-0.1437286804699906,-0.30702616322922116
0.13197368019926592,-0.10856198036565404
0.19800836249435688,0.0678075691240019
-1.571171525198707,-0.557540923932169
-1.4618861351831285,-0.7499961808673925
0.09660428535304588,0.07064911419217908
0.1635105098211984,0.08903563323999951
-0.425174163204732,-0.18519754353444848
1.6675833554615385,0.8254051635271892
1.8203794947097403,0.8224729010873695
-0.72731420897957,-0.41403512020640865
0.09228695040394935,0.24308186163415246
-0.15178525572034157,-0.03837624686512414
-0.7354946734486421,-0.38386660102089465
0.3779840740695285,0.14275583586321336
0.33666311520287007,0.15593163911706162
1.170213320595829,0.6381166085137719
0.27954607855589314,0.049269537321362605
1.514287534537764,0.6838430541874082
1.2753383268295506,0.6045824854727355
0.31623066500250335,0.2195845227532565
1.2232287078252067,0.5573052703244481
1.891910664213262,0.7721011356936307
1.3362292661709887,0.5079532518834005
1.552483925725968,1.1119765524694727
0.14310875310300053,0.10028801284770426
-0.18516812255144394,-0.14528032456034556
-0.9940937463136211,-0.4469325766576579
-0.4571166952447789,-0.1000551612495316
-0.0787903955921945,-0.16760808715900577
0.19807508589785477,0.11643233234057092
-0.19076152752233527,-0.19972627978883123
-1.5669202768673653,-0.7289346313744292
-2.310421399847505,-1.1397657631842362
-3.8941902042787104,-1.9100724403113327
-1.709177641714911,-0.8760323029383908
-0.08570582028258955,-0.08650093817976609
0.480706855792405,0.3422082329652497
-1.0841256181018057,-0.5381164657859755
-2.69519761189108,-1.4380253549254265
-1.5929299647813253,-0.8294290765163554
-1.349361563914706,-0.49731494391488074
-2.8481492861913487,-1.3851806155214825
-0.8009954525753824,-0.32391798121586335
2.0654519107678326,1.1802206796031813
1.747097057495727,1.0688474884138828
1.2976795419906133,0.5808422734804368
1.2657920787050698,0.8134966755784098
-0.3994930772980195,-0.1582818796591981
0.7626686849455623,0.1989647492308359
2.0011951824646927,0.8484190713199555
-0.15124405833690746,-0.21718298817571816
-1.0445405853051584,-0.5146940095370516
-0.27926172560210216,-0.052139009284536686
-1.6281544949106732,-0.835881592112054
-0.327454565605274,-0.16079148250946204
0.9033097396608487,0.3538618921664897
0.7354154952267662,0.23043307811549532
1.6513277772568855,1.024368384180085
-0.11034749777251507,-0.01776553270481493
1.8565674456002015,0.9721920675656937
0.8293438689246031,0.36360624407856534
0.346406416901205,0.15688168330843652
0.7725849564183717,0.42945287018989464
0.6068539724952027,0.4105924995069136
-0.14179593616014535,-0.0020639251480542714
-0.2576700880413021,-0.03824862576456188
-1.4986543258494724,-0.7232571293498048
-0.5448005365221569,-0.01567181899659581
-0.669592191138671,-0.38592945384313554
0.3368712533288776,0.15985787738270293
-0.9315268356088182,-0.5026326363768739
-1.2476099964108367,-0.6845488411687293
-0.7269751077065225,-0.28098503881043996
1.047527601315499,0.59781523523628
1.9866941860788914,0.909567049772401
1.5793217284321812,0.9261528543117267
-1.7787996441825693,-0.8419755100162372
-0.9865163880452592,-0.512047187348151
-2.370752549939045,-1.359239113435993
-2.002939945604723,-1.2119488532220355
-1.2438456117132817,-0.6234101935529283
0.44649798280007835,0.19911215666433807
-0.7862977551407445,-0.4678309929542969
1.3812834001714123,0.6872910659013637
1.6729880098517103,0.8407479331857989
2.632248664064909,1.298879613759297
2.056373857269807,1.0829103505799795
-0.03589223364508087,0.138315157530195
-1.1131690399232999,-0.5411788751642711
0.9334531883256011,0.49724813911731647
0.6495607678531922,0.23027894577244845
1.5979540067402331,0.7793578125180518
-1.4170957028452493,-0.7911279555219086
-1.7901424552804062,-0.7711710185618905
-1.2992199918253045,-0.6937580879630367
0.4841695701420651,0.018615305103151708
1.5953242877262142,0.8648799883736576
1.610853350255619,0.8238469871694397
1.0011656745489588,0.5729529526490386
1.0563530622335118,0.2889999881851969
-0.33480997768039344,-0.218835285058911
-1.252945811088904,-0.6930442063908548
-0.7927044201401207,-0.38089976215002563
-1.8737636763096481,-1.0838727777846138
0.06916848884604254,0.009556354868829095
-0.5509672127012166,-0.3006795152917043
0.6859579514925103,0.28493561723515837
0.3890019438978494,0.2643316521245717
0.28142495045165566,0.1701824227611525
0.12726288386894397,-0.05544597302989071
0.3219307799833196,0.2708103579193858
0.24832742730677898,0.14564785174716835
0.10300477465547997,0.009376054944807005
0.8653016541902674,0.47123460534617834
1.4964381570496095,0.8915853098354493
1.336101830423074,0.5949558616370497
1.8019134120632074,0.7677863630724394
2.3528031105283405,1.1363044694339959
1.7076783433428315,0.7092510377890506
2.2245522812185397,1.1119649503787354
1.7295987736879295,0.766675096739036
2.2302556649561867,1.2709028454428524
-0.29165704032335793,-0.09920014397742777
-0.9681831443798222,-0.6843155641599005
0.9462306914605604,0.4128283346902695
0.3652457511128471,0.3837309292674469
1.3833409293476644,0.6974493558851227
2.648913899662427,1.291727010074403
2.007470287635144,0.9925091752839839
1.5041248999419699,0.6132814586627
