1.219487253686345,0.6243896366888434
1.5220671020006677,0.6641940972421735
1.4931871813719204,0.9944305689625099
1.4029806807274292,0.6529419237798063
1.1498833829404966,0.7022312951139358
1.1559876910457128,0.7439937318138488
0.4546798021958472,0.25279190220763087
0.08138777363230618,-0.0634371413396393
1.779641023952301,0.9560700497317427
0.47236632505406656,0.22716682129398366
1.6803201884263845,0.6986114022138354
-0.3314229531373363,0.028594524463253862
0.6719275678243564,0.5438335098098244
0.7692595031785572,0.47246295813860856
1.9873585780177616,1.1148148809692098
0.9966790835840165,0.6526263408777295
0.9970414283410601,0.6720604305208371
0.5144307107262903,0.3449999266102225
0.6464460270550112,0.5424902042116261
-0.05402310256381582,0.12437859036358195
3.159670946790549,1.596507369332593
-0.11250056786932283,-0.07046690292077049
-0.5143372341451198,-0.32650038833379247
-1.3303319472103898,-0.5259288906866695
-0.6679316622424124,-0.1244343402284917
-1.089962737787486,-0.5119336513410772
1.4730225689307046,0.6313087192398253
1.9242351545297933,0.882989706187336
1.4848132616981446,0.6939184433347927
1.0363945563562924,0.37917737985165556
0.25913243628001764,0.2213376635753543
2.3508046526708464,1.249752986176168
-0.5352376966414345,-0.34584902502188486
-0.931342694678291,-0.3980165175959953
-0.6496448603406968,-0.2686308217856241
-1.6276765049809918,-0.8309230198958932
-1.1777764124078973,-0.7282308135416616
-1.4696705813395665,-0.6150629176057968
-1.5778358679422566,-0.8375720112869361
-2.0634941014057255,-1.0447836615087533
-0.5232951042232599,-0.2548213539361854
0.28747104496489095,0.13151668225410804
0.29936296468596785,0.04832566912227168
2.006290705727326,1.1622545510234419
-0.11623117051852883,-0.11106074861155804
-0.9142359250262071,-0.3898664844588787
0.10812136023756369,0.023839264973362743
0.8398373257799515,0.5378937852001751
1.0007989090923552,0.4655708217881117
1.5323947453666782,0.7906317290831039
1.9099851545709114,0.9098091037171235
-0.3558946201418407,-0.053070390030612105
-0.5770423999627771,-0.24530977588715017
-0.2758071720303239,-0.02356216637784489
-0.5301378186347614,-0.18806199923501293
0.5847241454286143,0.33303534861845874
1.1534407461561123,0.5444935983189023
1.894066685261384,0.881058972008596
-0.8628162978134206,-0.44308904644865355
0.6351578277477661,0.5145436286337506
-0.0340706623120679,-0.12005958975335257
0.4311873828661394,0.39272268911882313
-0.49791857836538234,0.0018310312107894244
-1.49644656312584,-0.7099217300374534
-0.544267328621913,-0.32207757201664616
0.1273246182402319,0.05187303483921814
-0.4353494452450577,-0.27763660941325763
0.4707779062824422,0.34967347023953355
1.3213900153240012,0.755588859004128
0.6803126673679862,0.3114078234352148
1.559449553476688,0.9767920453720784
0.0814224581054912,0.2993988736244403
-0.45675111453689343,-0.1952321893863603
0.26160838457501023,0.18969958456092717
-0.16523357759432128,-0.11429955507060383
-0.2110336478127079,-0.23849760141825746
0.6958211332459713,0.3304640924132571
0.20788413009005738,0.020090650688313463
0.07198980261402428,0.03767537675308001
0.6984883431985013,0.26667023907332127
2.6955490719959068,1.4557356187116128
0.28188280030901647,0.3437039526231302
-0.09267183028767895,-0.06403528647011307
-1.4403558327098647,-0.7470018228239999
-0.531055397690193,-0.18650452744614093
-0.6544428520131784,-0.3327317574324686
-0.6009597758642561,-0.19633896788621613
-1.2152286331565207,-0.45918377348272277
-1.6612602686215285,-0.6504350924555506
-1.179913031949675,-0.5688497742458964
-1.4186912831953638,-0.7624612098080786
1.6046758067980287,0.7785382742287014
2.0078858574512104,0.8736802349809496
2.4573903551736525,1.4045721174202317
1.7191370071836005,1.0021591762151607
-0.3005497883634307,-0.09872608847520462
0.8096227426491107,0.41455049806360034
0.7360059308646472,0.27646066026288935
0.9341148341725252,0.41713218288620146
1.704349591706773,0.733243125261467
-0.9859486541813199,-0.5263735009470398
0.18638845822154226,-0.04664836184414811
0.09258020707995626,0.06052462528101911
1.3576324815054412,0.6638655475382432
-1.1072383730150444,-0.5443251276769409
0.5302015950308452,0.23403076544845114
-0.40467834313063333,-0.07048283994210672
-0.3332778189398975,-0.3383251928801346
-1.1507042898751103,-0.6914984090958541
-2.0654341140225414,-0.9987010336677461
-0.8678523487679738,-0.3635263787101285
-0.4804224725379527,-0.022520117240298287
0.09920194647495562,0.16569351304959523
0.4373792353419008,0.35764983391436334
1.074725502400891,0.5170028252579958
-0.2307920093076411,-0.088373122626791
0.3658663702177778,0.36863506414438907
-1.0666369762408996,-0.5201641342843304
-2.5233733664013642,-1.3232587721250668
0.1144049667581547,0.07067772460489317
1.2186361447492384,0.485892972491607
1.1106619729484468,0.7767813629881541
-0.14152867416332893,-0.1404530021688289
0.749580225253312,0.26850725786034507
1.7359350606872637,0.8772120194271503
-0.9406023929144737,-0.6317626117337698
0.31364938695805267,0.28858670867669467
1.0556662653965974,0.5796291675731802
0.5200821417958581,0.3976043203594601
2.5367008332446104,1.3687224593753184
1.5124392981927648,0.8321471483157538
0.8631626726745381,0.45466763600759097
-0.21487503836495447,-0.08355261202435803
0.09238933123874313,0.022661121661418555
-0.24379635591720847,-0.0943629428429971
-1.1300347465406873,-0.4722061997104005
-0.7816071202977469,-0.4296826253608689
-0.8062153954795366,-0.37520755180765997
0.4492301482369153,0.16640872954600605
0.991314013474455,0.527639511519578
2.4508618236670374,1.3893548051318942
0.47955281194876215,0.14009794673511722
-0.4227387797507162,-0.14007621405990076
1.2897560803283048,0.6099868031342204
0.7451624944547807,0.42864803091500475
0.12837888090390598,0.10054750961425823
-0.17746662144365874,-0.056182626035676406
-1.0242170500490457,-0.403150249920621
-2.1565462855167477,-1.0361453551510744
-1.42206550305167,-0.5547272733562291
-1.2548329554437516,-0.6633137662775593
0.6947250379823566,0.44623697620946456
0.07679679581786669,-0.011169876779168725
-0.5041303798592094,-0.12667134097313193
0.020133637840537844,0.048742523353804676
-3.079381641234509,-1.6132367119610702
-1.011575204725056,-0.7607597319159088
-0.6902791733489645,-0.3202690918939496
-0.10925972343801904,-0.11011625297669292
-0.9652939935122342,-0.38377881786115975
-1.208580187074019,-0.7461405371147853
-0.6286644250125236,-0.2358768140934458
-0.6798456216305102,-0.23202480510854026
0.27364041191095706,0.25198333827612995
-1.0734957682644697,-0.4115549449235951
-1.9155847546064178,-1.1607608315698619
-1.4557897132254405,-0.6502178581065579
-1.6430171430977774,-0.7556964225079887
0.07580732725568906,-0.013202659656422547
1.3103159420568171,0.5764080737072649
-0.6087098489836812,-0.3830922185459897
-1.1751342354573828,-0.43963834252981404
-1.4408069018369765,-0.7735899338236691
0.9310732375190396,0.5226383974857643
1.5014155032701932,0.5723595497340155
0.09818145591344307,0.16831293657301155
0.5876002773579123,0.28442467026529655
0.2445614711298189,0.017657704414755435
0.08317858543543409,0.08166496591875877
1.249135603023064,0.6576243741742851
-0.45947815236955136,-0.17532049546897333
0.6348924302861898,0.1910713340803528
-1.0322528651787795,-0.338777628703534
1.033361755774882,0.6164824037703043
1.1641077140991811,0.636144179970462
-0.24897751447944583,-0.0931706327995655
-0.6411690216319842,-0.21789787865033416
-0.48522650253640814,-0.30598261789674064
0.23495533901917653,-0.0443261699844405
0.3419671681359362,0.10417390345623224
-2.6332593528500468,-1.271878094463421
-0.3170472199418347,-0.12375408959312531
-0.5309225582579151,-0.14732923823271504
-0.5613310818591404,-0.14937148693076446
-1.2715928313241471,-0.7375809184329483
0.48844471772332243,0.23315720813007465
0.05095782861799547,-0.02614783737852218
2.4854786235985165,1.2825194263466373
-0.5878724380840823,-0.3314177316313264
-0.5768198369295628,-0.435443912338209
0.21147714924207323,0.05597548387024862
1.6801604595729303,0.8646135468516767
1.6127430560443554,0.7712991794724695
3.4374509255314196,1.6443511593905216
1.2144491376025206,0.581507238538461
1.3261992417038362,0.7454477038625772
1.595604284774162,0.8294737132494823
1.1922027393278405,0.5899387429736458
2.1733051174239986,1.164257395983771
-0.1837347041848013,-0.012695931486913295
1.3034241863160647,0.787171976221074
-0.35025097693503127,-0.32271916924989363
-1.4381980775158005,-0.9070094173983494
0.7240103030575805,0.20849914629255814
-1.3138676314075046,-0.6153300726782572
0.6087390179693982,0.23880529206360848
1.175428249790825,0.7001170976799312
0.17593131756372865,0.15437806586205743
-0.37881723425182284,-0.14411906749383682
0.011525133501657847,0.14649499789715176
-0.03620481079760249,-0.03393827432956181
0.19743069401031668,-0.05502430615523175
0.6117210937068267,0.42763753590787473
-2.087158886005707,-0.9339696473568336
-0.5977510692150033,-0.2007748887060236
0.46011476681923363,0.4030736968946578
1.6602788593126727,0.8152860366088015
1.2585159173039069,0.5431796263440223
-0.49409438081543255,-0.2103293419723617
-1.231429071547376,-0.6148608008688483
-0.9734877163349711,-0.4331255381308891
-1.2277231570619682,-0.38321371270341753
0.3883158847674355,0.17464047560070828
1.4171675416872032,0.7517472357215902
-0.8807261649039143,-0.38075036027237613
-0.1591124468001175,0.04916587802717867
-0.09451540445468554,-0.06697617959674915
-0.22049022040132596,-0.07222345369657045
-0.9574602541609508,-0.49205028427907727
-0.22252975419155047,-0.15419296155539008
0.6324741709013402,0.4418121672191399
0.25707751533549406,0.1788260070495641
0.8026251284602813,0.5159740985995829
1.3246507685947009,0.5877802310290295
2.032827509710004,0.9184445140603472
2.097970841318738,1.1007789892301334
1.7205374999159342,0.9351730432568788
0.7902917124876294,0.3400925531542148
-1.3087349028571091,-0.7043092358379198
-2.128666875727587,-0.9272780477301417
0.06425427699219699,-0.14559443166090258
-1.6818938588281505,-0.8885419159953917
-2.517581860511616,-1.2404252760635892
0.4542963401329031,0.11142665675094432
0.4835764826481616,0.2349813471251196
-0.401268137730392,-0.2349478808526856
-0.12691186914905905,-0.10277305765597222
-0.11417004634816966,-0.06613463981958832
0.0938029800555106,0.04459154222997495
-0.9587218723481281,-0.46332780957260306
0.5998867360438023,0.42701541795068215
1.7164556914476674,0.86609026202744
1.0407620644562392,0.42399384657967565
-0.7518375969938409,-0.3623121065161442
-0.5699461282546374,-0.4066100700945339
-1.0200822700872025,-0.40301623631364586
1.9470565909324078,0.988438480660113
-1.3579104753912454,-0.5077978010876153
-0.35841714994029394,-0.14490334802651175
0.4866102488184345,0.24509402766705377
0.5401938893471206,0.3849686767947247
2.6582863018636433,1.380382434443446
0.9736015572616903,0.6993753470482791
-0.09224795781526929,-0.2160645102172997
1.2925330113142377,0.7287414505634863
1.6945240254252125,0.7410111755213237
0.3302219341453435,0.05056820981937182
0.42590860182141455,0.2359749458399544
0.23533719894248345,0.10742329729245871
0.5960908362682723,0.3203715154003375
1.2274232913506316,0.7092975257062354
-1.8547944896014865,-0.5913422602103915
-1.5749622753009644,-0.7133117872324585
-1.046313203388314,-0.5286854337836335
-0.3615421337744582,-0.13451211670353136
-0.7711735306311489,-0.4487750451475165
0.5728588479397099,0.1764003855534309
1.7918077099490668,0.9318681666955306
-1.2239832325951276,-0.7050885832598257
0.7303411884656318,0.43669315920997215
-0.0007767959349357922,0.02526098759022813
0.7083414693460611,0.42770965469914235
0.18945602791240124,0.0981511435822153
-0.5749901948126735,-0.32536429058095157
0.49769967737187865,0.13069477653247186
-0.9290283142854816,-0.41785029233230736
-1.4821035348975578,-0.8096139731650641
-0.23035447884262078,-0.1945369692701808
0.03234681779363377,0.06862797418328437
0.793094575002031,0.4610885359407816
-0.3413444832650622,-0.28548211809758545
1.2660972644585802,0.610259520665995
2.1674712860599383,1.1239551437724697
1.8013656842506793,0.8415857206942736
2.9067746665139254,1.5280806156800741
2.431891887374447,1.0267059405783694
0.8239541796395842,0.26351809654559577
-0.4349448552200014,-0.26057900231977127
-1.1153476843059553,-0.5214994527507074
0.8628863755518474,0.425656202532784
0.3110158821559706,0.23319080521058716
0.48848535655889247,0.3262678049889628
0.42539438501690857,0.12820753517884947
0.6433807164116221,0.278612808562704
0.5552565367724309,0.21420605127697523
-0.695880256951695,-0.34264064114554965
-0.7469819645029732,-0.3158227932216617
1.741791990287415,1.0006374107321405
0.9360018215880138,0.40900007482944273
1.1843991519430372,0.6377185595706569
-1.4710288509879192,-0.8698512586647158
1.4675612563870968,0.6814548055498914
0.7173763085179287,0.26583339195542555
-0.25030436983306964,-0.218649668393993
-0.36552068728626275,-0.17999470336623524
0.2134808193142893,0.10622914589678231
0.4651186478559407,0.19519289649643384
0.551179829371044,0.32586419909976844
2.07475738880098,0.8782681870056158
0.18975632699977585,0.26002119615937763
3.1894635172962684,1.6899859896579124
0.8745367776528182,0.5948396205662267
-0.4127008169736618,-0.24461266717621896
-0.7196147684593817,-0.42713404547557304
0.48212810932431843,0.3957693283462222
0.9499934085120896,0.4729348440136912
1.1183340750618083,0.5078238976849045
1.4945915747706184,0.5569688983749035
0.5044128428029955,0.36947491335322075
-0.6784251023150916,-0.20637405507279258
-1.6864752940502576,-0.7915512104536215
0.47348214479134676,0.20822949156144574
0.11790212331518962,0.07865406736563242
-0.7917148664299349,-0.3428797964796756
-0.3293648396817724,-0.25400903326244284
-0.6623396352296332,-0.23366353808695944
-0.13671775382351026,0.014413608477127082
-1.4664302701144705,-0.8987462866079596
-2.410284001681154,-1.1880614761644428
-1.1476705286917517,-0.5232004034524241
-0.5269478052389639,-0.26788468052237313
-1.2312785622512887,-0.5450172744936572
-0.9137942951833294,-0.431368041579939
-1.6552412186010859,-0.8477628565204095
-0.3114054467207217,-0.16810146468068377
1.1767235586302225,0.42356934673993846
-0.6368588715609347,-0.49771970698662593
-0.8136170398453788,-0.4098608105706441
-1.8928827426696189,-0.9324251660915062
-1.5144807035248664,-1.024963334704787
-0.8224880179555887,-0.45507617261623284
-0.5553421437318584,-0.42631217527166115
-0.3336104666542392,-0.18683676923150774
0.8396055827919452,0.7396157711653452
-0.3195896839627579,-0.14560843296216322
0.29950561784487006,0.03210612668190169
-1.0427215967588752,-0.4929633661319332
0.26297381524021846,0.03459649079977592
1.3799981670974533,0.859127189066441
0.44123406883487926,0.22188315662039118
-1.1708457426945513,-0.6384908134601597
-0.2517271765123361,-0.11886007781649542
1.9581627285952456,0.9540971218663963
0.8908766035131841,0.3210894297167013
0.08260814173937875,0.08709528306397643
0.32070799558954965,0.2202003863529784
-0.7412789896860522,-0.4022122011041652
-0.7597526246179696,-0.5230969043702273
-0.7057940034602435,-0.359405477587998
-1.4368463659594104,-0.5756188614028561
-1.6487944785687279,-0.8442313382251643
-0.588781988138446,-0.28131369380901317
-0.31969815588744516,-0.026966469807280097
-0.09839701751375428,-0.05822151015612504
-2.1103077340584213,-1.071241442461437
-0.776184852229598,-0.4403517798340668
0.17845874953437096,0.12294527364337204
0.024765178475402064,-0.14256617239615454
-0.07405943998450261,0.10603269504473661
-0.7109761240939746,-0.33874042303803786
-0.3793330213341292,-0.24431268470401882
-3.5479658148474544,-1.6768371890918627
0.968504058420945,0.5466164759114395
1.1411512171451406,0.4968968688215911
0.205688953518052,0.1330627721139986
-1.5863959645965,-0.8290705824638479
0.5409878950669603,0.036344797130770545
-0.14581296878539168,-0.19959797957431233
-0.7260747724656736,-0.4026013549593792
-0.5919695687845727,-0.2439377632835353
2.231143679866328,0.9001345621282991
0.49378262846841553,0.2564185764197569
1.2596496740599847,0.41228310129159496
2.80997657040532,1.4762861499805089
1.031073672841366,0.4231151201836377
1.4733683541941274,0.736062992437599
1.4686417838980508,0.7739564333210329
2.3011312240438624,1.239048879454294
1.809750865173573,0.8521859394843508
0.5331717276932135,0.3087292868291486
-0.13674450012118244,-0.03576714874531919
-1.4429332357771203,-0.6265031480989164
-0.6038457043466459,-0.2726318336073676
-0.9864164469325423,-0.41833486111820417
-0.11718936656117201,-0.0920867290566069
0.5650523367003097,0.19310732494184635
-0.1371366602581181,-0.3096442355141484
0.08025159459270646,0.03955706257871519
-0.37873923590406827,-0.21472673166538525
-0.03316786296685609,-0.06727738127688158
0.7630832441302282,0.5136190146264651
0.6990639400643253,0.4382228007894192
-0.74165332662291,-0.28011285164531063
-0.6513089430426132,-0.3733804745973657
0.37934346195006236,0.09253408757254893
-0.7137062309191272,-0.4747417445443433
1.9257598892951635,0.980231001075473
1.30018131164963,0.5096390931409083
0.3986236884847791,0.2832724529840688
3.7390457675064384,1.8377256975502267
1.6210566897698306,0.8895961659014049
-1.8493266288065833,-0.9412464364121557
0.3938384811852701,0.1030468635509567
1.7921989784107,0.7768966568217145
1.6149324408161054,0.7283542350346209
2.5870979672865193,1.420777208283883
-0.20324288150444558,0.04118183108116932
0.10528091429650474,0.08965624435572939
0.9045741359850255,0.4809001153328971
0.8305417328410247,0.33216656169825237
-0.5618557262700457,-0.5570628843398022
-0.24300199021532665,-0.045974457212369146
-0.892642783019254,-0.4064988163387805
-1.5269881267573604,-0.8561401813438325
-0.7677998640225838,-0.23276546109415108
0.381486432970948,0.09959817538808727
0.7342286045635271,0.2986060262825633
0.15988683057087338,0.06154177288371356
-1.3961034384135576,-0.8447026852281787
-1.943071361937709,-0.9923957024372579
-0.29500449352525515,0.08920318214942977
-0.46975890779107565,-0.19605063614763302
-0.7790970520424211,-0.33888981069073093
-0.6814730023050294,-0.43178128023558743
0.24932980369998814,0.027460044360129846
0.17707728794689132,-0.1370745824036078
0.14340400123767244,0.17128834226024278
-0.6140775970482933,-0.31623935188165425
1.150412341742737,0.8143875751808063
1.146998136818319,0.6226544336343103
0.7719524881160882,0.3699315648444433
1.4946425461762152,0.8012727254032096
1.4348245611513968,0.8834456098502381
-0.0871320676130054,-0.12934100232547957
2.1556306047543092,0.9639532228269796
0.7196863420830849,0.5836274103280662
0.1927653828963672,0.1546890963948423
-0.5475909038405786,-0.34704790688752285
-1.3962130153420191,-0.7829310083884138
0.608758821279927,0.2149022385804118
1.0210871616966823,0.5092318055198259
1.8402014043591852,1.0399890521811361
1.0998454231367865,0.7223328646605781
0.8038384491372613,0.4249940247085646
0.9037652276610694,0.45278775960678475
1.1161985554625884,0.5163073907003624
0.941934115005201,0.31662586016239463
-0.719756611538406,-0.4082587744877006
0.5737182796921132,0.28362688854548346
2.517201386892661,1.14407801714761
2.4113213084924983,1.2673817709777582
2.3875954691076027,1.3031928306355591
1.0565437342027202,0.5448286857697435
1.1500210063766576,0.4435112608078733
2.280757049876325,1.0817520298098195
1.2198811634285556,0.5219397892745422
1.3544458907242878,0.6697546170286844
-0.5377076957627044,-0.29075352771790525
1.3726353449171516,0.5305782380501725
1.2452690716590316,0.7607504302349463
-0.1826090166658183,-0.021740284512481653
-0.1290315321654455,-0.13410530458444966
0.3104962697672672,0.15844692636077984
0.8580746519669065,0.4476233425247435
0.8915455525344782,0.465337387567975
0.8199849375474666,0.5653916755587307
0.9973411900751441,0.45898111494271565
0.6753247997666099,0.25805711121924796
1.5116441098999385,0.878774378950071
0.5933347108347211,0.17408468822675432
0.003126245622230517,0.006758040042139531
0.802775906265621,0.40265775573900786
2.054361776929699,1.0483917600937256
0.7407311456047142,0.33592501588774587
-0.7642405125379506,-0.33837222364917735
-0.45206691163113816,-0.3302444912172292
0.18456708721043397,-0.10273444362768328
-1.264994445682619,-0.5177479924281276
-0.9941681416490471,-0.44698344064551465
-0.25461108889635337,-0.007821747022967715
0.26770790065923844,0.06337800249879985
-0.09101127297161485,-0.005100653922352323
-1.3425051775255676,-0.7423474072069395
-0.5390238698864627,-0.22904317259901896
0.16849045971849363,0.09104516451416517
1.525998458285125,0.8453399330715262
0.4759543337570605,0.20771121310783744
1.3330598372564835,0.8426449673583734
-1.3184482841903047,-0.456915990457058
1.4139396722155717,0.7391123934927225
0.9698907190521112,0.30190701411321996
-0.01186537231451601,0.08251338113011014
0.8506824112331843,0.440246941675486
0.19905141948801613,0.09730805198783594
0.17104609914681176,0.03620658577312087
-2.852704114449519,-1.5532101082813619
-1.660607986797435,-0.8724881487726261
-0.8712784207555665,-0.4580199112535379
0.8966392760385772,0.45326759746431095
-0.016103282384718143,-0.1671503577775339
1.355703786929812,0.6854451519623901
2.799560802043609,1.3531806164088664
2.8802607449821944,1.5320315135422586
2.391481973194388,1.0759830878380785
-0.38295383295501606,-0.1861754307884524
-0.9842940966755768,-0.2584790844899095
-1.3641995106694862,-0.7101760359661556
-0.33431704879813995,-0.18763282173422463
-1.4131151078229793,-0.82883691661526
-0.30165053608866504,0.10185858269439216
-0.9439521421984854,-0.5781691575288297
0.3041278021104902,0.13645954144578878
1.1737909354331308,0.6847439894016846
1.3402872824498433,0.6614370343204045
-0.16187673194172936,0.01846766912835046
0.17187422509634026,0.02360839002464609
-1.8625275957624075,-0.9333411259925046
-0.6111857868787902,-0.3041123123548512
-1.3155767236068623,-0.6240267225522076
-1.2446054267874882,-0.6730203747014168
-1.5708575150956365,-0.6821016031239662
-3.5412785179602095,-1.8479527604744284
-1.1139955773934898,-0.6434502823645483
-1.2991311574483104,-0.6578125206591239
-1.2609827182848379,-0.5351097454058071
-0.6195492790174777,-0.40529654392951214
-1.560911391996913,-0.6339256371625841
-1.7690157749722153,-0.702979013221238
-1.476279629269742,-0.7027002111838399
0.1015182373817044,-0.04004591397789642
0.606376132978391,0.12616487196335915
0.39207337829703814,0.2579671974731288
0.5442962023522808,0.3050223895797671
-0.6161459919744849,-0.3762766292291382
-2.352477560391982,-0.9933373949803878
-2.124260283056107,-1.129985080534885
-0.5667826890361087,-0.1561773158306104
-1.231949266988438,-0.7130832943956177
-0.8954277658813155,-0.3442905673172825
-0.5379165958315312,-0.25826981874594446
-2.355977278028428,-1.1653465782139723
-0.9700891873369596,-0.49510018774492126
0.6509646782437217,0.3337333633724656
1.6712975623467565,0.8412929729289225
2.1168013400609085,1.0539275010778983
-0.595867770982691,-0.3160380936496376
0.48837982926426404,0.3486289028254668
-0.7984868255944894,-0.3668103166212281
-1.3448030510426907,-0.7053339584576536
1.426978321868432,0.47384511943989377
1.3601773962055552,0.5659235647291536
-1.079615941663019,-0.5494698789071615
-0.02521964208716687,-0.019971286870702827
-0.5688408549738533,-0.2863050999948037
0.023372938979327074,-0.05552540961127808
-1.3682322252186667,-0.7522836667676019
-0.15456765246865645,-0.10918355874867992
-0.388126043537829,-0.19533525002384827
-0.24140752535852603,-0.15956029959025703
-0.7393675489919113,-0.32976311307476003
0.033993136187088824,-0.03884352942726947
0.9089390167932896,0.41905911840259047
1.0673101166014551,0.5715273093107829
2.1627998285623278,1.006405116368409
0.45187932978153733,0.20966434609311738
1.3783016626609725,0.6210561935150873
-1.367531936556192,-0.7416469384329442
-1.5146799245290148,-0.8117187600038908
-0.5591762967012175,-0.16259439665067543
0.39823504409614247,0.28336253415708346
1.234503931400277,0.7985703366617604
0.01934476670280394,0.014125521465912602
-1.7049220328588282,-0.7732518967897505
-1.0649175240853905,-0.49786237120380117
0.08971084764079895,0.1572361723058635
2.4457286017676476,1.3779294852147541
0.1760632592503435,0.14083856454299704
1.4016456945823208,0.7945571689759918
-0.6394147760464313,-0.4272250332387352
1.3649292073480281,0.5800737516209516
1.724112445626963,0.8833938138007494
0.23114252863043794,0.1632841210360667
-0.3054949484725433,-0.12154941966484387
-0.7258538829520434,-0.36164475431524806
-0.33935835237319745,-0.03377560676026245
-1.020362710321504,-0.6663760971531318
-0.759236897533442,-0.3352572011773422
-0.8404087950599268,-0.283387950107296
-0.15189425389760536,-0.11607505495918607
0.055421797785950994,-0.041679957967499404
-0.03948677165604375,-0.05873883547118178
-0.7429235513345432,-0.45781137801533134
-2.2200225376369604,-1.1273561229478892
-0.3859164755381262,-0.23437035729796446
0.12477628755309111,-0.0019001017250813573
-0.12785315691300259,-0.11471504328701493
0.2818383792903263,0.20468344544484127
-0.7508585616672661,-0.39405389756974607
-0.11786087814012708,-0.1572650347938141
0.43352820011811677,0.26288319573223173
0.583657598769613,0.2759763177696134
-0.06796455423113029,-0.06337213727883335
-1.086098131992495,-0.4913998899711173
-2.2935747269401787,-1.2690448059371664
1.3616373034749825,0.6325102495232243
1.7272846822961325,0.9171740703794588
-1.3949672255193595,-0.7240408666432736
-1.1380939100308103,-0.7308523645190002
-0.3743309501347928,-0.23593431917351795
-0.1724747708704097,-0.04279935704992996
1.079315144123595,0.4477057589834042
2.7938025066099046,1.471502896555905
0.9540065406969209,0.39921157760215176
-0.5576081217317082,-0.3836266211408128
-2.1202355455260022,-1.2991324785606335
0.40885274609620903,0.11507440613573322
0.3728838022501878,0.12791857614669752
-1.5405472879860616,-0.6997948936649016
-0.740902543287461,-0.34831641793474205
-1.4490358685019118,-0.6141063705697893
-0.5536440482744274,-0.2172063226332143
0.6882488125508212,0.25912139072147544
0.2331781483711067,0.08670195307179147
-0.7285540481962002,-0.25300299677995697
-1.7921861159302503,-0.7953818300269317
-0.4712593960917133,-0.2859563266377167
0.04685834916710169,0.014324723441027405
1.2126996631029618,0.6428725430020417
0.620282593908583,0.28196594422144333
1.2936705608670842,0.5483774051998431
1.2621762096331657,0.45077909637655866
-0.9458308438108517,-0.4973695618640041
1.1584746805888315,0.5102429977593875
-0.9535277678963322,-0.5261446998810241
-2.423536149852799,-1.1058927034471704
-1.3118245189804214,-0.5707168227924534
1.4115833085995577,0.7844812903443965
-0.658233019178382,-0.5102306523698333
-1.4363447831522063,-0.9487873921920402
-0.7461561842073834,-0.35917301022810494
0.4902033376459208,0.15445015539448645
2.0139280288696972,0.9065351288228036
-0.2568650382570091,-0.1268646298902832
-0.2361311992894491,-0.20554629860088758
-0.429374326303735,-0.125974100551312
0.42329878077532757,0.21182645206432765
-2.288549549935566,-1.1334474332444306
-0.34035419849272835,-0.0007599408374106276
2.5299383929970967,1.3800407871981268
1.387867585857164,0.43608541727353073
1.2033171251354595,0.7189963181935689
0.010341740313906778,0.005782381499945069
1.1929347740038574,0.6716227675593545
2.4371189571805134,1.1027095184153137
2.1089110952933923,1.1574770020151837
2.0584050739537774,1.0509847657823694
0.4620127760200643,0.18794261260467648
-1.2541602640220653,-0.750421080718722
-2.787565383205127,-1.3740932548792768
-2.6228827019754672,-1.3130041797386485
-0.37649602924556524,-0.06308090928441726
-1.201042785781116,-0.5190560354266371
-0.7954030164838638,-0.44905844432387326
-0.3498805501548946,-0.06457299181193331
0.4289702632123463,0.30046852039804567
-0.5959268132839417,-0.33936629304031507
1.1640543834414885,0.6508982446512145
1.5601528815734589,0.5775829921302071
-0.7429742487867662,-0.42736197186923874
1.5862925463871216,0.871208253183362
3.219553522445031,1.6831566072359203
-0.18601498570810104,0.16318919247306163
-0.4335221041450346,-0.1990451630270772
-1.2032557596394158,-0.49863328586785205
0.04296349885843598,0.09101782269053263
-3.168374090545226,-1.6149944667982448
-1.6084527585668766,-0.708947719385572
-0.8232493088943665,-0.29397487711539627
0.058271012138186085,0.0641971575402761
-0.875270493178317,-0.488829201518531
-0.3249725233169398,-0.1644922998317402
-2.006557479674859,-1.0947151183903951
-1.859784585267342,-0.9465448103027441
0.12019898616136337,-0.06153369426842471
0.22432832553918203,-0.11874261918144785
-0.0881668618526695,-0.03999188544305815
-0.6728461924100765,-0.4080749882087409
-1.04539222299607,-0.5778508326840359
-1.1981279871910706,-0.793081326891709
-1.0632783018882337,-0.41794706240666685
-0.2160488478817238,0.011636593558809999
-0.8143941851459617,-0.3535886656460917
-0.04153327840118204,-0.0012162886189830413
-0.6019003252043851,-0.34503079096489514
0.6448964486000506,0.1848477361894017
-0.6202481326684235,-0.2016885738704724
0.5098081213699628,0.3028383019250468
-0.15205276812080665,-0.13561396610136345
-1.9599626555122236,-1.0291812139195409
-0.7315257463273943,-0.1602143152500089
-1.945573489945747,-0.9564034926052201
-0.923995286035812,-0.3202627657941612
-1.285077699834381,-0.6442816529247443
-0.39353564810228864,-0.057122897645283444
-0.5123127809507239,-0.18233827146220694
0.2953771173020675,0.1633606091029255
0.9461875565171124,0.4743465598578315
-0.591799468410889,-0.4206908596548801
-0.6887921728745322,-0.26341563775020177
-1.2032061220349526,-0.5921322608166427
-1.090642668701639,-0.5616920888257366
-1.3194527570872665,-0.6655641855120524
-0.9739786504930912,-0.46090457274137786
0.11259938087640742,0.044693131712385537
0.8201356695911579,0.3691879383825906
1.8452052446592695,0.9219955333536956
1.0144762615374263,0.6427371145044645
-0.4041926303863653,-0.07710081981755262
-2.0700950768532587,-1.0771642557290675
-2.209350676721495,-1.2211621043886842
-0.035744544244250664,0.06960409075202567
1.2688642792489995,0.7069847560889827
-1.0088809164371395,-0.5364089925024866
-1.0088640138490188,-0.5464705781322343
-0.6436085172527267,-0.36155830988075854
-1.333722477300455,-0.6198759097973754
-0.9300932906679047,-0.6999489134821856
-0.5168946156132407,-0.2216890364763797
-0.22730084635815848,-0.013401208658250077
-1.0950958169915963,-0.5729047697990539
-0.34728010363006806,-0.19995277928131894
0.5544533447487021,0.22248949511411253
1.6577703308128477,0.7412649706596205
1.477451705537479,0.6269465360560146
-0.8756453064715468,-0.7188057649765252
0.8238858617671829,0.512246449942793
1.2282645081779202,0.775543380270523
0.9345927362206246,0.5843787345193238
1.886523453441604,1.0218144770803295
-0.6120243995012341,-0.33222437106386726
-1.1671587059999016,-0.6509310642473218
-2.0340856862927166,-0.9745859595309773
-0.9518506864746985,-0.43220750631988514
-0.8237960179899182,-0.5423333351174158
-2.1865810721149934,-1.1673390513325477
-0.9210372386188538,-0.29224427405257924
1.3837977105803807,0.5534549961598833
1.8397288628471729,1.0131178209027132
-0.3211464599663334,-0.15088638486730507
-1.2034618827356698,-0.6790271542850553
-1.323627840542295,-0.7488410472634573
-1.298887222526214,-0.7230567687688393
-0.9968949286264372,-0.26905362331910954
-1.4774778645435687,-0.5829893658569166
0.07225756685876228,0.10043470124409419
0.20439022609369223,0.265996745369275
0.597972567105401,0.3528131451034428
-0.3015375253537409,-0.25481676144523435
0.23414514764153035,0.043442881816812606
0.6268485216306122,0.31266132005065683
0.2712546735605381,0.09992588447677618
-0.5166354130456888,-0.2301303822459002
0.20091624898285104,0.17648032690516285
-0.3418631660785408,-0.22947659948191113
0.109750665986657,0.07362423626583539
0.4987076246457463,0.14431370545492678
0.2366850465953284,0.20307993314902012
-0.7840550399791221,-0.35092782561401975
-2.019727707414845,-1.0796909238817167
-0.003339563466509543,0.07201960249858999
-0.6240796549294313,-0.3653358548354131
0.42620372607946283,0.29566443355678407
0.7483550365173516,0.41070867661151195
-0.35832932563524394,-0.13930790067508264
-0.8250929933688678,-0.4133634437573737
0.2814687709573207,0.40062649625618907
-0.07475100067066315,-0.03736122585879199
0.5005438563270729,0.1468967588129816
1.8563994767606573,0.9974126501064975
0.06433132068132641,-0.108327218436747
0.22572637907184245,0.08526818698610382
0.5619253842003344,0.3913179856295529
-0.39143127438622605,-0.14970531939874054
-1.3081235170286565,-0.6836253671911099
-1.9342335352931388,-0.8966486608309077
-1.3391522910980336,-0.6472295721310506
-2.356631479055261,-1.1816371723961703
-1.2383716307422483,-0.6416303383018538
-0.1006845290299383,0.0057834254454675535
-1.159927760366039,-0.25583598848396977
-1.0829534938025827,-0.5876797872896813
-1.4738667156643532,-0.8078484932838411
1.2620223732575666,0.8201636507925639
0.025712562583259935,-0.06734897232639364
0.29850135053616084,0.13372962110950054
-0.09124986837797236,-0.09367998331471558
0.6085594138814377,0.33124924887889584
-0.4110238816336273,-0.1984280237834103
-0.4875398519212635,-0.2098124393612338
0.12212543771475992,0.09651154252856962
0.9105852329686595,0.5456910999631485
-0.00826272082839763,0.0654327626607674
0.6670845810628951,0.49222646277670784
1.1643287113907335,0.5370878293119239
0.747372951813177,0.4315935347789858
1.5270089836547205,0.7573585585428738
0.35185362925861235,0.18884939524302652
0.6953214700344226,0.2859887585225829
0.05075714398025105,0.18980368647108517
-0.6727764902800023,-0.19907878901547676
-0.34179650374596504,-0.10179873326869043
-0.8098169579027529,-0.4449519284082971
-1.678660538326585,-0.8700801383928845
-1.8955322827854264,-0.8676889838359398
-0.46617212262260205,-0.36343068273810697
0.6001918019291599,0.4147052252214037
-1.311667713646635,-0.8262250638530799
0.29596529241508485,0.06269127453177303
-0.058084557656216756,0.014781825820714106
1.618311057328246,0.7397608413504534
0.975025647504583,0.45039273172736566
0.8127512477803609,0.437503726731863
-0.11613405460935428,-0.10964828464378482
0.914172083496182,0.43172746547180924
0.28131027789828283,0.1704851817509182
-0.21559527117597185,-0.18957427251959638
0.3239908040252839,0.10413948467359344
-2.053430846962607,-0.903657978699799
-0.2799467616390797,-0.0714173496113371
-1.5981476587740462,-0.7592882402868422
1.041715279004128,0.30779676393352673
0.15131831865695228,0.1784085166700074
1.2976433909017986,0.6112898961132569
-0.21175674728809502,-0.03275592621139113
-0.6963690582202368,-0.24269772405057466
-0.8031519051930884,-0.2739345826087656
-0.3954958679180547,-0.23784902806090016
1.0104351519207424,0.5330826056511424
-0.6076934722857312,-0.41618817976359757
-0.2739827205910502,-0.19270488282903794
-1.3889474546390173,-0.6452304214151101
-1.0391011210329357,-0.5670136027428769
-1.1774052416386187,-0.7078322930701741
-0.6254530896488257,-0.31293734760300357
-0.903386604865839,-0.47109964324172715
0.35303841965904226,0.3686289160785883
0.09598936176378128,0.09242101681310982
-0.12448640491877029,0.044092653349837176
0.44660796615994436,0.29909263064344477
-0.4045917341806788,-0.2545049211298076
-0.7357679450827083,-0.2738888898066789
-2.3870673333380856,-1.1639124146799311
-1.9417722065284468,-1.1781350059340268
-1.5444222549269884,-0.7380919121915266
0.24939774524866742,0.25881360205211174
0.3004215898398896,0.030329400540124327
-1.3896621387186763,-0.6230969334608413
0.023709804196838324,-0.0880312524395924
0.30377575008107516,0.2922325469482367
0.6885242708833723,0.3098752098566052
1.9182824240327474,1.0494704540887236
-0.3774847461866525,-0.2263443557557639
0.8936757921992287,0.5698320281683322
-1.0782880501556802,-0.5230068279046592
-0.4319612706155813,-0.09157747682429697
0.8938878191995626,0.7095416793109535
0.619550068879708,0.2923917704432904
-0.8834610481658952,-0.3176444829987771
-1.4808518895877776,-0.8330351501203683
0.04578100428782672,0.004318461136121752
0.48714886025671256,0.2598366505099358
0.4897601836215631,0.2097363864190078
-0.6409308446880665,-0.2597742517936543
0.5217536144521625,0.221484592083954
-0.7483280485956403,-0.4348491233065492
-0.21607456272108952,-0.1477153901333014
-0.90795739799498,-0.44548568716448866
-1.262214372336395,-0.6632933470074123
1.5064393302194983,0.9697097526935814
-0.04354211087572457,-0.05139294347622547
0.4560801028866837,0.2164998523126993
0.6769779771303804,0.47201106094713174
-0.3670155731801394,-0.08360082374702046
-0.5781172191607351,-0.2992358990467577
0.2922705115508653,0.1385157513821814
0.6344131865129143,0.36277367704475694
1.705290494751394,0.824588889397932
1.9175383816035394,1.1046908576053869
2.2970684322594734,1.0722604164625424
0.4693048917656769,0.24611530654922753
-0.47696680125864327,-0.13239337687273792
0.32325288433186766,0.24935126261587715
-0.09686552004007065,-0.010661558701964578
0.9532229108554856,0.3360077577445801
1.5127371076248346,0.7233713321233906
0.7144971577867654,0.24111597080470767
0.963726921602408,0.7038140808525545
1.9969416871572174,0.874870796619672
0.6770513358718452,0.41108683271680574
0.164958110039231,0.09561681334099222
0.07183093127224338,0.25149785370039623
-0.8831672070525577,-0.4767182210591553
-2.814359337109436,-1.3855291464954795
-0.3052160374123102,-0.14190348346759463
0.426410959961466,0.24876393471314384
0.0963735315453324,-0.003653505496965047
1.073686479744041,0.5671369890831093
1.1055616839304152,0.7075115072445813
1.1523373191602684,0.544922719964396
1.6807854422967774,0.782661914595879
-1.3511350099727188,-0.6695966199982859
-1.908057721489941,-1.056270069463039
-1.9594206398507168,-0.9434087393018646
-0.34222816454341987,-0.06641808564409582
-1.6446965302666101,-0.9588952051860089
-1.828362549166561,-0.9165520219837741
-0.2695305404219876,-0.11934861060063714
0.4816364774238293,0.43237716060219833
-0.23050819120438376,-0.013131718937098275
1.1263192705754608,0.637755660504907
-0.3420187269671031,-0.2897425721807576
-2.505544738225132,-1.1615420314660783
-1.9454456165808933,-0.7885185009900704
-0.6543167821776802,-0.30529937815939934
0.9962724815607901,0.31677810623496144
0.683885522694873,0.34762039445340404
0.19376047210826466,0.02312676648681175
-0.6485107434207036,-0.3002882275583088
-0.8595973403719308,-0.48169709572511643
-1.1222982888567525,-0.44601496667377005
-0.6376099051543149,-0.5350911098259459
0.12920120269698898,0.11767202974924701
-0.414314342841294,-0.23705003761993354
-0.1466716925722794,0.08899902500372286
0.21589903087443676,0.28844020110180846
1.3127683469515914,0.8139516823828435
0.9210033899308333,0.4662873263104375
-0.6537086066998977,-0.21547702892159432
-0.6725165943722342,-0.49582977541341955
-0.9724238437465115,-0.44297408416847206
-0.8447334315733657,-0.47542329286997725
0.3607501558307897,0.25072051557152575
-0.3881095429807861,-0.08346360865862688
-1.891310261573452,-1.0800735088916857
-1.4940035329215013,-0.9477755348332146
-0.26883162333763244,-0.22382752265354972
-1.3918848519410199,-0.8920054059164353
-1.2702605642268008,-0.6854332148575043
-0.3226774978801262,-0.12833362792738398
-1.0202558532257175,-0.4659471256054224
-0.5202588818681874,-0.3997826080270181
-0.45432095162478303,-0.3410783213161154
0.3407218388665258,0.15780423144997568
0.03164494895766137,-0.050869934728448626
0.6269156026634379,0.21398140599780535
-0.16468225800825198,-0.12565687612230114
-0.4578643730131011,-0.21587930686622053
-1.3541937129756247,-0.7188871153127959
-0.8148517683536411,-0.424394307144004
-0.4626485895534528,-0.2543407504580379
-1.9606116515666052,-1.0238699856127487
1.606114000420897,0.6595635299854945
1.5499230607789753,0.6372319001222431
1.966580257717497,0.9592745947711272
1.3742185701198162,0.9134132372749197
0.08219348373228752,0.13605825194259352
-0.28453209461923085,-0.16022998855639567
0.12160162458385726,0.0794419420930845
-0.44533694230350596,-0.255912383435669
0.41014799068611124,0.0864978920627106
