-0.8373409071418849,-0.49143866022702715
0.96928112993156,0.41765928282906783
0.6955437600265367,0.2721163129801286
0.96154194167471,0.4935317190378076
1.3610484775037412,0.8713847251449994
0.47186740226242635,0.1909915317249671
0.31149626505974565,0.2712433678651963
-1.3943273269559195,-0.7517438421559537
-0.8826361388690651,-0.5144826576268077
-0.935611683137716,-0.43078557608936696
-1.3639826919806426,-0.6973441684347274
-1.8551913165780654,-0.9779139827233055
-1.3442718684525938,-0.6457563534303185
-2.8395949348316583,-1.424972555968306
-1.6642075723233352,-0.900704895128134
0.33044996335772314,0.11866922127004963
-0.830321778093425,-0.33464793248642855
-0.297519044773525,-0.2092295549644417
-0.2758527646809264,0.04141704025738366
-0.08304303123574304,-0.03371514419704765
-0.6747253351564991,-0.3842941920355286
-1.014082663914227,-0.4248194210225681
0.11586028578678564,0.09389016112278856
1.2672339929886578,0.6861251802749069
2.6647193346326024,1.4326667899944083
-0.38704733743343134,0.012085755128841053
-0.7991618743648454,-0.3026120621093622
-1.553183988185861,-0.5619590347955469
0.07034503613287302,0.2168899064476406
-1.1440823042960753,-0.48617333484203906
-0.9328001671850963,-0.28670398009403664
1.4602327542915048,0.6854294918829851
-0.3025885677511142,-0.27330852413969786
-0.11375851652668927,-0.12313306523471301
-0.07822807422136316,-0.10528088872733665
0.648164554597508,0.3973168100206254
0.372238149072865,0.3329011561987001
-1.5133159286970217,-0.7686787126963806
-2.273992528751359,-1.142190059743125
-1.4898025335397738,-0.7152338960375944
-0.24595878675194255,-0.06318295426356896
-1.1382889694058282,-0.6054915378608705
1.0433850650864933,0.6877079515176904
2.1065081031502766,0.9760768925172321
2.4817417885075623,1.288205773919274
-0.23967884557666497,-0.01225746698200958
0.39741291126963174,0.1848522967966759
0.8008014014714826,0.4962794511387315
0.6456699913536991,0.3559401900153249
0.5427563437425422,0.23985529221064583
-0.13099602760172602,-0.24604037923283403
-2.5611602725071845,-1.1792778831823032
-1.4630437612779108,-0.5718588395658382
-2.4877551897316925,-1.2937600587286218
-2.8411559096508934,-1.4986098367791483
0.8183077371180838,0.5362555401073772
-2.050628401323184,-0.9487326511195401
0.7112688170292197,0.4264689756908209
2.6235758783883787,1.351689340616717
1.5394593558938297,0.7781424769954596
0.7567932769857428,0.3222204139762873
0.7676670273111025,0.33706107278083747
-0.6684842710384309,-0.24674301683922548
-1.0755981920732478,-0.3901871708474256
-1.0790524248850826,-0.571821289073625
0.42074267901388296,0.14899347336706514
0.14375037307469452,0.011756802454336822
-0.4913987829019215,-0.38173427417681466
-0.6865144096912434,-0.355215870463551
-0.5357367435461111,-0.40889052832561834
-1.2805353963395611,-0.6161560346040134
-1.7283827837690677,-1.007698280401581
-0.3034779002688808,-0.08960208288586238
-1.3021455763775194,-0.48145255055665137
-1.3762818422081697,-0.7420750146856399
-1.2638385072294238,-0.7578546068366788
-1.9883924365968124,-1.0045952302085501
-0.7991011407001544,-0.3790605852967541
-0.5856244597167434,-0.37308054103699223
-0.3866290586063374,-0.22246376560790002
-1.5240984050320687,-0.8314250053029227
1.523939724947477,0.6481348109863824
0.5024916479853723,0.21499872824737937
-0.01846432977557938,-0.07707727006444433
0.6868941880967112,0.4658703405987292
-0.8887800247937834,-0.3177836461463761
-1.051148817537297,-0.605844414319477
-1.675498354368474,-0.7737856138401105
-1.4823601824615869,-0.787853290982129
0.2563404279524185,0.054299572710907434
-0.48192939378052346,-0.256201065451363
0.15484819020681861,-0.03154003671949593
0.5365795761816001,0.1965988535361008
-0.07462276980436933,0.12067209555106609
0.031172854700386783,0.018932725560863478
0.01126243171674739,0.020741649957171954
0.12400193130965544,0.012042340608886662
0.2782939714951768,0.15697040616271318
1.4976655615395331,0.8208674824339106
0.9346077718354981,0.29410490764777
0.41086011256912297,0.2577623438232365
0.8636160519859625,0.21552681902044107
1.594725022193875,0.9432836841057334
1.5847514939404714,0.7875228463720241
1.7084452228753781,0.7906252654255796
1.0048365632849596,0.35008281693308946
2.3816940715181474,1.0169663664690622
0.739006788045242,0.3425882138376324
2.061034143763484,1.05279098598913
1.697083682741344,0.7232739475116565
0.22119764197378544,-0.02596824040829862
2.201564927918554,1.0954848891495972
-0.5332103041978932,-0.18801869679211805
-0.3427636978109271,-0.17015194586264673
-0.23741031173306942,-0.13772019871724825
0.4486340079294853,0.19726134532732353
0.062307537118958034,-0.029162452563316198
-0.8498147182741314,-0.40333184071268735
0.6916029945365836,0.262903002884887
-0.8678080986615183,-0.27000825939860457
-0.9206625715909824,-0.39857755590183563
1.101654222388012,0.6869458760716822
1.6622867326524442,0.9926195416198628
1.0689665696851456,0.49276763130241336
-0.6348002303261483,-0.10913213467571903
0.16858153685410227,0.2908194489458802
-1.3140865222870488,-0.6217351410418083
-0.7376709977388208,-0.4696495741402431
-0.17641519102657544,0.0027216117433707804
0.29665437219437063,0.14440876542234957
0.3944765167783686,0.06538857008368759
1.3487382669338894,0.6718143819991454
2.3309846527446583,1.0922957530690462
1.8645294190838686,0.9813106266959873
1.274246167752892,0.5460346100834108
1.8558117482817198,1.0432933307042633
2.178798282564622,1.2116119947756527
0.4211094128169637,0.33222454935909695
0.45084979055821195,0.17609901769245326
-1.0342550042569978,-0.443706588178254
-0.6052962077876316,-0.35855091150465646
-0.07605974704883384,-0.02590121057356759
0.03890245275793004,-0.12417407664907384
-0.7420696316239261,-0.4766160189867748
0.17285872112344236,-0.0013871473541978152
0.7836081151148035,0.5153304021536242
1.472795939593154,0.7186456940272796
2.120147519149003,1.1541352468672852
1.503866766195262,0.7068114669402122
1.3829032461780728,0.6771352410475915
3.4568426757638884,1.6474050187087208
1.3202115158151018,0.5333651185371335
2.645440941301037,1.1957528486680857
1.3133561636985274,0.9582157523530905
1.4787522438972691,0.6679044499002224
0.5938581886121533,0.27983969947690346
0.7286080677914502,0.380637176459405
0.4939923803830348,0.2775008826445321
0.45264123537879003,0.24707337403566942
1.0691142151020288,0.5245115772873822
1.0997870595015282,0.5142372667108349
1.759404107109419,0.9719536102782155
1.1001437478822473,0.503275342022506
0.8313534999550578,0.4707826061967344
2.6717698871825246,1.263011645470445
0.9020459091727456,0.6702433012666311
0.4394394854729257,0.36396822352124664
0.18903247074772606,0.24857205191906315
-0.5021614620266105,-0.23047923155172678
-0.03403788297772953,-0.08865455479654501
-1.0907245808636845,-0.5311592520592463
0.3946917053335105,0.1849221448484879
-1.0752304670219122,-0.4520496297406021
-1.805976102028453,-0.9748097539999604
-2.644319363032072,-1.337058221987335
-1.342792022373887,-0.7889800797338822
0.32026437939200747,0.37500570512650266
-0.38340136806118147,-0.387254204296963
-1.211638086782279,-0.6693502288378048
0.05853892707050379,0.15331843371613704
0.15905629040627095,0.16205329526470968
-1.5215136930893827,-0.728661298167854
-1.6095058571474135,-0.888882100564071
-0.1993613321863278,-0.09333058788990825
-0.6945205832306408,-0.4523762438062687
-0.20037942961242464,-0.054237148241026115
-2.653386730134732,-1.2768189808168207
-1.1782282337216246,-0.7405158717963711
0.25194432743478423,-0.04207404403167675
0.7785246298340511,0.44495503846239176
-0.02368898523911167,-0.02037415552436336
-0.24984943128889825,-0.1844041192872293
0.6208871673083121,0.5056131002439656
0.49949820700982306,0.38448167483336276
0.37850442663849054,0.08450409614013973
-0.9649189281441186,-0.5063625578856691
-0.8941433936957532,-0.4509116366280238
-0.407978566829994,-0.23360984421610181
-0.47839505511179753,-0.2044349290161657
-0.5604903583758087,-0.27827084406044733
-1.4810717620781118,-0.5661415334965328
-0.1759516112211017,-0.07466218224310549
0.4046753766904515,0.13668242945163755
1.7493271361429905,0.9543237593374257
1.064306192432146,0.6153898914850171
1.6931715113973325,0.8758089387047489
-0.30640436597466936,-0.39998222235236436
0.5655890435853823,0.32367139496086755
0.8980937648540787,0.5990946121223115
-0.32284609186335333,-0.0507342756793744
0.41637891208802785,0.16867110912566932
-0.2681210981613344,-0.13156804321039117
1.6700424821186035,0.9967459408058967
0.20443579764658348,0.01579182749416634
0.5650594696332891,0.17914809971429668
0.11854561676051256,0.12847639516977283
-0.7506650982150435,-0.4826815726198903
-1.0846879090087667,-0.5851025614673018
-0.7861120355201462,-0.4698726083647395
1.9888934813403694,1.0587853789428836
1.8961060991418546,0.9196843577576419
0.11957489619758455,-0.05618595082352473
-0.362689751626476,-0.1446853236274279
-0.8729547216568643,-0.42061116007657473
-0.15278326143469273,0.012603473420745095
-1.3513894369953312,-0.779130311287812
-1.5260693342940983,-0.6896003970758035
0.21948206042483687,0.05687071143862382
0.994702259336161,0.48765188892771283
-0.6618102211021818,-0.1472284702495124
-1.1391946949014304,-0.5668007161041128
-1.9547783487573802,-0.9245409768402181
0.5857129297014324,0.035998226397179534
-0.8152322971660204,-0.23259487704555548
-2.910048197904248,-1.665586182937158
0.48424625932442966,0.20183614557944313
0.10941905958310971,0.06025077282819476
0.563057416347165,0.3313273202163006
-0.43914242470341497,-0.23944409750428547
-1.0742458686300334,-0.5742971032617926
0.07277405871269949,0.03461693118185973
-0.19813824055710702,-0.18210079616112967
0.09336040531857584,0.0236723262024187
-0.43318500569471796,-0.47094950237327277
-1.3221199699051334,-0.4585012627499023
1.1247405765711314,0.5772035797884367
1.9422132642924566,0.9166426837110246
0.8254614794971906,0.4031729094028833
0.4315258781938236,0.2740079047816575
-0.5250706317322943,-0.13184502586130295
-0.9956926324466437,-0.5290462180566555
-3.7493209592345504,-1.8225353641940698
0.08256540316490546,-0.01133705374698743
0.4818584628068871,0.23726178472367795
-1.7957584645691649,-0.8092470257518596
-0.5924499016619849,-0.22002191171179059
-0.8983861340929329,-0.4860496320438177
-0.8806715378774888,-0.5374274780244206
-3.1384020229517713,-1.4423307395175204
-0.12247494432604278,-0.03691429540901229
-1.092366428688353,-0.3687838354069738
-0.8471686249835787,-0.3414347065985459
-1.2566627514161401,-0.6439063245916435
-0.18709078710483712,-0.10150734836958175
-2.206601650779896,-1.067745826200538
-2.084206210479027,-1.1056184205084771
-0.8728565493443342,-0.4549809318294812
-1.2339147992002264,-0.6713833342235841
0.05816775487291903,0.0945929563572661
-1.2671502105746315,-0.5588368113261031
0.08682029706894223,0.0425837072678835
1.6205529121717452,0.7860945547907201
-0.8101213426619046,-0.4471778369214855
0.11895983942705052,0.017242950818818235
0.5232839409312504,0.16077302669622417
1.172525991675049,0.6235640962663219
0.30418711400858794,0.16587456073478002
-0.10434310519320927,0.057434479523403886
0.022079306837815768,-0.015341169017489446
-0.3964370428326939,-0.2701906508424902
1.557401811259717,0.9439039398564533
1.0479712724184154,0.6352207985686857
1.071577106289157,0.585072269601979
1.9867206803828805,1.0113496039945167
-1.2279649680603713,-0.5985138071051187
-0.7603712951275412,-0.3511568549068795
0.02018286796812785,-0.008834698617345316
-1.269624492580578,-0.6549299128673289
-1.098260083981764,-0.5337838418622237
-0.20160207555568943,-0.034172120340212164
-0.8287362217208207,-0.4603728545578016
-1.7936094913472327,-1.001147213623104
-0.25020340644740857,-0.03605134672255261
-1.7569908451545329,-1.009514254530338
-1.1222598248272206,-0.4296503831383204
0.025986373239449412,0.0428519414367827
-0.0016631174648440439,-0.1012509522497907
-0.06431246665633801,0.05813072151721566
-0.8539058173642895,-0.277470662417982
-0.23131673595410707,-0.11111681073385338
0.4121435723450644,0.2129900303329955
-0.826219258205934,-0.4954396322996372
-0.8624555450046982,-0.24302577186934105
-0.4447293199366878,-0.15321779751253417
-0.8311790194997547,-0.5269865354454079
0.8960473763270853,0.5444441223890788
0.8551620290055886,0.5351869407641872
0.7428169536317426,0.26668262588801384
-0.5131578340466488,-0.44265269811314
-0.49311485909901415,-0.2424193792007092
-1.486132961434657,-0.7588627511735186
0.1908654990322255,0.1817944473173708
-0.24363818868010664,-0.007545137353416442
0.3976868596302059,0.3555813251780465
-1.6250746120385082,-0.7752471565059845
-2.4926237537531546,-1.3671616475294708
-2.322779918818077,-1.1415836219730504
-1.0592974421711685,-0.5323465060446043
-0.5446055220602862,-0.2950548090569635
-0.6403477948118577,-0.34053741788630104
0.14518946219258855,0.3292213630260632
1.638931227294752,0.5947573180797368
2.9912635200719344,1.6417271494446029
1.477165925937983,0.7438591304810394
0.09373911154309822,-0.03117020545504294
0.7698765202193046,0.33382647168108837
1.108399173985001,0.7150778163858229
0.6497019486439074,0.2840455994619096
1.0497853212030366,0.5074354601099776
-0.7919966514662753,-0.19711183290734538
-0.3844828922613111,-0.20858529332742162
-0.44581930525902236,-0.0975686335545119
-1.241707227227662,-0.6844352945549013
-0.3017001399884937,-0.31933080028466754
-1.3675971601836376,-0.7070595231196601
-0.8018995072915852,-0.3408236480769783
-2.3389407913343114,-1.143999471629366
-1.75003413075318,-0.7042092060369751
-0.21423654355008215,-0.05296211445229401
1.0991614361943012,0.5666156433300452
1.4964939610851848,0.7788747027030631
0.12268719605934852,0.020879157405977677
0.37865673273557043,0.28931370109830545
1.6917067773269017,1.019584709397667
1.570691574309611,0.8234342814312244
2.2838031814362694,0.9803115247674192
2.043643563396372,0.874439325878303
1.0662818474632116,0.43671820287360774
1.150907150617697,0.6096501444228621
0.6957735560486626,0.3624980245449244
0.09150569830831662,-0.063736854586223
-0.3935176172535426,-0.33419097680136056
-0.19460604248365304,0.08934458367317993
0.20347709302833505,-0.12141022627276274
-2.652155536926459,-1.2758706632879868
-0.6374700305470649,-0.33532558814151453
-1.0511776697790067,-0.3889820221111657
-1.5438940579632656,-0.7279641171169802
-0.5775724640025374,-0.17302911181394337
0.8054292324185754,0.43281384616429114
0.22819499433645488,0.2086674413045544
-1.2663149340541118,-0.6148466983519529
-0.9150027325156913,-0.45622329724503063
-0.202486185550803,-0.033350471499638074
-0.027662074632545025,-0.0504719700209811
1.8630933310763769,0.9118192106177843
3.10911988007205,1.5509245222117922
1.4210881398095936,0.6231840966186939
1.6205132074334085,0.9071996423997095
2.254160051925914,1.138363912756918
1.0253473691069308,0.5488902391643347
-1.985258328844552,-1.162283455761587
0.862653836543685,0.47589576322451144
0.7355693086369703,0.2911838440712621
2.319924307889261,1.1662242666672402
-2.000664384210186,-1.025164152716668
-2.457828040878736,-1.1692369861528573
-0.604745197173714,-0.3296512717069167
-2.271087904175657,-1.2096638351392628
-1.4684158126075801,-0.811256149464232
-0.5426770503894749,-0.3171039243791805
0.8449899938569383,0.5135221588106377
1.2980828274349212,0.4923691943901325
1.049393072195567,0.3559253313886471
0.2510353543769244,0.10358633601643442
-0.927636789547928,-0.5091725122391376
1.4276779402229076,0.8334669874249756
-0.13708175643733445,-0.07721490283890671
-0.9897613216140013,-0.4361176489836224
-0.4465586342845753,-0.36844036104101185
0.14985552610273772,0.3190578667838987
0.04843496159042191,0.09074278481610114
-0.2406784176799025,-0.13555261596794121
-1.7426546816668909,-1.12928296326516
-2.3926759437905347,-1.101129160297254
-1.5718277012596271,-0.5698093786214914
-1.0299128743263952,-0.504040557658405
0.1735173482691097,0.26760095012448015
-0.7585547908685708,-0.58056911408
-0.19437853630274765,-0.22182130168475508
0.5821163409375719,0.23553320547405357
0.009398640097626143,-0.009960512957696448
-0.06442144878140275,-0.044876596569505066
-0.8866736994848284,-0.5886922550286834
-0.6351885341375927,-0.2651294858079506
0.9921070706780454,0.43137198332057025
0.22595859752630199,0.17274424541900296
-1.8032865179499107,-0.8856420186693899
-0.4553733545514721,-0.24448533834052935
0.4326940276277781,0.2554796885869344
0.42257634099620744,0.23277919062620472
-0.3244948961043786,-0.18345612211467666
-1.3851787321164772,-0.6653592655232387
-1.3222282659864941,-0.6712893846855986
-1.0325099774622528,-0.5587401455878973
-0.16438541262873213,-0.16452740784965214
-0.06853725710168107,-0.1771473241093791
0.43348446886343206,0.40383902300371155
0.41891454567558034,0.2136997355537459
1.3194615313626246,0.7031483851521381
0.8605077256225744,0.2625473843435168
0.962114138179788,0.2798670735605143
0.14433050119875424,0.246314328723639
-1.3815527544067194,-0.6945275317891082
-2.0023810846556205,-0.9258310160143146
-0.3066287172324021,-0.09987413764460507
-0.15549989590758878,0.009529788428534289
-0.1811279929326833,0.0749127857360692
-0.20219187321798454,-0.23625546961594907
-1.5270843642968144,-0.7701078560365037
0.025841105409711518,0.008158453632131373
0.05552426937428265,-0.010315099329933783
0.43069913410351,0.20932540712439085
0.6172439246648624,0.2732422206265523
0.30134735792061806,0.04038661757911355
0.6496720573914861,0.3688167133247524
-0.5632931794658751,-0.2831670515617806
-0.09366460112150193,0.062021819955638685
0.029323451612111168,0.047323533317818814
-0.5721663207849358,-0.18376094719333314
-0.7324000240772701,-0.5139588107059373
-0.7233800888200812,-0.38813758138882537
-0.7103935586177625,-0.3657279676628603
0.010478753033631438,-0.14547772562670613
-0.2580390340244059,-0.22739132498192138
-0.7330059145415304,-0.16461693355832863
-1.2409942166491168,-0.7183036966363479
-2.08175973152831,-1.0202180803188603
-1.8255103018367327,-0.933731588521051
-1.5209485254802995,-0.8107618197627632
-2.5655111177448537,-1.2327364214777388
-1.405716020860722,-0.7187416630212997
-0.200790856944229,0.015768528155239797
-1.158778237727807,-0.7221076623993254
-0.8005903947831619,-0.3783048892021839
-0.5437113613227119,-0.20320701694245336
0.490596308400176,0.27172449298392143
2.3004343917266823,1.0821223986135122
1.244902423891436,0.5685997201284442
0.45905600896782023,0.3375235436861464
2.6794834980969897,1.4143035761124403
0.20115938151154644,-0.014314847456472601
0.4520539267311787,0.16448203880990409
1.109190910622726,0.48924044090523383
0.5496407965016672,0.3160149734625065
0.5467547268002197,0.17190914586836692
0.5423381130073193,0.30327321894889264
-1.0560782924006606,-0.6361562514366305
1.2383662474954855,0.6535860313096159
0.27708674929594035,0.20518211617051318
-2.4957376059587872,-1.3229842199305062
-0.8929049732968747,-0.6488451525310245
-0.3885415852631289,-0.21496899719504522
-0.7808038009752492,-0.4305450346198793
-1.2180388675788572,-0.710087575469187
-0.14451863897871076,-0.021811528949615744
-0.3468229710697416,-0.08765369801453032
0.24565428309331097,0.24578352616079335
0.02221074140508081,-0.11854491802977658
0.2029436800238508,0.11938905474326982
-0.46379235784772893,-0.33251528960945503
-1.4769532160913814,-0.8468454835719222
0.7321811898885998,0.44019826184059385
1.5567104572869854,0.6176275349927367
0.9449158368559983,0.571918406876649
-0.6087202613275232,-0.2507875283602533
-1.471383270739204,-0.8861073082273971
-0.34364913993559804,-0.15777095842616212
-0.5408405757309007,-0.16167163661094425
-1.7291313611263583,-0.9403132373092797
-2.3097247338799223,-1.2094175586591056
-1.8812902997093288,-1.0826570483183109
0.4771470685349134,0.14644736365513827
0.6240389376189641,0.2209370310158179
-0.3797925182758854,-0.3413121549565485
0.40020801116499444,0.05314673523648181
-1.0842984515876595,-0.5158791068926527
-1.3046195959152942,-0.4819811238066467
-1.6954080153514113,-0.9473742333097017
0.3349585937113596,0.01445083420098936
-0.4254396883649524,-0.15596522218180917
0.9124966627378606,0.4193437483297146
0.3991774863489685,0.1442352851871712
-0.6169236027573519,-0.3208774019134655
-0.3683857452064049,-0.20654787586383713
-1.8352261557125404,-0.8414303046401473
-1.419302172681372,-0.6550572941690016
-1.0537148903684717,-0.528779418187641
-0.08714717771565744,-0.07543481018429365
0.6625750484245683,0.38323661967517786
-0.7749753399701041,-0.4452703336984405
-0.3397206943961742,-0.27601332328135614
-0.33117407870934934,-0.3024849433135894
-0.6045698489817004,-0.20323422442963957
-0.1543205117030154,-0.20990282948367017
-0.7483495714170958,-0.27034366470025145
-1.0924486756492187,-0.4518568879761297
-0.5342291714543018,-0.2728157530133832
0.13707888516886596,0.09849647214576315
-1.3572276706155642,-0.7832929732607523
-1.452026939370794,-0.7466169384099092
-1.514003148866168,-0.865026370398089
-0.13180890922316613,0.0921759487568051
0.6029539477853633,0.22424308136837412
0.9895387926729582,0.5488440446352806
-0.5859269729290861,-0.39524016206470575
-0.21280682691158403,-0.349880250203987
1.3758181898548116,0.6159543728399136
1.1081116069632875,0.5891136925612832
-0.822742051121146,-0.34698708034137893
0.7468088705515868,0.22332771585232242
-0.5140604058491005,-0.1596062301635402
0.8031995105504017,0.3640323951346075
-2.1732616332430164,-0.8819734461398884
-0.5620017712847423,-0.3400143106840664
-0.6473445205293348,-0.16642681766238931
0.6230314800304555,0.35327736568985396
0.6242931557583774,0.33521625937331734
1.9936216774861675,0.9412548779618186
-0.2249689947879644,-0.08254417775808463
-0.9597781977856898,-0.5467552371140799
-0.9767001320916772,-0.3838599965564299
-0.846007207990005,-0.4528218909536729
-2.0363764144266536,-1.0802119217725263
-0.0394707162829403,-0.06994082231538434
0.49983252622040986,0.12571359761571416
-0.45898901692943117,-0.43838428064079693
1.0525576135666401,0.5713948007083489
0.02358140648393181,-0.040826846497466
-0.622291980001234,-0.2323930275657022
-0.9425067580698412,-0.5090461418122759
-0.5013484351844409,-0.10848747124623279
-0.8770897108785365,-0.4084559582867295
-1.2102509033495452,-0.6753005305727128
-0.35920027461009696,-0.04689147242253386
0.395697047251681,0.13825020742303074
2.1691888287770067,1.0466909228544479
1.6813307070187529,0.5584674114342509
0.9328094335418622,0.458814223961972
0.007639085379531951,0.15688065439948756
-0.20328904732578382,-0.07042376999763765
-0.062377340196390754,-0.16373673458036647
0.0814346837049946,-0.06556334602014757
0.5210149906272536,0.30581246834039466
1.6446242055937426,0.715377994211322
3.0215789449311785,1.4358587078215124
1.397111287909157,0.7653973898481526
0.7479121771055214,0.18332215202354937
0.30950136586392357,0.07752776560427785
-0.03560793121814873,-0.02254702766943549
-0.11445037065388139,-0.04362904247618266
-0.44254174819506914,-0.21408785189291688
-0.5108441128722196,-0.17150338266761717
0.01715040402384599,-0.00993312073234165
1.3821806285341018,0.5163540520916935
1.025441741291774,0.5162907855179217
1.383047821737974,0.8160491328688138
0.6891782630664295,0.39536982399847864
-0.6944683756467349,-0.3888171742440497
0.06492048911789855,-0.04438881374525702
1.4415383434258406,0.6167811221386656
-0.537052643075589,-0.37766231177045784
-0.7056966489907481,-0.4476229003066402
1.0239833714448432,0.5388078338051154
-1.8049691937298582,-1.045106278432668
-0.029006583209611136,0.06117103969231713
-1.7741521115943166,-0.7851116385638404
0.6369106516730831,0.19103224942039035
0.848779754206256,0.5364086963662061
1.148225148765412,0.39561435224482444
0.8285977166504206,0.25828824795155936
-1.0565504843744147,-0.638763399386997
-2.4127960930223846,-1.2833936094823213
-0.23511924601165113,-0.2368563271196479
-0.755322857886038,-0.42273072295413217
1.0788082616058274,0.5477479567545004
1.4125728655064105,0.6329220133152661
-0.6337115712650557,-0.12962104700762833
-0.9553011147011516,-0.3878385624329563
-1.2773516708408867,-0.4839713530500406
-0.8603291741623961,-0.5117558497223598
-0.4228003193777995,-0.2926464940093192
-1.2933441927402016,-0.7759813304943102
-1.713047626521909,-0.8320753693320525
0.021426027508556933,-0.006760810081342845
-0.4328547515779932,-0.49979956010911986
1.2527862716405294,0.545115652573367
-0.08339917688843523,-0.07660851637528794
0.11070899116462449,0.21464334901994264
0.09828891037948076,-0.17502934821069688
-1.1201894271180917,-0.5674748875661173
-0.9300632077974572,-0.5481983860541295
0.2802023806677384,0.09668969004785502
0.08261476858589906,0.023148165725778342
-1.6245502124949214,-0.8065539760522996
-0.3686609439885259,-0.23934071053740574
-0.16909506033355037,-0.08900644818865629
-0.8962699923612583,-0.44068950676088586
-0.7944317258989813,-0.30188838378925764
-0.0014322154579123336,-0.0446791427435226
0.45397857983509815,0.45190101888592177
1.1235544259985206,0.5341583220327537
-0.5664028666282998,-0.16490859649093842
-0.8535814411433884,-0.22181673515544673
0.04470868590445398,-0.09087333544864377
-0.1925987216906962,-0.074940235490957
-1.3831678286175122,-0.7190238295766537
-1.370397811913672,-0.6878860503633996
-1.0036037243811684,-0.40383024626610026
-0.17062107038358426,-0.08373905697557076
-0.0037947029628080803,0.16516830139808777
0.46823123883918955,0.12389427373378975
-0.7612961756813368,-0.16762416727977206
-1.5488133323884326,-0.816827160770759
-0.3543907861878341,-0.32382470754374926
-0.9071110242650532,-0.5234448704635793
1.2211020909194321,0.5564464298589363
1.3034765336856307,0.7436804828730708
-0.8675445304542265,-0.4984345365446543
0.23233390583545288,0.053699036677932174
-0.792245414133727,-0.5179065415962115
1.799326131111202,0.8498187718393511
1.754541731304184,0.7138979135753731
0.30972171954314187,0.09701930339727757
2.021188216422394,1.1097133057948252
1.2731003542360249,0.7074247284236956
2.311926572223796,1.1619803906643433
2.096460586243007,0.9930751124003301
1.351309544721207,0.6021873113092228
-0.30176129252965933,-0.2504831064956056
-0.5615673081656309,-0.31335900177878084
-1.3687899719293772,-0.6612463263448083
-0.9933141657790396,-0.3635703846416436
1.4500151955454523,0.6416657583730229
1.185886930822499,0.5021195489215539
0.8418860774191079,0.4918491722120234
0.49043736698774076,0.41325652133302804
0.3497795913162822,0.30326793809123564
0.11373014357102254,-0.04155373440112943
1.022694260412822,0.5535844458488631
0.468768126936749,0.19559509587977367
-0.041980747401706986,-0.26362525485777916
0.5051788868397175,0.2925829159256883
0.34883687877875286,0.14655609583547374
-0.4340620981929952,-0.17640710660532471
-1.6238292952893882,-0.9606699994278866
-1.4025109572685208,-0.6950938147501076
0.12338309376184686,0.07579673908511625
0.5318075541418373,0.08442891636040498
-0.6246253543069029,-0.44623285430897464
-1.0866718539998144,-0.5611718250056866
-1.026610663048587,-0.348164575348091
0.08944626490132346,-0.14272999765762198
-1.2112086887830806,-0.7189625059011278
-0.5262294592110601,-0.4092554490107895
-0.07810029827474213,-0.08144066040991763
1.7247782377771526,0.856244714508068
0.4302989270608288,0.2600229263540881
-0.5100875409087432,-0.16645001788389596
-2.3240844442302255,-1.1916908939397706
-0.49953037351953494,-0.1357645263981156
-0.4424348768220332,-0.08889675390897014
1.7559312165556333,0.7335896762369913
0.5603172385782449,0.34897897546189727
-0.07058273282079047,0.013088794207238727
0.24609800706197735,0.19750905601127838
-0.11792296835516025,-0.17866859057274226
-1.2245041595845776,-0.6760066012011471
-1.9607168013742253,-1.1653123530209673
0.4001951054049412,0.1429161597798405
-0.5490818036618084,-0.36467774984369145
1.7630566129374414,0.7951409436065768
-0.27814819248426437,-0.15705502893811904
-1.5449476533394095,-0.7506331009731311
-0.45272091832233397,-0.3345544810751441
-0.23358457146475536,-0.15191109476533773
-0.5115063432063275,-0.3578855601181537
-0.6116489806960164,-0.37150166442916654
-0.9834811333700919,-0.4986439749921701
0.39523267091253145,0.30517205756741256
1.2041356599494097,0.6709813913223508
1.2435176477331642,0.6384682693100108
1.27388147165153,0.6906816228060433
-0.26076115579506187,-0.03086854944235795
0.803170326564741,0.44357423097222576
0.9756826545185039,0.5620599813186014
-1.3913450979078683,-0.5964409799186672
0.11164467348611018,0.10565286892193892
0.7143211914987674,0.5040033526326613
2.1596364106603785,1.011451810576555
0.4657002547015911,0.12016294786204315
0.3830279624179158,0.22186521367102943
-0.0020880279630844933,-0.12371321654753055
-0.4979977531827933,-0.270655732354634
-0.26199292295532306,-0.1422041596871034
0.6452804317187051,0.4756456804779807
-0.45660497151433116,-0.304444185249668
-0.3394845403441563,-0.16615961269561685
0.041829722703499245,-0.09453959129831016
-1.7191076522552373,-0.6146286455430949
-0.18494883036313003,-0.08287167526104894
-0.02451644989930883,0.02714301620235681
-0.7168167538849737,-0.4542432569393303
-2.0688782754920503,-1.0068492004496281
-0.6681460944924116,-0.24460245697873745
-0.1580301619608221,-0.011792837590822003
-0.7210523652949147,-0.42379203338487226
-1.0234609317353462,-0.4702348419783015
-0.9153345029974993,-0.565443608932786
0.821907960441244,0.3856488642987162
-0.3677273059045517,-0.3310608849941219
-1.5108259062451812,-0.7143001299830155
-0.6983791092859841,-0.33169779403737826
-1.366915944777305,-0.7767600852498215
-1.6976956488641086,-0.9291232756354808
0.35066434330818885,0.2628068937097413
0.29624856421589774,0.2654493275724139
0.6098990654046827,0.31673652960825377
2.7068394774976587,1.3119927417035055
1.2639033988840613,0.6570300482873
0.7383830262350897,0.2853379422014511
2.1961110616653015,1.2277166833415354
2.042752262160784,0.9893024370306261
0.6356168557669016,0.36614087286166785
0.8976690450469356,0.48695879107834195
1.117938947768767,0.5212329529990326
-0.5383595895057438,-0.3556469091137215
0.08602986337713914,-0.10358837126324497
0.04250243352595629,0.0016756382070648689
0.6352057139728108,0.18846882926740255
-0.832440421713381,-0.464747296311612
-1.1741002257743427,-0.5283292368361628
-1.0253240098761047,-0.4179243654707989
0.2698585536347766,0.3700190863421553
-2.4190649117082437,-1.073942850171455
-1.048739757671405,-0.6989031105840222
-0.33806096874030794,-0.24734773263906915
-0.5617665396271625,-0.2750298894253772
-0.19357567915973398,-0.15604349800813164
1.2873987930379198,0.4478071424848031
1.1448792178724885,0.6272397810541293
3.7175323291509774,1.947559651345701
1.1200730275709307,0.3584977535307714
1.2174535156347197,0.5318888010494867
0.7016240756223557,0.30563821244567124
0.1769319354224389,0.17356512584386335
0.1317901833656883,-0.12288386091216795
-0.8240080814395434,-0.45982145869455726
-1.3552784563286724,-0.5817921772819614
0.7099441766761485,0.577238733179875
0.8128934966097797,0.4980395562785662
0.5946197168340284,0.20720929841102054
-1.034311384191369,-0.5421058371027117
-1.6780443095582482,-0.8959768508225483
0.10909319941940321,0.18169796536289232
0.5867561918515339,0.21039327387398393
-0.4440266859486058,-0.18613774015299517
0.21236161978770485,0.05364296328744175
0.7359093910613959,0.33767488690379793
0.726068056397164,0.5240782968116329
0.07468813659950152,-0.04138657353061623
1.8998141324002087,0.8341251449518147
1.5666165670844272,0.8880336884185017
0.6325684457898649,0.2553314546667777
1.9114607642561405,0.9658963096843041
0.9195913569580578,0.4777598531553751
-1.4418116581720486,-0.7662438791296434
-1.115484545353115,-0.664866668852303
-0.5084494993537833,-0.21430458839797853
-1.8716460824774255,-0.7942851407656125
-0.6317658992611491,-0.42552523176489093
-1.0483563737026134,-0.43658307826167836
-1.0015463081238192,-0.45060869582827834
-0.30629635415360495,-0.005786093149515725
1.0207407682658733,0.4608264884078746
0.6054720924242736,0.3684232149037732
1.1035451042825948,0.4135698694880785
-0.8100221211878946,-0.44135524797442705
-0.3151856799217422,-0.1656703489264119
0.9856227477619299,0.5296505247064797
0.767783362812405,0.5025190756518242
1.0302868565830126,0.3347878759060007
0.415618534780653,0.3368052335596353
1.0018546304088478,0.5102862261178993
0.9608586679277851,0.6270161286054028
0.6555546829549562,0.31274500150423157
-0.313791994210333,-0.15030022371111143
0.17010115500646397,0.05872703290244054
1.6768572625643938,0.8048371338072953
0.343390856631891,0.3323943428530719
2.4497864891243704,1.2020451993106613
0.36791251535035757,0.19961489979638683
-0.234199023262742,-0.12005188077477014
-0.31471971630019424,-0.07346326061360961
-0.3457792572414104,-0.15161673283872207
-1.300617073439558,-0.61045784399509
-2.6131875114325833,-1.1883882662824918
-1.9430815713744454,-0.9908397760530088
-0.5324297786182778,-0.3042707147107328
-0.8706299168919678,-0.2160137777590677
-1.068043421045434,-0.5391197618030577
-0.20656833609723785,-0.06316671586063716
-0.7359771675800275,-0.3948896283003761
-2.0401764669956703,-0.9925115345396651
0.30214342685678885,0.012981799657887066
0.9817762891932051,0.4585861007857378
0.9342771135647234,0.4641128363117974
0.8173805754841639,0.37512537551148295
1.9872785098763772,0.8883196650662164
2.0070663277489347,1.10098052894683
1.2764091300312979,0.603766805636889
1.740264979326198,0.8472227147186843
2.4425971521530387,1.16346579083512
-0.015886602637776637,0.0991435798481079
0.09540371861175086,0.129140404778104
3.0774227362312607,1.6080025633318022
1.4605599214759903,0.7675800049105003
-0.9136351647500124,-0.3539286370454751
-1.123342394054392,-0.6523889447100313
-0.876166748266523,-0.37384908820993823
-0.9943919608660998,-0.40619311066781755
-2.8538758092849568,-1.4360887664743118
-1.6973777821091474,-0.9319428691187547
0.9300682377695453,0.36514006068097243
-0.18987998401054695,-0.1776644573475754
1.2756845620589365,0.7769374093361711
0.9752814115277368,0.5573632818114855
1.8115440235052747,0.7475089220049316
2.5295270672747194,1.2301801899490905
0.2951921768755519,0.01652453857247549
-1.0505284453933321,-0.44411694100994387
-0.8468884145849952,-0.31845773923086895
-0.2189827058569126,-0.13295768228357413
0.23962571767951787,0.13690443858514761
0.6671258767510694,0.2584525438639071
1.8589472604601993,0.9144028252643674
1.3108548084631266,0.5611412805013769
-0.27701930527109153,-0.13606246262022031
-0.2275345674926938,0.04640418163674237
-0.6060895341308566,-0.0744864104599599
1.7423777584891649,0.943741239811023
1.0202362621589176,0.5007000401682193
2.4131579605534847,1.271743510486484
-0.3832883066159939,-0.17438183944507654
-0.21302661959923286,-0.07416791145728927
-0.7278248773772236,-0.3384384160843721
-0.6342956334040468,-0.40523503513056036
0.9666416456130217,0.45861453802512037
1.6363592046208155,0.9336226771545173
-1.1793966841042747,-0.6570851452836939
-1.1569002879585886,-0.6418131172532805
-1.2235581054347104,-0.6029190617315787
-0.6237008023644187,-0.40301784165836585
-0.32928581296543985,-0.19899077664840495
0.58166453962434,0.32934645154275977
-2.469901186403923,-1.2554205890334391
0.006610164681548847,0.16525781975185594
0.4681307578008277,0.2926401898286608
-1.7553447289785238,-0.9193628626120945
-0.11798103861351228,0.026220707255285983
0.17846484585226186,0.11342917958643856
1.5536593484485035,0.609427604573241
1.184830413047107,0.48507145424154263
-1.2463887632308226,-0.663056805887498
-0.5936854738412927,-0.306297858198811
-1.4431735588135237,-0.7883135163360605
0.2560699218414597,0.20702460379032095
-0.6794622512025467,-0.36788805811372904
0.256989212650303,0.2074274927540031
-0.38671251034220033,-0.2463314611408815
-0.8656472457250912,-0.42123541221270394
-0.7197109474053833,-0.4852758698641241
-2.505415826304577,-1.2156249884197914
0.308794180702022,0.23146614947232208
0.6417846887605274,0.09027479995178989
2.009192155573487,0.8769160089279644
-0.028607391123824266,-0.0677916235819632
-0.4475344745567791,-0.3470589378940457
0.33620386623526205,0.03137275486324123
1.8868324865369348,0.8114855922183254
0.535519309812985,0.023542756928445346
2.210662513427344,1.0305474494724496
1.6544699127165887,0.863031988801018
0.9585214382520939,0.6397511357846756
2.0836093377328253,1.1714015248938314
1.5672558643032044,0.6849349206661244
-0.383313662369141,-0.24070809518973543
-2.1859905226905876,-1.0823696063292603
0.31389557517153255,0.26381124183064164
-2.225820749329636,-1.266925599446578
-2.437982122131379,-1.1549453614945064
-2.3226623062092133,-1.1274955068224164
-0.5116282977534841,-0.18689552046825292
-1.7649147665552367,-0.9062488943869391
-1.6005244349113796,-0.7117810919395404
0.39317452140319253,0.18179520537524055
0.35387325272202663,0.06724644096485294
-1.2219589227586038,-0.3975485777063925
-0.2806130607565232,0.01696674228889755
1.6287751601649822,0.9575207990279485
0.9461255672630043,0.48123910710921786
0.8431743677028358,0.40699139782093763
-1.4773630864562106,-0.7843566826418462
-0.499879554805513,-0.23544296510594467
-0.6147604949432623,-0.2525760088013138
0.5087511478043611,0.3549967682892432
-1.8840533776247326,-1.0320617214904662
-2.1998939844571987,-0.9734353736959429
-0.06256638770261302,0.03209646576903931
-0.5439203066926567,-0.2698452461290648
-0.09779465286388672,0.1269751884876339
-1.2019208736155156,-0.5582859959026262
-2.4292293131043685,-1.0642093985127976
-1.4886489761121657,-0.80083614462909
1.019189321066563,0.3842387435747284
-0.5489140853789453,-0.24139804635112433
-0.18546683385353957,-0.25476265108660473
-1.1543596299420016,-0.5683518894880331
1.312183269770372,0.520515351886006
1.1967998302691198,0.684756724085586
0.26905863910111033,0.1743230073382774
0.7096489157679322,0.4072327461520948
-0.6799932907103581,-0.2890076286959039
-2.4524361586674455,-1.28688720972298
-0.5074979381567255,-0.3817640423278351
1.0472296319628107,0.4816896359774231
-0.7291505762538458,-0.3723277531454672
-0.19137602724292002,-0.0892815642535862
0.7809633697136631,0.3636192517705494
1.2276306914206938,0.649287554523592
0.10545797380871225,0.10477626308949906
-0.16244152271261864,-0.13787462652392685
0.8927889265633269,0.5121475470290674
-1.5416627465156534,-0.8098790915210912
-0.5841517506349222,-0.28348366494123506
-1.7983396956016202,-0.705830755520898
-1.3574459742347225,-0.6353279714294303
-0.03237919093820585,-0.1375801186589786
1.144449744790495,0.5683581498645325
-0.7024316206011183,-0.24202971005846557
-0.29082645451792366,-0.2610644759727548
-0.68371875997729,-0.22217403801349916
-1.1845114586189647,-0.614215143053106
0.7366775821976306,0.35395114712282266
-0.12352530824318214,-0.18829612399657988
-1.2585375771954943,-0.5795925896590179
0.27454552478978667,0.08526958424151912
-1.3089464947313285,-0.6894712558832133
-0.08673773452611278,-0.08940654884945051
1.008544007726781,0.643918991639453
0.1512297379771524,0.22034385736859396
-1.2048733084906609,-0.6652958702893825
0.19671429476994506,0.2570649452669752
0.3997682040669795,0.2907016190443865
2.1126509900912667,0.9848442872379181
-0.8815643225154425,-0.5370181082492607
-0.34079883334437655,-0.2364544161211093
-1.4167376695815723,-0.8164952547349589
-0.9663396432479159,-0.46050342462183497
-1.4384617622654647,-0.662862090802512
-1.2412624058273916,-0.797594227107721
0.0848408086337562,-0.04366605131374386
1.514317857278552,0.8574405976263757
2.6447731512298964,1.2867284431057595
0.9961421770819989,0.3598256105628701
0.570925232941753,0.26198736601229605
0.8242839722599943,0.44514000600932946
1.2522650967798183,0.6326971366716236
1.1528798599586554,0.6519348472784031
0.7427136193485864,0.15840457077550318
-0.3471850807740949,-0.15338035825787275
-0.2068694881049079,-0.11003545432405046
-1.6054338540659905,-0.6394359241965202
1.0978385310096734,0.4815176596593688
-0.35065125129426,-0.17724386785554633
1.6530696396269617,0.8032758666303061
1.4598829048657815,0.7809307434234674
1.3270419813969208,0.6989355445902655
-0.42662331201254855,-0.40974306666814064
-1.3448095007613978,-0.5586730063804363
