0.38788634996965426,0.1580182252741527
0.0949241876192799,-0.17414921377014797
1.5198872346918666,0.8393559136455018
-0.06982383050795804,0.05961732702046879
0.7801941165980802,0.5141138244313601
0.8177040522727215,0.3350249647423056
-0.31792049422244856,-0.24459989053659917
-0.9338653171107838,-0.43567882542974035
-0.7776529277177925,-0.479601158772784
-1.5531455899764905,-0.7381240403109968
1.0472978480986277,0.5491571912253681
1.2481605154250657,0.5914028633049154
0.6238048975750055,0.3561557323162193
-0.832130384720328,-0.46268822410408444
-1.2210140503918208,-0.5256541139851195
-0.9021034668489991,-0.2145645743248657
-1.0134260472946064,-0.5626403871370083
0.21024783245409373,0.11300914505015354
0.37547653393256986,0.3969078769777067
0.09522639093207,0.19367554366500805
0.38910789993245276,0.08955859458241673
-0.2286387483991179,-0.011231263207507863
1.8272568957782975,0.84455632764489
-0.1713051222729881,-0.1480633579818162
-1.166960181653041,-0.6262802992588993
-2.0536580110580056,-0.9696840425000064
-2.4952841167913107,-1.292401013145127
-1.6250943640995454,-0.9112087200402946
-1.982017410106857,-0.9805290918020747
-0.07031399953364792,-0.20546955206146716
0.9471634205789249,0.5427082018419274
1.178676197225208,0.7080980621899996
0.2081191864122915,-0.05275279888568854
1.2384083702590212,0.6116296962246986
0.5336279492561097,0.3331489587982057
0.6185403319700169,0.22457778493278244
0.08142032759150597,0.01925695908414395
-0.7680682588525385,-0.5231112953962306
-0.5488912935980398,-0.24107709461532148
1.1135842819266653,0.5189411928163667
1.7770556482037303,0.9041882211860003
0.5646218329522404,0.1476652965782436
-0.6446886896791019,-0.3272340521704989
-0.09850969439997631,0.12547106660222754
0.40758833655144666,0.48218129914694086
0.9884580786399648,0.6282710256864987
1.6180048460400367,0.8836223130302573
1.2278236797180142,0.6023165404582126
1.6091769837869392,0.7623978369045205
0.9808866559485294,0.3958902040737852
-0.5175082306863196,-0.34004468194491905
-1.4577647813852985,-0.7703062388775845
-1.5406716292828428,-0.6935891817459556
-2.691959040532116,-1.4859491039372552
-2.4096584717279455,-1.0554123470838852
-0.07833426527809595,-0.034263066122089396
0.4860097392297084,0.2938649017191123
0.40598349333117284,0.3960187363517794
0.17595162842832443,0.15090723275419984
0.2053168771058611,0.3374414672173387
-0.947159684228931,-0.4064387174708085
-0.3727309348893979,-0.23367961521501937
1.1023836148694581,0.361505857111223
-0.014696349102788608,-0.0692308961692557
-1.459231169212063,-0.670103206812142
-1.126621138074087,-0.4176410645438543
-0.28172842134576154,-0.1533535224788543
0.8887655540126939,0.3281529343196372
1.892760887679668,1.0145114364775332
1.33029900508993,0.58454897505739
0.9972239476330891,0.6214988887805756
0.7271762369035839,0.22371052044049364
0.37237173856560035,0.16605302862002108
-0.14461168415890413,-0.15326857144233175
1.2997155126450521,0.6245220187707272
1.521934501777858,0.907012933560246
0.5260743793296797,0.23445491229415993
0.43182222865196024,0.24096679169243657
1.167456810123683,0.3034093930433499
0.22062934431310033,0.10493451992095555
0.1456673636834335,0.1289291955098763
-1.5865123618278343,-0.7320164165908611
-1.0895973259031233,-0.4622983500113248
-0.7866177291007171,-0.29442693018584853
0.7871243190139854,0.39113807910436516
-0.027939315924849717,0.08717483369042887
-0.4761230170984781,-0.3088309249329765
-0.38736211170856205,-0.26495302211636573
-1.0018896081919266,-0.5834148984004102
-0.9346431344062627,-0.4608524522644053
-0.678129335936793,-0.2680690379515187
-1.5230325340365611,-0.6527044683081635
1.135976279994428,0.5552171342142759
-0.29146615868791004,-0.032706978135225495
-0.5622584478823195,-0.24037647544643967
-0.40183376760549,-0.3025266119004105
0.8751711685640533,0.24543601998386866
2.408785149039482,1.2351911201964771
1.8739946887433283,1.0348394340382723
-1.525528830873642,-0.8468682436558784
-1.5988229029957448,-0.7849734760980985
-0.9874541972598312,-0.5067257597864365
-2.4129747609835697,-1.2608472783851654
-1.9355076026699853,-1.0171965641227727
-0.9180832685400858,-0.430867003316742
0.7254404417531934,0.3334953236799381
0.9369796721818817,0.4712228676288445
0.9263330216033211,0.48093345900993656
1.1734579796965208,0.4253303435252299
-0.2303732799492506,-0.2508760181771835
-0.7896387062026144,-0.35629849571347166
-0.9141112480656876,-0.3512990001256331
-0.9011115194939254,-0.47667332329024786
-0.5940353568871654,-0.18779999173160006
-2.384340387706095,-1.1939597726164128
-1.1821419465416494,-0.5910532134951527
-1.676315913712581,-0.6369078433310191
-0.6861697107331329,-0.3003546651285686
-1.2305696199095193,-0.6805068336186413
-0.0348344039462366,-0.1392039627224756
-0.31070952196834034,-0.08721055504755765
-0.28137317788343874,-0.22371259964476825
-1.4886999491568909,-0.9067122583624864
-1.6571067420493717,-1.0129033196303556
-1.1781092147051524,-0.5233428432093177
-0.10354952538461126,-0.11862316360126304
0.37924907992060763,0.08483155255454208
-1.4544565270123773,-0.5503503351690495
-0.15301290745336704,-0.045327655819268134
0.10800954393941488,0.2192564020009703
-0.27822760687759884,-0.04996986810432941
-0.22474461748952593,-0.1321688915806189
-0.5510149197134836,-0.25000433765064917
0.573000632328614,0.32436887946324894
0.29041631816874947,0.21594858555705532
-1.3020384129012448,-0.6662431827503604
-0.884063322740722,-0.5864659568585296
-1.9066405895982506,-0.802863435736391
-1.1346565211547426,-0.44741366009730865
-1.7315286429868206,-0.8979421221204639
-1.3692801743760892,-0.7421387041478891
-1.8991356254534701,-0.9480860127047079
-0.41720356405796943,-0.21718671301091558
-1.2174895746749224,-0.7955194764950047
-0.5842829072301691,-0.3661713198384277
0.31056190061656647,0.25884468802359983
0.9367155134160428,0.3383724549807625
0.6153890030066194,0.22159834622691918
-0.3653158333082349,-0.08053360273618819
-1.6696391453085773,-0.8291205109551575
-2.5094588458228895,-1.2029688950005728
-0.194003894563064,-0.03279785041744221
0.19373926483435802,-0.014336215140610717
-1.4983333325892156,-0.7185365376163317
0.054779816332850895,0.21821981384944739
-0.7705988206869008,-0.27521979306009425
0.23688565505936077,0.08493203399911747
1.701023469080392,0.9029197366028014
2.1125068740005304,1.3141288394313972
0.22740970898973578,0.09242824520697063
1.486026259124806,0.6961626103024665
0.6065098216421215,0.42288400412790783
0.6930291016329593,0.1741885659504833
0.05328486379221348,0.1697705783095412
1.404625686097666,0.7229460891406858
1.6977317571683614,0.8266424364898993
0.5935954177416716,0.19819165061774402
-0.5307461231205416,-0.1276061810814961
0.29951138359858814,0.17916616217025538
-0.04233267480602895,-0.021232326809183598
-0.5052191256431868,-0.3094017906651217
-0.7765547327696767,-0.5517111744131551
-0.45775159359665984,-0.24319511666300903
-0.3352192496935712,-0.1185570321966345
1.550331280958188,0.7686939911118698
-1.007246451400114,-0.4950008563105958
-0.4442455526482984,-0.21539060232965287
-0.6585143284656438,-0.4337682729619174
0.5420785147471201,0.488935528980705
0.9472077646563393,0.5502785695431687
-0.5505620971945066,-0.1788987686685946
0.54206199914444,0.19743109119363178
0.6000397052947019,0.41240399158145974
1.5683623565535851,0.9484476738182672
1.082417314871689,0.48187419284231897
-1.5236683753174753,-0.8214939662306465
-1.4213426625459025,-0.6004870173825807
-1.3913516099014622,-0.6106443668022505
-1.1083303005530547,-0.5119839767542811
0.7130386187227943,0.25325720157192116
1.2538114711797368,0.7092536793417556
0.3707821846975317,0.0895970827214971
1.2849853766756791,0.6393061635624288
0.4992118903617391,0.21138254532489936
1.988920955026161,1.057291398217791
1.1013105939887227,0.7610733278346876
1.997947437833072,1.1631978018841962
1.047719328261211,0.5264362287480072
1.1220523165272032,0.6500130961433332
1.95565130545748,0.9991867014921074
1.6828143257330876,0.691124936965014
-0.6446798144517079,-0.44526161242103385
-1.5867348013493734,-0.8893173831640393
-0.45301749326499524,-0.34825231283657065
-0.6398887432344088,-0.4558163257398587
-1.7573549694789492,-0.9130319430482946
1.6415434177670174,0.8504102236903737
2.7288165653739247,1.4387215482778317
1.1546175316003688,0.7651939009816743
-0.9772769389372369,-0.46929949077778543
-0.948783214741883,-0.45337618339649316
-0.7435063914592142,-0.4908179382270429
-1.7529929177548678,-0.794875712864034
-2.449254494264974,-1.2470201415998712
-3.4333208238322834,-1.830277969145224
0.15371294880765074,0.030551192371605557
-0.20731422881893363,-0.01230912837249619
-1.0569799573585226,-0.5287526818730529
-2.045179474212406,-1.1097906618000837
-1.5686480172782744,-0.7434526461505317
-0.1281916363405895,0.028241710119153676
0.521357074964799,0.2090482997597478
1.9295638393211045,1.0557920814139472
-0.0671050295144483,-0.050528218679923784
-0.9600200764428458,-0.6103408896227825
-1.465263005850104,-0.7555103985000327
-0.28837818229411827,-0.10306977207609375
-1.407723976362255,-0.5987806423357107
0.37379476184613736,0.35197361285082374
0.7661466236440524,0.348180463925597
0.7983775208462327,0.5043446226498769
1.1718491654692789,0.7136728208007491
1.9952925503039298,1.1390410295800022
-0.08792960375913716,-0.16043874247971301
-1.9202313498462091,-0.7861049562161889
-3.1837696456538063,-1.798206330373268
-0.6992330573283697,-0.33343629190846175
0.36508284463070206,0.24769649367326158
-0.5705914262984039,-0.3556339878391574
0.6707657943013403,0.3116052445334453
0.7986876923835841,0.4976328446406568
1.047157258642652,0.6303336818264145
-0.733379187167228,-0.5191740605274126
0.27946431120031917,0.028184501207900337
1.9431666493969524,1.03791770215736
1.8238393745348713,1.1126254795790078
0.6113443579656809,0.503481593630865
0.6197787333962368,0.5066126155609474
2.161462855306696,1.0583421888367974
1.7280190633747066,0.7243735987139722
0.4558524078480892,0.2134133401732717
-0.03390091943743506,0.0896658536442512
-0.9210828852871696,-0.4800309092238586
-0.6664505321552293,-0.3331994143870977
-1.7816713121976089,-1.0142123585863916
-1.4194326531276407,-0.7161696287363969
0.2753378724104961,0.27409553497899847
-0.9448478083093872,-0.3763048130247557
0.6226105661858772,0.14768430760518117
1.5146487232544326,0.8672379653685851
-0.3937778265063493,-0.3129922886190216
0.7849822518256979,0.4313687486273157
1.5884957981527181,0.868919162071623
1.7271778026430642,0.8236806008844968
0.768395826972025,0.4292704935041854
1.3964367379819833,0.8946028743662514
1.6583759928764348,0.700677803368781
2.125903648144149,1.227168188701965
1.009955655682129,0.5898534644697964
-0.041228039221081314,0.17221497241316694
1.2023574726880486,0.72237394377812
-0.8349974214182355,-0.5452001802350782
0.2817698789024249,0.3270972165196422
0.9741971573134547,0.6046927111127661
0.7081383084160524,0.21325324691915012
0.7110819874107166,0.30424783364902197
-0.49787879717863426,-0.0882818611197512
0.8452336689421571,0.5480864230328658
0.10163439054228901,-0.022071490841787972
-1.7300932021773021,-0.8156085029386345
-0.6405350152109449,-0.21318169407201526
1.0797521368608272,0.5349521444151895
1.631964336083283,0.8446732726142745
0.5675130326975848,0.3530907774047318
0.8804180417263701,0.2833896341429799
0.6308728098111727,0.36989150018054023
-0.02582326335687274,0.10927037107649754
0.18193202459064847,-0.1169842383304459
-0.39287692167700683,-0.13018182637573095
0.6398558946695232,0.20261313339832748
0.4527237624111374,0.20797160239773027
-0.8609705941297963,-0.6812472327703503
0.11529828054916896,-0.04669056291108824
0.8992417934021343,0.6127469326662505
0.43237333120928606,0.01114197281707871
2.1368565049896597,0.846381996338468
1.578955428302079,0.8010096493764268
0.5954466952853612,0.3988672406206587
0.23237302420257125,0.11162883173321775
0.6091595259641406,0.213697097666907
-0.6055002209038343,-0.15120625156335388
0.5560272049326918,0.4295650970902116
-1.124588330184329,-0.561992339366377
0.8264787510783465,0.512229030517508
0.9108488456068492,0.5553094751526717
1.4105068165543013,0.6343425875049113
1.43722669160476,0.9194437337682099
0.6624993584998101,0.4496611008440864
0.678007885084166,0.43705973277707627
-0.37004223593519453,-0.2896114056412954
-0.6844617241609687,-0.32964031327650883
-1.7041703152890049,-0.9341378555309493
0.8766899278969011,0.4033997388412351
-0.20252044161075167,0.006828544362080857
-0.519897703677407,-0.23905591581748267
-1.1025713805143456,-0.5619183262178483
0.70020742755787,0.2986734616051189
0.054618484910938625,0.041358748289915655
-0.5598986990117631,-0.17674474922265468
-1.1889759622167644,-0.58589501146153
-0.37050251941526613,-0.3099583256973368
0.584663077853596,0.28623291510597076
-0.2587449387559726,-0.28256653388149244
0.08238136185911091,-0.01623912357157889
0.5977451241619134,0.17028591678303245
-0.4388697146599061,-0.3456765708864824
-0.30668539533983763,-0.2404701182268129
-0.652836678657641,-0.3777474428120334
0.13417662382274925,0.13828205448942882
-0.0977099631176208,0.007324012452391948
0.6312409320481276,0.19949654767448172
0.9162400715532415,0.6155677306178188
0.6430267168103919,0.5457681505627063
0.7328876542045775,0.26290487857691447
1.6673722002530007,0.9629611622024601
0.15035632172114233,0.0646199627193825
-0.2955131434690517,-0.16473257828679444
-0.2263540237270002,-0.07551409834001918
-0.45818046264410867,-0.22003482515110923
0.523397714903901,0.2437258076978223
-0.19393272297856595,0.10622297027350097
-0.6025725278768189,-0.32477570223484
0.06760211790527532,0.05172632528762684
-1.2845501940300745,-0.9182048328438377
-0.13243135827933716,-0.0025503273523286157
-0.46418037860617317,-0.0950536899074948
-0.7010274545128947,-0.3165989376701614
-0.012683866717066172,0.03725824543444968
0.09853199875425514,-0.06820987605151595
-0.9096566661778147,-0.4042267595025842
-0.14443847423287598,-0.3228531523027458
0.7002310212925972,0.38676070617853336
1.5611552163463627,0.8883113098445592
-0.22136318017103063,-0.02501061907417941
0.6453624342337593,0.3107190846711181
-0.9199651709956981,-0.5028349155056423
0.6405999167469486,0.37842275261898733
0.44613030041163293,0.20259175537621354
0.8732713691220643,0.38792601621701467
0.8376661059288822,0.36975067465251293
1.8677430449222605,0.9688571950879661
1.161002222108809,0.7105375101888516
0.010401372897504646,-0.056736800034702134
0.9860658585377823,0.42073576015957453
1.5946913237975173,0.6820476590201863
0.7904932825457167,0.23045439579715937
0.1654581852332268,-0.0693103423466335
-0.18929678327073218,-0.18636512910237074
-0.4863396394121079,-0.30640689066608773
0.9285896015651216,0.577656771338638
0.43741360520166817,0.1740794189535627
-0.44999691167389544,-0.2582088513108912
0.8812232722379145,0.4683969138582774
-0.05777370619382727,-0.14395631344872478
-0.33543926173585137,0.05481697297932914
1.4579525334851473,0.5973468452552663
2.761691752501941,1.414942883432317
0.2617925367919236,0.03737768481598902
-0.49460219673891925,-0.12264028435383817
-1.7883949910690844,-0.8186546974219757
-2.1069439540958337,-1.076026498257809
-0.9933081981998602,-0.34037249713736106
0.5539251475658469,0.38080855905846445
1.2372502668187806,0.6826765574454767
-0.205018832585673,0.14105364643745835
-1.7642479995339502,-0.9061875583434084
-0.016743108170515608,0.23094661741136574
0.8492946114707572,0.6082776835875032
0.6624660735454251,0.24302521703477345
0.5738999274024394,0.41602017930412916
-0.720836103202653,-0.5156635446635087
-1.3557220772993128,-0.6708589181711193
-0.17290029696583525,-0.029249282927475362
-1.2901823745690408,-0.7300254153258627
-1.7090075378160903,-0.9589666563385927
-1.7339647826137645,-0.8122962567591058
0.594763782711206,0.22126628706859502
1.2557051189372002,0.6622165799398025
1.0385687562969932,0.386878378031018
0.3665289032020501,0.2940220579805833
1.1354668963582217,0.5957018016216195
1.2676391177753947,0.5531203874249405
-0.5729388585712875,-0.39030375277321505
0.8676430579439597,0.49922122370483146
-1.0944447012862009,-0.7403244353123968
-0.3865456524316558,-0.41812544394165724
1.2117877897944171,0.43545246905249657
0.885747829271986,0.41800287886820897
-0.11220941595231926,-0.1345543531189055
0.23897620630564514,0.08172927903304598
-1.7761508199007587,-0.9041547038132038
-1.3390617205707098,-0.6023563762502465
-0.43726025204988467,-0.36309076324748474
-0.7392118689214595,-0.4138892798909476
-0.9320349982497844,-0.3823477258319067
0.0316128701379742,-0.02528828089646245
1.3077740785524485,0.6058363910324728
1.6968629606825432,0.7550747082620145
1.3593096809978442,0.795557413950275
0.5572710734779659,0.25686781361599204
0.18242580987743445,0.30444408442312343
0.32678341414891765,0.2660757565853765
1.4536345477694306,0.6480234495199975
0.724868065319131,0.4748685817428655
2.2293599569892546,1.1270881699101287
0.587991414139223,0.32816202218688223
-0.0028425619880429465,0.10459728012584403
-0.2279126735977481,-0.15859135831999982
0.7547264754996147,0.3976056052115025
0.2179788252312338,0.028641754326421368
-1.6276460527028962,-0.6741929661286413
-0.46986804404233656,-0.16329344567381662
0.9798459422432926,0.4585840347268196
3.3876443549344044,1.6289308676054606
0.6151288305830874,0.21581710104922325
0.5992418761200752,0.37903276204659503
0.12071496811622623,0.07585873438297386
0.5838191958908143,0.08018768674621668
-0.3002364476477231,-0.22894431042152602
0.40800521130118617,0.09892497385024757
-1.1609248046188654,-0.6823668111204844
0.8236835072704698,0.38923694448447865
0.40465550333967604,0.29661523198272816
-0.1290788019379957,-0.11180587786076397
0.35601132497980115,0.15696059722574918
2.539706535957095,1.2690046719954664
1.6452434270888046,0.8898908317615862
1.1663987877649455,0.5330000157312044
0.5577654074353022,0.10523614225266137
-0.007199278368443085,0.053131453015136096
0.5106883894716543,0.13270969975170321
0.0116457320063178,-0.13840292324674042
1.509470878180067,0.8424338384306549
1.4876988630810235,0.6964881814108903
0.412617145316066,0.2571719903459175
1.216374504213011,0.5503704053611376
-0.5754364490655226,-0.5819928934085669
-0.8079939165976124,-0.25403069867619665
-0.9817377164043362,-0.3558818230693782
0.1593830722410211,0.05175276565073536
-0.8001871685384396,-0.4261202957491704
-0.937293594450521,-0.3885432844000353
-1.194180783790936,-0.7052503761920126
-1.7851089106451246,-0.8667221836403755
-1.2395524109329943,-0.7475169547586704
-0.2899185593940476,-0.15015821946388724
-0.6666467282361992,-0.22616433783905932
-1.7805301780679,-0.8027500537643564
-0.6509877544808438,-0.4497914962537225
0.0565185006436843,-0.05541455789638487
-0.9588704498563282,-0.3929532379883462
-0.2681352093180518,-0.06266400989792269
-2.3797910915265157,-1.2504429420080827
-1.198538277780341,-0.4453652303300906
0.40330424348544536,0.3113677970557777
1.375439836731215,0.5871671235266951
1.6814979602082194,0.8497778692809236
2.4901456919866947,1.3790489531346506
1.437649815815123,0.819508825079619
1.8732543900412422,1.0587598454841127
0.7732169424041578,0.4682411615392994
2.6361559760081854,1.2596386764056913
0.8133031484536527,0.5672709407690089
0.6884435617281215,0.33769103585033516
1.7327466988215983,0.920159526771184
2.5678672307394903,1.2615505679849215
2.97031392607848,1.3720531041581525
0.8995622240837966,0.634088392158611
0.5072455689568266,0.3004728882237361
0.7551232304194653,0.24690253149822944
1.422938716722506,0.6547896319752683
1.5641874048060163,0.7789341266463524
0.3389684097245149,0.09034355557579268
-0.046060336314624944,0.11431285171531737
0.18664852198867682,0.03189841249362623
-1.8597279490544585,-1.0176752423205206
0.19410043330923865,0.16451869536900704
0.13753381961895084,0.07588844946267229
0.6653195015212003,0.4284482467984697
1.0065642061867135,0.5815896945668795
0.17584123616918346,0.0619859507351036
1.778836743530276,1.0582264649390025
0.36069567852102996,0.12199775368792551
2.065592376973552,1.074902914197369
0.3316036281651242,0.1533363451934544
-0.3446573548839882,-0.13421075909252103
-0.5377426758496823,-0.3111293134634773
-0.13538804801428309,0.055295193875103746
-1.0771338830370147,-0.5546136018907287
-1.8735246525954192,-0.9775793425419124
-0.9082749941955455,-0.5060203188870865
0.04807150023323037,0.09498525698427929
-1.7352709261253594,-0.8886101605084583
-0.019941387220689832,-0.016087917801581773
-0.13552891056945346,-0.1116281095599172
-0.7269526421402721,-0.22379505530785163
1.299660666387752,0.7549797276057324
1.1730249716156604,0.564111818331822
1.880766227380077,0.9407058183958106
-0.1919224555841338,-0.11862550239289568
-0.5761679121880939,-0.3617401659544882
-2.449709598201899,-1.5073846169737999
-2.526235942491899,-1.2261715397377966
-2.7125996408153763,-1.1740550192597374
-0.036415526693897915,-0.09205424544119148
1.0487164652162093,0.41662290841295024
0.46100333839885027,0.10065229881501078
0.6991093192413516,0.31246077286157053
0.6116736465967303,0.4682935522032369
-0.048812408239771954,0.1397284719907682
-2.4135093491267683,-1.103014340038773
0.07656683691537047,-0.012409782100603756
-0.44092421825082745,-0.43908469221088053
-1.6209028007606285,-0.8442248369733305
-0.790482646122373,-0.40670562782651126
-0.4826346875071886,-0.3210368693119355
-1.6823190080519868,-1.0139483022172595
-1.5472077593127858,-0.8010604679590715
-0.43013694990218265,-0.10292659450846219
-0.4183241632998198,-0.19032225155532004
0.04122175230361491,0.15724719959664532
1.0697689756986095,0.3483675299945821
2.2898398526067134,1.0198431964134165
2.827366324129365,1.4598339222483978
-0.37616345455767586,-0.15857907308361952
-0.4672662227362111,-0.22129449851375987
0.1430969233052271,-0.0893967864533056
1.4260349822506284,0.6785484146271001
0.30399535301754826,0.15176747467886545
-0.4612085822236438,-0.3157675198780112
1.1084218721313517,0.554955139139373
-1.158640096222626,-0.7167045334521466
-0.2584956025915128,-0.2472548354805994
1.3624475466329569,0.6479632957561852
1.1956029573785403,0.5124429931567115
-0.45110590295118347,-0.19163715931309366
1.3478105541209064,0.5837585722965477
1.517437627783673,0.7565295403388925
0.9525324732539018,0.49646473945529
0.912302095099436,0.48052480858633373
1.825296964885614,0.8631198464075075
0.49706741473996113,0.3732869648306992
1.8255236027411517,0.81181694583679
-0.23171159098696192,-0.061697748889671375
-0.9463882290425473,-0.5331498585368297
0.44888816104325435,0.30328713765657467
0.2679163344154085,0.11305688926192849
0.6230408814169248,0.24759018392733328
-0.4025303135015963,-0.093943547879552
-0.7410679469924364,-0.44538954609195236
0.47974489010438276,0.31566283849512033
1.7137318290127468,1.0290124103498899
0.29988662433882124,0.2557549056889665
-1.7181447693825258,-0.8683356341910207
-0.6034817326842633,-0.28516435413846364
0.6572991374904019,0.3936999267526661
1.003156550435509,0.35759446477545986
0.842302841533187,0.5424928707787583
0.15268507746289717,0.16171732237100145
0.3109758904725232,0.03991346864506881
0.7078995164561974,0.3133465770613162
1.2698058955530538,0.4528952855670654
2.5671105090265907,1.1680254177073348
0.3767495020841178,0.07693497594801
0.8355570401430521,0.2605997458594407
-0.128357351334157,-0.20558226285887576
-1.0779120266445843,-0.5762313918684365
-0.025284838505372886,-0.2409430861888932
-0.6328541187928535,-0.47362027211752866
-0.5863577047518298,-0.34319492679355085
-0.4029769252698556,0.05016065313049639
-0.3778873127073652,-0.09283878278605842
-0.1407708072773659,-0.050462632463783574
-0.17907497050236687,-0.14782097377367964
-0.19652330578276855,0.017459714365804596
0.035564139888564744,0.022141199853087067
0.06504575004501434,-0.039876580690069816
1.4034916871184435,0.6711550320162929
-0.1620369034435718,-0.10191362402446952
0.2706864519500536,0.2151269491926192
1.59686959947733,0.7871482814316251
1.2125983970658165,0.6600519340586661
-0.31854722449144646,-0.11973488607283682
0.3513635346892645,0.23588959933793824
-1.0542277089253878,-0.6215770724317035
0.3995982187901119,0.5977840975674236
0.7268230471323727,0.4944021120731737
-0.644900445723023,-0.24368240750560594
0.3596036093736969,0.07309016218176699
1.1162410698852332,0.5127108961138583
1.6903595603717152,0.9503865862609738
1.089162261532549,0.4546731952682458
1.9706135783116245,0.7819722964683535
1.2171937543720814,0.6015608275221968
-0.9333703002480787,-0.5790102887883832
-0.7555098833542024,-0.3359851911276408
-0.5525307445584602,-0.21044138925317152
-2.8969931399694664,-1.3693451084634134
0.6636860261678614,0.3330291096015682
0.8236558702319745,0.4861531773986311
1.169381118496987,0.8447387479768538
1.8698783108043082,0.9972302712131268
1.3490699963659156,0.7191209890603344
1.2451300356813637,0.5050406340195202
-0.6833090168932962,-0.3178527075891898
-0.18772345359371492,-0.04208718858729256
0.04613204695026532,-0.03764231920671751
0.8360680109190953,0.46434788337235
1.3307473680505897,0.6209001257391635
0.23585413766253388,0.1878564563016302
-1.754245633770195,-0.9486033623277697
0.019579957372562462,-0.058024818875309664
0.22352093748511895,0.0714055835585266
-0.49684376897208976,-0.17437374963654328
-1.1008667345377856,-0.4636640979200135
-0.8948166630127068,-0.37232833534552123
0.42450108898898253,0.14438843599246937
1.0421641286698833,0.5545982768322517
1.0887242462672222,0.45442935187427724
0.08442455722267672,0.0843163972115179
1.2603809813809514,0.5345970186161705
1.0753950250283442,0.5396502637967183
-0.38560217403627417,-0.19276630228028152
-0.2058871360436756,-0.1278431547555393
0.24854044941254413,0.17122349012859178
-0.6295468223627656,-0.25797862949473904
0.25628645600039857,0.09552028803784782
1.6446897464396257,0.7540747149698018
2.355941718767742,1.2028311648313639
2.6609909581250806,1.1737912918513262
2.2514657799095987,1.0751516036311557
1.545337856950221,0.7377586357235256
0.7967464842460219,0.3191219832239531
0.3243682383237799,-0.06660823396456125
0.40594701684269596,0.062446679584893555
0.17129417629566396,0.18038802836315293
0.6804605906633112,0.36050354708921434
-0.6892058379444838,-0.42983455104579155
0.018604239624169683,-0.16960649955615162
0.2484194103423421,0.11973524828550365
-2.1118830157585187,-0.8878300025030254
0.09197444706936653,0.09540893409349668
-0.4785353994090832,-0.3695719276571995
-0.12118126488566239,0.12689586996837182
-2.1979850443554625,-1.0210776240879649
0.021729929407693027,-0.05090432413759726
0.4055800405079216,0.4170508428024371
0.41374553176169876,0.16160218951486294
0.5433002359429744,0.24866544816486477
-1.9652295977038077,-1.0202308191633676
-1.0175552924191573,-0.481109346113062
-1.2450928526275349,-0.5412406161808182
-0.7822233384477102,-0.2685427033090201
-0.4525762751134103,-0.2734513608553601
-1.4057268471032385,-0.710287551299785
-0.01854195406970527,-0.12518160205439122
-0.04122241417706204,0.03859034652257011
-0.03794816978487902,0.06983879886305788
0.8002853394843639,0.38869828372709797
1.221829626235583,0.4919567900025061
2.5670366301280723,1.0597063004221259
2.325380734855402,1.2014802695255478
1.4044103128739391,0.5587521035003006
1.6596103501783523,0.910647119861952
0.09241021146106454,-0.13594060151162116
-0.08038846390748658,-0.10177374196779883
0.4386529292918041,0.24185587342451043
2.4728598675901416,1.1330767407948255
1.2526287254856991,0.5522188830191428
-0.04911578554318108,0.04664166357506268
0.7046348008463927,0.47301814960030686
0.5137882613418289,0.31573826382710846
-0.3693381901907703,-0.3586617160698994
0.6943858962139555,0.3056304317905668
-0.3696297741815187,-0.31677817070616154
0.8109123180602043,0.3652588344756561
-0.12428043009894452,-0.07521751440430798
-0.27745725463904647,-0.24709032347923304
-0.35391509491683387,-0.12260340306120851
-0.5730326971066111,-0.3540875399835674
-2.347321832200061,-1.0404150350688939
-0.6023349739780188,-0.43505494101813236
-0.8570623587924091,-0.5937271560654243
-0.8001989156141172,-0.5251055887645286
0.1278090168089857,0.19726058522757736
1.3330555580463603,0.5612601931756673
0.18540405687084094,0.101604515446948
0.22023527079286132,-0.007879980086756999
0.15472324471564944,0.1210964449819699
1.4683127383639525,0.6362511031419433
-0.4545568064971528,-0.23109956327833786
1.090433563502445,0.4192228888815196
-0.2472474491469535,0.06605934646646094
-0.5089666977666308,-0.3347680942580185
0.8749169145216793,0.2642019274536736
1.59918245183396,0.6929744813664388
2.213347386922443,1.2187545423463768
1.8835003050971584,0.9057911861899411
1.024612251813397,0.41152371769036666
-0.23702933866812703,0.0950067940777855
-0.07815835992811912,-0.08173183767070578
0.13741297125869856,0.18755733107612635
1.8503540912200647,1.0096752954414063
0.6238561109407342,0.26337279736838043
1.434502271232626,0.6369134335639517
-1.1790819572443536,-0.5062052842656991
-3.6749512341750443,-1.8812896808456354
-1.0920264027229942,-0.7089085477849435
-0.19185320883807183,-0.04749924319067417
-0.5447629875138998,-0.15259673009775254
-0.16056818116928756,-0.17250280942275834
1.2044771441181876,0.5878898031121165
0.9396878530790905,0.475352069453796
0.7033539313447764,0.3917710697475586
0.8531587756526454,0.5243964174948967
-0.29723163563033167,-0.01924425271827815
0.1504453188785193,0.23586450661476063
1.0751089918513215,0.6167968195811878
0.9104966172136861,0.45632774985547775
-0.036359108090435854,0.16653313174928394
-0.9199365120941329,-0.5314351159151892
-1.1763585638047904,-0.5413742816173369
0.9163917785625662,0.3351692489381878
0.8129812307637461,0.41129303760649133
1.554542609165504,0.8389531917958136
0.7943540725446686,0.34900727648350893
1.1468625520783182,0.840469183496918
1.8184382911496746,1.1618439912379854
-0.13644949818021068,0.04086425454908055
1.253825936980334,0.6204485046053241
-0.35390918709154684,-0.3160432482864207
0.42317836348774873,0.013008348704121958
2.3152310492973327,1.0759713489702754
0.8708790020945719,0.39438616531097026
-0.3913096887175197,-0.24195476056788082
0.6097533396275852,0.1829231620501049
0.4292402469357972,0.3046573728270014
0.25728287308673403,0.028413673091622876
-1.8872729296121735,-0.8706957484001817
-0.3252942182449956,-0.2793323960887878
2.082707348576426,0.917545071780679
1.3876074000472045,0.5984745705604753
1.0531358417503514,0.44375573512990185
0.8001229807554401,0.48942978157811323
-0.2808105020423486,-0.33225526803702277
0.9730545009035315,0.5496769044857273
0.8127457123251747,0.3639075244864578
0.8725736272633422,0.5571062609839715
-0.5733808210084461,-0.19500840964952937
1.0249358815978107,0.6351043680819236
1.0869253466308555,0.5367070921676629
2.3342704952755233,1.1042318655597458
0.849126926444731,0.4359550635599484
-0.8050592891220048,-0.232076452810991
-1.3197640332354401,-0.5419114885803858
0.5902110211316354,0.29962321387936
0.5437640051620309,0.40539437763843866
1.5715272553508983,0.7970824260351804
0.20720727248383775,-0.06062952044127051
-1.832030625080732,-0.944975203785089
-1.1937397667691703,-0.6856262550734222
-0.46429276288624877,-0.2014137444826835
-1.848251972629249,-1.089818390716625
0.2667879650306477,0.028645549844960705
0.9980705017683202,0.5531772712657285
0.22731350588504862,0.17941891988156577
-0.04517634850010363,-0.11084548917447885
-0.7773848833244132,-0.43627126097293245
-0.8890479336621109,-0.3899356750230023
-1.3026587417498183,-0.49996153941620836
-0.6371142916136067,-0.31020630368547086
-0.4465141133883648,-0.19323259399861728
-1.6469781425129564,-0.8929831742104491
-1.0756996152404716,-0.6900051541088984
0.6443032356056904,0.12366708794795148
0.617938798489999,0.27314886762365426
-0.9955029034084915,-0.5472229096915092
0.9496582555177697,0.5368486552582825
0.9965698997444861,0.3046716016715023
1.4324378162899385,0.9285849975635494
-1.1570728329326525,-0.7037860356919493
-1.1922918077712636,-0.48649698063069907
0.14274659591449157,0.21142109330660447
1.8781967262866432,1.0794608246808282
1.390445870708373,0.7058909868158668
-0.5220255258901363,-0.2319360543198813
0.3011383700734706,0.1808725484465379
-0.7293424947248174,-0.05911799364185388
1.6584097562259317,0.6445985445798391
-0.043385840182092905,-0.060437974920392434
-0.7538667629917061,-0.39294790946774427
0.4193247432441284,0.43827160957750366
-0.7759657919724395,-0.6767650579450865
-0.5582620474228013,-0.4633099920413526
-0.5774521892450959,-0.311419725553068
0.7220369429285307,0.4519762198453134
1.0489746536005082,0.4853726516967738
0.4587528381445483,0.4159940601294463
0.5141666504716413,0.25147176039418573
-0.946932011292994,-0.4302202657032592
-2.416800197532168,-1.1128328701613732
0.19925161274313496,0.21129865583950336
-0.01472314004591338,-0.0036623384623498704
1.0847313079781358,0.3437511318111688
1.037242148323015,0.5601566049555085
-0.5890436790640966,-0.38408538041563745
-0.7479843953361478,-0.37418982186402516
0.08105748831284071,0.07224534277922108
-0.10827264595959953,-0.007624344981610513
-0.694713007186112,-0.2928313815659225
-0.7636424855265093,-0.4957789983993939
0.5343879820781164,0.2933670178036321
-0.7484946830139281,-0.15449969095979377
-0.49971232574474417,-0.21500519879753344
-0.10208247934281015,-0.08328671735778248
0.22893262776465256,0.14277268746641497
-0.843717161045366,-0.31682195821693493
-0.38597813993683183,-0.21285015494577758
0.8658148205662968,0.40301948020272527
0.21660100176662606,0.08876810171430877
-0.460190531296491,-0.16202163698228433
-3.014761242797191,-1.5940782367885626
-1.3147172974874455,-0.43164554631293794
-1.0002739548028794,-0.6580522199128247
0.599528628363012,0.40058704025075365
-0.5639920893503889,-0.13814035815407938
-1.0264318090738456,-0.5282532856897755
0.9308466863375148,0.48750255008598065
0.7488216889612023,0.3477935007982734
1.6493225154746993,0.8957980089124982
1.6537915326423032,0.8051660484402839
0.3006403279049304,0.31061120341273796
-0.15913948733734642,-0.30487865079331306
-0.8258566214725489,-0.4595324418756202
-1.2967477812285633,-0.5935020476439263
-1.6960204421216345,-0.8319273394061005
-1.822299341284542,-1.0113887454815065
-0.4690513323299088,-0.26636679248382783
-0.6609052484572289,-0.2787013673228133
0.6391994873166278,0.31808907415518783
-0.3236501216533263,-0.11339580930156998
-0.3211682435639012,-0.26069321534905243
1.0453617586565283,0.5157323227283558
-0.4333923236812902,-0.19576134440665613
-0.7941512149497083,-0.34385932329343183
0.06601770068900586,0.02916533235731835
0.8976614708415956,0.46243943040023455
0.8677172258982069,0.4973054771922778
1.3447599271210302,0.7398244935095748
1.1220827460240173,0.4212581504928215
1.986886457627743,0.9351725694803509
1.4931118048235956,0.6998472186064976
1.9151142011286344,1.1126933958559855
1.525234267433706,0.7329973763297821
0.4968129097714185,0.2548477013364543
0.7506760185328216,0.3153707843627348
-0.1917242067581339,-0.06748522823548753
-0.6653802344057433,-0.46630195317041634
-1.3262134298641735,-0.6187404903444936
-0.25746087226930753,-0.27591626961837956
-0.7257596615751164,-0.5091785930558715
0.17667719938167786,-0.10382035633581152
0.22076911892385676,0.08316072798272982
1.0303980174975031,0.47153755384018364
-0.7740184152990327,-0.328985376709025
-0.3336665073569107,-0.2715828442612191
0.4596421980524855,0.29658211216764696
-0.013224122815972184,-0.07123327809976243
-0.4091367644264262,-0.29527373567693976
1.5177759377542555,0.8858660982709363
-1.6303828162256737,-0.9304498502363621
-1.862120316170281,-0.7764272671680269
-0.7764592019745944,-0.5577747480454941
-0.32930972559214483,-0.13455560367942657
-2.965362571322547,-1.351952258617429
-0.5011412597771815,-0.1505807008973479
-0.7095610111262979,-0.5676016025926328
-1.5919328803168042,-0.6451961043314891
-0.7150621337136379,-0.2702686266277433
-0.49989722669307113,-0.1972038374258368
-2.0007992723500427,-1.0185314443496596
-0.8566225651587565,-0.3606242187126171
0.40454882542078063,0.1141329423181517
0.5380248541080042,0.3038391169973996
-0.9494554159437092,-0.4412746382154013
-0.734969967490682,-0.5456997996381096
-0.6990892832191764,-0.36585733433438256
-2.069907503021122,-1.1000065836492603
-0.1927467914250175,-0.2182145532849532
1.006375025707714,0.6011301760186267
1.4849196954565596,0.7155338667262579
1.7054947020377995,0.740694036064741
0.39365841759591524,0.14036404915619938
0.05434391460914656,0.13609962842329032
0.2519654915551635,0.12479934879636988
-0.8969231152779344,-0.4294240944826251
-1.3559967301102507,-0.7444754771746326
-1.9703114401292834,-0.9862268097866072
-0.49874577476954984,-0.1961625056226211
-1.0763380366196533,-0.5432764243925076
-2.3765362795109977,-1.1321612678487196
1.212699782058019,0.6292094602514484
1.08446344593127,0.5082410357299073
1.1783060975812238,0.7063158005543679
-0.2471224834367376,0.02583345721447841
-0.6140021415184237,-0.2542234709558593
0.48989588222143426,0.10980412505034742
-0.06338631122559435,-0.06777066019728846
-1.1474523539052597,-0.6039374418623047
0.5205372838908547,0.2727181395649401
-0.9822542329258404,-0.39819607820354386
-1.9504039864692269,-0.8654805201997866
0.7811851980805011,0.26599205427652
1.6884482811049688,0.8112455964329753
0.878615294591663,0.35110644833600496
1.791718946135982,0.9076768218385192
-0.02766664551715481,0.08268657821282327
-0.24075170774789934,-0.3384206347805383
-2.5126880659127435,-1.319904994130559
-1.0889844521084973,-0.6620165335969166
0.4485811752538812,0.23892152663109223
0.6735542300408819,0.36674915299171706
0.5951240912153363,0.303234843967986
0.009677715664842712,-0.06258859749903843
-0.19690324741781678,-0.07636914173764298
0.2156134248432894,0.17549375037960885
1.2467108514016685,0.5975254552833847
1.7577390796054142,0.905250513111773
1.0197430960323102,0.5370273316791715
1.585114555367222,0.9222300655210477
1.8936470031127972,0.8018160784420354
-0.39108970723081127,-0.026195731674320877
-0.5854200718574128,-0.4434116624530016
-0.9499474822425116,-0.43048132952385243
-0.19168403847168697,-0.25537560302616114
-1.654162536706357,-0.7899444162345063
-0.26234142526133936,-0.2577008296818124
-0.7152438352460837,-0.37283160632361456
-0.8848430220553529,-0.4728506130263939
0.2147611036771806,0.2486971221713576
-0.9233359495482932,-0.41427960522627827
-0.7492798747084912,-0.34205230924460595
-2.524136796635064,-1.2363910690942286
-1.9761174348507757,-1.1509200193868943
-0.4584202952006287,-0.3407189859068527
2.445121095192791,1.268332154485037
0.8349269951877657,0.4053324921944855
1.018836063737707,0.3935142331004454
0.8688652489914435,0.3498696452521235
0.0017738572512505102,-0.06627421071315222
-1.974531824950594,-0.8902753383946669
-0.25622035346116745,-0.13283058477609738
-0.2425381740465983,0.002863412930864187
0.26175703865916533,0.27039973788927224
-0.9787974649055475,-0.6903753231349956
0.8924878645846424,0.47601115134821315
0.22729657375240103,-0.051562686445937644
-0.5051700382169384,-0.349294697963335
-0.72559022712066,-0.36924680928940257
1.7053381357323514,0.812546447775383
0.198884277384193,0.2048738572495563
1.3347434100831155,0.6956886548777537
1.2839327684253,0.7411947063180147
0.6056788790379659,0.2647670262071992
0.32524103871353627,0.22487076782663226
0.6801971548010736,0.4557053631807457
0.042989494756227264,-0.2241967390876978
-3.0878302755126503,-1.7327253150899513
-2.2922342362409567,-1.1909216841782722
-2.432257989226094,-1.209312576176865
0.8829647835925565,0.3996657022956456
0.6334892643286456,0.3347189522526056
1.529650299328451,0.744347236311099
1.1923244132334068,0.6141315577370022
0.11957545174481371,-0.042692785860090746
0.022363043601470574,0.06735761544360878
0.28172348574113637,0.11978156492999234
0.9915764562193685,0.4925298302449596
1.1209612278203052,0.676708257291529
-0.5452015218038,-0.39064099804713664
