0.11330677497397011,-0.05789544327393754
0.4771724638836107,0.09147903981834679
-0.3482468305357432,0.00969472772415203
0.5577980094750301,0.4041528012337334
0.7202355697954996,0.3315972690878913
1.1794624407524037,0.5376149392443149
0.543991892220437,0.3045886212834571
-0.621886717360158,-0.4878935352037421
-1.9978693544112107,-1.0071206508078736
-3.1551787439704793,-1.4688564943191806
-2.6524261172004135,-1.3894068724349027
-1.358888239420377,-0.6862782351868738
-1.1728342022394203,-0.603401239067789
-0.9518196559900991,-0.5127800435590804
-0.13781360905802026,0.05752084396884746
0.9898985728077997,0.4737939369909135
2.308606452088652,1.113667054864112
0.509298004953456,0.3637675922001481
1.2517482217388427,0.5594648783149747
3.047292060615388,1.599740342003469
-0.685887491196613,-0.38928431633380217
-1.6423038508198635,-0.860403503940153
-1.433408495996518,-0.6669664838175947
-0.7964966337461958,-0.37367197724827317
0.5998693922267552,0.367226145147968
0.7224095183570374,0.37189282556322795
0.04935211790629068,-0.05159864223786072
-1.0571097549421213,-0.587413623460235
-0.4672170816448068,-0.28262413592831104
-0.0680535611616411,-0.07117794366113388
0.7593001550086602,0.3145253091047423
-0.5850393207304174,-0.24082033905572475
-0.523628650639673,-0.204220695078194
0.93015552239034,0.4291888062787283
0.12540497391835476,-0.021391014492211216
-0.2464266796231139,-0.11468221325690132
1.62284705677955,0.9303864830056262
2.1756287171182978,0.9982439433709138
1.5238303445873598,0.8726327840759356
1.1484732038263834,0.44779693389930564
-0.18606331597240655,-0.2444377259895474
2.1197211786444004,1.1573828842501412
-0.07088316978953413,-0.14210096727717444
0.5110116055090231,0.21755232055757545
0.6459755250072614,0.333220494774921
1.0480456866565027,0.4702046814699271
1.450108817606817,0.7803836983911536
-0.9880417101553473,-0.2890236338936468
-0.010443603676225877,-0.05688120858321667
-2.506409969775913,-1.397601070152147
-1.1651501731710097,-0.49580345121511255
0.07803967625279451,0.04492406721884755
0.5624967817834512,0.297420478681135
0.19316777833646986,-0.0055728737479009
-2.566145121257422,-1.2543911598514867
-0.1479893052579896,-0.1358091292549427
-0.4785452778705651,-0.2743484034502612
-2.4023284357965995,-1.1551642701975218
-0.37678083968500625,-0.25391797256909887
0.059034664301043704,-0.02186769634783714
0.504804880538974,0.13946789929884806
-0.9635803257596025,-0.6152488625629968
0.20797884181563464,-0.03454012489472483
-0.5901308014524647,-0.23612434411650327
0.2006189067529131,0.21829354934656647
1.26185342708138,0.6983747427789841
0.01691977747349105,-0.021538046532701145
-0.26174127753457427,-0.06603968841167092
-0.9310890402534837,-0.3361652602098304
-0.7702307200926609,-0.42280429620943427
0.1858638124741483,-0.01831286055657798
0.37850101628937904,0.08570874595480515
-0.9411213314542273,-0.47030750464535154
-1.1568723720544187,-0.4770168127856106
-0.8846659804286854,-0.676259099071903
-1.3021591793332443,-0.6963233144963484
-0.418734178844977,-0.168075714982353
0.7660284851126913,0.3815977437462319
0.07374671994239296,-0.07196304473145879
-2.1122879924527274,-1.1034366574875036
-0.9712096574902511,-0.5631871332117946
-0.7181938480031966,-0.3440404799947979
-0.6745025396275681,-0.4834794218126046
-1.3343165618815083,-0.7698444648377789
0.1257561659735139,0.13405033881334588
-0.009511604120713349,-0.01289410307786462
1.2723652943020054,0.6307644071137725
-0.8780413065975207,-0.5518664912653333
-0.6974047470514677,-0.3550546243211524
1.2290681227039326,0.6828201600799444
1.5823554240493287,0.5797138969411031
1.6505852810420136,0.8917452306492653
1.9296126325214584,0.982654656485334
-0.04243964867372163,-0.13394076307063937
0.32599444967747804,0.16320365447590443
0.7342749895109366,0.4921055593841052
2.35756532702712,1.175426948794041
1.7944288668900974,0.9274194664239607
1.0988757794885162,0.5527182862631999
1.0883129895913346,0.36764244087575576
0.4397618921912199,0.24657977909253806
1.7316729782041644,0.844080877435185
0.8484495442047084,0.46536253933611016
0.5819850054446378,0.42108607283479
0.8233021900786935,0.3795459621299433
-0.026398121337496472,0.10724547811840532
-1.01178486125918,-0.48191569033747
-0.2632074839040897,-0.17608808573219362
-0.47735934374609035,-0.3606577468924906
-0.9903311508721917,-0.45738263391856343
-2.0091698662438082,-0.9782023447233191
0.13896813527466245,0.013231944823458547
2.6858934442611924,1.2442842050662122
-0.13326442095143676,-0.03912113351124384
0.8265968204411066,0.5245782910606385
0.7675086468951633,0.473937021222019
0.9250796379062066,0.5143619927758859
-0.9841033686411581,-0.5230593771345313
-0.019859649629091036,0.09997016470377458
-1.162609427734083,-0.7063134505266958
0.8874361086887571,0.5424756053566688
0.9797803751627161,0.6590487565933374
1.2985117286997179,0.5812168712785303
-0.2538677575522965,-0.017818241200169227
-1.0873010898811335,-0.6038561377919426
-0.6678045741334102,-0.45184057632058183
-0.9861113764526257,-0.53548914032087
-0.6430094282899873,-0.28230099459401786
1.0432788930333015,0.2512317728741968
0.013513796330533956,0.037376577678119305
0.07332565564112825,0.1497299547844042
-1.7041562081850354,-0.7811592580102658
-0.4358744266453763,-0.20606062591887345
-0.7011819264895144,-0.4389846324403078
-0.5109734337758224,-0.22113842937292724
0.5616348661317997,0.3419851432434635
0.5302683129004004,0.23653256538454426
0.8122654391778211,0.4024592000053584
1.476197073591348,0.663593990412285
0.03596017297888232,-0.01956719464523593
1.4839698470783846,0.5744994515807118
0.39169187496895724,0.09301563267200558
-0.2665001910172422,-0.221201230344793
-0.6046003447035431,-0.3740814238192961
-0.5513160986675474,-0.5065568997546737
-1.138953687202289,-0.659396445921178
-2.209954207506998,-0.9939637195760551
-0.151397701979474,0.010763178365280984
-1.0205520510867705,-0.5278945170596682
-2.391058025361935,-1.0743672572037217
-0.7895743606458121,-0.3059772963679025
-1.0110543628022728,-0.3235029870855143
1.9181106263536778,0.9165085228832747
1.3796305596881022,0.6103853684031348
1.6567037782153582,0.6580996855926554
-0.48207031847672277,-0.16848867556980207
-0.8683851496889143,-0.33056249175749264
0.12613308639050846,0.1368576338928881
-1.4351486280249295,-0.6854329250180072
0.827034607086727,0.4932265316831796
2.5748316593156906,1.3249856399811055
0.6430973806229878,0.4272216888862104
1.0596869901637282,0.5700548555661124
1.9905460057860356,0.9876469119534327
1.1615149667619222,0.3056997165972571
0.6940385260278967,0.33869103061779626
-0.01727205156450734,-0.016569090385735796
1.754138311366299,0.8965299445972863
1.5646223160321784,0.7756108896555395
0.7928802360397964,0.4256096058342176
0.19247213945489433,0.013676413205566243
-1.6858503274200272,-1.0587304770346295
0.2670020359437142,-0.03069308787008862
0.3275182652373484,0.30690150736337474
-1.383428289060939,-0.7278941215080658
-0.7543566168656044,-0.3097903785085727
-0.6464920966098494,-0.3203228558467972
-1.3810839253955778,-0.5579316024225913
-0.9427623755395768,-0.5365770469057852
0.7892556880175402,0.34123405375903937
-0.5192242887059757,-0.24338727453003028
-2.339417792236179,-1.0621452295823373
0.0006951559681627195,-0.06934197434983226
-0.565121298763925,-0.3578024715462516
-1.0804567933857472,-0.5313611021278023
0.1693441902409204,0.22930700531617967
1.3729476997254288,0.7185810414727958
0.3206551463731009,0.18106138395245147
1.183538984170157,0.6416242727998459
2.1138380414057454,0.9569758915382792
0.612166935128246,0.4836648706922112
0.4093373245734522,0.22960725988737313
1.451485769372297,0.5951859873772171
1.1667204364248667,0.6248482663954498
1.0685070690646037,0.3770393434175239
1.096461963355531,0.49104724189306553
-0.018284281122574297,0.09158473711076875
1.1627658763327164,0.6854136192145247
0.9932631705206539,0.4630172643509247
-0.5242607380369226,-0.07476742481212562
-0.6449817410595217,-0.25445003487287154
-0.03904551829415509,-0.05827339591566696
-1.0354349830647194,-0.45257288071064683
-0.3003973540478738,-0.1113938917806251
-0.8283302509572432,-0.4126220305650403
-0.20670450586880784,-0.20791691533364576
-0.825603615741183,-0.3934042459968094
-0.1732563616365484,-0.08070967303571903
-0.32104642019602914,-0.15437172457727535
-1.0370144678830258,-0.5047364529320085
-0.6349672411562077,-0.408561826031881
-0.8819486898445266,-0.3737859238115845
-0.9152451657781191,-0.4654115441090276
-0.23362287325989634,-0.05077120410794238
0.08392129424729206,-0.09554317758857112
0.5109557787220996,0.37781470732475375
0.45235304151510425,0.0627803995394115
0.14703730848547447,0.04565889452154864
-2.146463493374307,-0.9924581470688568
-1.7154576026260437,-0.9110685920682838
-1.3693402931990026,-0.6371511776868729
-0.8047930855015576,-0.29285275586160064
-1.0409890927438938,-0.49764846952640335
-1.010433188511944,-0.5755557544133546
0.05517344434889415,-0.09193057244974735
0.03129967333496268,0.08611377336019568
-1.066428020905776,-0.4312206174006291
0.1920567910279326,0.04872312725112338
0.03724108844876954,0.049326782626584784
-0.6979692079760881,-0.3310906152585852
0.49299804642580675,0.37873425863274246
0.8778692042351036,0.3702899211480122
2.2219705650556554,0.979153101366897
1.9065765743037513,0.9086763086147641
0.9439599929642368,0.5015298188735223
1.42207203003817,0.534506554929059
1.227426308234382,0.6337894286154024
0.0038802994625922738,-0.0014624545650296452
-0.15203558581068546,0.09691253832630355
-0.6429706023076167,-0.33452881925757816
-0.319268066779117,-0.2237419152092905
0.4026717050596119,0.18480873001636147
0.8107832987982223,0.3776595881841216
0.9048798064978836,0.6674909769070255
0.4969984276054064,0.15567918502512917
-0.17885379362994613,0.02506244417975033
0.5157353117020828,0.11370425434109854
0.15714950211948794,-0.0009534853512688235
0.6731066746952534,0.37628455801151345
0.4905819531394024,0.2503191507585394
0.8147513781757159,0.36133620525086846
1.3582214161288289,0.7404491402168278
-1.7106089637313864,-1.0416023410592916
-0.7142064623424158,-0.3439237379306858
0.9768965532244394,0.4983404731812347
0.3011202662532114,0.12805996625289756
1.4942094990252586,0.7420196858725729
1.142297646880453,0.45859951341706523
1.4326953095526835,0.8341505463750947
0.45500607241925783,0.26548863159455327
-0.7518873139601078,-0.2559458416992167
1.1695893586442099,0.5415270231516195
0.18914020561421935,0.010680053626980518
-0.19149085756146572,-0.23856246495358968
0.4717924608940541,0.0750104115704322
1.4044649277447139,0.7211731244215738
0.7605902698945295,0.37418013552230256
-0.018081751601293772,-0.18065430305693292
-0.49199669050201655,-0.2520499898704183
-1.7534372265624292,-0.8077991029071975
-0.013774380226338812,0.08903715108828018
0.13475465509240062,0.17550466669093917
-0.7287986117191426,-0.43283709176614055
0.40006051192161374,0.20028022433001405
0.8444474296840492,0.30763533970581053
1.0160649995959061,0.5648579700093841
0.09010306878152574,0.0883232106121277
-0.5904862383763343,-0.2764953226415169
0.12136531458731659,0.11628368873811748
-0.14287008883188423,-0.13615954420811016
-0.9750930986348183,-0.5468892151643432
-0.8717480421522081,-0.4609201779223439
0.16252994824978695,-0.03381863257657104
0.9110850952025638,0.3480031219927109
-0.16250378404071675,0.06763758663446912
1.269157417342056,0.5854064034516996
-0.3583919017049798,-0.30797701768100433
-0.18743372848609402,-0.07287528592992734
-1.5389344124858877,-0.6240150336809656
0.12002710086956192,-0.14817042257965235
0.8096681604809093,0.3185133189003127
0.3093623723786516,0.028904682983147967
1.323046558454432,0.4843022611947149
1.4286423423635928,0.7655230690300622
0.29618990527489464,0.09405921409032977
-0.864342781907037,-0.47698844242737426
-0.2718269735011915,-0.10672469147997611
-1.3561847516981191,-0.610322986765865
-0.6088785025129997,-0.40140853220073264
0.259030662666706,0.034629310310885175
1.5164803214425044,0.8822119138507115
0.1557276836451802,0.11504650722990373
-0.36318145379009065,-0.2344323241676273
-0.5883035814260564,-0.22047958704655496
-0.09987428257870307,0.036908117416133576
0.0889800554741553,0.023883347080976735
1.6924327960998842,0.7291967158528343
-0.14756134276984723,0.10418597613237002
-0.08453741251421922,-0.07624883966296178
0.14159214049160884,0.08454896184380443
-1.1949220567149152,-0.561206305600656
-1.1982470277039794,-0.4977934851157384
-2.1124325366592775,-0.9507710474885764
-1.3809837653229677,-0.7302442445459076
-1.1616865105758891,-0.4415604511665978
-0.7453021692532931,-0.2524358554544893
-0.48800301449300887,-0.24061597183724814
-0.43200585807639785,-0.04889938397713833
0.08046199241445312,0.2095705231465866
0.901371324422829,0.3217638583097001
0.252314241729355,0.17694672021060243
0.9345180392469218,0.42649788287215495
-0.4104084071890277,-0.22716074681072126
1.0882346239998855,0.6481645242671829
-0.5427901051961841,-0.23376076345731203
2.3982433605039195,1.2465525947715557
0.6525152590162746,0.16444848981778848
-1.2529291349882627,-0.8522046314992341
-0.2896614164826978,0.015753084624096886
0.6282303027722678,0.3444254017060533
0.43843644353946354,0.29876553100076797
1.3862147569893772,0.7610575417040424
0.879218036795304,0.5083264970695233
-0.13187275568366452,0.02518983625674269
-0.5072333947305053,-0.1254282882856392
1.1682036767423771,0.6170031747683303
0.1518950600062307,-0.06097426959846913
-1.5305153328927692,-0.9210094783832656
-0.2403629138625728,-0.040209160647458
-0.07839970496333457,-0.11719960057985339
-0.14330825954117224,-0.07226078347141524
1.1378379038613091,0.5637198241388633
-0.2863193747798849,-0.036230453805134205
0.2307826090528727,0.1718077523864133
0.08684483342718967,-0.14442134253304975
1.0436295678971896,0.528067592736225
1.0487233230536748,0.45991553157639253
0.09801800298323016,0.017461674578129964
-0.3834807415352919,-0.22295678571562294
-2.9626974511255755,-1.5921057258538027
-2.0835826196820775,-1.0349528766304568
-0.8362344816467455,-0.3404364667710003
-0.3028150571328809,-0.07086568545212073
-1.3752140959808423,-0.5419429994069461
-2.570638623258363,-1.4891149925358103
-0.4037060177050891,-0.25328303896226073
-1.870221039290161,-0.8968616123076589
-1.2516512422429735,-0.35219621797447964
0.8710955077990855,0.2680648211011135
0.1782413832722391,0.13641117398254257
0.9669161192637284,0.46515391808660145
-0.033211510619148954,0.17859705503354023
1.422779689443248,0.6652545644271364
1.765949434071044,0.9348220921909399
0.6498434499873742,0.4190488341815626
-0.4184311321804813,-0.24580739168893123
-1.2040779375424664,-0.5243567840187259
-0.2782315531421653,-0.17881067428699468
-1.6403669102158072,-0.7230386027226936
-0.3373872562543331,-0.12020186145748568
-0.5622884327730548,-0.2842778632920149
-0.0005481598540245103,-0.009928390599075382
-0.8886331485381634,-0.44412480606602
0.07104391708604918,0.022321560700456905
0.1687262187485766,0.29173292512885046
-0.06633339026509616,-0.024289902528013135
0.8223445453990926,0.3431547778011545
0.008231419653688787,-0.004393846936795348
0.6780943814229695,0.3144351261988626
1.6715731743407276,0.8603640724055047
-1.4635268986459677,-0.8458379564213141
-0.9308048123868627,-0.390291775812022
-0.45706083064682246,-0.25964712988881417
-1.1931540921892978,-0.6101235529653356
0.26050195500738993,0.16727636270096646
-0.3289406070103858,-0.32471532824604843
-0.49980259628754503,-0.2624601289592118
-1.2320014054973074,-0.5026114556436043
1.3418474530674704,0.660771763407725
0.574855817200168,0.38895704480388155
-0.5661705781690073,-0.09485319482517401
-0.7101163749149428,-0.3835931860288483
0.8672660353959694,0.3988258399553264
1.1234413683504654,0.4569945977200814
0.24099446020998677,0.3228857654579149
1.3109348123166642,0.5818090403666493
0.3515567467016676,0.1633182690644992
-0.6599057415169666,-0.4766356176164763
-0.7070625135259968,-0.2839297103546095
0.09140755197355971,-0.15411454935931487
1.3220022425909264,0.6509305835123768
1.1712812808528774,0.6698111199769339
0.005445970961224567,-0.1101959258240043
-0.6583787292571885,-0.26126784518549445
-0.380593336693711,-0.08086603646351037
-0.06057893551872379,0.22655558239059756
-0.4624503744563637,-0.22760934538608063
-1.0907606312457834,-0.45046071529906184
-1.5606528162577131,-0.7119615604772953
-2.5497765381091178,-1.402703757222016
-0.6012045965335493,-0.09538845204545379
-0.35724040915388555,-0.1974626255687378
0.09182835347017565,0.04851569944433976
1.4088290311343112,0.7889971601243402
0.024828810548121028,0.24613879126188654
-1.169978182732976,-0.533508794362691
-1.8844469375015482,-1.082027644596515
-2.1507758119451323,-1.2196927142060523
-0.3389647813417264,-0.17897749738254887
0.9706517904897578,0.4978108089757602
0.365133037698388,0.18850728005227538
1.0202304117788206,0.4878637509586143
-1.475036158923547,-0.9357350968441913
-1.2079754198760908,-0.7570325069568474
-1.2079185668805907,-0.5783355700500845
-1.6358115393884844,-0.7425201770107699
-0.16113730216458877,0.09581417174185206
1.3826725475952557,0.6212882733744518
-0.7241492105725582,-0.2855770325111438
-1.9126590855978178,-0.9001103209544499
0.10124204214211474,0.08091468707104585
-0.416976009260549,-0.23199349529858312
-0.5368282979324498,-0.16529332911023653
0.7067258896160777,0.4362130275717028
2.781602287757026,1.4772513102728804
-0.035086009775458726,-0.07017155108111453
0.21062201014858117,0.09785225593660159
-1.0712101212060532,-0.47743928212594855
-1.5549712284759911,-0.8184971745237946
-0.9503223704993873,-0.48122990826403755
-2.067431341371748,-1.051279658793767
-0.575555379790538,-0.17116136746741206
-0.00776822656318471,0.17959106969334324
-0.7719689996968621,-0.31488055499985046
-0.2667623193391525,-0.06088577380582787
-0.28114543374974266,-0.18824340736142064
-0.27500359781120687,-0.13116049786048134
-0.8948556362708663,-0.36285803891655427
-1.3563754051213341,-0.6163706496764166
0.2554002149727471,0.2200325290255729
-0.07025825300953681,-0.031243633833733978
1.0027821812966615,0.5777950311451927
-0.4731564487069404,-0.15974037804826569
0.22151522278637847,0.1015247130120709
-1.6426928513706975,-0.8054105721538674
0.03998715782038087,0.059439236897534206
-0.8600734197173432,-0.44978009860955387
-0.8383214386609434,-0.36524874286345366
-0.411782851924954,-0.06441347505294043
-0.7665120764010556,-0.23321478151603312
0.1848770106633208,0.06882825936592332
0.6834085965490635,0.40937149761255576
0.9443899414789672,0.5395715287695768
1.6678205908054096,0.8651540765018628
1.4706158368185422,0.929176462652559
0.8457692745299716,0.5403157100243718
1.0165733990478667,0.49259279148435053
-0.13849058502957323,-0.1089022770864628
-0.298281008416585,-0.1259976998569293
-0.27042970013456913,-0.13208938434758605
2.139352443576965,0.9571245005077033
3.809300892727056,1.738668983774917
2.1826998064384817,1.1438784148916692
1.273312799785221,0.48731900813204887
1.7101327050202177,0.7669147166636672
-0.19432323574647914,-0.09745820638446549
0.7683669913293273,0.4525562552647387
-0.8689595510131227,-0.485122547209448
-1.9687748228249027,-0.9331786969790983
-2.560370855387948,-1.200634451289174
-1.3331369008016294,-0.7556040065735911
-0.27120580434964275,-0.26746095620508814
0.18246873129439767,0.1002004877624587
-0.9852034489603205,-0.47875696657640776
0.03859766023919353,0.03455332637699945
0.32200897415001906,-0.029805669343803687
-1.92720941480982,-0.9412014968478766
-1.5116895701280137,-0.8717995086815518
1.0101957029087836,0.41289462478234484
0.042991289449269,-0.0578495877601356
1.0748542350916763,0.7854364151214963
-0.8671944974467437,-0.5602556294809282
-0.6337401254370175,-0.3395600689255356
0.33868024379486616,0.14516730304879977
1.9257641438886828,0.8603764331786294
-0.07130451344508681,-0.05905001361172879
1.1125937439874316,0.45768313113269854
-1.6558548405997362,-0.852638290919722
0.2859238050882872,0.14136929370020415
-0.38384621151649556,-0.19933405384548067
-1.300682720127861,-0.646489401886616
2.0190533715888224,1.1271962919434446
-0.7905987976169885,-0.2673005097139103
-0.5671943962117068,-0.3308660068649947
0.39960023491699315,0.22374507895135504
-0.6554249780295599,-0.2695177989986071
-2.1404550882068194,-1.0683325999227586
-1.0940805507719107,-0.6156656253715005
-0.441066315151119,-0.40596615457059737
-0.7313231971004608,-0.43220087115093797
-0.1033876602800296,-0.028116693619892396
1.1209820280171414,0.5623630164686313
0.6682851242680559,0.24613745781197238
0.33943341760792894,0.19860672069145502
1.3425512190122726,0.7053167007635847
-1.8639997949260931,-1.0271869564033336
-0.44199918201354815,-0.2505493254314874
-0.9394030679440372,-0.5995148275082424
-0.4318645621740602,-0.17838569199790547
-0.4020545114413731,0.025233586538427277
1.108286556701377,0.6471938936929906
-1.1720891807655844,-0.626180217190695
-0.2168368620073438,-0.16016096497984042
-0.8811442181356955,-0.36215510583993504
-0.7930859718467465,-0.30033638475715807
-2.401809716744656,-1.0918579695843837
-1.3583223505029578,-0.7497931566079301
-0.32926606711020473,-0.26201585422072415
-0.8997248547322924,-0.4747949392310818
-0.7112148388716683,-0.39751199317132935
-0.8521818378378087,-0.48145927790136817
0.5232172537868272,0.2948925338228093
1.7835483961210525,0.9840594122118569
0.4641769596381623,0.27875138928603604
0.4736132792087896,0.25903285949777016
-0.590043987241208,-0.25390013058839256
-2.795368334659916,-1.457379355472941
-0.06468966434636414,-0.12813309603814177
-0.6872586687297011,-0.24790344530486247
-0.22682175252590323,-0.2564328804511034
0.09702182126068923,-0.05897649437940271
-0.2814348594817084,-0.2800864250774042
0.4541272848389809,0.15189801273076553
-0.009472972765230903,-0.10467043391110122
0.6926264422379321,0.2805437550001577
0.3978039517818408,0.270735724131152
1.7069577638462883,0.8336563249779407
0.6682588109593509,0.3077426683059941
1.0035647412072715,0.5626364126578857
-1.936111962279884,-1.0589208477817365
-0.20286504792847526,-0.05999012550667575
0.1525871122843248,-0.0013904769347988788
0.8859393808510709,0.38523451706810696
-0.24630976816802497,-0.09908771162527355
0.43215787300797226,0.02548641628707038
0.5846112206671207,0.22616020069446563
-0.3355952190983707,-0.2242616870534419
0.7152473751779775,0.43885257428099933
0.450853733840805,-0.01830828363179371
1.9178464542774856,0.9916839741826193
2.4090343592190493,1.2404347615056417
0.8128976668707021,0.4349428312074744
0.13279682541848614,0.013542324688101355
-0.43496722043341485,-0.21988728320817172
-1.5993196194037085,-0.7351412826352989
-1.1156669397799688,-0.600703238970327
-0.8162963058666018,-0.35547445115237697
-1.7921455566741162,-0.8583614716549491
-0.08045037012290968,0.07769076124684439
-0.6228222036481854,-0.3859667131684178
-0.3163848107638404,-0.08797858520304837
0.841264578239318,0.44825230107964364
-0.5238463405976549,-0.3424842130447939
-1.6183051263566683,-0.8683053998212181
-0.770706577935072,-0.3815059557215235
0.7468173824809485,0.4308120562980476
-1.6829463622378087,-0.8795117798189592
0.550918522721971,0.41647545206741443
0.019009381700972494,-0.02592177741070297
-1.025399538527712,-0.6101650803214376
0.25052307163272347,0.20241942144891728
1.068836080234656,0.6268835967191925
-0.18861859745439946,0.044148116854447944
-1.8208145637448245,-0.6820760360329885
0.4972789627455355,0.10410670574735498
1.2814652628860668,0.6242349948181621
-0.7393804603555952,-0.313549162617452
-1.808459720837748,-1.035909057116959
-0.52231632456949,-0.06875085566615854
0.6071601730104044,0.481856975381711
1.62442291865261,0.9001867007426223
0.8003432290959032,0.3469525813826995
-1.3353271324646776,-0.8248248499412234
-1.4986426384850597,-0.765018886090213
0.4749871174591975,0.27701051199939314
0.9794501626496424,0.4388174225551669
1.11852360263036,0.8792169709992765
0.43373129700614643,0.19267576621320653
-0.5928832585797066,-0.24201565811073852
0.05418601179366184,0.12005066452604475
-0.5607904584287188,-0.24572408928428327
0.38963390209753196,0.12613544944496935
0.16415338055889517,0.18686260505668179
0.62164120118801,0.3574079688253843
0.4568204205617323,0.2157936516932557
-1.1459919026373289,-0.6819239488868423
-0.5588193198167314,-0.3320787159249922
-0.08485190615230914,-0.0200451363767275
-0.9274872664027776,-0.47921411001791003
-1.169955304467777,-0.6106449542501278
-1.9630474553840558,-0.9956522947885353
-1.4402972469848332,-0.7737556695449438
-0.9499174870987419,-0.48988873319125575
-1.499954951343697,-0.7691474601246288
-0.365777927947518,-0.31661582869435023
-2.086940696959359,-1.0962630524117343
-2.504219669769737,-1.4387794109172496
-0.4211543602062262,-0.3578957687802091
-0.054248017285435546,-0.021417935590238933
-0.15272541890025,0.13403703026000816
0.42435896495657266,0.0872600572035959
-0.7777224672875365,-0.3295552659813672
-0.6581278428795704,-0.3627623701395716
-0.7118001042521376,-0.49681199950359733
0.9066698007549205,0.5333370620821878
0.060524160152665984,0.07970236097702055
1.812879283408324,0.8258228429796033
1.2481100674552907,0.6489500383516206
-0.09273619023182011,-0.24874749747222602
0.30336686628137666,0.1952115234486927
-1.925819790837635,-0.8974090133262888
-1.8789139368262258,-1.0919394147856982
-0.7538103836016143,-0.3705824315290803
-1.3839825406995867,-0.6970130174252184
-1.1553350535527926,-0.583874004025866
0.736048750334876,0.2344852815126388
1.5958033006107235,0.8985009566227751
0.019233230422550318,-0.10749858784070673
0.9419970031367723,0.5293614619828879
0.13649879412034788,-0.06923575533155502
0.4407169398476464,0.40713701050845963
1.1965902322145778,0.6188310654516029
3.565976524194943,1.829573065480246
2.3061637693115276,1.1162336776870228
0.007605324297402349,-0.21320248147401444
-0.9519261372262939,-0.3274974450693365
-0.8564673817225766,-0.34892172726228854
-0.8424544048395518,-0.5642388501300699
-1.6952542168106053,-0.7947061875640252
0.8660666017782228,0.5707866561809732
-0.0038576327452333192,-0.15675925395622758
1.4787283959785866,0.6645820103610608
1.4287940532954555,0.7722357122537545
0.8535604052116861,0.35484267072427694
1.0632348704351933,0.5661970143934204
0.14206256195604033,-0.03588015790024665
0.4034088246362347,0.11582646099613916
-0.2857258282831445,-0.19560796647492232
0.988889164270509,0.559751746818641
0.9111405612393575,0.4026746258793749
-0.1415548760604438,-0.3661257640891526
0.4649475570006545,0.2103194229504487
1.1658555901613115,0.43347426807823886
0.8293342850482742,0.45624703760370494
0.7725337601801514,0.3795027796016704
0.6244358178501085,0.4817178924687165
0.8562363115089446,0.4165014758567427
0.20463058022501707,0.10483586581623773
0.44837926343182055,0.12130400995047173
0.08241826588447818,0.1024580366137364
1.3983676048719784,0.656085789867507
1.9816995008816365,1.0915972756782257
2.162895505650852,1.198597443518881
1.74551847222468,1.0575736809965397
1.2719836086375125,0.6487666562415687
2.3857194665398134,1.0363958908080724
0.157211228226237,0.20873249141577765
-0.6442013792468408,-0.32914564477547975
0.9621747319601912,0.5464605922062058
-0.3760998933959038,-0.16611252514467156
1.7433449673520398,0.9664584716482237
2.1596523185970025,0.9928350154105937
2.3538789314489788,1.2710532885133567
1.3978531522218112,0.8064145455657697
1.6289062425738339,0.8048440772053834
0.20795856836718207,0.22106058150460417
-1.190619210605862,-0.7661243371591875
-0.7531964441418603,-0.26584346833986094
-2.465911457357689,-1.2329828578268875
-1.3875586926268324,-0.6135653577094076
-1.463160642853221,-0.8521138531833424
-0.5928862717657445,-0.40204875339838786
0.1859155189041738,0.21452475061307405
-0.16143463325014734,-0.04846584475872915
-0.287783606883926,-0.025559103945449052
-1.1067755289710715,-0.5600438095820031
-0.09194104146494014,0.02925584786885413
-0.8637937905793812,-0.5202055739968203
1.1926475690494076,0.6616405969461215
-0.23376446750534108,-0.010794734296302164
1.2074101822961132,0.5911808806496748
1.0524715582323068,0.38720611358460083
1.6073515811519667,0.9548970551084598
0.48138168442400053,0.26342174210984964
0.9231706101793751,0.4149485415686765
-0.4622870273517571,-0.06621019541260278
-0.08879439708458978,-0.20182310832446854
-1.3688933949715354,-0.7754759862602635
-1.3480656582838206,-0.8512780116891374
0.2305099392014004,0.14581581444185326
1.1478030731936428,0.48649376905163283
-0.23171372322013384,-0.15556864456244635
0.09396516438475835,-0.022516438404396807
0.33232933146499655,0.06194044426410944
0.1338734088123481,-0.07421444440601385
-0.11352810991136354,0.11311775447536745
0.7046309331322742,0.4245169359652136
-1.1175979610194788,-0.8282829603075643
-2.386260060441177,-1.134787549279132
-0.8106490823741267,-0.30285970695034753
-2.030380411364355,-1.010399602902378
-2.5392088306507197,-1.402116172286095
-1.8565398200661627,-0.8327891663991679
-1.1137687481576912,-0.3964198314881704
-0.8546921736454449,-0.6464943513601009
-1.1537179681464547,-0.6631826517249879
-1.5369825126809593,-0.9108072699194781
-2.150151291266402,-1.0953233989359585
-1.86236298618575,-0.9189080969597396
-0.05653437739051448,0.12085284903517879
-0.9419957925923496,-0.5869486298976165
-0.5386536423489534,-0.31031402806299296
-0.5589483982643633,-0.3535958270910027
0.12752271857529196,0.1476938738427263
0.7953159540488408,0.46298385630852207
0.2960315432974433,0.059439546372357446
0.6459583677061403,0.2801041038073413
0.35136459773625306,0.15017656144687627
-0.12681224003249714,-0.06975152539522177
0.012983684484606572,-0.26587201536849414
0.7196348753321329,0.44757876391645
-2.517243081474409,-1.2798389394849154
-1.5423816685436638,-0.7340055710898495
-1.411084701447121,-0.6505904921199894
0.1817056022653657,0.1038377544261876
0.8904559692638168,0.5833721160756009
1.9990938037307293,0.7705164204574765
1.6970174115172032,0.8949505020749824
-0.43018549507692216,-0.358933094927693
-1.0343596817658613,-0.7865399067614998
1.8666576790627363,0.8671561265520993
1.249746616598224,0.5278583330703144
1.1667411036056712,0.6284667280072479
0.2457007117551,0.1706975932706072
-1.4959111964943004,-0.7942941070898768
-0.9567867602518405,-0.5058953436912901
-0.7363898397967672,-0.41471590039387984
-0.4038181969176629,-0.15657899817101023
-2.403320222495626,-1.1137051693333022
-0.7480377951511202,-0.3829576704858833
1.3572409601963473,0.8330983902555376
0.45274459981649307,0.30864885038507683
-0.652544515312111,-0.21644143694044077
-1.3763356090673589,-0.6207298916200888
-0.9411690622065004,-0.5754455300002427
-0.1621384809210994,-0.16467763628659599
-1.3287104395863822,-0.663589534969758
-0.07107766464891707,-0.07850407930588804
-0.4975638020064434,-0.32458499777496663
-0.4229381542061151,-0.1433661852583226
-1.257561356323516,-0.710121217403118
1.7650999578769158,0.7305818465979496
1.8128501839248108,0.8162183110781625
0.3917283101526866,0.24248276451879924
-0.14698715342104235,-0.27549264875761637
0.5082967803874174,0.3895742510209763
0.4905092510978715,0.2402049930307174
0.4274687202253296,0.3214865507459311
0.8247413612238166,0.6004252026038928
1.3477635314588157,0.5392524712677578
1.212294895009965,0.5202082254326872
0.8413225832982254,0.3400453686238036
0.09643738009958153,0.0724194342669979
-1.3778516696174734,-0.8696496992483843
-1.8229751925766777,-0.9312119387286601
0.4014882070360245,0.29178819438345593
0.49689797351738707,0.3159315004682982
0.586791975307849,0.31382225251454704
1.7332820157218498,0.9266912191474403
0.13742949307380636,0.06444453506263412
0.7089891409046687,0.5222305259165717
2.1682127690051796,1.196151316865837
0.27066919615328844,0.026810635860970433
1.3890985948899068,0.9459864519675119
0.02066210405808011,0.07289197369413312
-0.5436806582810031,-0.40224799844190295
-0.384474670993832,-0.05439621577855802
-0.9773672405734269,-0.5317095885775889
-0.988818992468455,-0.7688196470451147
-0.6558725934250498,-0.5011061181935783
1.0022619518678826,0.545560319639978
1.0941263857196941,0.756031139189277
0.13848315448462145,0.10699442104061112
1.316391601151644,0.5424660349942226
0.5016179906593424,0.3846327570592042
2.540426394695252,1.3208094648567565
1.0763806233879352,0.5026416063477943
-0.12952315946634618,0.07667248325080986
0.6649403265313345,0.18368817783403976
-0.0226809396167984,-0.029782853180597167
-0.8389513295657348,-0.43854146598711796
-1.0098059630319587,-0.6460392202072501
-1.223997420150933,-0.6242548374484471
-1.1081598055888984,-0.6360937235020472
-0.7185538557424844,-0.39054135225503267
-0.708539965400318,-0.26931590551023754
0.029744449762756142,-0.15145307167086297
0.04430465035912967,0.07759991355411734
-0.17664688955257313,0.0024342718045466116
0.13957089206842288,0.12924939319863188
-0.7506466353074064,-0.26613497803329417
1.0401296267119502,0.7940177584410608
0.5927406567964772,0.13684535274652107
-1.3964478744066342,-0.6746445773428043
-0.067767498891667,-0.150839447544771
-0.40843733535362897,-0.189123603780867
0.48586690988856784,0.32688533353966864
1.4391998360817175,0.8351736138447887
2.7516461312672273,1.7041421021233114
1.1963207941520673,0.4581519283056784
1.0632773293412145,0.51956382044454
-0.11409323073655497,-0.04515277167658592
0.8859251408854449,0.509941348820111
2.4328206116711915,1.2381026801087405
1.2521901156930055,0.6368228052308245
2.6137059698753555,1.1826703879877791
0.5291610477051598,0.22849763022619024
0.39954127965607505,0.199053985057611
-1.3834661666482257,-0.6481572788593617
-0.6103118343574792,-0.21457324498377695
0.8968092580674469,0.499049350245467
1.9374244806448493,1.0790600573563713
1.3245334721055495,0.49159708534076096
0.7063066404606381,0.33668594937858654
0.6631303296150326,0.32168637533234196
0.7298469285014256,0.38744138468923117
0.27684456786671147,0.3211305609521721
-0.21277289337934358,-0.11357216629955173
-0.5534084330013435,-0.4107602991702885
-0.1278885827178528,-0.10338258145771412
0.4760631534406564,0.33663974438738553
-0.2709082486957788,0.018970269410787804
-1.3872737856306747,-0.7400395101848142
-0.9879962021916082,-0.31019463380099954
-0.9763830205895885,-0.44150490897879735
-1.3077467367222384,-0.7515225883180706
-1.6275770402098368,-0.821699836654417
-0.6129837727720291,-0.20682848446893987
-0.8817126017644714,-0.4759608499287359
-0.889471766235707,-0.4233885100196143
1.2829395619092152,0.6349700307904512
0.8594993245002756,0.46626862997722074
0.6646057277310105,0.41398583676003164
-0.5539807762729894,-0.2204022442663553
0.5892490443501073,0.332854461431639
-1.0048220447273566,-0.48030719590230836
-1.9993169179721944,-1.184646253140006
0.010663306589763,0.07661790531558613
1.1123502308557063,0.6148285655268748
1.0343773499375915,0.34702467002408477
1.1403370962987096,0.6856116266076159
-0.25855095840181475,-0.21507699835445893
0.14320348641224745,0.2026004541599307
-0.9703838189290149,-0.5623241118207656
1.8615309267140034,0.9999843754217548
0.9805782417528764,0.5444109275560172
0.8340557152769807,0.3240272164201881
-0.2690411359107127,-0.15435870974001967
-0.36031988675645127,-0.08232702271597381
-0.36102394509856545,-0.169185450807365
-0.005406871201347613,0.018518413230496484
-1.4994265558863031,-0.8344832803030235
-2.2616897903315167,-1.0460569193391134
0.16890017864705065,0.08482510512383087
-1.3247670757502523,-0.6223126415126394
-0.5449702128337589,-0.4976947903103217
-0.1676043729227137,-0.2702251700988917
-0.053772367332028115,-0.0024458848198712878
0.7931150753313816,0.3391776137754935
-1.233791868420683,-0.636872546496383
-0.04368026693229177,-0.11466056270417292
0.821639954612543,0.45654505559916586
-0.07377675523167698,-0.04787883032224185
0.9053526117319215,0.43258845391690454
1.5890721306596214,0.7477236125251792
-1.295927875064834,-0.722494959050268
-1.5823536659093524,-0.7900513383625148
-2.6214573168413438,-1.3045115835414316
-1.1880872711803576,-0.3684266326136838
-0.1979234197744047,-0.018061234412856092
0.4336634736030832,0.3070433429975665
2.065213624410834,1.0083159406544475
-0.14294439899184863,-0.18632948002331956
-1.0984699235374489,-0.5153494740044716
-0.6825178211126386,-0.1856875749622197
0.38082087150046345,0.4142217906775374
0.17916998333961615,0.05909316538952188
-0.44582995734223163,-0.08058999056115285
1.0202947681740344,0.7546429158306862
1.8458298409393683,0.9187437499466282
0.008585238101512238,0.16581027167010956
-0.8095942048812248,-0.21857654463511905
-0.37757646530905437,-0.18599235727548857
-0.8900506443878291,-0.3568593467491125
-0.03232630399835257,0.1580226743038716
-1.1226014992177136,-0.5725529845590008
-1.0952196648998016,-0.6071932526957833
0.42801264555229046,0.3588244683832913
1.1012876524766275,0.43691625022061664
-1.1882416926895139,-0.5349220193904485
-1.3853017394222786,-0.7476816998998923
2.289778606953857,1.0360186739990738
1.9338666177782176,1.0465185313879786
1.499253999847419,0.590504321924245
0.35268182489965966,0.17249181723271856
0.8719185982654906,0.44991195137206935
0.7081963759109697,0.35759270729731896
-0.3932070023950915,-0.3054472007526787
-0.18301731531751553,-0.2947557059391862
0.6270417847518222,0.33494875602201385
0.7921310399271465,0.3820220988359581
0.13997504906471592,0.03584693739274913
0.13142910273364433,0.1922370344519811
-0.8995512012687816,-0.21156915837536455
-0.09076183312473951,0.024934057813447097
1.5261471808001084,0.7610747221666014
0.5847083595247821,0.2286614231959907
1.7236319498138806,0.89363170083067
-0.6173230651244914,-0.3591491537003976
-1.4853536885332432,-0.6236283426215233
-3.011825131843806,-1.7090343397759131
-0.9905755740451025,-0.2802217709564794
-0.3053611830379406,-0.18646974604612743
-2.512639224609372,-1.2410253288464217
0.199420941284717,0.15092542433949868
1.1914715140223198,0.5584914640055406
2.1286995494367984,1.1568756510088793
1.7412032057045712,0.8292442012198852
-1.050858794659044,-0.5951375927450417
0.04712056370345308,0.011081613914935076
-0.054419944739550724,-0.12378758872523453
0.33075783761486643,0.20084760230119367
0.5217327533909257,0.19794669602099463
0.2821266415368755,0.04584000236162805
-0.18937087420794482,-0.20335990386839492
-0.2058306627525595,0.004359504052476787
1.2667582238054393,0.7143002319215833
0.03983896399581888,0.007143457677255745
0.5622848434259905,0.2559691896641031
-0.031148898430751137,0.10466145375869593
0.5242241296304468,0.22231361790594428
-0.5916551467227942,-0.4298864792236933
-0.08763344314479865,-0.018073632793429162
-1.455265020864707,-0.6523319760141489
-0.7352777435181685,-0.5004275284186663
0.7247257872040671,0.45010503521144796
-0.3935158932260269,-0.1331965147362199
-0.8870654847648471,-0.43212175433644057
1.3274006818156345,0.543092388054868
0.05763114874456843,-0.08565843192401622
0.7972576212806022,0.4212777084506995
-1.0407561950011426,-0.557862231011752
-0.34644825400010393,-0.13097149842103142
-0.8305079587298161,-0.44921240022298925
-0.04696216588440849,-0.07535784095107645
-1.1097425807207766,-0.5110980353179333
-0.39889828504130703,-0.22843274667257335
0.5647413707096098,0.47982724017879996
0.15352139158227765,0.03648102980569194
-1.892683211161719,-0.9189908412146319
0.9579078626858022,0.4317650040460489
1.6206680737243875,0.8368105573286737
1.469748130793119,0.7779656619455062
1.0936623043820397,0.5560414898213714
-1.0592947980905794,-0.34333206513708303
0.06083470786043765,-0.0014806934028297053
-0.2813774684859889,-0.10907875401896353
0.18514141538156628,0.18177189322277124
0.13616766470491515,0.07657676014218241
0.06000832117443783,0.04528839475323416
-1.1961794386312143,-0.49326847558877096
-1.4962392307969004,-0.7361197921178482
-1.8392181745493135,-0.9194824309757118
-1.9805525723234552,-1.0653698914152343
-0.7103994952384601,-0.3739922544898301
-0.15071206935450415,-0.20549428374101933
-0.42379070261853824,-0.07458953501096863
-0.8776486017064926,-0.4028455889608283
-0.5932956384102843,-0.310784747072739
-0.8882195611076276,-0.4306453500022712
