0.34379344834442277,0.1287475878643201
1.4677191305686217,0.7144440775267316
0.3766527367488695,0.22457314180234003
0.600253354408309,0.4649477425719847
-1.3915256370324984,-0.8322512597688053
-1.6971234690427481,-0.7720077505736808
-0.2386478903893674,-0.09722012796462372
-0.007531220338925226,0.19448494034267277
0.48438813239118395,0.24306132374552544
-1.4008313450693777,-0.9140996400442153
1.0654644817387635,0.4815173757811379
-0.6975472073720461,-0.2642628848699834
0.3761816477664379,0.26147449167883574
0.44193052915885717,0.10631423132438445
0.8855008218772887,0.4848658527041162
-0.4839212230644492,-0.3117547429878343
-0.4686306968737809,-0.45073121774461794
-1.546399191740301,-0.6768634769643211
-1.0186644380972605,-0.5933448677921498
0.010357429728985013,0.12650715216080438
-1.2459193501665038,-0.5888248319058156
0.5643111711212305,0.17918747556897496
0.9187567970471984,0.5000445588361899
-0.34693995902400565,-0.3344314104343308
-0.8615146976678973,-0.38930956184603804
-0.24906211881261547,-0.2341839327325808
-0.4200365165302853,-0.19726294385378035
0.02420456860956116,-0.05436857882452144
-0.03568832514966121,0.04934400307134972
0.9278585775995826,0.5189187618957761
0.7377182606679386,0.22652958895907807
-0.761487537118805,-0.11738602887759603
-0.46099102321089247,-0.32084107383479166
-0.3768620825491127,-0.2909501403125279
-2.5367970427660356,-1.1569920358408505
-0.12703078341487106,0.016534052094528615
-0.5638855532890577,-0.27533777128808695
-0.45506577981027296,-0.04126816884612136
0.02365274403291151,-0.04999088901726633
0.997876829195055,0.6583550037596323
2.2679153559335465,1.0316894258063012
2.1354623584720507,1.2200399517489549
0.9231304971401091,0.47487889894263047
1.3954996766689196,0.6400845917196925
1.095705505484993,0.7160245468213557
0.6576485649621904,0.26971414422546025
0.6000703007302994,0.3758984328321222
-0.009091355462863604,0.16616671091748228
1.3359614697786424,0.7719229769159894
2.042025307636809,0.9671772302248106
1.8107645602000375,0.8532203972432126
-0.18377368414853168,-0.0720884160138194
-1.164821746660741,-0.5510983066923743
-0.8356573910975245,-0.5657798590914048
-0.7226079527666335,-0.2880202108217446
0.6911414170899508,0.1995740351590816
-0.0628800278976438,0.05235406640864344
-0.16306431278824485,-0.2333989100436001
-0.6905891267828929,-0.28000924131737176
-0.4971811760464568,-0.3247764254566734
0.8202719208081499,0.5060698181526169
0.638719185998954,0.23919274338631785
-0.25905521104420015,-0.06554224198775012
-0.05873767121805132,0.1843339531117097
-1.051233232361508,-0.5111212686882641
-1.8491978369462927,-0.9090681599193223
-1.3819072069705363,-0.808830280009123
-0.04429303220780023,0.20746451120718526
0.7708835112369231,0.3513811950685529
0.3772642491166273,0.3688212724905202
1.610769550174125,0.7753444085711714
1.3735420473960007,0.692492251551954
1.0366710606907394,0.5660224209832923
0.9864979632660588,0.4596874493224784
2.1637930590335874,0.9666240653732986
1.2226022662113756,0.5033843240272391
-0.3893698472216639,-0.2508237743955118
0.44605183216479377,0.1915507591450499
0.8938794657842762,0.3601284328118226
-1.017608021397184,-0.4724436051799054
1.6681990603994907,0.9191214701447976
2.426931974923833,1.1421246461148333
1.2595813070513817,0.5590987640647321
0.33880235953555354,0.026099643651766757
1.5617126506023735,0.7236817617025441
1.0432637883648443,0.3040028342473423
0.9798995010080676,0.6521226234436929
0.20952772249741064,0.19235640172231203
2.0779868268335075,1.1686116664614847
0.6157060838121537,0.3972250596850899
0.9457932679194218,0.47983396684181157
0.6507213649150403,0.26440468990073596
-0.2301095107363867,-0.18192124004745788
-0.3538394719111001,-0.08170983577434782
0.9307890285408343,0.3455374982117348
-1.1388820968796391,-0.39757281364566466
-0.3184385994456443,-0.14450522482740674
0.48723454255120885,0.36112055202820226
-0.5258883946230521,-0.28091077767864797
-1.3364102684522758,-0.6309041116484961
-0.7327376090994397,-0.4713980761944959
-1.6324449508593983,-0.8831565951456873
-0.5597804805831643,-0.13451757536756392
0.842432060164624,0.5165332967493416
0.677492679315484,0.49525647335369016
-0.3407632796888353,0.024381239199320615
1.0076324542243373,0.5678171473371464
-0.43222212959104245,-0.23593794934179466
-1.328861631698692,-0.6956462309465921
0.26976208694259796,0.18556063392790337
0.32706828918061037,0.23335730174588043
0.634912890807468,0.31502150880838564
1.3340501578046844,0.6858478537134693
1.0173749777687175,0.573116207731482
0.3580983290645145,0.18411768164721926
-0.8502556007867649,-0.3362000246986784
-0.30828873956390207,-0.27854093527143364
0.2567644581235986,0.11998130102023917
-0.014909484390380895,-0.13177711982585927
-0.022459167425266026,0.01832644836499078
-0.21889578966479306,-0.20429839287659113
-0.710272850826729,-0.390574481877099
-0.015535833043370306,-0.09618837940031441
2.6959623210363057,1.3677092812624922
-1.1023487915491434,-0.5285689247333363
-0.836449706568364,-0.3278416190374487
-1.026907423651663,-0.36039192326911684
0.02147445139748405,0.026328738869964514
1.1936532805560305,0.3165377950241095
-0.11402244728326283,-0.23203220141844894
0.7914497265135332,0.3995298569823934
-0.7909222906834595,-0.4281461096098902
0.9281918108345185,0.5139734478241499
1.6069495393782847,0.6679894555077206
-0.7821607400956196,-0.3012813125750595
-0.8972023882467095,-0.5446868372909387
0.8683854368137301,0.41554404402338885
-0.7608993765377615,-0.2337257388178625
0.719228851831917,0.27803914465777857
0.26760569127626865,0.13403064431884415
1.0308830128133937,0.5046513712650776
1.158408034675075,0.6555061801852102
0.1546057947538046,-0.08746343133128556
-0.9693700429298638,-0.5962506666364947
1.2653946912065952,0.6917746015671228
-1.7412793186985704,-1.004158607190454
0.7681641653539962,0.27761405255008925
-0.8552413923664995,-0.4402270060777598
-2.0913624048362376,-1.018419327661556
-0.6102471432641515,-0.24777233896074866
-1.24907470512529,-0.6575627771495149
-1.5294688244549546,-0.7931020972949269
-1.902778870935677,-0.8921465418340041
-0.8746773320855505,-0.30820596795655053
-2.2371785323855935,-1.1486326609158608
-1.1635564432463492,-0.4996948960359022
-0.2230900055173891,-0.1358661852507398
-1.265234106073135,-0.6676944930711666
0.28017383396047424,0.18372781552524567
-1.044030385109798,-0.5317940156825053
-0.0961729014659028,-0.05086625651479438
-1.8082603748375408,-0.8023416089282778
0.8494655715714596,0.30826866071927034
-1.187767254430752,-0.4779823864353346
-0.20543480086769017,-0.012305439967750895
0.8148636567592473,0.28010102898825456
-0.7742715007872629,-0.3395643201179284
0.26306928470253693,0.020273120883734744
0.7069476739499301,0.2160742628953192
0.10388890384531385,-0.06966793638152322
1.334725581905321,0.6816664921821618
0.0558968530992745,0.02289370050972621
1.4464581262296452,0.8199559645327787
0.8316460374208489,0.3943425044438799
-0.7039222139964687,-0.49620420325242204
-2.2185388610421453,-1.0421242764827638
-0.8975563949173946,-0.4745458663546172
1.6581198420695715,0.6174451565826947
0.5414475308331366,0.27175567931198513
-0.01927137397148576,0.014760268854472958
-1.3194764051840413,-0.5867648409642217
-0.022846977142872982,-0.01853803764473735
-1.015074354534645,-0.6902818088292708
-1.0353867397880974,-0.4943290562190115
-2.0300778232858327,-1.0916942795682292
-0.3922709708283314,-0.13891711963979184
0.4405157352935817,0.24048390188235358
0.7076578627545,0.3169373356106154
0.3199086872818376,0.09173988874303336
-0.30320145033640433,-0.16072450114370881
-0.7279441110917594,-0.3212216990465804
0.5694252920169123,0.38288056450997704
0.09690151150635401,0.15397046454900862
-1.2338693995366337,-0.6064403261640628
-1.1888977773828282,-0.6241409589970244
-0.024898757884825207,0.047706924418288776
0.4448920925798362,0.15152516197623672
0.13328899959890558,-0.15879461697987812
0.5529520143029744,0.42607187517131184
0.8897319083789327,0.5263529943784384
-0.020008475594151864,0.13246360482923225
-0.711328534870023,-0.21302689627524243
0.813885963276705,0.35739498159365585
-0.021115328256197607,0.19007079390941192
0.49713417872693977,0.2282626199199033
0.2561401028481636,0.04406256144814491
1.6253107261344826,0.7938666530203163
-0.40099371615160406,-0.061197981363628
-0.9979492560067743,-0.4253212136241961
-0.8368819629280843,-0.4236876982420445
0.11169790923238149,0.22175653300310091
-0.4677850124118474,-0.1570749506061276
-0.3308184362671924,0.009769541444393487
-0.9477901634238846,-0.40959190162432024
-0.0675335305996752,-0.1400832485636836
0.4261339246346909,0.24325826464929848
-0.14848842814382035,-0.07631908353097074
0.6806249246672703,0.46716569675270636
1.1182401318333979,0.7588819040641098
2.406919288009079,1.0801302314697765
1.2260866894749178,0.5680019318793865
2.1416829840964238,1.0316699188423866
0.23211869861849221,0.07960066346926395
0.2516599500141566,0.322948607205512
0.12636740733995355,0.10663330900016854
-0.6057924354975279,-0.23329970577044695
-0.08485528671150955,-0.06556584312009779
0.587942348823141,0.2915087929405711
-0.23645015785153572,-0.06729053198197632
0.7409740624506098,0.44603913981581506
1.1676159926105674,0.43418709106337017
0.6234401116406617,0.3020874940834351
0.32246826136696405,0.15027365466197903
0.6480959984529223,0.31192806243943033
-0.3133477919398947,-0.175079960675228
0.24119365763182157,0.0010180370482182483
0.5016168564321992,0.2619033352233036
0.7187407421091583,0.26971677194987576
1.2752722265954282,0.6482655243138657
-0.18289043087020818,-0.07467336543144071
-0.2740033996537378,-0.035822597094141054
-0.47153935910563666,-0.3021944790432531
0.9427390063057659,0.3262134987938986
1.234930015527265,0.6280579693961522
1.2357266116300234,0.49022546445000015
1.1802920670424695,0.58694406073098
0.07172284900563197,0.0452398417206083
-0.49272410679578116,-0.2634358321610964
-1.6891556347420023,-0.7891782961317707
0.3963276379735503,0.34232147998758844
1.1288200225280414,0.5384036968872761
1.5952856199269383,0.7365074667443021
0.22699389471938874,0.17921052089524947
-0.35342682872395603,-0.29438254983881634
-1.5305937369655616,-1.0218414428048574
0.11612726817583252,0.09556345928783355
0.6164768114560535,0.2768896604676421
2.5969776638454363,1.2091319281491546
1.4080001015607064,0.7564908257089594
-0.2513229838164974,-0.09328932981365905
-0.8852768838998268,-0.43676535855481347
-1.0804647753011172,-0.34855341763696623
-0.35317562084570914,-0.17239781620041236
-0.1168269942379761,-0.04105593132640452
2.1950448696289606,1.0802590669171017
-0.7264033116147125,-0.30423575663754565
0.502816450004296,0.2480537802795391
1.4966191070246335,0.8238492550594306
2.4269347396277485,1.1463053975720359
1.424461345477798,0.753670684625039
-0.32129086425734554,-0.17304213003361552
0.004942621011033516,0.29145361439260514
1.1848755567396605,0.5810192071392208
-0.9880065937821594,-0.4234210097518754
1.6981587840188133,0.8930820815864781
-0.5521861797418242,-0.4575446900735459
-0.8979285462344504,-0.4760066929846028
-0.24156233679480088,-0.07936760284172759
-0.2761368456531368,-0.2547157311371109
-1.2989163248107838,-0.7658741322977138
-1.2643998156689833,-0.5056331859425407
-1.8540654313566747,-0.8300867793642516
-0.8873997677444285,-0.5594615146273882
-1.3156029954988386,-0.7657337784531615
-0.3510440728008718,-0.2463845737645434
1.360572716823199,0.6173324462364002
1.9130093068833278,1.0294507526998222
-0.1232735508881786,-0.08251133289670289
0.6852090377952198,0.3965350942479075
0.8558018227632371,0.2741746824187761
0.6123575519515047,0.3191605596957098
1.717567920918353,1.0056254201949426
-0.3995735402289955,-0.0985331237434232
-0.6961311615547432,-0.210912141108509
-1.4408949531929003,-0.7431196884060837
-0.027748687697107477,0.043397165211945324
-0.660899459010146,-0.29322335438126873
-0.7876755633851326,-0.26821451336535357
-1.5585004449952806,-0.8728795359317231
1.2436299903342194,0.571583056810625
-0.8930141917107891,-0.54608842774696
-0.5523134631495674,-0.34355614723295297
-0.18250219504430873,0.14646615735725615
1.1851542650093796,0.5458031135032138
-0.3003394142922077,-0.1789598731781088
-0.3922090759307484,-0.09333273632920107
1.658985186359275,0.7470487826001064
2.1576360059880058,0.9583682239953245
-0.20511502065697995,-0.2728355864731642
-0.9121457753835376,-0.3455781252716923
0.1090362871841486,0.007416762488898512
2.048779628811822,1.1651267301516182
-0.2212913633875767,-0.20233383065397265
-0.7652033208653439,-0.3758818363515511
-2.9724938554231675,-1.397376746775537
-2.0203627151619457,-1.1123788256564286
-0.47635914293211273,-0.15698177282819722
-2.0316104395459638,-1.042447364182104
-0.40942993726064353,-0.2057876863896445
-2.5130230040630828,-1.2902480250099242
-1.7249369474063698,-0.8460174142667911
-0.49493167727242166,-0.28727178933096587
0.7625250322047815,0.5517483465639436
0.33950060865819587,0.3194513024336655
-0.34098630132493,-0.16306709537153752
0.5571772861942788,0.20665351453505942
0.2754720833979011,0.16455727063043074
0.6392136855115799,0.39972239123480485
1.5589765253690626,0.6812961876605113
-0.7741314631890114,-0.3697778994764461
1.3334655095262002,0.6052829717634071
2.2298591747355747,1.2050177581332795
0.9644932209344519,0.6160657423380291
-0.15667363653735855,-0.1719291217991334
1.0607968643453642,0.40709166937569374
0.06525001887703707,0.011835415134821614
0.3486215459776246,0.09440540599500469
-0.9877149751456906,-0.5492090379555304
-0.5488180337298503,-0.1380987548525218
0.03371902670756771,0.1483903906205073
1.0143259422302198,0.39367602186730677
0.3490642842652524,0.2472829836276353
0.1488585495143931,0.046155975793272346
-0.22886410895615256,-0.11946218053401272
-1.2692509257540983,-0.6257967531600264
0.0009589702915689946,-0.09088108999856088
0.5967988098165488,0.5838003697888317
0.2546222075401286,0.24308025561205618
-0.18554970508868265,-0.056016860558952844
-0.975356395980226,-0.4904742703529137
-0.4642332034943805,-0.3357960845436997
-0.8014266499457573,-0.47515447221297424
-1.561344236661957,-0.8662819183774249
0.340151492615666,0.2649841415221993
0.27294804270708906,0.3492514461124555
0.5076160918003174,0.27915247799994536
1.2165761553447123,0.6650433298436241
1.143478156895012,0.42132143551980117
-1.547605243533544,-0.8820958704071363
-2.0975322791499083,-1.2826789574129982
0.8099288416543929,0.4986189385543268
0.5093269643405212,0.2987515734685816
0.5342205496157634,0.2590156543555675
-0.4871403430466672,-0.17213646039377756
-1.8419084184822123,-0.8488134496664916
0.4320038675155915,0.17603962508923116
-0.1776194467797496,-0.1768974576584565
0.9973665439748833,0.6796652049018029
0.6702611866837482,0.26742694867441796
1.092266523708955,0.5761885318570563
-0.0523895165210968,-0.03548091339589072
0.6886600496528311,0.4028418537774643
3.04609425128137,1.5551781668981433
0.36568068869721093,0.11454798858901183
0.23589104221685828,0.06834548159501184
0.9587916451009899,0.5962274679772983
0.3713716923919357,0.006058252365399225
1.2780263624250625,0.7915507399388457
0.325987734173381,0.3339536737527476
-0.03524815253606306,-0.03886954667036563
1.5558997859999806,0.7050728339439123
0.1890444829341601,0.10484465931765428
-1.1255234229504585,-0.45739158659605056
-0.9189173358888757,-0.5238444653155397
-0.6294289395723522,-0.26776278690960614
-0.27085539740690884,-0.2052217882846853
-0.23109380795854648,-0.18993801574154281
0.2893746479038518,0.05071776934421071
-2.756653767177181,-1.1739094659781968
0.051080211389432195,0.03332624053217653
0.7034129043936914,0.547398561791183
1.5283281268857662,0.8669831831756489
1.509272383552421,0.8336188838181994
1.7379954348605373,0.813194224408004
0.21878678421788078,-0.007291915635417978
-0.4571710726903103,-0.22492799962838703
-0.3612334218675104,-0.19952138207372455
-2.0468563921604694,-1.0972299565062142
-1.2853324534294996,-0.8158675740462565
0.3160581852789298,0.32394474172896326
0.6349904019997445,0.39601322125324573
1.3997115900392256,0.7317666041424183
0.9355787082279947,0.3229303262178318
1.0593022408635167,0.5555493816460448
-0.41676399208710646,-0.29743995040015725
-2.2079407806210867,-1.0121422753991365
0.6890076933954651,0.2529544198475211
0.5911770135475118,0.2986013468233521
-0.6490109007986536,-0.28376990666258317
-0.16420351736937305,-0.07607967376678314
-1.5775307242717564,-0.6106273973770485
-2.6114551567043867,-1.2509535698879395
-1.6805234237793514,-0.8706921171922467
-0.3759521685660248,-0.2727926792161393
-1.3895424454255383,-0.6827637390123185
-0.42503000197434004,-0.22210015817276407
0.6322188865272207,0.45224613410310466
-0.014877644971076132,-0.007693867185592526
-0.34109171275774636,-0.32442913003902774
-0.19911373796639464,0.008511915598572561
-0.3843424083659335,-0.21418105443436433
-0.25959662685801965,-0.11135793024896894
-1.0972895284961817,-0.3858255255424251
-0.2972531207868408,-0.13322425217800457
-0.849534053319299,-0.25132584498161636
-0.5533764363454906,-0.18367479105321963
0.037477337467901384,-0.05889252270018956
-0.8143302305415707,-0.4312888318313928
0.4881900454179496,0.19905526328897594
0.003674369813471412,0.07246233388840707
0.8533882479077132,0.625299461197275
0.5469004001652252,0.30723778590439826
-0.27293265844010206,-0.09350700713888366
-0.2261829514296893,-0.0593915913804174
-0.8162328932144906,-0.37047063055766827
-0.7114190212141944,-0.2685296234134008
-1.2371100356603624,-0.519839341748818
-1.9625674516212075,-0.9542402465247632
0.8366861542448308,0.5601162927914599
1.7370026351597456,0.7438984908582851
1.6601136692954463,0.8120715359461659
-1.883043707931296,-1.0312176118270722
-0.4828230941759402,-0.35104963612415896
-0.29401799731456424,-0.11334291914952346
-0.6818235287576534,-0.48606587948846564
0.40824484873260314,0.2274742815340759
1.1080239499350881,0.6152923578764471
-0.010404923864614113,0.17742582197769985
0.0780706872697326,-0.16644463817376803
0.4006552225770001,0.2741685663901199
-0.2317193056519526,0.021928572404924074
-0.1567962030492654,-0.029374713381434353
-1.0297939229283903,-0.6328946271820337
-0.4634580211257038,-0.16462505899502633
-0.751012339921701,-0.5092173399016662
-1.260459059277959,-0.6581091525288414
-1.1168404320096337,-0.41099223070593627
0.17067577562137504,0.1329713790378628
-0.2453914260312206,-0.05817738027299829
-0.2993541245233565,-0.2062490695615911
-1.8885642267263516,-1.0112836802814396
0.47660114660580666,0.24781842116243163
-0.8848958330847083,-0.32883257798996646
-1.4020057769265615,-0.7482219176299933
0.43920268685177954,0.20379137314375823
0.2110824324107886,0.14770537613697787
-0.3807849390007052,-0.19262109304066172
-0.5497161515921225,-0.20083923369305817
-1.0913891520505803,-0.4853320224660307
-1.9061731019895891,-0.9929139902295006
0.09095061932408144,0.02445947480659237
0.4602293355625787,0.2957710953762339
1.0106424500308449,0.6770454489881106
2.1252238694158376,1.0562936442516917
-0.5139019514428939,-0.18251534663397095
-0.8593786427602567,-0.3923328410275513
0.719773721858189,0.2259653659462535
2.925277906113804,1.4160392657680676
2.028688173557345,0.7731957778747834
-0.03516601194805591,0.058305146800427976
1.999995720947934,1.0045919640612435
0.7945471884810844,0.4808795895813117
0.7564899290899951,0.36246504237423166
0.21802452378575563,0.18968481381292096
-0.017546202163722185,-0.022120570237150985
0.0009672523143395215,-0.030424958425945784
-0.5174809810177009,-0.46149773312371023
0.41240506937293053,0.3218007525337615
-0.07154519310756235,-0.001883842075729468
-0.6026818166725455,-0.1110764822104888
-0.4905035890610657,-0.3886874780995765
1.7550851060936101,0.7728360734469634
1.057594939391075,0.7433942044423779
0.664317763006966,0.1284970963877669
-0.20292071355762453,-0.20060939101174796
-0.07241790134033994,0.16089948519884295
3.059100284415349,1.3917649115882207
0.2583315779692882,0.11640084133922482
0.07804122616174065,0.12925372035353072
0.27031428890332765,0.2078288579441825
0.702727782879647,0.46886320424263916
0.028012378063924204,-0.07730048669833531
-0.29572759519267217,-0.1554459474646367
-1.1043938584272643,-0.6410087587786408
-0.0876228458431017,-0.1552550831838175
-1.3060275374281654,-0.6780082136528056
-1.0618068991445764,-0.4958688223346091
-0.054349148502495725,-0.04296717695803072
-0.12126797798289847,0.047921433306708235
-0.8249887358589802,-0.5863836921435949
-0.6858234152041713,-0.491466102867847
-2.940125375579879,-1.5494166898653854
-2.177955399551829,-1.160725047346972
-0.73840967248079,-0.19579864330422947
-0.5831898677334384,-0.366192309115655
0.11021079754798863,0.032795698587711364
-1.2901795879195819,-0.5771165362992198
0.037814441770644636,0.1533271665454817
-1.3191034340230228,-0.6403470363799909
-1.2717376856115994,-0.5208302796438424
0.1605548186601613,0.011635127753293853
1.3592235524892786,0.7312511629325594
-1.180013088752769,-0.4464981807906312
-0.03137431600379559,0.02238889076492115
-0.766818887168492,-0.45687304454282746
-1.5356961983439579,-0.6734079334175931
-1.8104844633529888,-1.0037455914967826
0.6754850831357098,0.37273215684734845
1.5944712087789412,0.7403422934830204
0.5628574851544459,0.3237551024586266
-0.8392357487460917,-0.43246887009250856
-0.9270631460228448,-0.42482067199041923
1.1120792069844185,0.47155709832903187
-1.0074614874778876,-0.44830119561016746
-0.9165750447427738,-0.3442714553874948
0.16348622874950758,-0.048879343671930975
1.195829101351884,0.554194536855065
1.77189752370704,0.8763715325781584
0.7327734509950131,0.4373195216571065
0.10237601366560495,0.15618428357786626
0.2575627260325711,0.10348344863478838
0.264267492803681,-0.05814621893661065
-0.490992334681717,-0.3044527718019406
-0.6925459411646482,-0.44408430551487327
0.19975456334885128,0.07507572187907466
0.10865785127963525,0.05795398067283903
0.6887071703513095,0.25587777753077856
0.4407363271228193,0.1527027291982433
0.9089204917198785,0.4418649246375767
0.5995043608257065,0.36337711231859543
-1.0226439553893338,-0.6512762129807759
0.6481291035109853,0.29398610556506133
0.5419770150515705,0.15831754064382486
-1.6590296138193192,-0.8368750916133941
-1.087493255460656,-0.6909840566198678
-0.6402408612041168,-0.40858522663491637
-0.8008330032006501,-0.29677161049607703
-1.0786009375450876,-0.49360010445519786
0.03291084886773632,0.2816421446730693
0.6490571412835373,0.46918068198158247
0.3595107827296771,0.1311184598647056
0.26656275276836633,0.1721000366146332
0.290475990592833,0.309170678223034
-0.8437638848700808,-0.3898704030512839
1.6490185569195321,1.0857203646461717
-0.9908460989039911,-0.5014133789525692
1.2125042572086473,0.729870563192875
1.9982929951872395,1.0880966475566232
2.459832446350946,1.151205704342217
0.41392280959294236,0.2497239128329089
0.023509333275438804,-0.07254566156015851
-1.0450453043180792,-0.48855816827643284
-0.5089367953662222,-0.2839054341217355
1.0610882475154368,0.4008145294641388
1.8571562671336608,1.0005520420483172
1.8990075510383304,1.0149367010328987
0.799054632095399,0.5446852017418787
1.4775938540706073,0.7561623190917521
1.5795979752161526,0.6711456264579062
3.053194647612698,1.400979344190635
1.2443545876457247,0.5857016463461913
0.6233651579261305,0.30289319809617515
0.8875509571285245,0.4241826189566258
0.16996109828994932,-0.027799080912602733
2.172956930729738,1.3025205870551961
0.5603688447124484,0.3701479530760064
1.0138327792868758,0.6118272960141314
0.37982689064878705,0.14280440645183226
-1.9069496219999944,-1.213035471743568
-0.5752598240647355,-0.15380918422631484
0.08349405522788228,0.01733232551208231
-0.0046025902513286004,0.17779454363937058
0.5580683969987609,0.29127989025082995
0.90884322906666,0.4757286586608934
-0.6301003906018029,-0.35396209321979877
-0.7968918638115714,-0.31844462529372886
-0.9795576255349407,-0.27370891064312397
-1.236779685958021,-0.7296346123308425
-2.083270272572054,-0.9984702785250041
-0.7434509492150025,-0.24090814150229736
-0.6215696102277403,-0.2822919563162405
0.7554966085821377,0.3594835383324122
0.5538428392503836,0.23161446968887484
-1.3184096099386748,-0.7361872414624835
1.1560726644894634,0.4328571531423529
0.19948465071363164,0.0882602554502781
0.06302410632106342,0.18055123892829406
-1.14009133611993,-0.504725739657369
-0.4524069571374384,-0.2674247212231599
-0.21328191868479748,-0.11436738940488698
-1.213227826558522,-0.8426264189318731
-1.3115787967482184,-0.809401051603692
0.5132252962134196,0.4323751625589476
0.23852194229836454,0.16260442903351682
0.533470380123561,0.19284033853229357
-1.0145396459692408,-0.4264886853451131
-0.07965729706413677,-0.18360781820878427
0.736373536439839,0.5512111399753304
0.3692572210731834,0.07060265349146899
1.0270836764833342,0.5634888390060517
1.6076184443808694,0.8391028193202583
0.3710242461827789,0.17006577994164251
-0.5292375210425344,-0.3280524615543492
-0.41480730903798674,-0.09249895940988148
-1.2279189625493623,-0.4989327956808259
0.7597783853464422,0.4273602938811244
0.4861049108915918,0.3810544681479229
1.4923395328055105,0.6702809264627105
1.276706429518037,0.7309134148098237
1.936636986526413,0.9470785642181355
-2.1597842553784594,-1.1415926867689548
-0.4854605881513181,-0.15353997809376455
1.7144756376808141,1.0123467648116815
3.0824117064980987,1.6590416047774466
2.4474282346703617,1.3104757500820274
1.3554732233500033,0.625635986923779
-0.892058390996567,-0.43569397112374564
-1.0275005034413143,-0.4637545812571763
-1.1420832859773953,-0.5382218204239142
-0.2804786895731528,0.009785559085321194
0.07580924800235439,-0.01421442507397877
-1.0419849890025614,-0.777656975202782
0.5011195353846362,0.34715525562067673
-0.3173320318607526,-0.1741127614656766
0.6823481955297269,0.3288024400225932
0.06306802261801658,0.16911964027095008
1.0154668617091693,0.4302042384521802
-0.49300308114657854,-0.3225417116283241
-0.6606541263312067,-0.25015614864851254
-0.2405349245724015,0.043816886956964424
-0.5521330561587382,-0.4014740364937308
0.1561083872025164,0.1006881037109216
1.887560826590081,1.1458474898633595
1.6947615065794963,0.7345783426155335
0.667990839620163,0.25472115089311675
0.282004940870064,0.19016889776785792
1.079595338479025,0.4626203816856324
-1.2233527114152167,-0.5345904618853359
1.46281389449629,0.6782754595081467
-1.015996654376588,-0.35936744971505274
0.5497531325330742,0.39329453072285964
-0.06799641413928775,-0.0261442662758802
0.3381455524325102,0.13286695488001063
-0.459478308615835,-0.14181581305708021
-1.4884302977787423,-0.5814866386369847
-1.8660476971757691,-1.048337089245225
-1.0330194917720372,-0.5236628219159093
0.3918257696407823,0.1038196170400103
-1.6013976897246187,-0.8903868809021029
-1.4728950866276562,-0.6583596001759116
-0.9492147003528127,-0.5452225027138224
-1.6143319933003726,-0.8367963278876541
0.5288851963666049,0.3003870564073486
-0.03651897540869764,0.1191860655140477
-0.10159004904466196,-0.08622150280871943
0.28940908507902097,0.032673162293722746
0.1789864628462576,0.213306678102323
1.2906763589636936,0.7468698271197377
-0.2901515727372197,-0.3392391479859411
-0.4822686358147017,-0.2242793541138928
-1.1604095339212834,-0.6127860891757226
-1.6968734684731763,-0.9070686310151813
0.21379397488619156,-0.09003959637726963
1.0820974862170871,0.4779301300655993
1.2625850945093617,0.739166258917066
0.3321362761483517,0.23068296304592434
0.6164443142718814,0.31674934692142054
1.4189724857019537,0.5913480649248727
-0.0328891472544105,-0.04756667916728251
-0.4184872739748441,-0.2592669858546228
-0.698054657801376,-0.4294523684966736
0.1460113755157869,-0.03561017759851823
-0.9736977749595654,-0.2975071902466492
0.9782741525804243,0.4019361920596711
1.5013401843982823,0.6845348902694879
0.8429450635154816,0.4309129533724005
0.9956867395008665,0.5655360386361022
1.8828198985317024,0.8629500974970445
-0.559572166558267,-0.25446248838562313
0.5663391991961296,0.2586553109646893
0.5341811352966065,0.20665276415488265
1.506775403252939,0.7247527741496893
1.7279205476987936,0.9911877026134026
-1.3060578191798942,-0.5447031366236045
-1.1037352217513574,-0.5585769713650648
-0.8701199247781324,-0.236198593894572
0.34658143467724833,0.18746098215207144
0.4395241986765833,0.10676017283844175
1.037533855945342,0.5640836202660454
1.01906993285386,0.45783325001915004
1.053628975565243,0.5361211316224931
-1.143879894836923,-0.6689006659242431
-0.798527838019222,-0.24170331151488114
1.3676550406668142,0.786404913803112
0.3391955696236504,0.21469901297759086
-0.6410933146358369,-0.30756796259768354
0.7728448693944068,0.4360334229094851
0.6231953260456051,0.17987832697592404
0.4133540691670932,0.33628113703559337
-0.14154870659266933,-0.24951867322521928
0.7987051700228793,0.4113198023218055
0.6688459095936642,0.2531220636066041
0.15712181340918252,0.23235698863324494
0.6313371837842494,0.16359548556080633
-0.05160858093165982,-0.09489581416677846
-1.4383473554272324,-0.661537015352279
-0.2975912011848898,-0.1534185978042514
-2.2495638573544148,-0.9893928007441635
-3.719033408501263,-1.8372584480320473
-0.6042486893997945,-0.3144592570690298
-0.7996469409737752,-0.26595008835435086
1.7105432163097416,0.79036953191786
2.181354378939024,1.1492992826350799
0.8617925210817667,0.44248778926253307
-2.6858830304177816,-1.3355285276464202
-0.8544889606548728,-0.543107307474026
-1.6613217089661636,-0.8468060406504611
0.30654675505552065,0.14479254395133243
-0.19837473954251014,0.02043871946451596
0.23484498416955313,0.07095925910377511
0.3273479637325004,0.28205767167713025
1.012676209323895,0.5723092549706271
2.1176110982987826,1.0243947783339717
-0.6713542973972731,-0.4169829201011439
0.1840066978608486,-0.10240428527477835
-1.1405464331565491,-0.5763167366713149
-1.389716409983719,-0.5413762606223714
-0.8084361518728914,-0.363019586898536
0.34528939468205627,0.20319173622502718
0.8191853710936647,0.5101010756809667
0.8516398672900733,0.5496826144664473
0.5884477209375617,0.32418177223650574
1.2623778358052788,0.777240868791353
1.1081899425516912,0.5916897899705748
1.8833276260769325,0.9910290248777277
-0.1338612863309624,0.07323688546860643
2.1074312343215627,1.0250328267064348
0.5191436840092383,0.21629285719119884
0.3440917325662099,0.2926187031424614
0.3096405598309261,0.19685882705346022
1.3936119966009333,0.6093578044570125
-1.4425048917820453,-0.9049383016967252
-0.968694383776012,-0.354936694258258
-0.9074788892146544,-0.5352348220211579
0.35219669935620157,0.39630278705122435
0.2040326048866946,-0.0071068662937509575
0.3078837069774809,0.11120087305399104
-0.13613449173436523,0.07640527967753256
0.3439049026773783,0.06742963799631443
0.3298971490367555,0.4032900450184608
-0.4904186804930859,-0.25660854432812646
-0.6331048298203354,-0.19590565067477472
0.4139469848248058,0.0059840244515147745
1.086056094784258,0.6295900387705469
-0.268515651230784,-0.31153460646092
0.085848618221538,-0.09806978026684018
0.6882141794140992,0.2619862740606978
1.376700115664768,0.7269525189384822
1.8688472835347252,0.6909500194760803
0.6436052338845154,0.3917101053393524
1.5152004953368534,0.7061286994838718
0.5069192476710899,0.2656075534301811
2.1176221047214105,1.125404956818232
0.8853165274626013,0.4450164099363523
2.745001813217457,1.4692490725427305
-0.9486117534848598,-0.5244732516959116
0.13721719810610034,-0.17432505462270112
-0.8677090978751933,-0.5769134022451268
-1.6054790095084193,-0.9236278477030048
-2.173978468210807,-1.1775010045005145
-1.1774432663267151,-0.6408667698233957
0.4380773783730312,0.45541836562658017
-0.07721457144836519,-0.04378931022003423
0.5864912430977207,0.35109845611217655
0.9373504743955471,0.446671209210067
-1.8138366927024894,-0.6917181461496251
0.22174857313344332,0.22162278199598218
0.4518915473555486,0.2092034166476045
2.3422436250542527,1.212974006495897
0.6538378767394613,0.3215110685190126
0.5935948526186392,0.4534548489158675
-0.556698982413126,-0.18167970860492066
0.9114631955259458,0.4411547673101218
0.4565176879052799,0.3117078807231254
-1.82535019598021,-1.0467847432927706
-1.5072308520453248,-0.6747797948630027
-1.5441486335778905,-0.9087663209797814
0.4280624818888531,0.21920078411549174
0.10266566058399462,0.013455912537989785
-1.246923609341785,-0.767243005212777
0.3263113080334419,0.31768991514303035
0.6522985053207939,0.539679616395511
0.541663302056831,0.36737337805833675
1.7870527504478162,0.7282132233356717
0.7217854322195201,0.5736091730988272
0.8667141026004648,0.3811410442078089
-0.8326196931884684,-0.3976635244447066
1.0248008138966216,0.6250396269932498
1.7332186656187907,1.1343080508487713
1.0762508346237747,0.7147633676508949
-0.5863039718172155,-0.17348776904740826
0.13726834946026445,-0.007841082423077586
0.8970335791989488,0.4913713204709873
-0.18144937292313468,-0.06373054639729626
-0.30986707023236854,-0.35224666135090454
0.7006750918152704,0.2238639541374864
1.3409852202834815,0.6533285120545025
2.4973806285311086,1.1073985597718559
-0.3182034426847794,-0.16076157093131047
-2.0426370275474066,-1.047948692119726
-0.5168567707359342,-0.21096008305303843
1.3547344196948337,0.581339819480884
-0.6626321911522035,-0.29618171390974557
-0.40910555195736287,-0.25038958148195345
0.28242566984457135,0.10206553070624871
1.6386003392445514,0.988640320664362
2.8614800975383248,1.5019090275034563
0.5981826732008648,0.2848263777681068
1.3598172133140725,0.7916111354638269
-0.33352161847025197,0.026574006542566975
-1.083167637137278,-0.5726758548205751
0.004262793858646141,-0.0740542976900803
0.69395145059046,0.40715954440928737
-0.39883434418751335,-0.23702479040035176
-0.4646722761623353,-0.33652085217647226
-1.0020094807191553,-0.5520393127857459
-0.7952173734321129,-0.3141069553836029
-2.217071962878949,-1.120308214875566
-1.1573758136545598,-0.7835974829920405
-0.2037208318300311,-0.08604769470081305
0.8830744124372136,0.4624442524358
-0.024275952578685533,-0.04888155549405452
0.8345456337371897,0.5240209047095243
0.9058041976648223,0.5464089575735592
-0.8325624598342461,-0.5109252911452402
-0.03760075668787216,-0.10429609030875975
0.8633915683036771,0.4523062150060095
1.2420291184550167,0.7639008341685601
1.2927989803119286,0.6266627907299201
0.7420401455535043,0.4065595622761937
1.6488934378355717,0.6722266950774686
1.3910002379604274,0.684568245861314
2.0367865762047357,0.9614780647450067
-0.9728491775196151,-0.44768944695124635
-1.0634108929349737,-0.6592100718466645
0.47449548843434475,0.2759517890420852
0.11568280617539956,0.16675740924182794
-0.28670943741653254,-0.18735848974405475
-0.2345692561695985,-0.19916044643919695
0.77980577800228,0.48262690952876364
0.6331534477457392,0.15931662084642195
1.19421591140398,0.6373470681275195
0.7271870916245868,0.4302601306158205
0.5387981172406229,0.40647933235007516
0.29651265235632046,0.142739302896607
0.5151696740039851,0.3112660658890184
0.9844125462803683,0.49218062364465004
1.1445588241641156,0.6136830363795045
0.9225922983394399,0.4136182674385895
0.02563028839263043,0.005081744690372307
-0.38461596193836584,-0.19058757053456946
0.11491581613031282,0.016911288792270933
2.5522932034876145,1.2326350059251878
-0.9480747433513491,-0.5423469135236116
-0.402045376801464,-0.18129355112441575
-0.233806622313134,0.03427657301822433
-0.08822724318960705,0.14071381278072
-0.8312900243547663,-0.484227442617718
-2.0254968545379124,-0.9534918279959376
-0.4578924283807136,-0.29869099808911703
-0.6879538606226683,-0.3479944847893483
-0.7703451005141704,-0.4110481195279253
0.19407761221415876,0.14940349356417282
-1.7315386750316593,-1.0983049803553198
-2.470586733182296,-1.197086535495366
-0.7116383218683062,-0.5485969917504383
-1.2433418868955166,-0.7361892217893808
0.5720405199005051,0.14777488103612443
-0.476651485616311,-0.19219219160903966
0.05582567308564268,-0.030008105738599834
-0.0841399713142142,0.05084887209002769
-0.5060399122135699,-0.2194641545384648
-0.31836034077729497,-0.027980691846382466
-0.08648556396632454,0.05811733545921495
1.2787951146375915,0.7016567599619757
0.2975872838846756,0.20268554355479695
1.5747272528544463,0.8303375464784347
0.43440269065744674,0.15480198843932788
0.9808385053361822,0.5852492252701368
1.105858484537212,0.6850577640470707
-0.3775808657182622,-0.19404524346007146
-1.7009230918427085,-0.7532773533818098
-0.5882104153785869,-0.07467696418707917
-0.07465048093831256,0.09547725128599927
-0.05248284543431437,-0.22544014244212485
1.561682650016164,0.9922169456551964
1.4468093435449707,0.5189806832556493
1.3746994616650345,0.6755702881750286
1.1691133641734501,0.6156758309380843
-0.8003408925482675,-0.3549639718998596
-0.8819176185419784,-0.41148983080201984
-1.1591683894720632,-0.5035399181311924
-1.0053938350561986,-0.5706608304344533
0.142140152839627,0.20470474376140202
-0.5918338924520482,-0.3515934922213553
-0.6929725776606535,-0.42697583817699036
1.7643461848582707,0.738655638281897
2.3583496422490975,1.3636194785108826
1.5990434089148824,0.8248296351540765
-1.774779978738268,-0.8851784269043591
-1.4391643104420508,-0.6442520869325976
-1.3353289615188266,-0.4771027171023081
-0.37694272171056387,-0.2592627568422135
-0.8817190694404249,-0.5060706206077682
-0.7206407029462043,-0.35375452186480527
-0.19471950338567923,-0.1907707115351595
0.63697767194622,0.19122152553875033
1.9582100996874734,1.0494093247114213
-0.38420652509780295,-0.11295016893058646
0.6385696169372086,0.2682414846528077
-1.9376338888988687,-1.1355361047897865
-1.312493900777559,-0.6789299994671771
-1.0296016595433939,-0.615311869762926
-0.7994548857841601,-0.30587416261253014
0.4759006885315183,0.20615747233079826
0.8526536870001832,0.24287260973655456
1.1523306850339332,0.6113686412483674
-0.7791576291310786,-0.4494956797754795
-0.11572615568088618,0.05263787748163129
-0.3689990728466523,-0.1412985582139284
-1.799720753644643,-0.9238919712676121
-0.1692673911767708,-0.07318303619546189
0.7529832335244101,0.34123217512243315
1.659066778167348,0.8214440857468919
1.7234083453471625,0.836800148661768
1.4072357348313553,0.8208441902460578
0.0010873901313491752,-0.05571088385745984
1.130303744801553,0.26271409822977443
0.9519881816988416,0.3972181498171014
-0.18085582641284248,-0.3296733920987791
1.083304322510118,0.3183214780439537
0.9295784463376681,0.5167201983739214
-0.04253271199111652,0.13702809621449516
-0.3061260746922081,-0.1565773185897642
-2.0618330518619326,-0.86997633892264
-1.4717176396476035,-0.7947919554145656
0.3827553817727126,0.3213584589053835
0.5375053404095114,0.3928368628180994
0.30553094655257595,0.24346961169413228
-0.816422189015696,-0.2788476826684173
0.6898815270909796,0.4183799948656759
2.448561180815221,1.2486881701712294
1.4091154240370252,0.7103554132429107
1.2660885726199265,0.6754210554925812
1.2363577758180577,0.6366712581781504
0.041378927828830014,-0.08111017137288427
-0.9272599121971071,-0.5139698081411098
-2.153359446777379,-1.1206424967618693
-1.8877071296664931,-1.0391238269204555
-1.734150850475459,-0.8866904565325378
0.030292401609881114,-0.013411389421456994
0.8448563027849922,0.4603432357857092
-0.42460279832508485,-0.3061400669662703
-1.3913685098887445,-0.6811392475984306
1.6875587179359774,0.8359937443367607
1.0520439426437802,0.5499732212922548
0.8689148990152895,0.35127312890589185
0.6621371287695623,0.37721355684418634
-0.2675280380605397,-0.15593669965729876
-0.48551155655646405,-0.26062318045251703
0.7081322892827135,0.40576793459416166
-0.9557015395086514,-0.45216557468913565
-1.1671375570466276,-0.5014788202215041
-0.2871033240817469,-0.271444707878936
-0.9822872375904852,-0.501058224598461
-0.18127969377220005,-0.1988965979310223
-0.14468283152063385,-0.11717898955858798
-0.7614284359344826,-0.29831727046233186
1.078936304354885,0.47140685773904484
0.24537820666705618,0.1827328187194233
