0.45979278307844185,0.26720341561918937
-1.970992275415243,-1.108658689546855
0.25755808458236507,0.0684612726998998
-0.657299500019737,-0.45294247839630075
-2.6799219996971293,-1.3545808314333878
-2.974688194171561,-1.5550583737443853
-0.1869135277606746,-0.056960350233399216
-0.5440750795581162,-0.22882558347522172
-2.8630094465349405,-1.5427535748938697
-0.505914178914312,-0.11921569848933089
-0.39621073290163766,-0.2389216604806471
0.553886234883006,0.14211171872452286
-1.0017019921943435,-0.6055124771726719
-0.14818328552306076,-0.17369220993845202
0.39860628130885356,0.17063147949523963
0.6062018730064747,0.15928892247421544
0.04355562291249554,-0.16169730662749598
0.1750819358767327,0.15527474832164323
1.2226280787742683,0.5261680935674241
0.2778551543558469,-0.12200840737055738
0.3008946111982427,0.11107453421935257
0.4495606499335835,0.37157755045352714
0.7586210301306611,0.3497636107740537
-1.0703186480755877,-0.5228778894309798
-1.0301868196287605,-0.361806571047831
-1.4118400482863254,-0.6065932418710117
-0.8013501760377209,-0.4871467255349875
0.29480644680611073,0.2548175017022143
1.5056558250236038,0.6449850902667515
0.8236612733708913,0.4451332208706718
0.6980582241603865,0.22230563976426276
-0.6796213317564241,-0.37340554148175137
0.494419506026813,0.1971921869065013
-0.5322776872420675,-0.1468512724391718
0.8405200266806259,0.5435420132652327
1.398490016249185,0.8042207757045419
0.6757911737597562,0.41063693037760696
-0.06043584398084523,-0.004476644152711248
0.580776554153597,0.3072146666678374
3.301738709935569,1.677507696276488
0.39258386073813034,0.2811435621192077
1.2090793218389835,0.6786604916259107
1.2536799726463048,0.4419398232242461
-0.8038588954039704,-0.47847022246493337
0.5332401117465158,0.2803841161886648
-0.16740170535525395,-0.06748676568849413
0.19041778837729975,0.2141553558320935
1.1881850715348727,0.6016757153642408
0.9837481249295644,0.4707954383478978
-0.5873929342599341,-0.4848841601645501
-0.3428287067989176,-0.2409822164584543
-0.9960540328809973,-0.5296210645070788
-0.2150971998069952,-0.10494307846732319
-1.2347745163710184,-0.6848526664212402
-2.2575865021624817,-1.03702501339333
-0.15277428659009573,0.03287668088847123
-1.9036094952088862,-0.9420433393600774
0.2967633384622782,0.0547216625973513
-0.30512870750771526,-0.1732457069189181
0.17056862928180708,0.08928717892161235
-1.0470198015758356,-0.4261854234861917
1.3034516978394084,0.7303847676460367
-0.9209857162820004,-0.5594426754724373
-3.0411412695614244,-1.6767031323779802
-0.19301457644215292,-0.0837100049563699
1.1987363179433697,0.41332284586154705
0.10013092835079151,0.004784736532466166
-0.41544140763811,-0.16066841994662137
0.9058351376704922,0.5692246177856763
2.1610501631431425,1.1675434776972171
0.06524654931668894,-0.04176540325701297
-1.7435177339733918,-0.9124877931487827
-1.3462491925199842,-0.5703343332656422
-1.698305482855521,-0.8196596251747668
-0.9857160966587313,-0.5913717418079889
-1.010888367923859,-0.7465669284516677
-1.7602977351821956,-0.8565057681528417
-0.4187619484500945,-0.1150818313833013
-0.1752935151938693,-0.17956910336895376
-0.7447246265223505,-0.46244870131952776
0.4706332109390033,0.28460015523754834
2.9918268151634426,1.3638432796633184
1.3211172652306966,0.6597349803157756
0.1765552892036571,0.024781047172002288
-0.3384127999171365,-0.3049838285064215
0.8517078334975673,0.49498089581218196
-0.25239716882763535,0.10727325544919011
1.3921250788663815,0.5583132080648993
0.34446669228216287,0.27072140483767027
-0.42543351971529897,-0.1513216422924036
-0.5197070332256001,-0.33719474195043553
0.2975105324352021,0.29779915816332436
1.7293212279735173,0.7611500674463568
0.35832644143895365,0.1314715224998773
-1.5982090146074932,-0.8761742940220396
-0.02186759500812918,-0.10438058886845436
1.6331018976481841,1.0408950684891929
1.0248872737032655,0.47012893032350456
0.675992421750929,0.33155683352744364
0.3769808739084894,0.1614202317301694
-0.3011247615096191,-0.20953212267516547
0.7989784314966872,0.4386977627924071
-0.091185921075224,-0.163781355696561
-1.8761560873565453,-1.0386614112992443
-1.5046277270963415,-0.8360040781353063
-1.6556884571842447,-0.7209933699644412
-0.9721187499949877,-0.5300632250776796
-1.0104243022131847,-0.6192531847360538
1.374834118481538,0.6747583672180192
-0.4054187292015935,-0.29224836753644073
-0.24418573955659953,0.008746914719473045
0.30324626574240554,0.12274149215214507
-0.106802208888924,-0.2692509425454295
-0.2499389036608491,-0.056920961071220966
-0.19901698695180617,-0.1733923609631144
-0.21514977775279123,-0.21801973861556612
1.743909198991138,0.8150549942491863
-0.5925802957419884,-0.23664608650283403
0.30641216460464454,0.17705983332063724
-1.4629643950200664,-0.8097420426785055
-2.353750964402124,-0.9883969836914468
0.8373150249569036,0.5083286236831202
-0.9677438683210426,-0.46464671852376754
0.20210090941608105,0.0695703465712727
1.0669021679159112,0.5361964144136417
1.4512277729637706,0.7259319909884452
0.3199886948667219,0.2517136442183508
-0.44123027033418943,-0.23688455604248465
1.4631967525492777,0.4969741397373431
0.6203531124945453,0.3494624638768565
0.6443221095055546,0.2530622556958808
-1.2613818082484238,-0.7844342992918689
-0.564901254883958,-0.22827629531427718
-0.39884956239213987,-0.017174263119410033
0.4860931486506029,-0.012438724802755513
-0.5715544905259146,-0.37145594256790515
-1.9594318954188203,-1.1348526123180072
-2.0131415532581807,-1.0124026989078294
-1.1407795649465602,-0.5593496312403319
-1.6777475168160223,-0.7031310841197169
0.4492463733189047,0.2848946853259293
-1.4825190192656663,-0.5672097281092392
-0.47993647528698213,-0.31018101606071735
-0.14719102831101172,-0.04549215547148444
0.10811766652795797,0.05508642440025832
-0.1803393422668587,-0.07227039358476692
1.4371070537457409,0.6946830056714526
1.596120950294885,0.8410693834339861
-0.8149465365892576,-0.3177708256195456
-0.9034545192305459,-0.5894554652477753
-0.515282695505671,-0.3309247517452639
1.0201381864364831,0.5183674790385556
0.854368789069938,0.49131945933181437
0.1003336256979433,0.13311889844532598
2.1706981951311453,1.0695504868259942
-0.47016641357581723,-0.16019989506216203
-0.681760417492512,-0.26671740106198977
-1.6337650770673673,-0.8366357031504034
-0.7084299854008616,-0.4887831689295884
-0.150692924437259,-0.20048864133779917
-2.648614018080741,-1.3554762859639284
-0.20535377358425588,-0.1566943044813698
-1.0481934628505294,-0.5221356601148349
-0.02023189429272565,0.05173463283328437
-0.1845539792334807,-0.3258848409030959
0.16102131036667663,-0.015022777320258099
1.0538856516512725,0.3797193992214058
-1.289651919353052,-0.5947814618628464
-2.3383868115447464,-1.136825331319181
0.16237875901516086,0.35814995382085607
1.0954902187755904,0.4273233096448528
0.3796458329779676,0.03495596424453712
0.16222263398558598,0.10900787815433832
-0.590925513806473,-0.3762590516497417
-0.804877574292034,-0.2615639748373658
-0.12523887696438474,0.027764380766764532
-2.1170116530893104,-1.054716950357439
-1.0281184629408957,-0.6757976251545565
-1.935082375025544,-0.9119789635987923
-1.089108072033415,-0.5524338929733673
0.6977503375768715,0.4298705747466023
3.0538382510697666,1.4009599137446356
1.434847392254198,0.7386964488413209
-0.47683180347860754,-0.28413299097883943
-1.6985804354407081,-0.9088054858180636
-0.33740457498108306,-0.22143554369029395
0.19091754175282885,0.12317268162241936
-0.11377939645928425,-0.08502145842304253
-0.15192587690294623,0.0023812861065549418
0.5736945562014862,0.24277261678377757
0.053732893021507855,0.0370322587788289
-0.3721210396578197,-0.33125391690312644
1.6816442678510002,0.9198675274935665
-0.5926240165360159,-0.17496841831390805
-1.2824581577145417,-0.5818759876946497
-1.1508569079445448,-0.41687446907354553
0.27525781979014363,0.0133819867242366
1.3517613092238052,0.6977154895474722
0.3060886445277051,-0.03314828399746006
0.576140923826779,0.317684796151612
-0.10539619240786624,0.0004404273290040603
-1.0603459554809669,-0.4939981654742035
-1.1685582060698683,-0.6895680970784148
-1.2684309632155333,-0.614484848560548
-0.6068699439982003,-0.3200134771535274
0.04203384898382284,-0.20235297457220422
1.7274151896883687,0.7659897708259232
0.6460760303982483,0.2749222708910698
1.0516435747770045,0.7120724028804785
1.245888341037129,0.48234450199271267
0.8120901314171404,0.3570664777026143
-0.3913053399668616,-0.2217138969763087
0.503410433670396,0.2816021182090582
1.4265897543846249,0.7236942291972788
-2.084673893883272,-1.06098393381257
-1.4179672332879796,-0.6579948912547755
0.1860179575928933,0.11230755212338707
1.0211156000833135,0.6297750941126148
1.3161982368119016,0.684630403102731
1.2725918472926812,0.697855543998572
1.2004011904880232,0.583513419356839
1.5172129394152583,0.5520070426679715
-0.2288714370968652,-0.23281135875343076
-1.4762243930498347,-0.691069270304681
0.12245815064716992,0.061177419990342354
-1.1324069589944237,-0.7447132642261213
0.38076404379580064,0.17943432973776827
1.5095186499216553,0.6168334671224951
2.7836029119134262,1.2707232518571294
1.9616994696903358,1.0090285987081005
1.5008159856650671,0.7266371753319746
-0.06288622303121139,-0.028694699553276
1.4236997755053449,0.7804409042744711
0.9068358270694843,0.5160308560881739
0.9557766944648696,0.13564181620091054
-0.8270596744594824,-0.4553066643684429
-1.0547748400245678,-0.6985366170683667
0.4879188984685108,0.31648161753656123
1.840590406753954,0.9239596394075705
0.8070590220380413,0.4792868897214878
-0.9855187780270003,-0.5212164168005947
-0.44799898902456775,-0.20063698791385115
-0.3790963037596495,-0.28641685556546403
-0.7644768757224796,-0.31492511177805615
-3.0775275311447903,-1.7586272231675655
2.7245163553899947,1.3115845969632773
1.0270716545349077,0.4965428795939016
0.7169652546584463,0.3866291848767726
1.2050553177517642,0.44146657503539266
0.5020942298635273,0.38557894878877164
-0.273626743692537,-0.1191070727058921
-0.029127772584045142,0.17049597247553372
0.7887435552702957,0.3873863144930629
0.9974769757884105,0.4545394334616362
1.7059802574353793,0.9098425534539936
-1.2527209830641146,-0.65224172966691
-0.229014277021948,-0.1358292127821991
0.5447426316897759,0.4562421058497629
0.2929716743066904,0.09893817266136876
2.125716026687524,0.9849521733502176
-0.011314130631245867,0.17364502808659857
0.20792863985901838,-0.023414282119586294
0.9539151112627714,0.5728732688487268
0.7753034324729077,0.38309192585751706
1.3672095745669486,0.7426140761382962
0.017391923244752583,0.14294648114802316
-1.6674030243949514,-0.7326066640566214
-2.0454092944881115,-0.9831517995602463
-0.41641920613884764,-0.16636694092049872
0.4272440990818907,0.03639819845572809
0.8437045834590936,0.200671379599372
1.2873246488336352,0.5239434512689134
0.9165455663041715,0.39192694303257397
1.379321383191284,0.7242731285021763
0.8950186038932365,0.5521990618202518
-0.09555754991719012,-0.09644676354764417
-2.2060048676490815,-1.0815078058589493
-0.3002574046150518,0.01253424741211459
-1.5703318470558265,-0.7535645045774069
-0.26349875585614,-0.21698831160576773
-0.511830270978078,-0.0998002442973486
-1.7963213566054541,-1.001399199961625
1.1896148603649603,0.7573511513419429
-0.6860188717402924,-0.4755599746963046
0.5889747709636767,0.22646297412952704
-0.4978674794013538,-0.13619322272222717
-0.3784556185082183,-0.17903723285052942
-0.3052972323340237,-0.22502667983905736
1.7271799118344895,0.9404381483106707
2.171199189769052,1.1994560803164327
0.7953903083779921,0.40229965855837396
0.7379207883750477,0.31737885173799824
1.5423204530253496,0.6961134807343887
0.6838174311751639,0.20855372221089236
-0.308409326049631,-0.34234974891246744
0.7111541551932437,0.3237625162197161
0.7974911852550131,0.4843570446164826
2.3392062960998055,1.1021715505281335
-1.0752335055422602,-0.5924923694967094
-1.3917572541785503,-0.7102591588739486
-0.7676858660959438,-0.3374938432115488
0.19822091166973077,0.2039393592159972
0.2219683563637338,-0.13347227453043797
-0.5175640846646833,-0.3155410039872343
1.5573851494423283,0.6201519061792766
0.031055228079550856,0.0034122245979196254
-1.5169197764787634,-0.6106005120550686
-1.0895758006594591,-0.5471381336268764
-0.583789745542765,-0.2956919936529378
-0.9765357328339419,-0.38590396757940676
0.34997659058055264,0.1404174595714671
0.24327643678306943,0.05701889708627664
0.024683494171508724,0.12646670767042234
-0.5307998161822598,-0.31559216697738196
-0.2669581994551732,0.02894072390050742
0.19057381856298528,0.16333030872379262
-0.29969864695807913,-0.13072032839532413
0.9037196922135515,0.44655850869473723
-1.1796599946951491,-0.49333142583598044
0.4514374086316627,0.1632144277976475
0.45094481131346925,0.18579371600729938
1.2393401899538943,0.6069171703347243
0.8027063779951409,0.4778305565376059
-0.5235987737329922,-0.3423405701886016
-0.8485138468061871,-0.4770958841317137
-2.6296479953734138,-1.2460412818707083
-1.4710877003801763,-0.6898083028479671
-0.11497081461587177,0.08808132303685215
0.4090074743009898,0.15374820533778902
-0.9936408273202098,-0.38249928646428893
-2.244055648093405,-1.1638435923366164
0.36428767431498177,0.31255509212335963
1.5333261711748145,0.7355033479233287
2.4633592921572207,1.2442071429253374
0.49615719954484105,0.31199286709551516
0.6700664190257775,0.3212144867691082
0.17401876718753348,0.06626432886217573
-0.9546854986668917,-0.4311661618323605
1.4991397970158915,0.899397599727094
1.0552438192160891,0.6177125333401621
0.6449921241635616,0.4587475999539512
-0.1673107130523575,-0.12837906369210492
0.44581730967835004,0.25340757377615336
1.0848642418456391,0.5376691747660034
1.1768024251082432,0.41026706815471875
0.9691598654895376,0.4828106610926451
-0.5206029031027992,-0.1952357575205364
-1.2723952661056692,-0.7718500284434243
0.7896245458658084,0.44718016858250276
-0.40014312303949895,-0.13963875452010868
-0.821390249128344,-0.34789033099125505
-2.4516610936839145,-1.229765080457471
-0.29474576783732875,-0.02418083821234243
0.43730517031712696,0.4236576022202456
-1.2335138488788755,-0.7368702239680474
-2.241041748371423,-1.1225892255273158
-0.26831745949528407,-0.08847643199748709
-1.0714815186644073,-0.44255590185377647
-1.1186092246967316,-0.5347051613222765
-0.8837912016793792,-0.2790001388544264
0.20736610002345035,0.1902940766680567
0.8098341389867936,0.5557086891802215
1.1912340730318443,0.423267419852824
0.07204753557974053,0.13468926020852867
0.46322846916166527,0.25993688598601483
-0.15728324153257445,0.12678158273977816
-0.5902574262753971,-0.24780268678116193
0.4705710062001051,0.1594686663249106
-1.2113509498317072,-0.36809752273591695
-1.7889253544488029,-0.8925351104341115
-0.9409520235255683,-0.525226434733793
-0.29817738453153053,-0.20075754694438117
-0.9325819880187962,-0.48961536285280166
-0.6742360022620657,-0.12650520647423893
-0.04168601451314874,0.013103190629214313
-0.6822888119133736,-0.3260943838230499
0.5483689763472566,0.2947993699489437
0.314797061958089,0.22356059750538465
0.1082195565356602,-0.02763903646211155
1.255612609527087,0.38496824411324404
-0.16622376435276964,-0.08793724793384186
-2.4141175354737663,-1.3520899374911959
0.3981636880967876,0.35151792064953347
-1.5354738115850377,-0.7014549341363235
-1.5039613154802332,-0.6079790500007834
-1.1037962177472225,-0.6725669315638731
-0.6466793656525762,-0.30586853656164414
-0.6808677699423054,-0.35580761204199596
-0.10845992092696183,0.09965818410856739
-0.12068982253499225,-0.08012326103868109
-1.012041662939762,-0.5326025488722945
-0.279166396693246,-0.30261547929632215
0.37748890106123745,0.3311837302303169
1.6039154687871742,0.7075167866108224
1.1128571918748527,0.601718040839773
1.4364151391385773,0.48456820131302314
1.2978441668970948,0.44904172622420924
-0.3242102724945435,-0.33315771557843854
0.42311193008944464,0.17489632760282386
-0.7495506737506012,-0.17391038868759442
-1.017778294263942,-0.3575406127287156
-0.9235027497803081,-0.4460215426550763
-0.4006898870112945,-0.19530110008175847
0.11915038578865245,0.15238516523478712
-0.3614345877939172,-0.22444894726597275
-1.116753346001122,-0.47774497908224517
-0.4204342013799599,-0.3018934456445336
-0.4493698080582337,-0.468352574413339
-0.1735107351141582,-0.1601561643085458
0.6478166859963019,0.351620835080087
1.5036358114030983,0.6238310874861811
1.1385512796728734,0.5255313205263523
0.8571648835002854,0.5056834733498139
-0.03178185653223131,-0.06333678571432849
-0.7593900709806035,-0.18195575460902538
-1.5858171520867663,-0.8103831765536224
-0.23951387470327334,-0.16129757400201444
0.678846080934708,0.48418203757049794
0.47640486863383796,0.1743845254927296
0.2861283511807773,0.12767881276118265
0.8767460140263688,0.33299135323483764
0.8543252437302078,0.4445384436835869
0.3872310745882434,0.2970656435791744
-0.3190452473075523,-0.04894061293616589
2.0325887002923118,0.9916788870901484
-0.6426753320911124,-0.2574002255165916
-2.6096708233060357,-1.4036984366354637
-0.5028362906617276,-0.3569570912486577
-0.41434302101324244,-0.3540855032960212
-0.03879248020093215,-0.03112181547608931
-2.0681006241145345,-1.0350761067245409
-0.7668039828919594,-0.20794092938437647
-0.29245649160653053,0.024201700528058256
-0.9210028058675251,-0.38818421495173416
-2.2770860058479236,-1.010399382598509
-0.5688257768794626,-0.41120056736421506
-1.7611954449715927,-0.7718120311259347
-0.610021862633929,-0.1679926123548857
1.2040607765316522,0.5487235291594079
0.00022556681537655443,0.15726157012550346
-0.2143680339206534,-0.14196864560925437
0.13823970476893963,0.006778719976207534
-0.13080965785804555,-0.1026200896656323
0.572026821958989,0.38033262891257535
-0.977534814345547,-0.40257800200014354
-0.5042505546182704,-0.1804084196671704
0.8181579277474645,0.4512901910951595
0.789024984696293,0.5340193819086502
0.8381539796643134,0.6423074399625156
1.515464678782064,0.783647224165928
0.22125965330036113,0.06787665705470566
1.1049050963263716,0.7530456258866657
-1.7217069454536809,-0.8601178542399044
0.4672671985140825,0.11515786123948853
0.4528500346896483,0.23735162763035317
0.7260101916641144,0.31290921386509774
-0.13120768427270385,0.11269024178131173
-0.8337120388065071,-0.5708288547907396
-1.0143156592017104,-0.516905198558581
-1.002122191754681,-0.35779325458305655
-0.44368408605296045,-0.1368856370536578
0.044306613315625465,0.005628397391259924
1.07302917074768,0.6407716138290508
-0.07180629559435325,0.03632575551947104
1.328655965118727,0.5730658094043374
1.65454417012673,0.9331072414167837
-0.055194883707085474,-0.02451867233694114
-0.15843480946109487,-0.09527692847241216
-2.202190538054125,-1.2386932307604273
-1.2260760207554393,-0.6151266168112869
-1.417313632470837,-0.7213619077375646
-0.8797794132036193,-0.6248710489594518
0.8671208869449555,0.5466884906590164
2.062948199633676,1.2465813700278636
1.8766471094599837,0.8280272598555742
2.271256387313299,1.357156213673257
0.2523562495247491,0.1719430765271642
1.2282632087508776,0.6707618696026981
1.609061430643173,0.7445734458493289
1.1355886835504303,0.6403273124092983
1.166819137529146,0.5982783921794872
0.6498858878042527,0.19385337638096029
-0.5502290507102322,-0.23936108983173057
-0.0289184270219896,0.021150793007940837
-1.7800941950453346,-0.9828078539016978
-0.22945664822911893,-0.16736234426511667
-0.7358687187783163,-0.3143172594065711
-1.3577582077242578,-0.6184725281099571
0.24671994281416043,0.25636480541492446
0.16236461610512296,0.07359401967996976
-0.4112900694793658,-0.13508003418063333
0.9132276053256815,0.3610769354406364
0.6357363839335243,0.23215101168288244
-0.8096138713481846,-0.3535239578128007
-0.06860484358370023,-0.036560582181846
-0.4582210579917934,-0.1595377670233869
-0.7949245908617247,-0.4832077179643847
0.9758506951381217,0.44236196660674315
0.6662971341039373,0.2897869016830959
0.8417496719201792,0.34417331470991325
-0.4640516386335902,-0.3207528007607715
1.1215839471505404,0.3802998454982151
1.63341176250637,0.8591445597775698
1.4574883332654809,0.6648809016972989
-0.5106078102642176,-0.42101340219024136
-0.2819749499395912,-0.12848929599283263
0.4793794247555812,0.385421023821827
2.8477782681464014,1.3834860888654226
-0.8144885964363414,-0.33964687623259354
-0.3613272817233176,-0.06003384571384569
-1.6086448675458445,-0.7384665138413397
0.8757757741789539,0.5777643577272935
0.3893444698255744,0.20981214130872106
-1.0235456332328985,-0.5218495409022635
-0.9045597329717114,-0.18792975787254967
0.2933433718896984,0.1638259487202771
-0.2015116979415859,-0.20110997883939385
-0.46384159887983967,-0.4371126592003294
-0.35280653056694317,-0.23338335511226904
1.185720828246421,0.6511774750608514
-0.13466803215716383,-0.028973824348053547
0.47099260134961374,0.2088798018779427
-1.4872853190782451,-0.7662223511117894
0.23986867029432846,0.07726928856568849
-1.0991714946657873,-0.32606751462187744
0.37138122711192834,0.12754857665181976
-0.6271551254787814,-0.1617712270281885
1.4183178524287827,0.7346128844379782
1.0073591008612992,0.3983406902004557
-0.04467569221152956,-0.0018090726948573957
-0.9813896809618284,-0.44799350020232204
-0.5213045401669574,-0.14637251403960927
-0.03879838802562896,-0.10173898185620957
-0.06730273373555946,-0.14408100924746528
0.8144015800335268,0.5355171890212798
0.7949387229805037,0.5197192476501469
0.1678397045564019,-0.0566976225460214
0.8928570521874879,0.6301490436652818
-0.34486174921642176,-0.20295837890056714
-0.0843698132501525,0.02822770050643178
-0.7743414748714358,-0.37148374919249405
0.8595891061550281,0.4448304629943082
0.9237572710503009,0.4805214808288226
0.8117949795470567,0.1913635061095611
0.5160728494028498,0.3627178625844445
1.0005084831549556,0.42837262526135056
0.14851455445461892,0.008747013438563697
1.8479485519450698,1.0782609753785983
2.081037709032374,1.1042180946568585
-0.3980118615112568,-0.06752962346828115
-1.2443629873505575,-0.7208268770336145
0.14549976319918634,0.06332507842441133
0.2864642103663838,0.1060271072364174
2.1117640435591074,1.1360318676698429
0.5501074273488131,0.2678829631641515
-0.5061547324501072,-0.14854176971976807
0.01944059476568588,0.0483392829625376
-0.34426957844036193,-0.24730781668126153
0.5960712956649047,0.2351551902098002
1.0730092067762471,0.5563930367139083
2.6148572258723872,1.2537541655659947
1.6269841467167785,0.7582666680554582
1.0251194434521043,0.570155589021254
1.9407004837895996,1.0836628373087693
-0.8109922008402786,-0.4310497778775293
-0.9081479950079334,-0.4372038919177453
0.5725991261915461,0.2030453345253091
0.1855838544347912,0.050173194655719275
-0.3833577979946105,-0.12216306775527523
-0.37038494176713577,-0.20219450052708005
-1.1422050701204847,-0.7181279803133434
0.7692827736735927,0.44365665677678867
1.2171267017553733,0.5242045537826288
1.8574105224720792,0.9993677351813104
1.7887254267189623,0.7895192974444538
4.4891601937702,2.1878450787672645
1.749180689251412,0.8073796443622341
3.1848068208518003,1.4723648414810924
0.7634763483078522,0.325991211999886
0.8842967754459361,0.40982413864085016
0.39426651547534414,0.364613531247044
0.6340674341719654,0.5151242932901918
-1.384243403372211,-0.7043390985081153
1.5100180707411797,0.5746502593614272
1.0293389547857146,0.5629439328093314
0.1787149794338797,0.12351027671542966
-1.3797221463235998,-0.7022719721449618
-0.5006891639333095,-0.25840272423988625
0.8205415948588219,0.4178628281244682
1.5704419985288864,0.776948229571521
0.592249455629401,0.46526843801102324
1.3109351253736332,0.6526872817875496
1.1427881570488416,0.4014800867086662
1.6572058055555567,0.8534004745649508
0.8386333334060095,0.26322900502619695
-0.4656686964155085,-0.14338183000011298
-0.29523044567544243,-0.19112637963751078
-2.427293819590764,-1.2146970337222487
-1.643149195330019,-0.9009572328781024
-0.1845617520137307,-0.017478299818597526
-1.4231391503653006,-0.7611338904730667
-1.6458344769450202,-0.7828186191515123
-1.3828435844949283,-0.6749510114585437
-1.0317443683191807,-0.6982333623493495
-0.11472365749286617,-0.1615645493487241
0.6211039348482533,0.4106250238507615
-1.2690714238983618,-0.7888292368751295
-1.1815937492042021,-0.5852010891905112
0.40397739371827357,0.3495679830276255
-0.5693723463262412,-0.13658620684441344
-0.43703205035024384,-0.09410522449150824
-0.28947343749068954,-0.058567597403233904
0.9552026229731597,0.5387158437834502
2.9580249033798474,1.4978012228952071
1.2977481245959008,0.6089316285311812
-0.026925664557698625,-0.09393536812970317
-0.9762808149238763,-0.6054935197489064
1.3224032232057525,0.64303792690542
-1.812337369681182,-0.8432603193647285
-2.079799508475146,-1.085648022332945
-1.6483328527193144,-0.8436986037227562
-0.3605376155571583,-0.2922529571356033
-0.7530871989160415,-0.24694384340200695
-1.839218739880981,-0.9937654570361568
-2.0591581543900186,-1.0683279795933325
0.22755270186682908,0.18517889841764393
0.29592206376712527,0.1992955797858869
0.22557326786038007,0.16822198521040954
0.36251811335158945,0.3078616927920241
-0.10641544350648527,0.04705990372749626
-0.19379899630703254,-0.09454535468116675
0.7421130358528152,0.1603111176031965
0.18918648227929252,0.11540336103963449
1.4757072639039837,1.0052214369114585
-0.44053075855408685,-0.18935798070408363
0.2511722841579762,0.17123448551867998
0.6837510278226152,0.32404544332432283
0.05149308188554441,0.0562864853471632
0.611565280640687,0.41786537182630623
0.14383297767814968,0.19279222557196887
0.5639220767861925,0.2960615247475798
-0.9481011928585841,-0.5098937376213224
-1.8774713891921757,-0.8167581450989585
-1.1076351418852384,-0.5233698867161259
-0.6154513096290198,-0.45526047582452533
2.3761911160061335,1.383262543451024
1.3014483179063636,0.7586033046838859
-1.1185964737063119,-0.5102855321044357
0.9469588155210744,0.4093085478080811
0.6887059607328541,0.18890118383078736
0.4081238677643515,0.2134474848897801
0.6527253879366424,0.32440957760527184
0.9758505268406624,0.5403941063956157
1.5064203280239588,0.7560009984509738
0.4221399645790214,0.05864607974883865
0.6825586556138317,0.2926081140379074
0.5512200658552057,0.3271023182022006
-0.6453731356516508,-0.4073658022852967
-0.794871848587023,-0.4288300628517824
1.224302507976305,0.726319457457921
0.4354489763379574,0.184799125063974
0.8343949779073763,0.4378878361586627
0.5430443445571996,0.33134100308315273
0.926184753886434,0.4971788428102743
0.7492092018541291,0.4098644990292371
-0.11611675561701934,-0.06609735523838312
1.11479205860279,0.4831903616820901
1.173779098434777,0.4859875973046457
0.17189672596810923,0.06489503547367566
0.3444694293049404,0.16604098778339166
1.0978469348042557,0.5647366685966314
1.192336669923749,0.5271404894359334
0.9195438715756417,0.46206528105162037
0.3309595345672275,0.17705364610073554
-0.3691174839463315,-0.21680380068450716
-0.8693714450136799,-0.4855684986919344
1.072513599710215,0.6180708629073378
-0.9355417410196294,-0.4653823354867402
0.0029543019671131043,0.020587592039746395
0.26181107292494327,0.17499949437155793
2.5502476427288134,1.311997198461922
0.2693456829891573,-0.08038717783768551
1.3201436057929963,0.7021121814856024
0.6524364019002313,0.20198561794672795
2.283500922302592,1.2600888618999946
1.4309857542912021,0.7420411398784855
0.9013537405954076,0.611979555573184
-0.06808041574638057,0.18889884389973846
-0.3433735164815517,-0.1919434360261608
-0.517155570319393,-0.1444300336807537
-0.7668275511235152,-0.3823495771830027
-1.6390467090851537,-0.9019195088451163
-1.1601302865694043,-0.4246213615954968
0.6512182657324055,0.19444165904613867
-0.16342815116188264,0.018285906002214386
0.24082985519774644,0.0020900462984982243
0.14235019614027994,0.12444240637768458
-1.706889020187267,-0.8280321304503291
0.07158036146670299,0.12716853125049293
1.7295447769624557,0.8671105129543465
-0.6156879940832145,-0.29537205502177855
-0.5893486825586254,-0.14880055998590377
0.29617485766212237,0.09329568912785072
0.31377574785359386,-0.06393572050279289
0.17629083910684956,0.13855430690521453
0.8699541445896772,0.6993706711642109
-0.711279186246422,-0.38978511170388797
1.478088930951665,0.7234812381061472
1.959575561033881,1.1120019714668568
0.6555726396400638,0.4136659189458761
-0.7267895245046763,-0.22785985400978
0.010065905625915417,-0.034338227409615556
0.394750345585703,0.17350583033357997
-2.5138167242913,-1.2860903985804986
-0.6071365756972531,-0.2669258727554621
-2.028844982022365,-0.9760760965806804
-1.4903714068567484,-0.6767683039239447
0.8834954979587513,0.28322162226582737
2.0110031512969853,1.0067831967509435
1.2417526680539874,0.5110744297509917
-1.5696793265396551,-0.7099008013445602
-1.491884263080379,-0.813779947495034
-0.7532497656604256,-0.3103037007992466
0.45883224242853116,0.4061995666764957
0.9913813809759083,0.4664325788212854
2.265789952154692,1.2526127938679081
1.1774359821978995,0.6313557625425881
0.8630637826823659,0.49060414464584945
-1.5903579606109426,-0.8050453054050858
-1.4938117416089853,-0.6154515894270788
-1.4728006861078835,-0.6322137776114938
-0.1326918755616212,-0.21996067596859128
-0.29004695842263517,-0.10756837638832598
0.10270054271303669,0.19581277398927205
-0.742264815781049,-0.45385704322611575
-1.1164769811888484,-0.5293483832689478
-1.668165957288674,-0.9779728650186679
-1.700894050499706,-0.8880501993464178
-1.0164314969752237,-0.7565075774381507
-0.35397132966955225,-0.30738314450174453
2.0613096767703905,0.9464561658150717
0.2853470884568985,0.19067557481511627
1.89931724545032,0.9772100712844771
1.0837490980255844,0.5737798406405379
-0.5058791717289861,-0.36288199571484964
-0.8031883747882659,-0.14742244524403486
-0.5280941907886914,-0.17756506844418102
-1.1971641822003622,-0.61804403988818
0.8083213488544158,0.3735787598540501
1.718733166924392,1.0408466528977005
0.043459772511823425,0.004039586960316879
-0.33040488389998396,-0.06272312587815349
0.7109482190165848,0.40704975369790825
1.1838991230034568,0.5773744638723636
1.4937181254344403,0.7598796014064777
3.4654269606523824,1.7055821971631453
1.5028263279349607,0.9086521863639001
3.167174593673391,1.7380425601191063
1.7609396730480031,0.85670739382577
-1.1259173550731791,-0.5948975280851395
-0.9788668965785021,-0.5065528825614403
0.18535200133772411,0.07507492090142869
0.2636994021676136,0.13882775712660939
-0.852210035939926,-0.54797991832169
-0.7404547061936426,-0.4191240437488012
-3.4188104240621398,-1.886539196804164
-0.5535497226917637,-0.31210007262264183
-1.2620774923396048,-0.5143626947298134
-2.1431130521807713,-0.9652273759713983
-0.8007151210933836,-0.38455279429299566
-2.2267908018307905,-1.0743874201302952
-1.8386656924819138,-1.031899140920408
-0.8467941115814497,-0.28417599031103435
0.10579814196549597,0.009929810147702063
-1.099561145040333,-0.6183419353185597
0.3165468981393441,0.06210816042041985
0.5341622962375409,0.30371268237210736
1.3853425079439305,0.6107096097474207
0.03736074304011783,0.00600087616665073
-1.5654568129416837,-0.9274179467802095
0.2045756213515677,0.1495408986401668
1.9313004445213402,0.9017305943689368
3.289155234836398,1.5962357984969477
0.08307326652445113,-0.04256906071528077
0.3450004021912152,0.21686611362045946
1.5248448999998276,0.797568588780245
1.8900364275485404,0.8011335068287808
0.2688033805956872,-0.021641223279901756
-1.061889030696401,-0.42846780967092846
-0.360475461167863,-0.15025540127549605
0.5472654789302616,0.1302792600895486
0.9235063576382827,0.4329603886510216
0.8716476480171207,0.40933206462086524
1.2841507818247067,0.6086952151429961
-0.20647983745593124,-0.11683828368363718
-1.152151916654957,-0.483024632301583
0.36104761687031883,0.23018193457320826
-0.6198664280735485,-0.35824969112379434
-0.010749044210105418,-0.06207446414065943
-1.4923842533526221,-0.6401246689109645
-0.2341895196201001,-0.03072899632670137
-1.2852305183070438,-0.6230262466429509
-1.2274669499926971,-0.5303686916662929
0.933045405859756,0.3851693945222054
-0.7424983884521769,-0.2498924846096468
0.6285589511972483,0.22831470977457383
0.1292879909666893,0.14775815994062222
0.1436523998426036,-0.03245641391344099
1.9540091613071715,0.9142818292668794
1.4387917831174017,0.6861867787736451
1.5711364237718346,0.9035328028189479
1.8449256950850856,0.8790435134018478
0.6870356643430768,0.45810453405004303
-0.9176986285839244,-0.438194010463172
-2.131225122472201,-1.0167117267955434
-2.269280463820874,-1.063585133537262
-0.7729739980884758,-0.23766551069446537
0.48440684386982885,0.4032691178570555
-0.9857212274584604,-0.5403552957287802
0.23064018730735825,0.10665686333112506
-1.0300250264794595,-0.5468211892920624
-0.9245504506681297,-0.5987808788494687
0.3307094201170455,0.08899892197374354
0.9495884864209113,0.3342270751180221
1.86233369452962,0.8845157453273416
-0.1734654880134605,-0.17004815375750576
-0.9393828091749951,-0.48245512156118653
-0.7599418952882173,-0.4519342177993771
-0.8624276517790914,-0.5616376482463638
-0.9620968592639216,-0.6123292907678892
-1.8471368435439819,-0.8422568978986663
-0.2298842772908296,-0.14490352492772077
-0.2995834153183208,-0.19456366172123507
-0.21845683800509513,-0.07139572346896389
-2.4252560967293277,-1.5230160442507423
-0.9588114223315057,-0.5715450240885638
0.8841055589899689,0.46394382261656175
-0.3498057680117477,-0.2565049462960464
0.4515973476716235,0.04771671498301011
0.9411269382330761,0.5716683456700755
1.046382383449679,0.5651393937735385
-0.19009230095374918,0.06225222989587237
-0.42215847768388914,-0.34422361964111736
-0.9571991938660285,-0.45908207273762947
-0.6185966782691449,-0.16016547227444602
-2.362511517762023,-1.130957174893855
-2.790942906949081,-1.402078058992693
-0.04391549206064749,0.10597391128207848
-0.09462892208511531,-0.10072259778794299
-0.6846549854717412,-0.3923377938891307
-0.5878851551149006,-0.22582853676324183
-1.5755104035699456,-0.7332299790726202
-1.9686333924793353,-0.9547532642623322
-1.47632840056351,-0.6080244427077115
0.12232676474257131,0.11121642296663584
0.604378198320966,0.25167616475638244
0.2664519709120711,0.1218805928916255
1.4258342239732724,0.7113302445766144
0.308886120958442,0.3128324846121633
0.0041508184431585105,-0.230136699522112
-0.30032688605444985,-0.03886432572396009
-0.9704898629418723,-0.5441173428467136
-0.015141324171484616,0.007415736572178706
0.3125659836735838,0.18912526907249863
0.01740137278637993,0.1231257657692197
-0.31698186339370055,-0.1559554126498803
0.7725165721819107,0.46202491444451266
1.191160015367913,0.6436388899682952
-0.9990720119441358,-0.4950074247143673
-0.9750379846801747,-0.5459004657212845
0.48692106246998845,0.37138471921309146
0.3823026046192388,0.17832019460202395
-0.11673970378014403,-0.05791453340918401
0.8487969931170561,0.43699456637686845
1.0828599903386502,0.37406699177970215
1.7361428200768376,0.7911441124037867
2.195972928040773,1.133173352790228
1.1360952340939545,0.58011942986879
0.8423012420930382,0.4347680547475305
-0.001262671662832282,0.016055770734094296
-0.8026625258825025,-0.29278326278709
-0.9062309519528907,-0.46987413521175336
-0.3502384038725601,-0.13040141247199577
-0.08119672131101566,-0.1029683258825016
-0.9321416433705421,-0.4785613737355748
-0.35073428867199075,-0.07672900693454172
0.07941254760020966,-0.23611690071827607
1.20809903386308,0.7545869582863328
2.528687777860429,1.2411000950977609
0.6219346603499247,0.45904697083180057
-0.026937922789444402,-0.11151407703930431
-1.0724642912506603,-0.5683744664874454
-2.428321814755996,-1.2189892628286254
0.7383047341622583,0.48992455417977915
-0.065480234857133,0.00860423883667883
0.13350083979707292,-0.03835449352146063
1.1856543882348478,0.6882081584209594
1.779762425255172,0.9288275316183151
2.0878608067974547,1.0535210290247579
0.7003058839615007,0.2968167820512597
-0.029713505308896826,-0.0858315857588393
0.2774977818662659,-0.07550966393069189
0.5278787370654539,0.45294334126624175
1.8704961648199794,0.9413490831958722
0.08612543214139978,0.1792289015748358
0.42119401961674113,0.25203015980895654
-0.3573641825564079,-0.1450149742507219
0.5641569500382474,0.25934147972446076
0.3709809936962572,0.20573191353555084
-1.8052060155117111,-0.7817693522481692
-2.026251963364911,-0.9352628348095459
-0.41540422609897254,-0.3349681013886693
-1.7501182045810832,-0.9791799892418677
-3.576416518362677,-1.8302778520932337
-0.0940822712393673,-0.049625562710639656
-1.8628714313079366,-0.8747423465953348
-0.460299947853197,-0.3992596152000967
1.7626761531359927,0.8858603981419227
0.8569605346687968,0.32502730366291605
0.2590751982735816,0.07178815737026698
0.5695226033892267,0.026046207773143815
0.4820555491938009,0.28418391452978314
0.34795695863967496,0.06301855086632795
0.3279098003474389,0.09514869859954189
0.2448457360282674,0.14795437704256054
-0.8122848203217953,-0.41010235828638014
0.22460997957665885,0.29993771939968256
0.6889088344739241,0.23028974643088457
-0.5253407362146864,-0.18873396463519243
1.1788878028651537,0.5415976067399818
-0.26394498794413523,0.09314097901148363
0.5791392484588928,0.3603675823244591
0.5500332311006453,0.32219687428296684
1.3014082743925208,0.7200551493444077
1.7085366090416652,0.9147224658058504
0.4228025895109632,0.2033537286259338
-2.303788047751976,-1.238744484872928
1.01428005635132,0.5620679084590771
0.6259069368875415,0.2595140960229748
-0.05979473371002608,-0.3371295376181077
0.19361692916931442,0.072475076103141
-1.9793588107598221,-0.9678843185497301
1.1655942065171152,0.5679891936242663
1.267120925051028,0.5312453645026955
-0.3171115032033962,-0.18228814405617863
-0.009696595308378242,-0.07115488185414853
-0.5483205336976018,-0.40746472103356446
-1.03599044696871,-0.535887445076216
-0.4009031689413013,-0.3199764727133338
-1.73099891061403,-0.8752455942276546
-0.23030876399134637,-0.18885265704468956
-0.03752556517977905,0.1487310143882027
-0.4925237900369488,-0.3221111206376604
1.6237941139109306,0.663963014649792
0.18143082166671098,0.22971480838711963
0.3749653371236988,-0.021768804348822418
-1.871450494543058,-1.1000329622319052
0.7879943670757229,0.28402841070168744
0.3412885016174052,0.02182150153966214
-0.44340337962052995,-0.171763624732755
-1.7306009015153292,-1.0008731525075043
-0.8165120494267478,-0.31270265043387646
1.5236185963980837,0.6401964861735479
1.2558460007271244,0.7485380457490038
-0.1208766196824761,0.05644352972004611
-2.421464721353857,-1.2838142968984567
-2.9671563182401344,-1.4043884477181952
-2.2762014426972885,-1.01932159022975
-1.730427172875277,-0.8810606806343044
-2.715809471703967,-1.4439318760808852
-0.27519960313495007,-0.17993273686420896
-0.5215682854777757,-0.27095228845613156
-1.398004057855485,-0.6206248662245963
-1.2422288481843369,-0.5208980202796751
0.3006812520375809,0.13261353495804173
-1.0446672866596067,-0.5637147696726463
0.6103295549718725,0.3176065757821296
-0.03151701714800498,0.1224669072107315
0.6735430906353768,0.3601465147735134
-0.022540898308923474,-0.1700479987004239
-0.11451600143702886,0.10617132403707373
1.1025141383837045,0.4906444427493338
0.623524508500559,0.37922830762951126
0.24462880105213317,0.19526017126555212
0.9033310709026133,0.35126616255929444
-0.8249730407036509,-0.338638346951505
0.12567466945499856,0.19780577576356786
0.17345888950627072,-0.013555257513336832
0.6038400240261357,0.34520162733067494
1.1240946556008131,0.7614788538047467
1.5440621064073232,0.687275956417569
-0.24117643449654436,-0.08145518186490927
2.1420311143119135,1.0410627998910518
-0.4204632383222312,-0.17167046147907483
0.43894775715213763,0.15233924568002347
0.507367340084592,0.2509765370252577
0.3230287988812277,0.3183496770477573
-0.08502579048025427,0.0034605146127998504
0.7957469125760865,0.32120083325485294
1.1112578381349167,0.6043270170739085
