-1.0841412220929751,-0.5430262932021895
-2.10979411475192,-0.9607815014980647
-2.318667504751253,-1.349266427457052
-1.2230600942060044,-0.6309098809497035
0.39336554575200233,0.33321906105026267
0.39295826739745254,0.4180742083956842
0.10716295987779786,0.09868317672456796
1.776421297057226,0.9893982644435121
0.41286344082789633,0.2710293529081764
-0.5714719185225975,-0.4691137072429149
0.2479586295982591,0.2843514242885004
-1.8073708776768755,-0.9110802930122713
-0.15158955307299693,-0.16420928472304652
-2.2609479369580483,-1.171262168684197
-1.0006184942591048,-0.29036091184293533
-0.7769572058220162,-0.5485674280775199
0.43996308114654004,0.19044534082755882
-0.8139008092727512,-0.537872127805518
-0.1930659915936616,0.11782583536100724
-0.4796889984999896,-0.272480349908551
0.2244349173342352,0.06313128398838325
-0.753425667173306,-0.2672670486694384
-1.4353157711032993,-0.6356089065724856
-0.02612217410814599,-0.18493804787055418
0.8251699237139065,0.505810881752425
0.49542021971750566,0.30372402402375315
-0.13659836708329304,-0.048493305785479265
-0.9591723988937322,-0.49485846007683937
-1.4011375925393637,-0.7568126676579975
-0.766645601487858,-0.29469957395539326
1.180103028934644,0.4609975405772391
1.997333537526258,0.9818605667143628
0.5179339505537497,0.05583197704637666
-0.25464378833031215,-0.23743102431932425
1.0245425119263587,0.4750675955782974
1.682027983570561,0.9611400690326366
0.7920285119965862,0.4300777647443967
1.6175476087646603,0.7857451459480379
0.9196166878157296,0.6858492012586213
1.4542156094120302,0.7662188388936906
-1.2280533907485005,-0.6433785955077359
-0.04766954758123221,0.1200212709888824
0.5184133731164436,0.25289698476770844
0.14723268582448057,0.18081268032238945
-1.1578485260885563,-0.540991052680802
0.11955832011536016,0.07408560017845
0.22152129631054404,0.22186690891126165
0.8137990357850369,0.46634865120745345
-0.16519271260007695,-0.14804168539739987
-0.753244289378061,-0.4511320833015737
-0.7314786153162277,-0.2583475697594064
0.3864047585227816,0.2307651389383295
-0.35142409858216594,-0.25833857137139277
0.10221851973043261,0.2759978868626024
-0.5346754313954575,-0.5148211771846245
-1.0410801800658758,-0.5169804765603112
-2.435208175983913,-1.214431145470302
0.19055535549878366,0.16734417518177974
-0.18367116200809216,-0.13117528994971261
0.5094598030078735,0.238056155781166
-0.15939045124685786,-0.1367281217874892
-0.05838201370428335,-0.0880224539812694
0.5190652090725238,0.341501821247313
1.0052400020753982,0.5942196133535571
0.7001409273878467,0.35566690602488854
1.2695957278994976,0.639563127312855
0.14009456124523012,-0.02324652366510732
1.1994649701714626,0.48366315886400923
1.4907338766925688,0.7265806243434145
0.372222486822791,0.06111788008950911
1.148977102977534,0.7878731239516183
0.38429052036787636,0.15098266421594048
1.6071108937467753,0.738439872460379
-0.16142174198157655,-0.16532152539492245
0.9059525560797546,0.5997585082023976
-0.8436716154459627,-0.48266542653566485
0.22924559283496154,0.32205019683241454
0.2674678870865931,-0.025449516646739445
0.9224320407217617,0.4288419583146144
-2.4474081238615377,-1.1197541601421441
-2.3020561887832307,-0.9573646714242209
-1.5337743742508403,-0.8103155546477121
-1.4455072381507255,-0.9157479393891965
-0.9512944057486235,-0.41215699363383046
-1.973352549324166,-0.9128096620027928
-0.8734523391261618,-0.3926643271062928
0.7264010879767556,0.5825631091100875
-0.6294785719810378,-0.3771798732081248
-1.8405196372324903,-0.8398544550878136
0.21745541111884514,0.1667796568711623
2.5918270551098,1.3071458250231818
0.577230056492253,0.17098154091852097
0.6080586736913356,0.2754969674515347
0.4363160190416116,0.2668691721945192
0.7930437098892308,0.43735071080363297
0.11304653432095108,-0.01600348487682067
-0.19037945078948956,0.2406682035998975
0.025130715375746238,0.17360137461663463
0.5676768622905815,0.46615381124236965
0.6125904902740046,0.512453132117245
1.9853055308068521,1.0515315360713664
1.6478831667227838,0.8017865828930978
1.710207217025514,0.8080715820164361
1.702167310890166,0.8022851189145015
0.04150920606994102,-0.06646687716705428
0.6260892107966171,0.23030454501497538
0.7035907041496859,0.15656012256762425
1.537776766287351,0.756657412428128
0.7200527931113248,0.3444889477669936
-0.0556090545649065,0.008685826729181396
0.3868400984311251,0.17131890445888287
0.5003446211054341,0.3462347453216861
-1.4757376081280384,-0.650764226259915
-1.2145653752107535,-0.6898481796009467
-2.683836393345179,-1.448578115508589
-1.0404715515762948,-0.39524019598773524
-1.1605678859698547,-0.6582219912794498
-1.0765573437753577,-0.6665338551776795
0.4837711840011901,0.31284114575782823
-0.5212132936084439,-0.1610862271959795
-0.7707522406065181,-0.3303276127721114
-0.4342462568546605,-0.2679284536241001
-0.8039176116872124,-0.32737409234832826
0.7422734230820198,0.45641144312128046
-0.26476516648644144,-0.12299435225918152
-1.5343074627271573,-0.7760987099549482
0.8227367433135738,0.3393377535784562
2.524658190238025,1.2406306581377253
3.049951675600083,1.434550888551971
1.1336161896998116,0.3326326052852915
1.6848550414028411,0.8976016981260627
1.0605794884288557,0.4936432982048523
0.3932497603274091,0.360996972339933
0.4780746626010221,0.2114231975003093
-0.36621125984116154,-0.23465438674029437
-1.4189495681897502,-0.698361735058112
-0.4599639774477421,-0.23262365491424217
-1.0966667484213197,-0.49730871099540686
-0.9456573950996452,-0.42742346634484035
-1.8765622276754814,-0.9070255553424266
0.9748021227055711,0.42313978062291874
0.6659279037379139,0.23636961933608414
0.6280612693787427,0.4952095049695462
1.1319320104088606,0.4362337102737185
1.3696465609363688,0.6515954382707816
0.4719989945658675,0.32211641335128127
0.9327471278648101,0.5881841613543377
-0.3221361898644929,-0.20779807695415353
1.4134244524693385,0.6608530477989039
0.7332384145924091,0.18004376691303028
0.42688364349083346,0.30659921615593705
-0.1862757806732786,-0.02786365646709596
2.287838579072965,1.1039382457294635
0.6055515004155734,0.38405688382605446
-0.06767148391292455,-0.1063697016069289
-1.369555724723373,-0.47027761322899875
1.385433676467084,0.6431071610142935
0.6143047587895514,0.26145478573933734
0.9688531942467657,0.5803933762573312
-0.4933930779779103,-0.3626575960962089
1.0172084826471184,0.5318964115389218
-0.44546340893671355,-0.18171372758213816
-0.07434212121677347,-0.08689786657932616
-0.588706614097403,-0.3503469316935971
0.40711852869376763,0.25206404774221874
-0.9748985657820277,-0.5105293710785574
1.235694135000265,0.8019059517442539
1.2884874142560716,0.5466695925491656
-0.322921966499904,-0.04548468914890974
-1.9256439884086014,-0.8769727162428136
-0.14897899536126546,-0.10166518133998928
-1.1766737873581843,-0.6193597069158162
-1.1514713479652725,-0.7672573652738142
0.14119445902769812,0.06006114891047662
-0.19579163144167555,0.031284097835071606
-1.0450271755834066,-0.5364595897185395
-0.389183825258008,-0.20701997708302222
-2.046271569888922,-0.9949263859628593
-2.204036487515626,-1.0459562866935868
-0.5801772703818253,-0.39214765494090614
-0.17419784009966013,-0.05313933894916374
1.0394644367411163,0.45602107199900904
1.0865319634287822,0.6106866905601097
-0.49833678727512254,-0.4431351705572186
-0.2575918730952085,-0.22994945571426642
0.7269128684369242,0.35718947358564856
-0.7440422377932768,-0.35953973001767076
-0.011991068714913178,0.013804201916539902
0.006151238352622506,-0.0005019295228939819
0.3789048992632171,0.17437449662709859
-0.7570485134279636,-0.4222488702992797
1.1159452034880366,0.4312477720406771
0.6970039279510425,0.2178567220871888
0.4943569949550493,0.3885999965025912
-1.3471982515229564,-0.5997841930712264
-0.05878938449032434,0.19593165380338287
-0.8084760767086336,-0.30075370417971814
0.17918795307293411,0.1754341099127044
0.6098110524223557,0.1569144543907894
-0.35783253525295505,-0.14047553908868063
0.267558593916141,-0.030250463491821533
1.4663089864807175,0.7108276126308739
1.1201611558874989,0.42045357497629043
0.20215382191096648,0.18565445316440993
0.944389393398479,0.5841285438713057
0.22987264468163848,0.16005884271119897
-0.33090509204538177,-0.15755164748744663
-0.7389087123642716,-0.48730214796292953
-1.3546269052056865,-0.7007910329587479
-0.37271846833128935,-0.03428512045424567
0.20460332691298608,0.22229882851236227
-0.7423139258310387,-0.3978212221054711
-0.4885899113493922,-0.29679886991974597
-0.9531108317236434,-0.32866968931252183
1.6367830426703915,0.8411066948889184
1.3839266201771787,0.7374050581243511
-1.936113227983979,-0.9158104013033421
-1.1693090588525714,-0.7506101922373816
-1.7545998652889443,-0.7768691749785339
-1.9293596887526512,-0.9708225206765534
-0.39486509979618656,-0.35832694522595526
-0.9175608084696805,-0.4593406305498954
-1.177019726636508,-0.5389226056268986
-1.297171287052429,-0.6187505185353285
-0.569420005385916,-0.3157211042202265
-0.40991997248229084,-0.06071619789935423
-0.9532478987376651,-0.3419095740091661
-1.9754277460135967,-0.993364863435873
0.43862166185337326,-0.03589545416419648
-1.0682974928284161,-0.440339052970379
-2.079117750210234,-0.9610775238436341
0.11312335853494304,0.15898471449180615
-0.8481800785219167,-0.4348317492592471
-0.30793689198897994,-0.2772358513739996
-0.7019733208782273,-0.2542819157066766
-2.6560748558367084,-1.316751279836704
-1.303190419911836,-0.7652081924768095
0.7175565534607616,0.27712325694678464
-0.6440271054567599,-0.34655089776313797
0.6985338482299795,0.19620493862288396
1.728787107233039,0.7403971261541427
0.3314134934710315,0.010068086517040026
0.7437883992187223,0.21000889534390968
0.6645703186279338,0.26544699807084227
-0.1600575397911444,-0.012499498249259902
-1.9640923975831717,-1.1596841629333383
0.054688718594451124,-0.07567993842552082
0.3683479829272406,0.06948604259651298
1.3377820732678471,0.4452069422057944
-0.8052758445316545,-0.5027226760656143
-0.7983303255226241,-0.26206823545429814
-0.24677195330853433,-0.1868131191764771
-0.39563121307229376,-0.15048579289648478
0.5735205515340307,0.2976162256857854
0.2526180047267049,-0.06394421177871612
-0.5337833769653173,-0.21965833978209687
1.3345322465398834,0.5091225394927427
-0.8857905931545731,-0.25798197332796324
-1.4393018417461079,-0.6526856239641592
0.09973600222976708,0.06787517858569288
0.3613082206966143,0.27898972647807113
-0.012876980833441326,-0.02171554563919824
-1.0777004961020413,-0.4649450842862651
-0.9627191939781103,-0.5643574432662467
-1.5144239619618372,-0.7236472953656183
0.2557735567836491,-0.02710905737870134
1.6443004926067384,0.9015963781635572
0.9263646015982947,0.5832254565931215
0.4803024263376209,0.1512890938612011
0.27717304394447,0.12492870783472235
0.5783508998676185,0.2552888072821076
1.7754722181192504,0.7929424618888894
-0.6135798976190325,-0.1915154339016848
-1.0469597065576282,-0.58056888679423
0.09539590720883095,0.03778190275155165
-0.6742969522507105,-0.29674412911190884
-0.9688150608122656,-0.43532099638901023
-1.0472109780428915,-0.2858631628513616
-0.8880162130122977,-0.5815806060754292
-0.3002843929354588,-0.13261777325923008
-2.4454405571905533,-1.2802137341184685
-1.468727244720255,-0.6978540019996367
-0.6603286478232084,-0.3470557335304958
0.400985829827275,0.38495009760952803
0.1922653699998957,0.022584262360424795
0.8479404281548204,0.23058882245288775
0.3596400942344178,0.21233698829993117
-0.5853114151962548,-0.4345574913740168
0.4117334700136572,0.22092657685591174
-1.7830599964076153,-0.9422719258830345
-2.227719180085266,-1.1461464062944915
-0.9180479466795478,-0.5290223507248158
-1.7259308257555723,-0.8225846441785964
0.23735323101602857,-0.08374178724079193
-0.25822521346413807,-0.11235225323724976
-1.330900929778097,-0.8205116511606729
0.23943718327460284,0.13697908200628478
0.7307694594844746,0.30924280827149714
-0.5139914459862798,-0.22300089496335682
-1.3479174920934112,-0.7196228448526144
-0.6659353440809096,-0.4478203407494807
-0.6646227232374015,-0.3194714188559819
0.8552906600899528,0.18679068509419483
0.3837690223065647,0.016913706777406556
-0.558288036133369,-0.17364335228777428
1.2159293203170731,0.7142671609104685
-1.3210008439528387,-0.6138022080442948
-0.838555109694998,-0.5953498713771888
-1.183153682849259,-0.5101041491099558
0.10092525484703485,-0.12246118987460858
0.7485875448009376,0.36449425378336664
-0.28750417616125595,-0.12252109669944393
1.0144676980483172,0.46836305764412406
-1.0970657171240974,-0.3400386064353436
-1.7119792623275139,-0.9979853240237431
-1.0937931578467477,-0.5448791150310027
0.1570629191422177,0.14665314608587754
-1.5927015206277098,-0.8032535205085246
-1.190661480238995,-0.4860903213320227
-1.1744162583157052,-0.6710851337336421
0.787257681121386,0.3738762548098552
0.8873147624498877,0.43398445035675404
0.28261826161278963,0.03471944327282574
-1.2384524698045603,-0.6878507275076589
-0.8613757252423762,-0.5042544145361063
-1.4829840248039983,-0.7711097677831791
-0.3381057295906112,-0.02479289565895998
0.3024883291033815,0.48848825112349537
1.3820826337974872,0.853100792863654
0.2918605747702829,0.11074232555597888
-0.6491724013669985,-0.28730363962622396
1.0753762155239168,0.5714557605098742
1.8511695423593244,0.8749277313905289
0.4150024099539436,0.38287809795364225
-0.07256956510787632,-0.11150547143108364
-0.8140446420876998,-0.4854202341481515
-0.9517306513092391,-0.6860448547220774
-0.12978889872014976,-0.058963740006652283
-0.2981665948229262,-0.35415262252670354
0.16834815281263737,-0.024253828835177488
-0.41929903076060693,-0.2433797529513521
-1.3453752564386137,-0.6307217340817797
-1.7151057748279404,-0.8067155666455722
-0.47121901094428514,-0.23431643837361646
-0.9019438382429542,-0.5809814034158746
-1.686315390449106,-0.7395132294265504
-0.5216567347754923,-0.24924046043832376
-1.5148110426804138,-0.9367430925436675
1.9498875912501055,1.0139643339712416
0.775325750223405,0.37538382776187096
0.693041442380913,0.45482835127264065
-0.8577690105606082,-0.24882738930152015
-0.7369317702137317,-0.4201793852230442
1.1423312939605312,0.4981979220107572
0.8125554408112957,0.42373514089735914
-0.2643146682955999,-0.20169755925765248
0.6449661075754439,0.3688584287226089
-2.995155749658853,-1.4388906759556765
-2.248481889022953,-1.071246340915075
-0.1528339961850813,-0.09438239797373842
0.3318566429594307,0.2682797046465589
-1.5425693876440516,-0.8372546918546107
-0.1277205190623607,0.043594389213606394
-0.7258504390834413,-0.43510100438374494
-0.038534100866537135,0.08616878594479188
-2.051070916229105,-0.8823087093878011
-1.218078046320341,-0.6746702136800367
1.1253560501697384,0.6482058830723184
1.5891795428156898,0.8646530024932129
1.0296565987149808,0.46159276564514595
1.8086183779647675,0.7904254331208754
-0.3883715882093207,-0.23689791939653904
1.6626580302721863,1.0133162078676803
-0.2571842770309646,-0.07051533201696561
1.185855648733817,0.4084720190084101
-0.09027537370003291,0.07326729990665497
-0.6183145439141617,-0.2614155946569815
-1.3878383270220402,-0.8689712512191302
-0.5503020448996789,-0.27443428506903633
-1.3300274170369093,-0.6376351025124563
1.619742362190022,0.8478666036154271
1.545932081114266,0.7588061489005883
1.4567242290536648,0.6122657410427781
-0.38390192877973317,-0.31104888157832966
-0.19851866273965119,-0.2126863094984307
-1.8431988264717165,-0.9355236597472698
0.1612651660213411,-0.05399707607664958
0.220999741566345,0.1921685396794285
-0.6287114692876906,-0.2564247733012788
0.10181096330633843,0.03720626445453942
0.3686137672572377,0.07068531961285517
0.5232999355577537,0.13750078228240709
-0.3176435783480154,-0.24116371058187075
0.3660346640031721,0.050717086605891415
1.0824631207904885,0.5340757440436553
0.3457230252136394,0.08756811056730296
-1.021932627376167,-0.5399777265263471
0.2832446436521906,0.18856783363245752
1.5913020944223542,0.6400682720746362
-0.18520308924620055,0.04660767564673268
0.17272558487331358,0.23467796614574057
1.9648773619626916,1.012397967087354
2.460541749766096,1.240610659513495
2.355457793752379,1.231016647034948
0.38205676878088857,0.3515433828901777
-0.3369794754154088,-0.2669877487692245
0.013679720818735058,0.04287914857473814
0.5581755461360983,0.13594620380353503
-0.15229380483324828,-0.22714354115435273
-2.027036381046233,-1.09405621725873
-1.7261733265373855,-0.9082534069557022
-0.6811334978620442,-0.30627711628318655
-0.040906184141727475,-0.157252083987731
-0.29619791046359095,-0.01686162395668367
0.02598491968477304,0.17050612763311873
1.4447382557785236,0.7902571331846998
0.9228561102250604,0.551153515580578
0.8193050554382224,0.4313070613777735
-0.9849014305908761,-0.37924864881152115
0.5563132063395783,0.3460143731597297
-0.8565766581032959,-0.5401101669711654
0.1849803575819498,0.08757206830710171
1.7111678615851502,0.6654687132664038
1.820755946672938,0.9642617723143283
0.5492760368259282,0.19192283630644003
-1.279267565606593,-0.5242954810975735
-0.1902586326657527,-0.04696097708862855
-0.29281016319080544,-0.1572215959025076
2.077150141990837,0.9807682589447027
0.6987043112774328,0.39856374413630785
0.9321644986297357,0.46867275953649107
-1.2229333543985568,-0.5472152702791739
-1.5346278770594384,-0.7714996730710215
0.27141584997959345,0.21734647552512798
0.09612261836898683,0.11222070000589214
-1.5170964429159806,-0.8861805488332887
-1.453986088227044,-0.7895319095908092
1.9348934060547522,1.089655742569244
2.5944505531962068,1.1842206378287843
0.2713019615344535,0.262668342433585
-0.6254905792535597,-0.2332054728582563
0.7838098654228086,0.48307724103356486
0.9618237542935693,0.6069225190198897
0.315068548212567,0.2766027949634063
-1.5012787698767835,-0.6600800175629007
-0.24329597246781753,-0.13721845200042837
-1.666755459921367,-0.9386838407572757
-1.7936636654472555,-0.9890038478337309
-0.4093507165915022,-0.3198447379505185
1.046321313267017,0.4794841801456319
0.7806780408613907,0.5097794851535371
1.2037881868647586,0.6072644526387065
0.3026643038978376,0.08898584472523943
0.20030965203894388,-0.062252078423797666
0.6224314937607055,0.34781114667866697
-1.5543028553725198,-0.7451500950148283
1.7069890912328136,0.8652860223726334
1.3571146886395022,0.699143055924749
-0.16820406750974637,-0.00013095107532576367
1.6228453369735665,0.9387964981740002
1.758959718965277,0.8656241456640037
0.4036696714706473,0.0171619725262957
1.3491452762328975,0.7154599860307337
0.045102020002381726,0.12405997518214801
-0.3033434806639421,-0.20747437082259013
0.3663167381550935,0.04345862317844995
-0.47452897920587656,-0.3456243178234437
-1.3385030384276155,-0.6445697653181369
-2.438885294173946,-1.0139605074318343
-0.8011697647317138,-0.43199115761985235
-2.0013979363837304,-1.0206455449409206
1.0758990654039957,0.6246152329209129
0.007290060617972771,-0.07228863978963986
-1.008663281972023,-0.5045013124931105
0.6113747366723373,0.26048943823394627
2.2599994665855805,1.1026529305685315
1.5306288018432248,0.791645205782119
2.500231321555107,1.0997837558395278
1.31358613251424,0.6587492753810978
1.4365731491951697,1.044760236821602
0.38776162662769004,0.25297676847192063
0.5274451537431935,0.3738296981753145
-0.026862203521537453,0.007547195394931379
-1.4134809242158686,-0.7660302806299194
-0.7970973945996005,-0.30023334964749726
-1.7778425819168233,-0.9867285393131936
-0.7591974510210474,-0.34318021640053237
-0.6095670777081634,-0.4686790244462548
-0.1573542736210614,-0.07111384955815865
-1.2033499864098918,-0.6098542004424383
-1.939798765960902,-1.0243284392374763
-1.8947631764060526,-0.9602367198391227
-0.7285759105868318,-0.2812728888034499
-0.5059845000948067,-0.22040123259639363
0.47604443198338486,0.24039720752772645
-0.6982773142750884,-0.2303227137977651
-2.5222457713099877,-1.330396235966996
-2.6360232647521316,-1.4058308493713805
-1.5658521667305847,-0.7055845960020167
-0.8474850580364922,-0.4791260954512919
-1.124636040644661,-0.6040445220895095
0.9717356946090897,0.36228837372170725
2.1602819191193654,1.2070008916678925
0.8398101031009764,0.5370737154751404
-0.24574048885744942,-0.1777029180198504
0.30407617954323596,-0.04980185159640044
0.3763919422031735,0.4602681198354518
1.9089103043837057,0.9348115574317971
0.12449948581038128,-0.013888969209357047
-1.6050584216679498,-0.8160605076162222
1.5320055858365067,0.708689463787957
1.3603552523616653,0.5374805172872795
2.4180210046344297,1.138605598024515
1.412684492388621,0.8853769708649568
0.8691910920831829,0.49958705055997815
0.3045945776262462,0.15790755478967328
0.6718665620699702,0.31926972019283884
1.8209825899128054,0.8962299835632305
0.6226385545070322,0.3337058345097559
-1.0283599064595006,-0.3725367804239552
0.0683209628550917,-0.035920500668293456
0.5344405461059024,0.20671178761390266
0.3496512571984988,0.15389147814786244
-1.2441207460146775,-0.836059287255156
-2.202929331288912,-1.161283226895982
-1.6637074093239623,-0.9445819150307957
-0.7606861248132046,-0.3840634326109852
-1.4637814059410579,-0.7273217325103566
-1.294570081281393,-0.7928974315855777
-2.043665358132872,-1.0336708808487216
-0.530880058829352,-0.14713922135625102
-1.9905413474176252,-1.0451626193204284
-0.08859403676841782,-0.081891257990201
-0.35338580982401063,0.04992769149161355
-0.5833443370472757,-0.20818959157595296
-0.44624979765170414,-0.15066566885616667
1.3357732700468397,0.673979637508056
1.3453397019977769,0.7003426103905329
0.7645148000902475,0.5457157404814187
0.2201723862061505,0.02100613018943788
0.22401966750444746,0.202115369865563
-0.7408111353470026,-0.5549092780046434
-1.3032541377892999,-0.6649956490157766
-0.5728738357481236,-0.18472520228307576
1.8589786246840025,0.9758155092424549
0.32226126452296205,0.08744218527318741
-0.34068541345162007,-0.024175062050602603
-0.9115465033766941,-0.4748180445943769
-0.46284889341795293,-0.13561848673180985
-1.2607056587888044,-0.4573211506291054
-0.4834947865599779,-0.23906829526108214
-1.4148896514230755,-0.7045614803993419
-0.27017486712667654,-0.158260172294429
2.1211187575909185,1.1611413999798799
0.699546547942896,0.22512183404528313
0.37375511807106976,0.14484649489221274
0.787033125666041,0.6204015333280936
0.4627442954425996,0.20331937626684943
-0.7661037959457588,-0.41725714148671633
-0.6773886584500808,-0.2483707727164839
-1.5363123868897959,-0.8987857026255249
-0.013215894070352618,0.0010692490930610324
-0.11702739465462539,-0.041621533041480696
0.8627873227501464,0.5498799015744824
1.2004578858608093,0.5310702600287276
-0.5692416222402196,-0.35192254137585555
-1.9002276448495483,-0.8657265100792383
-1.3870603943533215,-0.7334400207301204
-0.5046531003051018,-0.2300134379951878
-1.9304038749948,-1.029369123308231
-1.9535651238428569,-0.9499957344492685
-1.5505164528090267,-0.7779854797267913
0.2491562486059412,0.16756346493321603
1.0679827116678615,0.44654525830848557
-1.8126724539022132,-0.6341571729244321
-1.5954118693102113,-0.6306400922806374
-0.32935171794543167,-0.19452684454433222
-0.9429768737471136,-0.38403857370985794
0.5011290739465827,0.22410499824693803
0.19904147483186338,0.04170237269742204
-0.5307437550469861,-0.27722689922307786
-1.869973186312031,-0.8956639301719074
-1.2523981822383572,-0.6789522503554613
-2.0641880555369054,-1.0164099325020224
-2.058704553498106,-1.0312134081238218
0.1182846654294264,0.24801931196394683
-2.037582591399432,-0.8215991744548627
-0.8936488155992991,-0.37654650744325296
-1.564405315322912,-0.8182867463799665
-0.32012067313288256,-0.12446169909910487
-0.9549080679251205,-0.5353102418088629
0.3507556281929515,0.1873244864255531
0.06785183776967538,-0.020916876752094533
-0.46396131529322626,-0.21498651559841786
-0.4745149783888568,-0.2059542804464688
-0.6780953805548211,-0.30679045714751413
1.0857797616648017,0.400849655785623
0.6020021755193703,0.2667859589870756
-0.9957250810233953,-0.4083487224301974
-1.3317732726063487,-0.6198171428943563
-1.8734398570333144,-1.000324994760457
-0.3291202707393165,-0.2527492542759284
2.3769576395059286,0.9973947464564187
0.6280134758041516,0.2359249445151933
0.566144299821566,0.20387379362425945
-0.9962003593078598,-0.41587552753099716
-0.22239529494578747,-0.17694693892592173
-1.453222864929697,-0.7376015337368667
1.0594744843021662,0.6392882507645137
1.4425979917617004,0.6529492753315949
2.1661730689519083,1.1808254942268854
1.280371135187512,0.7162240978049265
-0.47827069806904265,-0.16716649087081997
-1.9804430671460593,-1.0146547201022984
-0.7151587351747384,-0.4259091453531553
0.18611304525219624,-0.056527833971043495
0.7757834897789344,0.4351547732567698
1.6200724735220458,1.0763401406576893
-0.6853583052212849,-0.2730242659516379
-0.7164673624246468,-0.31751963809784084
-1.4641418904703305,-0.7128750860267846
0.8336494497538753,0.48596738238241266
0.6095463004702045,0.30332057688863157
-0.9312728857015993,-0.5359407304329302
0.532416384938822,0.4581122076284843
0.37388732453328766,0.30736435329957257
0.7452627897112736,0.2949058072035321
-0.16920915371194983,0.05032067308589916
-0.932496982761294,-0.4100734126213809
-1.6266745688972004,-0.8109693094935727
0.8852629704912702,0.5209918870622843
0.4582931152226995,0.2512564487544747
-0.19251427546874356,0.023527019617533673
-0.3467835965201925,-0.3080489027505699
1.0062662045918493,0.5396050045893311
1.076730621478915,0.42421885893248207
0.13390935119286662,-0.09657134685714441
-0.6053608711158847,-0.41255142516262727
0.11294158885412192,0.014355445854076436
1.1056941274282834,0.37094920779670304
-1.3287126935623577,-0.7433013452808046
0.595770178388338,0.24869243993808102
0.06315371356688793,-0.24802232763873122
0.34411501533310723,0.10793441665319752
0.6505563777433171,0.4497028147598112
0.003648257905848884,0.014249901877565299
1.4664131300933865,0.7233965373569213
-0.5771865986122717,-0.17523450123951265
-1.1542699589688648,-0.5907944499896955
-1.5655197050739542,-0.7126531851061233
-1.5534055274103078,-0.8259660900994862
1.0949501308384277,0.5323461088418908
1.3941082643632807,0.6578660466152113
2.159861512892622,1.1025661564225686
-0.7767651105914466,-0.5056366062044955
-0.8882865117804959,-0.3410769906167784
-1.0207046403661066,-0.6964649943567369
-0.6834694764487157,-0.24145132684872572
-2.344048866130648,-1.1486382643260904
-2.2461748958858188,-1.1264417215491087
-2.423604956738556,-1.1532460150527628
-0.6332671983946287,-0.45206761477977897
-1.1557464646195716,-0.4710578422355017
0.45082287074616867,0.26754466468171423
0.6459149607858117,0.39273916455179886
-0.6404501876376201,-0.2673844639749855
0.6755064571483134,0.31297239539900523
0.8917206250795853,0.4570866379480723
1.2721234634568077,0.5708539736880829
1.8150755665218168,0.8467221172966818
-0.14917440512595137,-0.13902950805117165
-0.06977544953974738,0.07208864523428346
0.43314194331198325,0.16444090690373248
1.0419062018735907,0.5306539438444573
0.21579604550880244,0.17445829779802136
0.4301754434952805,0.26828781083473463
0.4179946784637908,0.2289500472537887
0.30896647758317936,0.30222774484393844
2.3352096483247253,1.1974726008796355
-1.139903836634283,-0.5815557687280715
-0.3602662319360289,-0.13772241360254558
1.7745937600665456,0.8600574524491537
0.025193740610025217,0.030573579918312
-0.22040520364393754,-0.05920691140939655
1.0849709107445915,0.6866215646255747
1.1009111025440963,0.34793756984126273
0.8421738081786387,0.5289583838670383
0.4314215543370886,0.23053151207785028
1.885890419304103,0.8722227167614331
2.27469460212186,1.1405740783652787
1.0236849015513887,0.6218447550306748
-0.23340776982336497,-0.2822462128509891
0.7163098547346434,0.3237755198128279
-0.5756497016582754,-0.42681597010225714
-0.40694036643832165,-0.18472603786300157
-0.6786578443185504,-0.22528792058423436
-0.22243725805061235,-0.1254280156844196
1.3250281768658654,0.7123781356952508
1.3837470200898214,0.8643567319109442
2.1415927885022707,1.1542011482903465
1.7067199518499199,0.8845822202383293
1.976708589484934,1.1517217573932852
0.44591416540584694,0.162828568269456
0.6131382324530708,0.4267762364882114
1.5902227678017917,0.7677779204793712
1.2185079211470873,0.6816404284537863
0.45592305138302414,0.21428648178007897
1.2794587056432154,0.5940664445332564
2.3426919384258946,1.2178454190472623
0.09528999549946704,-0.11756560060804261
-1.1837222872208493,-0.5992363196611968
-0.10923680852927037,-0.22103230771583673
-0.12505737145854878,-0.09912622940688773
-1.514809610361312,-0.6697860637903368
0.16384486839582402,0.21377308550288196
1.314747986491677,0.556780763830675
0.00027914532858619445,0.09374777885678022
1.7487089401936198,1.0261448902400088
1.6968984341807847,0.832344991670462
0.8653389071214705,0.4591662085961882
1.8834179089386347,0.8868982494832158
0.3725492452916314,0.3296711189800584
2.834124605546435,1.311053291681118
-0.2604835363341448,-0.20805507031942388
-0.07409891835965636,0.07893209044258617
-0.812979707033571,-0.42218048247541906
1.261573232959026,0.706922493080379
1.434089506827909,0.5593111227721459
0.3821849239664947,0.18637710982282454
-0.9063995165372533,-0.5026597438763302
0.15469604531477554,0.2825657554552877
-0.13251540181788593,-0.16394330517079347
0.18096345467456895,0.0074294104747073125
-0.620908097314183,-0.25401715570534594
0.11376426029750492,0.10749849438697139
1.1995817557919684,0.4922570076434345
1.8859616831724852,0.9873880073474072
1.1926015857378771,0.5589563436042037
1.9387760264904,1.0814206962656454
0.12482450793341959,0.11566092858628657
1.5186933006955197,0.7401994805601804
1.1587909713737081,0.5806191446733733
-0.8005273129603666,-0.49720136199878695
-1.0639755460236526,-0.4099279610924947
-0.13822918461896416,-0.17907256857800546
-0.6171193766887894,-0.21545738897830807
-0.7579008856678635,-0.5717051725442723
-0.8391067724195914,-0.5128099184070746
0.6594713117374158,0.3763925090495453
-1.3577135437491468,-0.6587330990041714
0.16239114811441668,0.22783691931610642
-0.009548282063624555,-0.04334049038278309
0.14740530676353347,0.0535636665352909
0.9775079610140791,0.5531080616495055
-1.109529856769225,-0.649043011308634
-2.618276410413048,-1.3592945390486848
-0.23894813567991557,-0.24637471833604516
0.306497485182835,0.02526859684469898
-0.1139377465782295,-0.0800533110269972
-0.5072929854052874,-0.2886668152230804
-0.3051382660699702,-0.19243254888255043
-0.24133247676349906,-0.06044272784972668
-0.5638699267605983,-0.3594196396887352
0.5236274685336864,0.15350520646205684
-0.1812220916874,-0.1432728346912942
-0.11170075638243354,0.06793445940628255
-0.1379979444777793,-0.01503645456013513
-1.8632161071781081,-0.7617625278320451
-1.4110352921794966,-0.567040748480499
-2.1029907753392636,-1.0341755535731065
-2.7686152072984997,-1.5492866325870434
-1.4209352412836218,-0.7579358069416122
-2.6709074246933495,-1.2391609588154389
-1.5152133563323977,-0.7046940049072444
-0.9350299777816771,-0.5320609230988789
0.0313175362712349,-0.08125656518716283
-0.1690925163851267,-0.08545341099312852
0.3525588480451595,0.21173750129217794
1.9677733678324694,1.028334628141852
1.8401486895058237,0.7550004770697847
0.7919127969139967,0.29569111244053237
1.2120526495465729,0.4491125588750385
0.18655368422455904,0.04146815416091837
-0.5085200614136449,-0.24561746535434975
-0.6168421536161626,-0.29861070313559385
-2.3340459640378635,-1.1037756401903858
0.2125119583281192,0.15295879156990172
0.801568362583459,0.3356895034972741
-1.146745707549739,-0.627822953211809
-0.9618943978988049,-0.5933396982800662
-0.7405659100713988,-0.32999889578158886
-1.6242940560560093,-0.5938100492566043
-0.7158511694738332,-0.45437723107510497
-0.7461853337552755,-0.2938029144142289
-0.564824145012949,-0.38583825962256724
0.8024745871818045,0.3321437353993457
2.2337106537802467,1.2229292106037537
2.527142128374281,1.2870971776647224
1.855379480676426,0.8213328711227735
3.4626078374173765,1.7900601662301663
-0.13667089346193673,-0.15862191948315252
0.2793355076716373,0.20289202287331698
-0.8045525339266449,-0.417177477627159
-0.2569946081335438,-0.1236366457035364
-0.0929615638222975,-0.08671007373942635
0.951959184595212,0.6157005062916823
1.2105977415605176,0.46638044683257573
-0.3203549697355552,-0.1929742953022805
-3.5464297684977106,-1.832407531650683
-0.2807873119220038,-0.16208512659833524
0.4845881044833936,0.45164996383249484
0.36025138333862966,0.029665707010487707
-0.0037713380655500506,-0.08431653996273024
-1.8140813297546046,-0.7492498935960417
-1.7229272313230917,-0.9047498683230275
-2.9313999686797207,-1.341160112480942
-0.36845502635063476,-0.18005305098595553
-1.416094247021444,-0.6748283126600356
0.18158762170395681,0.031021552889759114
0.9833930262236078,0.40089719636247195
1.3446493176363141,0.8403660395657917
1.813950499904232,1.005022175520285
1.1125404174803732,0.4557935845045318
0.7792173480786369,0.5093922498817147
-0.4047309177612578,-0.26528819279683874
-0.45575976399207213,-0.2063288090499901
0.9329867350961158,0.4704496662721613
0.828050971571108,0.37159383232808274
0.9268431869388712,0.6031026870194433
0.657209317698757,0.2371675568760197
-0.5260282869891557,-0.17489649156490153
-0.6230570386724217,-0.3884870687878339
-0.3621239342025052,-0.32671718832480334
-0.5266112144515386,-0.06984450165094788
-1.3552210585755844,-0.6118565400658916
-0.20488160532810373,-0.12114188639481216
0.17568379568728545,-0.010521849994162752
-0.33782058419328387,-0.07030897726310179
0.0663100747172147,-0.016564588686771145
2.004689089937449,1.1367135800900605
0.8314730421120843,0.36102502698369116
1.3028921217137004,0.6037423805131535
0.47485717489699963,0.23119730246615955
1.931513017911822,1.0142831212502
2.0833477300000207,1.2187112330404717
0.9552945500284236,0.5132097879898314
-0.2018828059864528,-0.08220587395942001
0.6116310702021969,0.3931395552720959
0.2647824248894451,0.03172928029627427
-0.9755301516881812,-0.44454180362061935
-1.7843858928873257,-0.814411788791118
0.8197743167692014,0.5365068119423553
1.458583525709061,0.7464670304241187
1.2830204912396375,0.7537075460197417
1.4175619213104143,0.688701464180294
0.9030523120087388,0.4693478078606371
0.7413708186462533,0.3749448098604487
2.675555433197422,1.2844021948210718
-0.7961625691087777,-0.4206824879053816
1.2920222416823248,0.4252274954659177
1.5793665287761196,0.6746675071749044
1.1971321473035212,0.6130437131950048
0.352364638232013,0.14637406876664927
0.7361585188774278,0.36859771775262
0.905039760467061,0.26587233602424254
0.6711017268453805,0.4475623520936568
-2.0950489537536026,-1.2233095212446234
-1.830771337903574,-1.0885302162153125
-0.2413770680275874,-0.15153488990466413
-1.319993800422013,-0.6089478606439745
-0.09531322867371106,0.13913310529286874
0.02119848546461113,-0.11598060060205637
-0.695736192760433,-0.44751473915587864
-0.8811914128594239,-0.5387202012674235
-1.5535879086351319,-0.7080486162173297
-2.4092968434748787,-1.1632052615089665
-0.7412828774598504,-0.35392683076348325
-0.6859090451435355,-0.47507130430611666
-0.31330014493688246,-0.21862224265896146
-0.5978190555954986,-0.23488091826199797
-0.02555156558171151,-0.020641307826902683
-1.1403249220270186,-0.591208525979831
0.038539318272125644,0.10269088449263064
0.462168508004782,0.31443967847322907
-0.5897969936774894,-0.3265375684660661
-1.793583093586998,-0.7492209450539378
-0.1781940931902546,-0.21281517631665176
0.49092385217317286,0.21364555124828807
-0.8917372103304548,-0.41550984809537383
-1.0114028509070496,-0.4185901036109161
0.8614051660122357,0.38554138145043
1.9430190971828296,0.9082939914674549
0.7639542406391828,0.18990434810160894
0.963920048065092,0.3918835664371266
1.213435185468701,0.5527138468648212
-0.5834110610394716,-0.37045437120148694
0.19957001051805512,0.01953228240963445
0.4633663484318187,0.16954155788385242
0.6701826279044221,0.322451291540554
0.497172674356086,0.3303071872678801
1.6558292708031934,0.7898192126478418
0.41252327861246607,0.2592184961061552
0.790977693290992,0.26649779464442436
2.260254986536979,1.0758762058403035
0.7654499439210072,0.38997745435814446
0.2579050258223351,0.15844565655874726
-0.3750881172222827,-0.3355564097923711
-1.6479336320821079,-0.8566958522067838
0.9552022242164975,0.3492666573555424
-0.17448120416297808,-0.07189737245522987
-0.8802133340292757,-0.442839114783974
0.879826860987017,0.2538966102388464
2.3223854522250478,1.122881450485306
0.9030922566769718,0.40983233488341225
-0.13181035106996308,-0.10362952244768028
-1.0454597075032837,-0.4546749007687428
0.2325401625120168,-0.023069863877618363
2.139338923579122,1.0677330930016045
0.9918323970121475,0.4911836918119674
-1.5275396509434462,-0.7459207147887216
-1.1026430405690704,-0.453237664630553
-0.22451145606181983,-0.10841713288825419
1.1539079994556063,0.5574000225946051
0.49121644267278497,0.3463220078486228
0.6402076686622279,0.332803715589254
0.5813868346728768,0.36252728015631475
0.7737509197823247,0.42520994346817637
1.5864924963231457,0.7226751862179028
0.38037073942628663,0.20880233861085548
-1.1419666693814579,-0.5347834398130098
0.714187252523265,0.32100356183089307
-0.2770679254846081,0.06480961362203314
0.09302889154177205,-0.11243661264366046
0.2929265560397083,0.05573370843216496
-0.9715675090711997,-0.48394849903299625
-0.5423724109665757,-0.24516422893697515
0.24836035144026364,0.1356686016496017
-0.010482756987472558,-0.03847105266060906
0.2522064893030047,0.060751896135174094
-0.9932018871369681,-0.8156823060914513
0.35518075819451955,0.2330163741586403
0.47357783709970613,0.22540562256978314
-1.5311649952152695,-0.8148197142282035
0.5047746089810509,0.2844847564312114
-0.45336385448404537,-0.4013049967244748
0.1943620998443415,-0.004084050000209671
0.3125705935627358,0.032026375303199156
0.3078961136403504,0.1627566347611767
-0.2875912669540518,-0.16631119781095835
0.02680084995664761,0.14283334221578686
1.2799366013964488,0.6172214852595652
1.649725616736709,0.6370357120702873
0.5961942888121845,0.27159562123964337
0.8251122612463255,0.48141365126694047
0.07476338203410376,0.08867949080844693
1.2964728267010293,0.7112215198406762
0.5616655321392451,0.31319790467975644
1.7386528914453188,0.7172112349671699
0.7475473680187184,0.4289541190754152
1.2082651118759453,0.5116956336607605
-1.3527049034030822,-0.6658825153271509
-0.7767121737757876,-0.4581774951974234
0.3145516310669717,0.0870645722189179
-1.1590804378293829,-0.6522599655650813
0.9781015639540107,0.43547555918531505
-0.3826639166071223,-0.17578153835233443
0.10540240093282527,-0.07248830190466121
0.730133158616199,0.3541407821919881
0.6293984145850298,0.3371070751613122
0.9076858648349397,0.46332022922999727
1.3032952302318566,0.7128596707980467
1.1022595823120565,0.613701106185925
-0.5216949954256135,-0.17765286768121608
-2.2865969157308843,-1.1040027516931623
-3.2079339802473474,-1.5038456614196694
-1.599585159840657,-0.9186863088791966
-2.1745466993100284,-0.9667897185466151
-1.9826445653949016,-0.9290241583863664
-1.7285300630464875,-0.873258834701946
-1.0824063597955713,-0.606552987272838
-0.1385151384821875,-0.06591989409248979
-0.8478712237036541,-0.4448410609571279
-0.7317543082750253,-0.34822049419668294
-1.2787443170549964,-0.7495119329409307
0.2453173005557997,0.27403548664025884
-0.7858090762993879,-0.41381551033520214
-0.8186958619207214,-0.3930346586263431
-2.376631627545453,-1.3362241868165545
-1.8467943267694324,-0.8936390759914087
0.16916598639766967,0.10613229965792151
-0.7603896779751899,-0.24256049794067966
-0.01911314188090668,-0.05047354145652823
1.770501472215422,0.8672579812288179
1.7195099027944618,0.7241285601078044
0.6894393114921633,0.27044308870148476
1.8393253622823222,1.0302034501779418
1.5886983765331593,0.9765053878218095
1.690546570338494,1.056742025187755
0.5938159121766298,0.232534372925464
0.0038226609469565465,-0.07246692177139298
