-1.0361175359997798,-0.420185290878077
-1.2057316644515859,-0.5442911392066353
0.30892419597490417,0.18072309179956048
-0.40970452858496387,-0.01645404849186921
-0.5558392422415526,-0.34191431231140956
-0.10381165496609163,-0.18046090976749224
-1.0601829800174458,-0.6189675664374411
-0.5185123557817702,-0.05186922897784277
-0.7165137780769448,-0.27403195084575116
-0.6469605505453935,-0.3298817312671412
-1.6977780712861479,-0.8637666107303953
-1.6778203709467916,-0.8200318550655513
-0.6728531111637737,-0.5154723173920699
0.8760922314160825,0.27715890986379993
0.45817421187773605,0.1159712298483214
-2.220235992500575,-1.0892416029648109
-1.662378896029588,-0.8814357562018178
-1.1253904128830545,-0.5838707930375359
-1.0008382020344153,-0.5614361045034384
1.0522315811461105,0.5114610314859575
0.8688842249357978,0.48136290922878444
0.7862067231661417,0.4085457131194061
0.7810267277711439,0.3506704951956541
-0.06085019468923153,0.03718725488855411
0.877150606727262,0.5710468785652434
0.3159869020848519,0.19916370872238504
1.0897838327683445,0.3706530938821033
0.957267290224773,0.4032347159069773
0.3174278355183534,0.10030634407203501
-1.2596000057751906,-0.6025008350491571
-1.011952123586146,-0.5435697585675299
-1.3503050710703821,-0.6885935776574384
-1.2663860088356809,-0.6817633423930908
0.138670142955712,0.1502138871988702
0.07860994828752314,-0.1253921715194867
-1.0412220644074028,-0.3070161681073116
-0.6092586416867904,-0.43301890049926517
-1.362142026803986,-0.5293945847158082
-1.6813380929035329,-0.8661317222173499
-1.4775278031287526,-0.8478457948281857
-0.862821469826425,-0.4688565545685076
-1.4436177939288508,-0.5156924035145269
-1.055389600820686,-0.5255819137422507
-1.2005783527902794,-0.4335189624729502
-0.26930428701398335,-0.1499712921651434
-0.060890970134093475,-0.14025206160537695
-0.02165695235899374,0.002123746457189624
-0.10256466681230969,-0.02647180117368501
-0.0035324352463315667,-0.12833879931713035
-0.291697193757213,-0.19187229044745632
-0.6195963904497932,-0.3907906247786088
-0.546588340519188,-0.28566490184559906
1.5309512425366065,0.829403713198419
0.6554882261315421,0.30577257522966356
-1.3636402651550783,-0.6345125066283838
-0.9990484708262715,-0.5449897756144804
-1.6492854564778265,-0.7707993745560199
-0.45607672351315537,-0.33605613227529496
-1.1937253229971216,-0.5918305055354309
0.22559790240879884,0.054114851006361916
-0.3760211944635996,-0.03368918954377728
-1.63386200860976,-0.663521440296053
-0.9292616253913941,-0.412242265133174
-1.8775201731186764,-0.9586360710434931
-0.4249392636049074,-0.15598233917004112
0.09586858198043485,0.06735190213461162
-0.7295940047120069,-0.4010247517560689
-0.5964680570378117,-0.14780710321714421
-0.5139651531539672,-0.06896511569676944
1.8951904972062132,0.8178111095795118
1.3499345344104587,0.5759961206536415
0.17480404925424198,0.28953141462106713
1.2114161532609113,0.633933650906061
0.5302398989345156,0.21510346450992388
0.4932028422499048,0.3198659058538403
-0.011808718906194948,-0.1020757655142433
-0.3776482779277156,-0.13789567109055254
-3.0001047110663595,-1.637884860212444
-1.5644790423237285,-0.7398749500226568
-0.29116718441477807,-0.44747032204177517
-0.0744855206905827,0.0815982969579921
-1.395118810235065,-0.6969711269285509
-0.5375069787214631,-0.26297035344899
0.04131356730648161,0.16507627257182692
1.2013253244445448,0.6725124427183052
-1.6440416710126855,-0.8550308900779235
-1.4119560454748052,-0.64502136015848
-0.6903600825076358,-0.3909946467210597
-0.19976738361856838,-0.24417788719809272
0.1628883314376764,0.1262251798084631
1.171729365600474,0.5458169363014733
1.1577346354806717,0.6692863863447535
0.777849726241131,0.32516880527246134
-1.7711993375946686,-0.7911444510343735
-0.685429815681642,-0.5377241966152769
-1.3963159286343,-0.7477508928190196
-0.09140948999761112,-0.04247407177771016
-1.9363231439952344,-0.99361446782167
-1.4580093161988033,-0.757365251338642
-1.1605856107306471,-0.5689297899717484
-1.6780369468780085,-0.9935937059924214
-0.5969215507888935,-0.3110946055062455
-1.90862541832255,-0.9160936109332904
-2.396514850987176,-1.0454837289354446
-0.9327545226119497,-0.4316098636140113
0.8212151851656873,0.3138535847993736
0.8227562719465296,0.5727289187377503
-2.05833197201278,-0.9701173806425624
1.0058605382642556,0.5683474924149117
-0.10807582796277482,-0.03048949144014241
-0.22149436171509299,-0.20015311282086057
-1.5066167533773085,-0.5804609553664266
-2.111729204857953,-1.0435916066168398
-1.775193450369247,-0.9541166348225113
-2.3269887710846637,-1.163655151866047
-1.0210286612653996,-0.5557316023743741
-0.5400971927152753,-0.2388944551457063
-0.8600915303948744,-0.799614448364023
-2.932963596395418,-1.4121137358532379
0.1850182234819353,0.10442714136580648
0.19455772237409458,0.0053623497279707555
0.005495555248096584,-0.03183634072855584
0.9035892862519586,0.4580582495743798
-0.0919015109995398,0.017002970692161015
-0.28416358373910583,-0.08581651204822001
1.6950225296612642,0.7575776251356084
-1.585826240340893,-0.6212456965197134
-2.2126150322785723,-1.0737666817298082
-1.0474011978686468,-0.5126239650625012
-1.30220517250446,-0.7001387332103081
-3.1417851942977326,-1.700286807252732
0.01834233692168652,0.1774811835785848
0.3786363376868227,-0.0039989285151726395
-0.7251952047904024,-0.3639187494931001
1.6335740333280537,0.8509350592492309
-0.03535699754436916,-0.17520658408219736
0.8859529434527839,0.5949250738410654
1.2263472910820092,0.580140420723227
0.5250169865672523,0.2596335621144815
1.1205677409861823,0.5985774191309414
1.352518081059288,0.717449368303315
0.7453537368522883,0.32619396268341233
2.043391396759055,1.072223998641711
0.6160971550561427,0.3075474911063628
-0.44758397150091783,-0.3331462656673707
0.2788978446782048,0.14188798647346956
0.0782843949264827,0.06327723258642089
0.05228038192791327,0.08043543325652384
-0.1780181098174868,-0.0728429464828154
0.015194187421225316,-0.012378412299530059
-0.04476129165322369,-0.01879159977002863
-0.012785771928774902,-0.03882494343279005
0.8124604571009092,0.5193881937522865
2.540691172382605,1.2236433938984275
1.6112812712334155,0.8888878004086525
-0.11574916138571378,-0.14251832776316484
-0.4906517715458055,-0.3440767823749732
-0.0396451329453682,-0.0819384210299228
-1.3645998596518203,-0.5671416451465806
-0.8872728126080054,-0.31909303182742954
-0.3625436506886215,-0.1893003068199817
1.2138839792360936,0.7305431275821782
2.0843417755061666,0.9503146751992836
0.6245370217207975,0.19915783857265723
-0.6682119427929973,-0.3869644148016553
0.6211716862401585,0.3570351950640368
-0.04904829941254968,0.03392589737169283
0.17358377230390673,-0.01574340330923843
-0.6537413291798763,-0.38099424697241185
0.3755562507453035,0.12385649736162913
-0.20309180397553245,-0.1699254469111843
0.7735392741480488,0.38071508282829203
-1.2324968111125032,-0.6413183518725664
-4.234069146912801,-2.1164171022185005
-1.8939855748686347,-1.0115365053466654
-0.9899755664531193,-0.5698108026403217
-1.2214426551570767,-0.8056990412996199
0.5931541644051601,0.3051727180575966
1.5427403644233482,0.7420758295335012
2.4541221782461258,1.3716997475930417
-0.020110433914522385,0.044386474274708966
1.6485568217646884,0.9386208343150888
0.10294761367430938,-0.016061553820421556
-0.14007504133654264,-0.2040628973240265
0.24541996911407904,-0.029946852782681332
1.451929261790442,0.7974342874882011
-0.1425054184939264,-0.06780875509021395
-0.39967270470547606,-0.05208156540249981
-1.70104866497617,-0.9858481184157679
-0.703712477666476,-0.3247979624173715
-0.9524544034285933,-0.6050969224686208
-0.6624328159708197,-0.5030398825358836
-0.8682164890788526,-0.4294968632501024
-1.8030141456091724,-0.8653474293254922
0.8347526685135549,0.5194590516603335
0.5885845636299208,0.25754656828600875
1.165839351220419,0.7155307464589806
1.1152842300120023,0.6103708831612651
0.1965896994920157,0.17789665550739975
-0.9102888997710821,-0.5206339551628005
0.2983893699720813,-0.08784639012932724
1.091911573941537,0.5817091002648432
0.3640132929004095,0.046817572713643285
0.6972725476258383,0.2905779396067848
1.1860154907491678,0.7558754342792697
0.3534331971177176,0.15969153683309137
1.5612218490514937,0.8706627101040296
-0.5638187661957003,-0.3317216273968421
-0.9448243766284722,-0.39558713705686993
0.6100998933570589,0.1864621214697783
-0.07832540034903879,-0.0964586707317657
-0.7064452021400422,-0.4857318604302266
-0.9432372297985685,-0.568937130210303
-2.1868198487517043,-0.9481241101499938
-1.8515166616281018,-0.8683371936754517
-0.9149590782367245,-0.45267007931184977
-2.000066836278414,-0.8415209230449459
-0.7648986553810484,-0.4488465038826974
-1.4710473819519145,-0.8210062704863667
-0.11777142396501117,0.10794321295488246
-0.8346851250147755,-0.42476396821420137
-0.4344361580525573,-0.1427774678826848
1.0347520949768545,0.2566168691041466
-0.9249782031463378,-0.551119056074199
0.7330488766112663,0.3901220441456166
-0.2702910812432995,-0.02145694098046458
-1.0176314195814617,-0.5248139828185137
-0.035574920916059405,-0.19783331780384014
2.081046445013935,0.955860599077147
0.9452241814222438,0.6295123959675779
-0.27817728727044944,-0.16371144154701253
1.797354528947942,0.8942089514701426
1.7904856462607648,0.8605616402570866
0.5592548971175466,0.300082632845578
0.6442625288252685,0.37015976974966874
0.19876960662438153,0.11954025574868542
0.24444286449472297,-0.004372621746237648
0.21228987368488603,0.19024463414221793
0.9257663341985275,0.4841700188420066
0.43548378464397963,0.23377203935267424
2.4525555514649358,1.2566810404576356
0.19129777129884462,0.03849289577657382
-2.1959676897496037,-1.1687973203804682
-1.4615860799778178,-0.5945027989279514
-1.3052086006018762,-0.6348922557851426
-0.9120976052712593,-0.3858003681300525
-0.18732336077151257,-0.009834372955145596
-0.14740136895905687,0.004646145988078873
1.018471037498187,0.6558586947691
-1.21153285935201,-0.5824954304540044
0.13708361294868499,0.10777180212333361
-0.5048903146904431,-0.19499598706402232
-2.8214497816094313,-1.2537311872295058
-2.705176786281254,-1.4576214884276804
-3.3776675328047783,-1.6978188181128249
-1.050972673789648,-0.6201129359760973
-1.60551675229358,-0.7467734685661235
-1.4225677311118947,-0.7468722091927328
-1.1098589523080085,-0.531578078708907
-1.1808461813863935,-0.776320089858544
-0.28526073317076656,-0.12238898199622
-1.257650488380286,-0.6127716660710152
-0.10208584808807852,-0.08664201826343872
-0.41217332123824346,-0.2635129850081427
-1.8739872859056534,-0.7570727995894618
1.2603296671864186,0.5973341721278652
1.3955782611599983,0.596689250542497
-0.10670713493138007,-0.08680889680949595
-0.7331691471350601,-0.33078972868744355
-2.852330480192701,-1.4039058073224853
-0.5781548530603604,-0.22421675828083354
-0.8401982688672543,-0.4954931578982887
1.3773043495061001,0.6417641690856173
-1.153271340359546,-0.522757468184627
-1.1228911201163474,-0.5352732486050076
-0.7527367782449049,-0.3369788143697391
0.20916834284494212,0.2346687524802254
-0.6488995520640539,-0.3418467282950612
0.8977492812942343,0.5679106566093148
-2.612391423544078,-1.4209297844229478
-0.8194856018405225,-0.4994475909231671
-1.5548410728369315,-0.8010329590304679
-0.486684808312864,-0.209886857979098
0.7438361834436947,0.37481446761594484
-1.7991433164527983,-0.9872245161755895
-1.5631658273461664,-0.5960656655001177
-0.09636828426175248,0.03904990753306288
0.4644860968019014,0.17610824851404538
-1.8053659095533616,-1.0714530335688073
0.42453725240962525,0.17214320317538634
-1.4649184085825016,-0.617315396547408
0.5228733663925732,0.26215872431348397
-0.7289375646778029,-0.23107460234606417
-0.3889436253041116,-0.02565499208416097
-0.9645468495066598,-0.4594830250228427
0.15225665494075347,0.12246542339326949
-1.0193495832918902,-0.4270363891474527
-0.6547285233523489,-0.41589158858889713
-1.549966218131563,-0.8297396955807216
-0.35714307373849546,-0.19845969916168213
1.1425728524292944,0.6269503240710272
0.1845541601325864,-0.06568019590295038
-0.11408710266640998,0.07854642037757725
0.6070312120133431,0.23188047457518685
1.2520185281325402,0.5867552187747891
1.540463667146251,0.6956285310770871
-1.2813854616231568,-0.6698232483999562
-0.3301435023485525,-0.27211853492084886
-0.34633158970019956,-0.09571658638140308
-0.09183951888525535,-0.17671604937190072
0.23418870691166493,0.2076919999761131
-1.0731662994533793,-0.6881653449309071
-0.33141614887177906,-0.2724788861246156
2.4239222892838974,1.1177729545428732
0.7916940025185577,0.28547458740167475
-0.4580147373295564,-0.30137792883173614
-0.37086982160951,-0.2827290380199173
0.43139222149097656,0.2002805229591078
-0.4864740255344313,-0.11889176293620324
-0.7630706228041348,-0.39883577856048724
-0.12776569603509536,-0.13406224559665392
-0.000977845573668576,0.08752513657601022
1.141009861522055,0.6253553158458331
0.8380476452750675,0.5260193313843331
3.077825395294957,1.6594192086469586
3.194899181937025,1.572509166927707
1.283338077452297,0.7247813868296852
0.24962790054810374,0.08025061889016064
2.011256977743031,1.078572798702308
1.1825943333425357,0.4581558816448694
1.2123608230999214,0.7419742853315411
0.47217392429453087,0.3229609207541077
-0.480476115332068,-0.31124250417683136
-1.6123033021570605,-0.9452811669745457
-1.343520442879985,-0.6152729032464519
-2.783930571070031,-1.4667699920476185
-1.036508277740057,-0.4441658008721252
-0.4554449248717284,-0.23214531809528008
-0.6583927024477396,-0.3754295063433963
-0.905734890949261,-0.5420420861704729
-0.189671948575782,-0.17131601365360868
0.9802276682081947,0.5606097049611091
0.16923620986393706,0.1766600970938053
0.5142024359033843,0.3637501945678686
-0.25017053794574845,-0.07079375148996378
-0.7669558000408307,-0.4089962690084763
-1.64786231037609,-1.0298107982720455
0.18102376449476443,0.016094879744633486
1.155058978431888,0.6168284279663043
0.40273398093783186,-0.071555985868553
0.13536307706204923,0.16855319725986118
-0.687253694023797,-0.38152590535618797
-1.5269512112729133,-0.8744988376939802
-0.3129564701344846,-0.19864947774442668
-0.04433373122645748,0.13763894297062285
0.9131503194127233,0.47398218053166197
0.7876789040836738,0.358689629326185
0.6338843013085311,0.5174210755317645
-0.02725890671425879,0.04911140973928059
-1.013323303072449,-0.5088013128011097
-0.31314767167214996,-0.15791924735250046
1.493698586811334,0.8217560461245115
0.1922512058857347,0.009156573897713627
-0.12764402783788473,0.028750346318335965
-0.4860196732574921,-0.32931990888220286
0.06510123993338801,-0.05651863492818281
-1.2164201635201992,-0.5493909118941911
-0.05600111841339395,0.04721819112596179
-0.24104267882966068,-0.3014617787919862
-2.1625291350893003,-1.0436223973654848
-3.8163908519771863,-1.788562181706021
-1.1740039356233478,-0.5972506664362871
-1.1980580471874722,-0.684201569993063
-0.5374363064307925,-0.2654222297470948
-1.8194621855908355,-0.9428274678045517
-2.2897887068590976,-1.1638212489107491
-1.0715304717179062,-0.560520571553583
-0.5883758322408966,-0.31811245836433816
-0.20859062091831546,-0.04114532743997132
-0.7385081915729819,-0.5092594836489432
0.4710690746299567,0.14787619801713314
-0.062341362469284345,-0.10050242330252315
1.2951381545008023,0.472980102386539
-2.5405795263234316,-1.2686016083967326
-2.8503753074227456,-1.227426480791369
-0.2709394410176812,-0.1907283982621664
0.8168880836932635,0.3968491603888648
-0.4698642142160552,-0.19624446005366203
-0.6632159262328375,-0.3496350508368479
1.6414432769226583,0.6866784720647776
3.631303621224193,1.7522457483101368
1.2447045061512427,0.6882364287007376
-0.30246239369377415,-0.19863671308009206
-1.439425883651068,-0.8754401846184996
-1.3881465435256157,-0.7301979329933691
-1.7485144965459714,-1.0568587399659264
1.1011735853636826,0.6713876098331695
-0.023315219418847177,0.11263979500481067
-0.2411304440164361,0.0688475082359687
-0.93416406286729,-0.5177222232101651
-0.3483106348696787,-0.06834516506763934
0.9968624399748791,0.4866893902574155
1.600108100486894,0.7738258898473557
1.1682440464621444,0.4720991372685219
0.03601403808172776,0.05632029169419078
0.14606898328066625,0.07798703344873192
1.2373042536080632,0.6437615001698831
0.21231588918790018,0.056530854247273776
-0.5498365044122111,-0.28932841513949814
0.48983740594905406,0.3676225445020812
-0.4894199346139004,-0.3136497630338119
1.884800263890559,0.7579619198753429
1.8183537878450444,0.9466155432299509
0.08292208164814563,0.07903164536484084
-0.290951341957182,0.048379753704299006
0.2887817805241462,0.054190832907897404
-0.31108894183662045,-0.044766514739259244
-1.1521899567316378,-0.6327069941326391
-1.47614100153897,-0.813863259769432
-1.221688460520738,-0.6185369272921251
0.5814158166975645,0.26341215119349726
0.4213569633154215,0.49830807126773585
-1.1004396962081289,-0.575494552177911
-2.2872975001060323,-1.0625451378264743
-1.2356719236029075,-0.668184623737682
-1.7354399508414624,-0.7293992957441531
0.08298027657127871,0.08102289222337428
-1.4282821726942503,-0.7085164080705337
-1.3572117023278938,-0.7770098814989641
-0.0023513416680046584,0.13891821522821693
-1.6722712393261947,-0.8848883743655006
-1.9052769682024238,-1.0026215507751823
-1.5358376664960014,-0.8617717365724402
-0.2477671028948087,-0.3362264444481693
-1.5012378496082457,-0.7178993575456913
-2.2735099874520794,-1.2015433392158485
-0.7971767234376285,-0.41461326602441734
-0.26954035127418124,-0.21397028932891057
-1.2405131749888374,-0.4980955706684138
-0.14242460388905565,-0.10023173645069638
0.1924026954178649,0.18021211131098114
-1.6318296275813815,-0.7619736584923339
1.5845349430675335,0.840956883518787
0.7891314163444247,0.5139742291598789
-0.9371605072376367,-0.38649671821828746
-0.6578115052589163,-0.23870782688255487
-0.24847144638319169,0.0630638369444973
-0.7777979296530539,-0.46197224523444375
-0.554611112218272,-0.33771806571052676
0.06424957038033902,-0.14003711808938982
0.2363177831596371,0.03397168971870178
0.9374208556212201,0.5797687722752297
-0.29510647461591866,-0.25029632871692453
-1.9238758318585596,-0.9535494464401431
-1.696157517683224,-0.9283474754714507
-1.2276997211821485,-0.5846490081381823
-1.413627173869304,-0.6698880803702741
0.35051188693679014,0.25532887508937074
0.5085792992377398,0.19402968377225782
0.2953601567883817,0.07388355652584701
-1.0629639681371053,-0.48980621751770215
-1.177073658922052,-0.5202956252564859
-0.6697640017086919,-0.4860503215067492
-0.9100494865485895,-0.4443019755156244
-0.9199370014124093,-0.3944566841192745
0.35045028000582845,0.10286812859426006
0.8946556018453553,0.3009623787861564
0.5903018864613303,0.2881786697075951
1.238536623740584,0.6072087580754189
0.37012418979820205,0.15624500184037993
-0.018204358328376385,0.06549924046916962
-2.1687768323963783,-1.1423224171633677
-0.2538335206530785,-0.04215112724225456
0.2902597897789351,0.17619192032072523
0.760562907516825,0.2798659021003229
1.654712527571499,0.824488803114596
0.928037628051094,0.3688802120607059
-0.3135077199302636,-0.09310357568024487
0.36282080246428017,0.20923312177368514
0.3891278681869563,-0.03662454695100714
0.20493874625028416,-0.2057361212747762
1.6941281489644098,1.0820274924225255
0.37944656187357706,0.2954201479870769
2.0923276234208212,0.9956368717470246
1.9074615998334732,1.1021818360970248
-0.1213877181613694,-0.04465944513722059
-1.8984495970729558,-0.8764851521568732
-2.24435405648507,-1.0769127636932077
0.517572502905894,0.27300081972067836
1.3281053496740711,0.7678884907581393
0.5548894454014976,0.20750020126035373
1.0234076037336068,0.6136138759178168
-0.3247998587040022,-0.2278912678294905
0.34920415361424195,0.35165995075906686
0.14472596837469093,-0.021321607433257284
-0.6840334556773269,-0.3224143977517917
-0.3274319526994639,-0.2273157434044633
1.0330868327446066,0.5190703784441458
1.1893599924306295,0.7641455863832888
1.4504269781486643,0.7573993026244998
0.43632026769637977,0.35780272037999605
1.0150600584887475,0.5228524969266435
-0.5813832055090333,-0.22575113265692426
-0.14555273326280616,-0.2060819958381451
-0.16181079338415602,-0.12411748873424022
0.4612358614294973,0.2279425049109511
-2.74719437187947,-1.3821558788145383
-1.0239308959733664,-0.7044680723193818
0.46198343877015546,0.0634842238676619
0.6154501429296952,0.2569214888793104
-1.0462079111580207,-0.49995575839074313
-0.5315809555173884,-0.28755861590322385
-0.4597572934183803,-0.17790358675160267
-1.2899008700556895,-0.6812679910990663
-0.6009859850526464,-0.33264340003854276
-0.28571042500807475,-0.2092076153961248
-0.7172627566753502,-0.43540239367607375
-1.1298020587004205,-0.6955225101859493
-1.5996876879651942,-0.7319321899319039
-1.4863703364134493,-0.7593363948791508
0.24928778006151442,0.06045550448286929
0.23938672400427177,0.13737585763401589
-0.3487650295604857,-0.1744666208359065
-1.2067917411275098,-0.8794530427248943
-1.256463834724037,-0.5973621403115034
-1.68376218792482,-0.8079877864416959
0.1550812952350885,0.15292213300133997
1.0270793006825913,0.5910951055145791
1.817748286142308,0.8887185761002834
-0.42134650782653715,-0.2493881758977503
0.16908106746875273,0.10931551239767448
1.420943197224963,0.7155252208750579
0.40655921085346564,0.1867489152564194
-0.31321248658067397,-0.1806331385187843
-0.4566981531125853,-0.2882325711580506
0.5853799519678154,0.26145882743400123
0.9941841897354419,0.5437787002856453
0.2522743699702833,0.2869247193745096
0.14988277638017297,0.17337452365597722
-0.7868592044371698,-0.2462065542243014
-0.9975747647991194,-0.3379513937780777
-0.40203956890155795,-0.3766985606126334
1.4680887512669085,0.6756598598191387
1.5147547450232404,0.7906682477301782
0.7673940041708616,0.29155083576399976
0.37070822970024897,0.24422496461968796
1.4965426955198058,0.8209872268051515
-0.07719880681077984,0.027356270554535503
0.41698393509967185,0.27625247889445126
-1.2456658505629659,-0.7348749978762974
-1.385668217174182,-0.771320925820334
-1.236617737544893,-0.5937394286368998
-0.7959647099589492,-0.568162992281175
1.8332171648191573,0.8086302459327871
1.7254049593893226,0.9084111966064533
0.107263009324151,0.05331339998011501
-1.5483700128752977,-0.649306214743795
-1.9243056210092198,-0.9549187247913011
-0.29438750174313744,-0.13182537767542424
2.270160507202063,1.1484062837444802
0.3278479421290253,0.18517585434783282
0.09629890341235695,0.09211416868977876
0.16370205452289321,0.10237318406436763
0.23340615660236022,0.2023895020903695
0.021912227991604194,0.09901299545786334
2.762170108385804,1.3880192342183137
0.421859731754887,0.10726449995125092
-1.4569613789279443,-0.6766579762723595
-3.0037365988361544,-1.38787711073317
-1.8258011536403482,-1.0376618956493608
-1.3714633503984455,-0.6450156512181542
-0.3190810113544963,0.013733743504240337
-0.18389887503926092,-0.023932546883686928
0.7322606567100888,0.3368089984543339
-0.2685807863097657,-0.19461472670108765
-0.09403208484803433,-0.16501291167923754
-0.7070852015644563,-0.4054126234343282
-0.9766546143457386,-0.345435262351397
1.2532832854400968,0.5695760078401056
1.2870321015151585,0.755909124881276
-0.018917574904032897,0.008802566084157883
-0.5130399385926089,-0.18075664338225428
-1.0369044068434452,-0.7077726867051558
-0.5246458562730493,-0.22235835038251378
-0.5471077757056125,-0.3712489023738347
0.750085205223025,0.46313150479219206
0.2744022967012298,-0.05968144249195753
0.09142326466103956,-0.20077942940266338
-1.2766676338437541,-0.5097677930458931
-0.6359752363066989,-0.25785205937900607
-0.3158362452754302,-0.0534409249045707
-0.3321215436122197,-0.2114074019072199
-1.761562027740086,-0.9925884523786127
-1.5558808537427553,-0.6712682986970103
-2.361194872129392,-1.2005717423419786
-0.6247078814344887,-0.4546581494202043
0.8701929044503263,0.45486320039108924
-0.39553547936451394,-0.06291414434571993
1.1461049293815841,0.5160448098441092
0.45417092187183916,0.19275307990691487
0.5090735398651887,0.22615796166728752
-0.1460231277955173,0.014360679811628571
-0.04321273430821032,-0.1603349028378108
1.45606172778532,1.020800976739171
0.5839723502333022,0.27902418946618385
0.8594260059908114,0.5330712528294521
-0.7717653224160359,-0.3912635176582369
-0.30380154112119395,-0.20947704938248857
-0.8761956243341866,-0.39803032606899186
-0.5347765448072856,-0.2972275438892795
0.7511207329811105,0.34319937157173747
-0.6586030614383729,-0.48024524973162597
-0.9643839583567377,-0.5368818467122473
0.551681284356726,0.09129578547176995
0.43739052083373575,0.1863443308894308
-0.36852470549970867,-0.020804780083064994
-1.2171309117699314,-0.4669815012914713
-1.5008301103062993,-0.7124910749599611
0.5316317139687242,0.18736703656818499
-0.3179989391523761,-0.11744517189463469
-0.6189336110650496,-0.35581633267463264
-0.7083745602119575,-0.3163340886132069
-1.3137812147193666,-0.4413687563793756
-0.9142612465988718,-0.4162796931588274
-1.2398693747425684,-0.7321823248492926
-2.2430117145758808,-1.1351390798322851
0.636915578201521,0.2641723954135258
-1.1611521954169037,-0.4238035227413398
-0.5290201954612767,-0.21246795203438076
0.886848198246766,0.5022460656190988
0.1781726568918084,0.07052446194057488
1.6394301850646067,0.7911396955022326
0.8764347025289804,0.3940607018974714
0.7263098705145872,0.30897977575914265
-0.9120578522997607,-0.5589392800662476
0.6507946386522245,0.35196040061014316
2.5477222805993325,1.225896893552044
2.6846480334518823,1.2519368371454265
2.1010721245900625,1.0829783646257256
1.6821074511984926,0.8510836305652659
0.7242148603115375,0.46661187288619177
2.564957206505884,1.2904083769252397
1.853511141977376,1.0423768240573685
0.2731651147351549,0.1639328611150746
-0.482314796158107,-0.05779131856181763
0.9269716392996828,0.5957109983687637
1.0981560175459881,0.6134495518191548
0.13170436267341662,-0.09695474001735355
0.23057567583617666,0.13411616390671927
0.6286942525714827,0.3114635828367278
-1.2627610815051102,-0.4775717592681077
-0.7709985413180198,-0.30109348624807497
-0.23990033008258604,-0.2448640780293015
0.7891736939359213,0.27019971627725337
0.6626459798810436,0.4070254244736385
-1.518159703039703,-0.5762921272207365
-1.9163806178242881,-0.8403410629640069
-0.804734769594136,-0.3364021384217387
-0.09763074314120201,0.05803754484238255
0.04965586667206501,-0.0175443974661295
-1.3125073587842915,-0.6067699861766598
-0.532671487227632,-0.32185912662861615
-0.8588933252165316,-0.4330550955004063
0.01699535754623077,-0.11552734663017292
0.7142584158502103,0.3794885595922599
0.008497905457665822,0.06291502899414582
0.38394563363885525,0.21407941956971221
1.0696319899899145,0.6405767926893497
-1.0066489317181189,-0.643881463540438
0.4510458241354761,0.2806716001525339
-0.08861800317848295,-0.04431945552848282
-0.4869637465964715,-0.31479850312483826
-2.152101721240616,-0.8928396711196832
-0.8630536847661383,-0.30222032862256726
-0.4148101284474591,-0.3549265003531572
-0.11220231765462099,-0.20994760881293956
-0.28370687159755914,-0.07798215622147382
-0.7675010073080744,-0.530888484796425
0.3017540862924368,0.09684439188750615
1.5076677992778964,0.6663087512751339
1.705361198760905,0.8766825494947762
0.4672068399160228,0.21958571990150252
-0.25222477000659704,-0.07378311404175095
-2.635233703365911,-1.3423858820896124
-1.1929494244070606,-0.6215610087635447
-1.8986396149279074,-0.8866306921487201
-0.6677506238610136,-0.48442945913670277
-2.0316550250828698,-1.0195796181059824
-1.563804390514379,-0.7021864640551418
-0.04188419482653016,-0.1186706529222501
-0.4713858501621075,-0.36866054585332503
0.43722631899553865,0.16199028750044026
0.14225870196982127,0.11472869252593143
-0.39179551931381723,-0.2810139381421215
0.13842789346334755,-0.09652561115157954
-0.1416073400405538,-0.1734601864403273
0.45662712425198637,0.08080918238303109
0.4636093671388858,0.24426135027074902
-0.8037336625228437,-0.6459483947652134
-1.7610343259884618,-0.953476860593004
-0.6264021793672823,-0.46754323413900445
-3.6733434915375964,-1.934137260536008
0.0935426461604193,0.016255146628812205
-0.7795613741586275,-0.3072344859153916
-0.13107562103200432,-0.29020578336364156
-1.2397908809793334,-0.6453613879040363
-0.975903788096223,-0.22476311063023968
-0.33649958838850746,-0.1920126533078719
0.08909270467051017,0.21227146708792852
-0.10828979120806895,-0.018635622812960342
0.7273409182554121,0.3593875644854019
-0.20205734007089038,-0.12858902539831218
1.109566217825614,0.41808661820708837
1.2971566657220572,0.42669700514788367
1.505401568481954,0.5206016965372336
1.902261798221971,0.9359783075681771
1.9491913833925363,0.9732586658478816
-0.9781020375669001,-0.623505543931515
0.07436378259677268,0.011464443594651541
0.41615862588014874,0.19208877912623273
-1.1716555727300642,-0.6729935090868936
-0.665019698905609,-0.4493195025531257
-0.0783221589608672,-0.22712600866292468
0.4663421495535519,0.11113471233475816
0.24853974884281269,0.11421927969048556
1.1609294987378243,0.6098266974498867
-0.6690273649197777,-0.32372920630750807
0.1581579933027365,0.07449017317990936
0.056135879859062376,0.14556048104646999
0.24268886737929646,0.16012794095473692
-0.7121765418225127,-0.5829098017500133
-0.3662107720066752,-0.1256426553236054
0.6098980759163108,0.4499580907573142
-0.6356011220422462,-0.30761235677627763
-0.913211135866744,-0.2936852770554945
-0.9346079649569118,-0.4731436728996217
-0.35375753457149395,-0.25212880207909627
1.2941086383259417,0.8056023616794148
-0.11286901222285328,0.0902969107488602
1.648975233387642,0.7059455158397976
-0.09534277725497842,0.01870001897183937
-1.072693533958891,-0.49699900755924475
-1.1630696257090092,-0.7985944619227092
-0.5090133673912192,-0.388955383836618
0.1330661610984828,0.22220800623040668
0.4138144007848248,0.31568247770277097
-0.6645013339451213,-0.22508197190803397
-1.1570495365432723,-0.49681888061548496
-2.256722978643045,-1.3395150385033194
-1.5330425062697675,-0.6816199847624886
-1.1657349872321745,-0.6435269510472826
0.18117017124188206,0.025265198626144098
2.314818807066965,1.0261770677938489
-0.19000739606245842,-0.044034429873000235
0.0214548221348555,-0.05269098395153654
-1.3461571751400663,-0.4386909858732053
-1.2545547768378507,-0.4764131291066255
-0.12884637064626075,-0.10573402039298663
0.641023635676288,0.4504105793758624
0.29640708975233837,0.23208526471496932
0.3769836169200129,0.08370219004808933
0.8217502936010415,0.38946950136948083
1.380265534910926,0.5697397166705981
0.6074416531330373,0.31020480256185834
1.0283291339408842,0.4564121180839097
-0.37859431363218177,-0.023467997945301466
-0.5623177884091675,-0.4492074199190532
-0.1991422081081088,-0.20165357804038894
0.9191928824993729,0.4526384271312203
1.258337298365889,0.6491660296209936
0.23887471012111866,0.36046065279141076
-0.5865633120737739,-0.2614222220721078
-0.9270242293494573,-0.4907198113912129
0.30054101744596673,0.21972652438749704
-0.605432358450839,-0.21350623272654276
-0.7823144719639237,-0.48436312324728825
0.44719987926774435,0.43279337195960144
-0.8819159428213752,-0.5106978785699015
-1.1839727689726398,-0.5464694364376014
-0.7684477220834399,-0.3644035998721417
0.5560491707728898,0.3408562899486934
0.13075349472528555,-0.14044506714659277
0.5611831521020718,0.19396151163984865
0.8355853529316708,0.3933595623430785
0.22195366992397592,-0.015795094158424172
-0.3872134436726543,-0.320163976386973
-0.9634620500945966,-0.5298712772677463
-0.6199846793312227,-0.24218685266838272
-0.2584869989234904,-0.1305922989982135
-0.4164804136866578,-0.1512509343358197
-0.3069067826656068,-0.23667829982848615
0.8159398288814264,0.44281405199591556
-0.11875568334184067,-0.2752384034722005
-1.3906392238980652,-0.7528135631641345
-2.61774047661442,-1.267626226123443
0.31609957740101746,0.21924573704743452
0.5809092140210347,0.46538586994135417
-0.7684843004078195,-0.37991496386917795
-0.4614528402763486,-0.20622445849349652
0.3804074767905963,0.24682535704451475
0.12168430946169254,0.13135294668907177
0.27697334011564234,0.20795966398717014
-0.7139940256140165,-0.26767440157567307
-0.855746959586093,-0.3470262371778828
0.8168369587503255,0.27754929490145874
-0.723323233935373,-0.2924758955821244
0.44439547661500284,-0.10132574490134597
1.7194372449954787,0.9714231040120173
0.3306487614957117,0.05917857694844053
-1.0925297008215602,-0.6974102085880756
-0.9159739646742684,-0.5897589565643333
0.24872485599394534,0.2527000462668896
-0.42138245644980626,-0.2566561514498056
-0.46501220577419666,-0.19062316646369212
1.3248114265233986,0.720532838771718
-0.30105066682887305,-0.19455820419558156
-0.8001665790761684,-0.49722952209400784
0.08290280537309658,0.07870866062441968
1.2261725905130587,0.8508994153680763
1.39806798039661,0.8130566809430337
0.3428535164204043,0.15345306772567252
2.1868631007126123,0.9800506152689792
1.5509268179740348,0.6373836859590312
1.6552906240580652,0.9411598045618202
0.6870554078360543,0.4160160560691391
-0.4617839294327942,-0.2842545533932996
-0.7623891350683549,-0.1903419035040237
-2.880575808639433,-1.4792887968835426
-2.9974227063045737,-1.6549730972542456
-1.7017234361535465,-0.8238587390702212
-0.5424185744935366,-0.25181835518589124
-1.948682928748458,-0.8813252271543761
0.31673626188021176,0.21969499390868238
-0.19166747691943123,-0.0373982994619126
-0.13627309131769927,-0.0868956950147425
1.570944799063239,0.6973739083320791
1.651764576432039,0.8195010512283203
-1.134560037835741,-0.5355964025144058
-1.0745448622433191,-0.4345308869611402
-2.2004188982607262,-1.1671401493205562
-1.342796339114367,-0.6473763855073582
-1.1404914332416278,-0.5184049124412676
-0.057844395038402885,-0.10429071379961004
-1.1171913643491498,-0.4598827341502865
-1.7300309573823442,-1.053915585540035
-2.6615064644788777,-1.2990759660694249
-1.1689782699360203,-0.5811281761132038
-2.538937649481311,-1.232965732253881
-0.2798017324237131,-0.18277738605231708
-0.3472190123279144,-0.1744391606620192
0.22775637739568855,-0.0029675194511148695
0.9863337706150868,0.5041332969596294
0.5383846473846087,0.26293242090140984
-0.39461230789433427,0.01892254581423969
0.4271737811177132,0.14933509402621498
1.2664188522269142,0.6078301094448169
1.6129835830405164,0.8647833183996069
1.508353409012042,0.8307387355526153
1.0127552374616275,0.5265370814659656
2.109097515233405,1.1293775961861148
0.6834390231060703,0.3299865838132257
0.34945818420222485,0.24772835441803848
0.32908196674135026,0.28721163865170857
-0.135455323881174,-0.19791885797020814
-0.34699758930213526,-0.18293442006388444
-0.3244273635807261,-0.3036607624704566
-1.390519087611318,-0.7291006744721957
-0.9025496578808979,-0.3945854051125949
-2.6108813331867746,-1.1703467891140762
0.15076048883034043,0.028659945407047048
-0.2461792985102545,-0.1742692048711878
0.6696534069913724,0.34931761367939906
0.019167541851699166,-0.010855754847199889
0.4284297113235266,0.009462812315701424
0.19651505069985498,0.08264059115551356
1.1538697281233192,0.5801939313388967
-1.7464890247852924,-0.8324196273842935
-0.7708525010900349,-0.39636381775368473
-0.03363930092792783,0.020618165596437636
-1.328238969515445,-0.6772637859833612
-1.2748035519338918,-0.6225091814518298
0.48523778207430346,0.1359024884362393
-1.1142194657408444,-0.7225531207349758
-0.717866820498752,-0.33183549325275064
-0.41057197589548095,-0.18440108340654662
-1.6538351886348233,-0.922550331262656
-1.9529197450244213,-1.018517613907476
0.16969685918782573,0.034402790471931344
0.9504990544568448,0.35889330874582265
0.11497568941904712,0.1604139977724482
-0.5230353314853162,-0.24747263230089067
1.3667808250506042,0.7546795339862433
1.9945877573877526,1.015574785665174
0.581533027695329,0.33483180622321596
1.1763143561711162,0.6035896149164681
1.1745599835051905,0.7093054373567627
1.3151087739951735,0.6838328820819999
2.756726803842133,1.4329602057133208
3.1684501256220634,1.512479454516594
1.1963337640095548,0.5736537769257505
0.9820108829054597,0.5411702651328897
2.3057174497377937,1.2135464353521785
0.5721988630416757,0.3976393223620623
0.7508598119550816,0.3740990433106569
0.8046894552482751,0.37612159473511875
1.4615117949330028,0.4501395029499205
0.5641171397488843,0.4802630981493782
1.0738162767238473,0.5579789189382636
1.5687912519120217,0.8689116663014662
0.9760379547306566,0.3818203962559535
2.3015940327253928,1.031964956371178
0.39178399292001137,0.3071745490578813
0.9304176325483148,0.40125744788298184
-0.21491464112115166,-0.05177506956606149
0.20867641372760304,0.1536554852409128
-0.048498584861105504,0.020599292380287508
-0.7663971986560963,-0.46865163141902494
-0.43502718202687535,-0.23453636224493646
0.969758000755663,0.4903121191735722
0.6063605188384854,0.4595202110377685
-0.0702829336258437,-0.05685050005822265
0.20606263614767248,-0.09157974242903298
-0.1716264267544755,0.038135324113832275
-0.5468564755590429,-0.2675315839998444
-0.909791104656643,-0.42503165231903384
-0.7565763558241325,-0.3169771119531163
0.8429104690586221,0.46908340049886055
0.45420648472321,0.28047897965281593
0.07546686012948944,0.13250943835223333
0.21656168618962146,0.13281432414881542
0.9339708766018344,0.5506635687498569
1.286661434131975,0.6169927115187501
1.2833274264065733,0.771784658659278
0.4633641915062176,0.21790778903516267
0.8862264345219554,0.4463486113213855
0.6578528493291924,0.285248365623109
1.6154862314695226,0.9005566175912851
-0.4803259432947121,-0.23579608858305806
0.634950859225561,0.27903968747900665
-0.572977762433047,-0.3105200275534158
0.4448290410773379,0.1955957606541618
-0.6079245097699988,-0.33237047889261695
0.04911533593501044,-0.05648326230274506
1.396608933394086,0.709516900590378
0.7859479682025163,0.3072871982625304
0.7105447102859851,0.14522324051781182
-0.021050728141951358,0.0018724241993111033
-0.67152075534095,-0.36975201101898114
-1.500634193554127,-0.7165721274869694
-1.7538339779215775,-0.8446697614029062
0.7199068976313732,0.4967383677506447
-0.7175580153005958,-0.25310393376289503
-0.8707514092251176,-0.2540949332595808
-2.2631116052718667,-1.055251044185551
-1.223475988157564,-0.641484456649997
-0.6308271522087263,-0.08548245292447493
-0.33333295956688824,-0.213832548257185
0.031750359666775,0.03381154659317666
0.04374399444323149,-0.1478606279097759
-1.1716461091565125,-0.4646312404713884
-0.4911083420720084,-0.291305959031048
-0.36645845990272935,-0.17013664510037185
-0.3779468166379444,-0.21252438657998168
2.0345819782401926,0.9484197548660174
0.6446303428587131,0.3612599567658035
0.6439379874027444,0.3850381844423081
-0.22561432551180816,-0.44884128909374366
0.6750659030053712,0.3702981410056409
0.1336780059253358,0.08627709438975209
-0.23811647993845242,-0.08410545690462862
0.010779370810450356,0.00927532856176789
2.2096813455405178,1.2180490160721813
-0.6072546137954347,-0.36022081036304066
-0.22999725391521617,-0.13595319961656374
-3.2534119556164374,-1.589073327736408
-1.081481123180951,-0.6396184561457957
-1.9485288565388745,-1.1337105501492988
-0.8233293644720637,-0.5110564713361507
-0.45905892168570944,-0.19934262014892226
-1.2232660379696936,-0.7544795800323958
0.624246602269475,0.36490444349448514
1.4876739797015137,0.6986426835291939
0.9297895418348476,0.6130358002057916
0.08756224768599757,0.10285076286939826
0.5131410783543995,0.20780092400023498
0.12151994557821491,0.0572540210721761
-0.12941091642335933,-0.14455495921111003
-0.16712249813339647,-0.1847345399080639
-2.629067380714838,-1.4685540998978577
0.7347623916527672,0.33647049332787327
1.3097785002978504,0.6288161553553864
1.3439514447189287,0.6521437848128875
0.6773919859127884,0.21907398013641866
-0.2506699498604657,-0.1916209533937842
-2.7071884185956745,-1.4197038091453569
-1.8860629528218245,-1.028442297056449
-0.9988664470475143,-0.4645452418593309
-0.1781681944599368,-0.3004968282782365
0.23378601118128456,0.1304174660118658
0.6706254821556228,0.38967743752195283
