0.5035231501835711,0.1490053127158948
-0.18072591296089646,-0.058665805052755905
0.036761761836187234,0.12995453941674046
0.9116363473565059,0.6084760438494529
0.5592654986916221,0.3133337150618009
0.1083815910854736,-0.01261572156970503
0.42444666200410647,0.20686780776232208
0.025084212064180544,0.003162625101862604
1.1796993979041497,0.5838831759951666
-0.3449802550494341,-0.3228942595447452
-0.31926532975712607,-0.0660777891741051
-1.662997632174509,-0.6381220427591451
-0.2619159918046814,-0.11808444476350441
1.5283168428741853,0.700909787273231
2.8943263523871896,1.4233167545436827
-0.8661122600745174,-0.6977365035746983
-0.3526539486642295,-0.05004347037463272
0.12627866759292392,0.10718366915866344
0.3438414675915187,0.2046539320260624
-1.5821656852960744,-0.8006711538188783
-0.21011961816827512,-0.14105813801355263
0.2024056554102041,0.1775945984589425
2.162052559013421,0.9704360397712191
1.4433941996502473,0.752874238922031
2.043949723465389,0.9901851740237873
2.7155717959081436,1.2612688908475211
0.906348934511109,0.34085477560686134
0.6146810006068144,0.10013852647553742
-0.2720872643801958,-0.29172239948564543
0.17501846626709597,0.2028044392785588
-1.1544731195616587,-0.5582308035018436
-0.2287988164423561,-0.2126494934658641
-0.4066353904106757,-0.09469988405377842
0.17627387785031645,0.23545724746781674
-0.8340860023124681,-0.38705320557872286
0.45613529173509837,0.0005748404027923482
0.9971519381560121,0.3063358607022694
0.16303111211125215,0.019937558310835914
-0.0716787026645858,-0.05798843209079209
-0.019998655714317873,0.05299533224981106
0.3730918443998823,0.3944586788836154
-1.95510787344791,-0.9927893277930411
-1.3942807585846717,-0.699834163813254
-1.1501694449678024,-0.4969135433870115
0.7551513377812988,0.36005957707570413
1.4081160699070425,0.6412343417683487
0.47473162680359876,0.2547817020882825
-0.5971830275743266,-0.29345803379430296
-0.8514213651109817,-0.4467905657982554
-2.463183268051011,-1.2716657617836473
-1.6774037549508403,-0.9260320261759092
-0.21150333933531085,0.03956028213977611
-0.5317647567506135,-0.36181701004204975
-0.25990808926945236,-0.12251752814317679
1.6485250874073631,0.9196867287423031
1.9597334222896068,1.08928024141055
-1.264529363396663,-0.59878566059995
0.4244593241593845,0.08280165647389434
-1.2615018892666847,-0.7731647227907361
0.13394748214715102,0.22640288754209684
0.5553154295394346,0.29619137049131095
1.3849152978312969,0.5130315422710908
0.15909415259503756,0.13583547565410228
-1.6812772887096064,-0.8281342166687786
-0.024055373286382187,0.15582921068420186
0.08288237120629198,-0.09961473559862433
0.7115991434666423,0.32781129161940925
0.9150910748742421,0.5585427247162108
1.8725320018943377,0.9725906387449749
-0.6180309281480937,-0.24302608072329962
0.520284835920745,-0.06554331933337598
0.18198965553965105,0.11528502841558565
0.09860123882292192,-0.06670395727815842
0.13766759594669103,-0.008808978613590618
-1.3525703847867998,-0.6466740132415835
0.7921989837349398,0.24827691074090769
1.561205735424713,0.7680954125990632
-0.27750891303517256,-0.2925742619011852
0.5346317207382105,0.2720671376664099
1.7070140885484462,0.8055529153373716
0.3742763316266717,0.15238098409932715
1.5174927261799365,0.7824768695602842
0.10715035728385025,0.209996997904866
-0.03484789710246235,-0.12642609599681776
0.10701492623804335,0.26401272897707695
0.28580709339265226,0.1676642211683249
-1.0721297971033652,-0.5321995987904122
0.42624970819671903,-0.005917100719594004
-0.10964992656957595,-0.01864421748249557
-0.37642476008950915,-0.13136992662344144
-1.0898885304235029,-0.47945538273863514
-1.5125738765995291,-0.6169190776013391
-1.1122358137114945,-0.28580743209128623
0.6214891601619933,0.33182337193962835
0.27131838860744106,0.07790900819880037
-0.009333545021433937,0.00044584345908019705
-0.7139322424393979,-0.253708458655601
0.30070885012048315,0.17823242210069
0.2720737410705814,0.18255238142437408
1.3001954047384352,0.5529121163033285
-0.1533426199556016,0.040375220205270096
-2.012894405981608,-1.1200434522226559
-2.044479992950894,-0.9240795051350195
-0.11127611596830045,0.01728583857893673
-0.3295152705233018,-0.2523180851228312
-0.0496674786589838,0.30299744542038803
-0.22995937073011186,-0.08341091880737392
1.517513935253691,0.8183041405784692
-1.0800756662341167,-0.339788943048672
0.26652133670973865,0.25614561416498216
0.1847444970403471,0.2537794655766081
0.5996139751562604,0.21523633510519002
-1.759831892255098,-1.1038808126649668
-1.9249741221780132,-1.0107984573421918
0.8570019395902305,0.35667361470593634
-0.7862646298597376,-0.22505649249931037
0.3362017699737139,0.3364460318442793
-1.3928224530197695,-0.5517589826251796
-1.6205371856094208,-0.7876532295598778
-0.43715982472577625,-0.1619574192304987
-1.181245390276355,-0.5632922015572461
-1.9658765275639944,-0.9881526920232023
-0.10057028880480756,-0.07409690959398599
0.1887173124930993,0.012671504602796285
0.35317400598575577,0.128397982573568
1.5757674960935324,0.7184890357115499
0.41297254053877,-0.013690064365655036
-0.5739283068160204,-0.3058175782490682
-0.6700709011250803,-0.2196614499497636
-0.7500967167340058,-0.3227607493617932
-1.1876967320860428,-0.5743199482245007
0.45190330491467223,0.07232198597517076
2.135719447970132,1.400085991514678
2.3487383607707875,1.324610346638555
0.7050448534411465,0.24148066265678364
-0.47156376953771223,-0.3090306037618004
-1.3395715832424,-0.5466134132297689
-0.858551535471405,-0.6036331238937331
-0.42882651789888626,0.03276596870041881
1.7764454437667347,0.959472009784628
0.9439089720474391,0.3634422159055222
-1.1807336393222214,-0.9006580723112729
-1.6979667570748467,-0.8671428325722857
0.2625787719743946,0.15012960402982287
0.5235416502744918,0.049176459517433574
1.1378743885204876,0.38113101540122774
1.0951437233396992,0.5254359017333134
0.9937453065835684,0.5018225883427414
0.6294409065092483,0.4883303213608383
0.9765918018104683,0.5488750776397974
2.4055301537793126,1.2092265145501413
0.6500978587985131,0.33640403589236
1.0515759429840887,0.49156792299552565
1.3897301534352833,0.7035391952254095
1.1344378392029835,0.5614196836205888
0.866779210306604,0.3380658021135778
2.4372167767883033,1.2052230324703102
1.227986932085173,0.6970179234213142
1.734928749548817,0.83007780779544
0.09063376840545811,-0.11715109356715742
-0.4366977598631848,-0.19306913170461176
2.8798588867007986,1.482508382383064
-0.8078193461752734,-0.4254025355234636
-0.8037842295175772,-0.4278523441309733
-2.3437316621967614,-1.1572680703511489
-2.5939625508176025,-1.4137364296768364
-0.18950245728168758,-0.053814217723742425
-0.18458032229882534,-0.1026657547090535
1.1020894768739429,0.6577717330444423
-0.3322036511874944,-0.17908548918423195
0.4185684055301768,0.163910590305851
0.1781559185454289,0.1485711462485013
0.4466335949207017,0.17504201564631217
0.182082554078409,-0.03690731253412946
1.4178225597971714,0.8461174911357465
-0.4023197549122679,-0.22480920748502045
-0.20981783227194978,-0.140528950744726
-1.0101935566043776,-0.5882278683193802
-1.217507258765,-0.594751042299258
-1.5704062608301403,-0.7320028776840133
0.3710456125527063,0.11959625561422266
0.4333744558117334,0.19155422276578565
1.1408578311892255,0.6230189527602322
-0.8311653303808205,-0.4229557764170872
-0.591772601470895,-0.3356310049265466
-1.0553989396408583,-0.4909003949801909
-1.790222704400552,-0.8788061398603978
-1.156834911755877,-0.58968753225864
0.8025649899059881,0.22793622448548648
0.6169459380644897,0.24473252587105065
-1.4692064405978593,-0.7939521428802631
2.300283497534125,1.1253044872998872
-0.22529778083983343,0.002518234048517712
1.1323670091264946,0.5963073995994039
1.9278526858365765,1.0055919599534346
0.8524409685600409,0.5841225547521238
0.6630425751923885,0.24038982216573346
0.3168424825029784,0.23162815883299068
0.23191789475438923,0.14541334790446947
1.9489263528091982,0.934231860273464
0.4069429349488173,0.12918648124195511
0.8253297257845744,0.3171544553219252
1.1423783404863652,0.5708420325897837
0.5777323055724826,0.3588174623932133
-0.26009475764501316,-0.11033492661338001
-0.5213701375083161,-0.4232463722472574
-2.4321592325283894,-1.2734681935947008
-1.6402065567274264,-0.922010797077005
-0.5187474846355036,-0.28169049488282827
0.039815916529822415,-0.08306482960229547
0.1464027217821727,-0.0305866603348416
-0.6083133746970064,-0.14183334833847083
-0.893209347485797,-0.3689986054352571
-0.21501236707721832,-0.13340701275459022
0.3312512254257155,0.1969743221132786
-0.0828407288942219,-0.07132349405680309
-1.1788951425163332,-0.6234285763557503
-1.1014953091715285,-0.500337669057656
0.022757191248125364,-0.002036313640693635
-0.397635713899106,-0.3416473175424334
-0.938489629231829,-0.5301480998529735
-0.10158378354852243,-0.0020824975838295567
-1.0898225845581238,-0.5627324721567991
-2.5982551711633315,-1.3815819170899255
0.04197162869474047,0.06384868440560697
-2.0858551229211173,-0.9624648804007787
1.1354287007115689,0.8995168445379511
-0.15878138456404856,-0.07068756378210585
-0.07157148290381536,-0.06639178120542577
1.5481268064288383,0.7023258519789026
0.8885669728230432,0.40756943391181727
0.5896135786479697,0.28715310502113384
0.3928492692749077,0.29836808205871446
0.5942459526759569,0.35792566889272204
-1.4043235697889291,-0.651549599049065
-1.0286779668347954,-0.3543476355493191
0.17469184557908768,0.04376779152973607
0.7186326911337583,0.3537321600086666
0.1467718352485573,0.09735811039383593
-0.9645752304221088,-0.4368002224896028
0.5956654465699007,0.3705164918501267
0.6164648237689284,0.2508587358952966
0.14268842636118048,0.20223683373193824
-1.3709715323550058,-0.7556526901338507
-0.16280356859003514,-0.20217665565307263
-0.317010378350628,-0.44894215049595987
0.037900662131121865,0.16907223593562723
-1.1884624458601327,-0.5559416710793924
-1.1656560170591086,-0.645193117478546
0.2709312555281267,0.14594953308302627
-1.4293908894798186,-0.43353936386402403
0.11898293865551923,0.23066148135981476
-0.6802027045066406,-0.31581816567827375
-0.699321855020904,-0.3967890112000801
-1.5175422215619223,-0.8186492660706254
-2.438284779483538,-1.3298166591953653
-2.0298244496742415,-0.9742800400340258
0.8025195636749032,0.21038218290659277
1.5165344363756277,0.6823291569136515
0.623642515805676,0.2568047074654486
0.9331564376915109,0.5613772746114806
-0.825614745575704,-0.31636757168712937
-0.06621441928990318,0.0897494112087123
0.3779408829161753,0.3229248407865918
-1.2515723688964129,-0.6553443607501541
-0.4557392509192154,-0.30707967709474504
1.0268443361593973,0.32009046878245584
-0.3735120670985912,-0.2468294720769204
1.303701903067118,0.7058116543316657
-0.16551907644539565,-0.19727837616272398
1.1406689364818174,0.6814609105308138
0.8177829962515505,0.3817541036128432
-0.7509033983779015,-0.3680444541956764
-0.08392965380332135,-0.044834695935545704
-0.8552253101928319,-0.3556861811828683
-0.05446069083227395,-0.18047744293155185
0.32343049753514214,0.256271573640577
1.742266728032992,0.8210625953666878
-0.7209693616676423,-0.37098656755369797
-0.47438200749075543,-0.30640680391309416
-1.898688493160923,-0.9745563788770002
0.43711657269184767,0.33866165080764454
1.2154156616349825,0.6001235606934149
0.668149217680601,0.4192504447353951
2.447167668761121,1.213802897779502
-0.5082432506471393,-0.4106236268081312
5.034354374644501e-05,0.16811809954924228
0.6414003851021717,0.3447959145247579
-0.6276311829417209,-0.1805180268179065
-1.0205867395190011,-0.34333344108146635
-0.1456871298247076,-0.08361533853238148
0.9271348500482582,0.33816233587738287
0.8933341900847249,0.442750718868824
-1.563688453318046,-0.8762036537020987
-2.4896537954813134,-1.2863530700325911
-0.9912232533390283,-0.4132066624770797
0.7870677381277712,0.4139446910304345
0.09908040896261616,0.0800252545300319
-1.8554047982861457,-0.8828744077583054
-1.8455230566406366,-0.8999712885878935
-1.6282172684168508,-0.7542591365256136
-3.219552723068308,-1.6210749950540218
0.8051934016752118,0.276446305807732
1.6162175772501435,0.8411452484302381
2.092322992095129,1.018673901202081
2.3821575363401255,1.2446190425313277
1.4143981054057209,0.6397424977957564
-0.14178489831047703,-0.05655669016790128
-0.26118755447781133,-0.034939565751245266
0.15941312957257653,0.183251442591688
1.105165040733774,0.6466544576607184
2.4636059487840676,1.1927415907391676
2.2069507991948862,1.1402108886050788
-0.186804682314334,-0.15203491534087898
-0.7184863911067286,-0.5171007835169672
-0.17855907109101143,-0.13775533510382237
0.18619455420265543,0.0006259366724550991
-0.09753037785101865,0.0896107997937329
-0.7224555285646121,-0.5944567574105903
-1.2393673402053236,-0.5831775540687817
1.2905034382068208,0.7289670393224812
0.38361443425959757,-0.03619898222192505
0.10632847122645178,-0.10595059083231789
-0.6310319956311506,-0.2776421847135924
-1.223387697454355,-0.6150714401241192
-0.5750398253581499,-0.2689288299114232
-1.334794928537288,-0.49877363065239666
-1.1720631535274608,-0.45203236301550076
-2.927375417865813,-1.3649747369263867
-1.9544671283818045,-1.03060372432012
-2.0290163057625987,-1.1830575176203193
1.2516657455024542,0.7564514237415014
3.076458419951601,1.523034653124432
0.49277425076305825,0.19663738268269085
-1.1264368764026154,-0.6566460851706719
-0.06490446083194257,-0.010345168200038883
-0.17109561782770197,-0.06606258611219322
-0.5301709706145546,-0.3084548636544695
-0.5745140598184477,-0.3729424357700513
0.2536733165576094,0.2554712332836824
0.48674567355169274,0.13162230385455112
-0.3061878208464429,-0.09109674832420012
0.5845100590263226,0.35360587502633745
1.2589665730196886,0.5415892435332339
1.2401235033032592,0.6168976960483195
0.24636296999933316,0.09292113788592887
-1.1937524308272947,-0.6756411174346365
-0.9541425481901551,-0.6191261682452784
-2.372231367920798,-1.188001203287195
-1.3903091852020637,-0.7380299401688155
-0.6700106108719891,-0.22915586679479366
-0.3899340471940279,-0.19983649429801098
-0.12235491658460668,0.012020637110184695
0.16993096047776252,0.08802110766818783
0.032221462741745435,-0.04173641105574791
-0.5227027010342717,-0.2960248466970169
-1.107933089254125,-0.5157355157737187
-0.0991472699127176,-0.14512350061178092
-0.11619174734827452,0.04322327718277364
0.248421504219501,0.13817571362970404
-0.8213483703730526,-0.3931072561806237
-0.4723430753542645,-0.2673006371816809
-1.2890501654474877,-0.5992051426985774
-1.470297038794883,-0.7333780169579894
-2.6659748864316226,-1.4228464430877312
0.39846795353601516,0.01288081406509578
0.49780775172953584,0.25825198599870103
0.11666341407941747,0.0702007064503277
0.7929426095594033,0.3725562172425776
1.141730074078662,0.5456931395365447
1.4353923179810475,0.8421627026290294
0.25968276657977796,0.12145957607598769
-0.9875552511192175,-0.7460368787536912
1.8547178224115832,1.0273037446868951
0.6737362478533364,0.417961740360685
-0.2167602360947714,0.04218038862138904
0.18957324105522133,0.061449096554949185
0.6556797593210166,0.27774177350839035
-0.9640415625415795,-0.5551635301155445
1.4275533939777043,0.7159573204740997
0.754672403954101,0.38889885204507546
-0.04724719943645905,-0.1277185459498557
-0.2761905076440525,0.01942794603609274
0.6499914691855402,0.41136575414672794
1.4592722861764433,0.8325182943647007
0.3568381868037543,0.18601559423459538
-0.3926470691259737,-0.22369209089476302
1.1442155669264191,0.45918336422335837
0.4354902878266107,0.2645161048258544
1.563346401751872,0.6645577175377255
-0.8245660647655499,-0.5523980062535573
-0.9525683930059171,-0.6827907171837608
1.2773468721373877,0.7354271519104028
1.9399350042106271,1.036377171156791
1.7919371912954067,0.8291415720938274
-0.5316785998686615,-0.1819696735903964
1.3990140058730336,0.8498000808425532
0.643766334230665,0.25795294033656224
0.2342489789113742,0.16664252527777493
-0.14097611173941174,-0.21667682997026672
-0.23494789338277658,-0.107168439809783
0.041900622294562456,-0.04415189505359046
0.7004891889236755,0.3982677764872087
0.662293557438065,0.5097285960820727
1.7192481951673673,0.7946629988761221
0.6145086974692658,0.26043934079204445
-0.6543283594184656,-0.2962537643772671
-1.136595940426305,-0.48545444856301
0.04391681282893556,0.21455731386499033
0.11236740738456652,0.04405031314973806
0.5815571714523528,0.42645287924658837
0.6896122605837737,0.2721654447725065
0.7850782275720593,0.4557541971024679
-0.24223956940621932,-0.11868163599858922
-0.6170896655720546,-0.326898891781234
-0.35533478794149637,-0.112261513849384
0.3079279307357079,0.20096761717097825
-0.2796842870220207,-0.2215398093887259
0.9891685894488513,0.3536854107774756
0.13305360974816044,0.19281703034227343
-0.2949276827101197,0.026727775288133415
0.5377002905140271,0.3526669286398201
0.0959498691768671,0.03664879410870045
0.35442824523157396,0.08004522846377188
-0.12001222922878141,-0.04707938888137207
0.006433791786381982,0.06570077115298449
-0.16180994401876322,0.040630080659714296
0.09117776412525133,-0.11592604956033163
-1.2521454106859735,-0.6128464188489262
-1.403016382128873,-0.7913344615617443
-1.4719363353411756,-0.8042469097411669
-0.2254211589498667,-0.26093771395449206
-0.6919049609380106,-0.31306352329083303
-0.2599679508559656,-0.14872575814692607
-1.532934167895433,-0.7381174525271895
-0.3095154184254521,-0.16776643866777127
0.8149674318113236,0.36930183798559857
1.3731788071193702,0.6997211182153182
0.07256299436637803,-0.09659443476865534
-0.964451574787138,-0.36538338255494673
-0.2701051432052285,-0.004964165210760346
-0.7601266629952981,-0.2836552387176526
-2.122385970904191,-1.2008554392332051
-1.453827888656243,-0.7227951548314895
-2.9558799641874973,-1.4414132206016157
-1.780511393568592,-0.8371491373208858
-0.6205525727325829,-0.19259000376585617
0.438094757404362,0.28987587300313006
0.7649260348856446,0.19712327365918003
-0.6301125091164126,-0.39636045736595243
-3.091708903311239,-1.6059386951845498
0.08574194989209383,-0.030576433297024974
-0.3853833812561938,-0.2083558653022892
-1.2831314313314892,-0.5715062291800844
-0.17215707320918983,0.04249328853673018
-1.620413262054082,-0.8482858735803732
-1.194767940576983,-0.8313264219510894
-1.2900700271489596,-0.6677436094207604
-0.07376426775428069,-0.005839251505113323
-0.6656496672064994,-0.4032488042758273
-2.403333315240426,-0.9995097622437958
-1.564281026163792,-0.8093429516830387
-0.33832744485165744,-0.272168533567659
-1.1405903613561086,-0.6451251372298105
-0.43744713733775176,-0.3662898875151456
-0.17244056426907506,-0.2322739786584303
-0.8965078550772477,-0.5342250576607601
-0.5464227242249248,-0.2690767540023735
-1.0677552072828873,-0.4825747683736213
0.7300189192731723,0.4818417793255233
0.2554849701168478,0.0582614664686196
0.6551321980914031,0.5217376282671531
0.9600073125718138,0.46799032065186297
1.9191202511438563,0.9271430308272921
0.3586427560274462,0.17041670412249468
0.5263553975147175,0.2927120619648541
-0.5899831956527202,-0.20774023607396083
-0.9184396381334057,-0.48062674960659807
1.6052793837224193,0.7900363132376131
0.3778453614921471,0.15508851388590272
0.3262062507156436,0.1812497120835416
-0.6479083791482692,-0.39919621705510433
-1.215242381804496,-0.7826193760966869
-0.8674127055207868,-0.5442084752699076
0.0473300185936979,-0.00934688972119227
1.201395626463146,0.6360106295799591
-0.04304451668282516,0.14023774218841428
-1.2906474906072303,-0.8157130311854891
-2.069417620967637,-1.2699649260418644
-0.72790729948322,-0.40330356514249405
-1.2057127487771555,-0.4828104810090271
-1.4432983154184647,-0.6226579842950127
-1.0295104232168744,-0.5518317894632786
-0.34628500873403206,-0.01684137525270249
-0.7541956276784813,-0.3084811007780469
-0.9751874264434134,-0.5513481940422631
-1.0909502506933764,-0.613323330922523
-1.7362204735050368,-0.899407154961751
-0.931522312404925,-0.41644127794915065
-2.506318629108546,-1.1777767899019007
-1.7189073001702222,-0.9392621488729408
-1.761534649809837,-0.913497872323793
-0.12292927521186858,-0.08976003467345611
1.4288009734964655,0.5805595211420785
1.4786298932296247,0.7139476592578705
1.1157758996670308,0.5201670113494544
1.5479153173009037,0.6466957753328747
1.243354886638615,0.6955098201371324
3.3176165860186995,1.7028284939096743
0.4313876646909197,0.4235588442934697
0.6955511629935349,0.34392973100901536
-1.7184520350178865,-0.968900130845114
-0.03579099229319849,-0.11353981056077983
1.4670287023386694,0.8671869332612638
-0.5360870098474049,-0.214210560373666
0.3300805876323064,0.2557424526797067
0.6144821121270423,0.2919831572130096
-0.9021057629865048,-0.54120695968696
0.6628077200498093,0.40870396172292733
0.6752747646958751,0.4856144737198139
1.1037465837451217,0.656114212969962
1.354309871042306,0.6388639639893716
1.3872347183114244,0.6976254861615938
-0.7870552845754716,-0.38097164268055844
0.5288115909741462,0.2657497393577279
-0.1359353291448877,-0.08497922133724847
0.10244835358804309,0.04564959222148717
-0.8983406298241572,-0.291888240639533
1.3041185538835645,0.7045094027877351
-0.019201371868560857,-0.03273723264058598
-0.6570435171246594,-0.30568445306998904
-0.45474846964458726,-0.380391619245189
0.3299797136894059,0.03705267046325686
1.3955288556436962,0.8871170095604393
-0.7681097040981378,-0.45880920727739394
-1.2814106909317373,-0.6252745250773566
-0.4650377456488771,-0.2747747320793772
-0.8907872166077568,-0.3800030777433457
-2.3930035285876814,-1.2969939334399794
-1.616397756223849,-0.8568170986890667
-1.3626649299112654,-0.7784217478042385
-0.24442913387840953,-0.10617196060234779
-1.6667875991798906,-1.0264822006098355
0.6937496027775398,0.30848147277783644
0.6280522126236228,0.4053118373684593
0.2208498273734582,0.18055972637931916
-1.0808203189668182,-0.6709919404058022
-1.8439227172877686,-0.8926357766356939
-1.4962028800118592,-0.8740611281102166
-0.9470368916143534,-0.5763515891286255
0.5467731691886168,0.47637615189370586
0.47611042229568035,0.2715447055711294
0.01810251835826998,0.1938957817001701
0.18118209718341122,-0.08164879969406133
-0.2127109144632548,0.02593419780783346
0.3777370904685158,0.33338258352192907
-0.09525991786130689,0.04404712940751493
-1.1050153717138709,-0.5203463524552977
-0.3999644998833098,-0.23332954351398968
0.4682075540603317,0.15617697199204272
0.04051476308127405,0.02674406004432213
-2.198591837866413,-0.751590759757123
-1.5452316288954675,-0.7285103448081818
-1.9425455260416826,-1.1321391623750912
-1.7394281480246245,-0.9059588311542944
-0.08259072875870643,-0.08374077528085833
-1.228421462634408,-0.37529806059117865
-0.9627589597608445,-0.3675490333275654
0.5496077073610358,0.33427780647488065
0.9360978985650164,0.3862824389820897
-0.1271198773305906,0.06287631809494956
1.4466407639347005,0.7996480721135746
1.9764052208768357,1.0988420227061846
1.0292217290010157,0.3156347747947995
1.023451379305038,0.5532090243314334
-0.29151845911036645,0.0009146168522484732
0.7835118201537377,0.505500888615891
0.6250415557123103,0.20404150571940344
1.0090149871441163,0.5805816141687675
0.2729421721680775,0.1349569054372122
1.2832903582320587,0.7082798032233923
0.7440209835157305,0.47791585497413697
0.49161928384410225,0.17035889350563288
0.8083028258744592,0.44107031381475253
-0.24739814870946142,0.0007750295359849196
-1.444689128958845,-0.7999704086656625
0.7751064814633372,0.4516607918709785
0.28524809312512245,0.15273264497160696
-1.1443402829654006,-0.6993014638147776
-0.6858231135303743,-0.325758796228483
-1.2412566328460892,-0.601319493876857
-0.6581255391669385,-0.21287096390736532
0.2695349548771937,0.2721497569699336
-0.039601341486513814,-0.08881594324809797
-2.1157607370728266,-1.0891095828908726
-1.494346154796956,-0.6635415341352973
-0.7489992838546886,-0.39240100244230436
-0.3835645164068342,-0.10729318199991313
-1.5727494141242295,-0.8309295015476896
-1.4924084322356563,-0.7461079934666691
1.120015266845359,0.6016279867401646
0.03738558946289383,0.0553367532594739
-1.26604970858877,-0.5113308444467308
0.8021125696446375,0.532536555133222
0.3880072814316424,0.16777025895734393
0.9307078629259364,0.5417433078730381
0.8035290916756925,0.5264643481202212
0.35932186066296445,0.2385215886426981
0.5807837607187275,0.38977225857378517
-0.5058938838447791,-0.05753814051536532
-1.2678014869268317,-0.49280877757537656
0.10297786401670184,0.05159627996550599
-2.011308524439997,-0.9389846476675111
0.430554710817899,0.31359013227718496
1.7454603330292606,0.9950977431172803
2.210533349845947,1.2409803855229284
0.84429657423858,0.25816180837184466
-1.6982446738001689,-0.7550297720257249
-1.9834375226881766,-1.0123820775334573
-0.7493205974688075,-0.33709676759071494
-0.763856445788559,-0.4667736087952883
-1.369693637791983,-0.7530353189032325
-1.0870262053451942,-0.334975703290708
-0.5525029893298132,-0.27423321239501214
-0.25586958166506724,-0.19964597031082587
-0.6487997238103882,-0.23769523590459446
-0.8127981774243387,-0.38816867420580675
0.9262296630553137,0.4908915442864216
-0.5988871932098851,-0.5319352211746848
-0.3472341359962669,-0.08938513462600503
0.2208297388764712,0.04324271922953035
1.3670888018563112,0.8373825446912602
1.94575962720865,1.0399775162679579
-0.17151317941505984,-0.14883306342894126
0.6423180541140701,0.21805234516748961
1.1407750244526154,0.5390639465279696
0.924957918488868,0.2572355587056482
0.6904074249230783,0.5210779030481869
-1.589724879314105,-0.8710219963399015
0.29023252301216473,0.21667193543841268
0.39235084583442625,0.2667278648236051
-0.6611093981056455,-0.37767076493657337
-1.7172102507026843,-0.7876640238619861
-0.16459435548027834,-0.09760586859337894
-0.7815522599534834,-0.395985504510059
-0.8135246218242873,-0.4123344438555523
-1.1289980434317317,-0.533594733859541
-2.2882979755541646,-1.1393640962463
0.754906864189253,0.36088467627323506
-0.45877330220827567,-0.10251888533109504
-2.3166730676765797,-1.1571635337753634
-2.2528406438364885,-1.067796616424288
-1.121702388898921,-0.6358074724529041
0.03677388040181662,0.0038036185272300113
-0.2924636400386749,-0.36025743748462813
-1.1369353112031795,-0.7068096971151636
0.3770465850092154,0.21443517942828533
0.6647242917055385,0.1592987097452661
1.2592872917295752,0.46721008724954133
0.6349686376414462,0.3281728048423966
0.41182384922543774,0.40457753973368304
-0.5030512997282293,-0.2802651595714499
-1.140628862574827,-0.39200041570507904
-1.7246660533889688,-0.8930311289048349
-1.9315175176385395,-1.0664900284125207
1.0537914600509866,0.4926095411196677
-0.14311102262932707,0.08020240404420856
-1.5492458930745696,-0.8584410024430128
-0.3735507738971527,-0.2163622816785336
-0.23799099035736687,-0.04658900589229474
-1.243334213710408,-0.7370123920426515
-1.0695772994303048,-0.5727366420928529
-1.2767105200333604,-0.6755877208378542
-0.22552640927170775,-0.15307348050032765
0.8951231877213103,0.46632385147387095
1.1755680669139816,0.35197552033799057
0.25219402853599815,0.062489043641512296
-0.9045983368222472,-0.2472188768077191
-0.7025266003127688,-0.41812332004904124
0.756251052951247,0.3468184772503282
-0.5501517582987772,-0.33220701754943444
-0.8879112895383117,-0.6643009587734346
0.9700340244661692,0.3823371802339123
0.35521764910505577,0.38603028221853203
0.8662430903361888,0.3597007550266309
1.7370055758019345,0.8065810482490408
-0.12484071873771796,-0.046555540036921375
1.6425555915926862,0.784866448244529
0.9986026994462724,0.6573282477005935
1.173193128948185,0.689281755066947
-0.10664609309112572,-0.08781144056831658
0.07094798973098737,0.130123838504985
0.39556554907808844,0.16070045990728193
1.1932732591593744,0.3867252864360291
-1.0641727779634358,-0.5343177235235971
0.10701549588172521,-0.055456813962887985
0.7673097936917167,0.49532769934126136
-0.6218900449036793,-0.27569297753020006
-2.454894349553047,-1.2004254174521616
-0.38924845985820816,-0.17829167894059728
1.1658713052121974,0.5759294871673165
1.4135515888089105,0.7056358353793498
0.5530233079731661,0.4271132718279005
1.6593308217946314,0.9101855237680515
-0.9610340618575796,-0.4396669414347738
0.2537069177127218,0.11391743378634589
-1.0563956265381647,-0.32356153489889583
-0.04517616049759976,0.06332000566088142
0.9778768363895425,0.5506731383474581
0.9733687758904929,0.5874178298459514
0.6489120893525296,0.42717504642048926
-0.38288108826522904,-0.0026527880444418006
0.14167237064636057,0.025403896248844572
-0.8039226442302897,-0.4607715865560826
-1.0738308117675777,-0.5901365591295369
1.1175328338698138,0.5478103618397191
-0.7599580204546033,-0.41139581864329783
0.16143645570189924,0.3057897701399117
-0.35322970777747364,-0.04715088313925897
-2.3041334455645193,-0.9734661119084447
2.086378632432188,1.1345440268848352
1.8458221580261691,0.9436192891582441
-0.04144533874479961,-0.035490196357638816
1.6863030721989536,0.8240538367077332
0.5394934870892933,0.26655470286772043
-1.6310345770712695,-0.879287641719374
-1.9737713768506353,-0.9609455437219917
-1.606443912572515,-0.8560242589509346
-0.09553130467813464,-0.05501678859309275
-1.8469846504228389,-0.9516700895277194
-0.41268817205180464,-0.15419566418530678
-3.1916226054228347,-1.5770645555760596
0.6166697225486092,0.3256230541789616
-0.5678718545503361,-0.38227868108638186
-0.10027116983212908,-0.13753968473283656
0.06549849489064577,-0.03755771922185412
-1.302972019058354,-0.846800295406031
0.9002512706204483,0.3465525003289057
0.6222563873271808,0.4125830985583584
-0.947690446690284,-0.5254763231428672
-0.940066915714376,-0.4042822339155093
-1.2258095325255525,-0.6148212791537425
-1.7333794763142891,-0.9563018220668683
-0.12501016724360203,-0.04373494975294015
0.677138501086433,0.29384549331688437
0.01431458805526925,0.17214098709907436
-0.25169362352237,-0.11552978423288755
-0.35249197499920704,-0.3574459468520428
0.83794318393507,0.3973762950825689
0.5289982294241059,0.42754884564484885
1.106665192999888,0.5821360733227567
1.6139652661944397,0.7576180886428623
0.4242007424960173,0.10786429018311713
1.2938214240561712,0.5149877452073641
1.5029074978939811,0.8036504163747786
0.686745369508724,0.4645752031774654
0.8127760611753907,0.39372331688678824
1.8177827902707013,0.7736599906045679
0.5886462065139624,0.4027653930271361
0.15423555906405814,-0.06647487144221577
1.4237869814647,0.5493929014320698
0.5759685656308522,0.3509276682321422
-1.0086660908657805,-0.5683711041029997
-1.066417324949073,-0.5389769505222365
-1.4346564652530067,-0.633711745221753
-1.208137775472556,-0.6336183884335934
-1.733864929918783,-0.8749670020423364
-0.9221240771763455,-0.3987005250055006
0.7524874692997608,0.45141376259879884
0.4533817780985319,0.30322703345106206
0.09463566134284654,0.10803634734213857
1.2785857651007508,0.545038825706823
1.2129017391955825,0.6614073439094297
-0.5469924848928075,-0.22218623059893997
0.4677167045865817,0.1985228588973884
2.127242068533948,0.9985233415916788
-0.22309543813138688,-0.1338926729550989
-0.3387378565930298,-0.2594051954001056
-0.8057512024806395,-0.45572661934885167
-0.6409642233781461,-0.3602991400366075
1.325553318456862,0.6271279758912776
1.6705296202382462,0.82366951684308
0.09696892727244943,0.16250472659787774
0.6129927514152067,0.21114447535086148
-0.4010277493753549,-0.28036842140268947
0.19971581668149713,0.2824097409549574
0.2524706531703185,-0.12509040894210846
-1.112953323002536,-0.4883333546035079
-1.3553963813391652,-0.7807462507673946
-2.0573816152107747,-1.0354976666761622
0.15879679688332438,0.25653230151511575
0.45714396535885354,0.21858402637825036
-1.3393274873266132,-0.63651263835301
0.15902930636707202,0.00803555470097607
-1.04081385702632,-0.4523776199838671
0.43073482484365766,0.20981703790420778
-1.4514552029301089,-0.8014328254718258
-0.5987409264643136,-0.5191773840392433
-0.012160128074772458,0.07753804653164931
1.8035192032598497,1.1674883939244975
0.5729298444577725,0.1968615742641588
-1.2337727401531895,-0.511521455392882
-2.120926592292948,-1.128511429308005
-1.517432905730686,-0.8018432154312178
-1.1356013890196235,-0.6139455052604461
0.3402545730187929,0.2620279544448721
1.5006407351399036,0.7219328380677866
2.796858378387433,1.4634944556586378
1.1801926330036128,0.5815125939700476
1.5590682002606437,0.8091223063441257
-0.5849728105600387,-0.21649753121534887
-0.5151512875983324,-0.1884701265744998
-1.3056474539355758,-0.49385951528270544
0.3871352854518192,0.27306679793470257
-0.7163922516874236,-0.38564149721788
-0.37494394415469723,-0.13237929662192083
0.28319659647103096,0.21246708904509054
1.122641664986518,0.7159217696567933
0.6457780562581354,0.34723431391177656
-0.2938633345413295,-0.1991192832378117
1.2787189698685533,0.8210020306841344
0.3978723566530148,0.2673637144316744
0.8803099258808281,0.7796551260127189
1.3533885414439895,0.8750490969381355
1.7398945910950023,0.9509562732583728
1.2987896190112669,0.4094186295528363
-0.2668065655002002,-0.17578670903414165
-1.0137351452338508,-0.43345312185480867
-1.4961022622859281,-0.7405471626556669
0.3850285077779647,0.10821650519884117
0.044644310357760314,-0.00431694757219693
0.2296571516581403,0.20103768344633183
-0.28546266846918233,-0.09125824774728639
-0.2447786699919831,-0.020892878210726842
-0.8774596892040636,-0.4413497252972747
-1.6464645650615584,-0.9904979384776406
-1.138853757878508,-0.46366022532860074
-0.05400729384045011,-0.14461486012987548
-1.743624214496028,-0.8880256450231314
-0.08984102737389643,-0.10970365466154279
-0.5804918849196133,-0.24965991999565793
-0.005596258567448609,0.12476110162734527
-0.6288919607033565,-0.436372212335986
-0.3972787013107778,-0.2380887177048026
0.581831204104784,0.33726130226103185
-1.177514524084165,-0.7510102825891541
-0.276888623478918,-0.0434763561119256
-1.190679704371671,-0.7390663833239869
-0.9713081934269407,-0.45758015723445855
-1.4283543848715459,-0.7310642966716564
-1.7857548618996382,-0.9017106049009799
-1.8586505501195434,-0.9678903804067392
-0.6830048839858301,-0.5316790439850658
-0.1267405077796962,-0.009021502970710839
-1.3321122388038564,-0.7177128254471626
0.2287229237775289,0.24635143838411824
-1.3037517811932469,-0.6881333053921675
0.009342335981952998,-0.0371356528378013
-0.9422911392178831,-0.4237939112367417
0.2705199462139577,0.13175573819768144
1.0489092175096406,0.3767748692435313
1.3903406233966908,0.7191101155799511
1.2584065578825083,0.6305477583655401
0.07940571925246354,0.06534052176933886
0.31866911724342784,0.10991900302671112
-0.22276949361631454,-0.06994213049939946
-0.6735387277643912,-0.15135947684980416
-1.0071716559082795,-0.5528141846669422
-0.8286990840001318,-0.4646627305966684
0.49060899996860463,0.215844509998715
0.04269839011268178,0.18303004054339708
0.5179216120314594,0.2501625218521504
-0.43962459436333107,-0.19309551189469418
0.23363621217707414,0.041342821032796434
-0.6883323001172379,-0.5442886469017651
-1.509581634637128,-0.8435783380975328
-0.35181103617084364,-0.1841355980002758
0.5183666292268102,0.2813316719861422
1.0715669100481044,0.42903940394551504
0.4998475679540541,0.2342607814389305
2.0496244060462647,1.0868252167428565
0.5043153080651959,0.30164025261339744
-0.1075416618584214,-0.031795880544836425
1.1003662281322744,0.40127204843205394
0.9051842883279915,0.4733556453573333
1.0190470573598445,0.4998051640806796
0.5774270771063513,0.36121179881710547
0.8182988174886232,0.3716544055268276
1.553531461651305,0.7916709500062616
0.4247928638338908,0.21069739204308555
-0.3270816006029986,-0.19905242206585771
-0.5617818358885169,-0.4197972582506537
-1.8674576918818127,-1.11479153719465
0.08897966673111923,-0.05855374476321763
1.6440406780206926,0.8906938816546891
-0.03768560465431903,0.08166518091705535
-0.30373299356810984,0.027090660996192728
-0.9308161267658972,-0.5394301480039385
-2.054046113321987,-0.8755025031232266
1.4681184775373806,0.8558468472940957
-1.2160952435096541,-0.5712299084166781
0.540875686710786,0.3814406461802087
0.21634450457582827,0.08834337406375908
0.025796384394199276,0.10452359849829065
-0.5109097878022921,-0.138450126453315
-0.8113672706815511,-0.49344440679323665
-0.9390002016220886,-0.2757226478543102
1.0766022268478113,0.61404368193325
1.5246051372693006,0.5727034967470414
1.3724572327043076,0.6574320827850877
1.9599536391380932,0.9326264557547237
1.9084216926201925,0.8698073713534699
-0.10138739410770947,-0.06853623475116943
-0.3581909321270909,-0.12066745464708019
-1.3481113322054494,-0.8615680792038545
-1.2324833201565781,-0.550527316714631
-0.9197300740611101,-0.5733222486757918
-2.0070552965372364,-0.9937907935313769
-0.43047858598312283,-0.31710251012060264
-1.8164150097988172,-0.9264388730023173
0.23527687352619242,0.16323600517971568
-0.26762597256925913,-0.08673672872564718
1.201167403489151,0.6503042277309175
0.7890348911237641,0.4704306011922352
1.9881459735523346,1.0916587777665991
1.8653993666819075,0.934601601315407
1.9563257325261998,1.088683080685464
1.8528338468986003,0.8636742440288647
0.4303206972843746,0.20206717600530208
-0.4411832598726652,-0.11374383437141591
0.9822714060032536,0.6802231545703414
0.8454333361789335,0.41347789438342347
-0.5965705805429617,-0.2654383701606242
-1.1622087861131172,-0.5446944003374241
1.1066247854579943,0.6458323443235829
2.2296380796899253,1.0049964560813478
0.795842101632624,0.3968175029440828
-0.40102881657341916,-0.2137097119010505
-1.4420558598828996,-0.6284409107436458
-0.7902864964545551,-0.2995387268180566
-0.3952321791281995,-0.08179237943768605
-1.7720795587182092,-0.7456775267158036
-0.976383115949563,-0.5207184298819049
1.6302138638152326,0.6914810269358204
0.849064846439919,0.5163632351803675
0.5087432355855417,0.4749364125401172
-0.23096074305609177,-0.12074309905537241
-0.4765443106650644,-0.060868713997422774
1.771102628768612,0.9311329016950194
1.572032118573238,0.9385413328045084
0.5220139529706593,0.3517926400723074
-0.15420256109189112,-0.04717900360202987
0.13682335953534142,-0.05305102670481612
-1.1070003063465914,-0.3896655230998306
-2.2496452316455997,-1.1246587163091035
-2.0629232906562063,-1.0945224924767272
-0.36312682982390865,-0.2614452295758892
0.007974528128333463,-0.05484132226180345
-0.699477033467422,-0.29637923373531483
0.3016716211754741,0.14552646558926086
0.3442369614285713,0.28910832163782635
0.8886273577700902,0.3447690667261515
-0.13883769190680895,-0.12720196659717387
0.3815426246564211,0.17248898459688305
0.5535277086489598,0.44320656313234474
1.0500238664954438,0.6430137663136131
-0.987850214153729,-0.4910733172270035
-1.005724485798406,-0.491396881406989
-0.7431895419761161,-0.5180562272804572
-2.1024732956845313,-1.0508480157701747
-0.1615398936338478,-0.1508147409631414
-0.2774094782129257,-0.26523208829717393
0.8414139861877296,0.5758647281811419
0.290229966582877,0.24381972835538582
-0.5785713598134705,-0.14196851699845597
0.84800005490212,0.36627443560647815
0.6402170634995463,0.32559770498144963
-1.1088249573690314,-0.4157549868177288
0.007916945101358208,0.2431937344742791
-0.9343571733420095,-0.5443634130489152
-0.9838557266570855,-0.518397647924711
-1.120921996459208,-0.42797690629062346
-0.6403957063289849,-0.42613810132507884
-1.2307310336657955,-0.6754373338178714
-1.996474177031164,-0.9510221226162641
-0.8072796051413192,-0.30049123119278576
-0.18517558158945058,0.10786764763505619
0.6782438146765695,0.23107523873941654
-0.15014992316612125,-0.09950519464238453
0.29222749123867875,0.12128948766583335
-0.2086040627047371,-0.05761139666558434
-1.384937592706434,-0.7291447255330292
-1.2149015420015847,-0.7865830824269419
-0.8513875147033098,-0.4029373436031892
0.8849135380519045,0.515130347745384
-0.38698337369507474,-0.1320804971376533
0.37054476139158543,0.21995918120263658
0.28374161322493424,0.030995727005860174
0.48736806606585314,0.22028278444831634
0.22420977292794625,-0.0815319492374797
