0.014232205160496874,0.05071176400690283
0.03018352725413864,0.039773607074011626
-0.33054970090528557,-0.10119055397755937
-1.0544297005392216,-0.42819067837584035
-0.8748109434413793,-0.44034897146537644
0.8691615910521889,0.36247202692055186
-0.1462507791732025,-0.19656627258763334
-0.28456232174245816,-0.07569563845852662
-0.32436023722946467,-0.13941955029765662
0.33422551564314606,0.28184105214660116
-0.0437379527698285,0.0020930460252080313
1.2606173223386277,0.5401794884402902
0.03483362706767701,0.03287009948238012
0.8281348922821474,0.47405337823670685
1.2852467819082092,0.5814620358223934
0.5660822942817468,0.21455549218655878
-0.20549492429117844,-0.1187379825238624
-0.5980215189397574,-0.27778939113387524
0.03527205855379367,-0.0017716857782111503
-0.03810587529359597,0.026522359553167164
-0.8119425847529934,-0.4113314024298244
-2.0753822722861286,-0.9416086008693907
-0.7076164997020387,-0.38350562331764987
-1.2500765569677248,-0.6978441490338035
1.374424380288398,0.7258018448642327
0.43737766263908406,0.5439263185204687
0.07676821325521577,0.01795769338916348
1.7388639242394792,0.9412836214919534
1.6218480229835417,0.9233911641722735
-0.16236014745872718,-0.07219292113756251
-2.2089162996765372,-1.1660332980760597
0.17537141721595806,0.13653997333037354
0.33443023508976394,0.10784381361247125
0.03458952141845939,0.06648766407663277
-0.5182805275136204,-0.418888110691342
-1.061543326737157,-0.44512937595201885
-0.20218671600587973,-0.19602211860634502
-2.2827106319350396,-1.3002244001989682
-1.1070710356294426,-0.5188769768217563
0.7676547526387106,0.3701022978921816
0.7689240121393279,0.2520186153003816
0.8126663003898507,0.5693830960025376
0.5366298900512945,0.08073856428192763
0.4565607985564608,0.4928830395646399
2.450262313596225,1.3093486018995086
1.172053953354064,0.5253400906617354
1.5489618344897504,0.6177174296299903
0.962921938974253,0.38708828091150677
0.7338845529319664,0.42409347542079917
-0.9539652685342255,-0.46635872226339276
-2.2929830849345674,-1.0161543516966016
-0.7889908531674361,-0.5009177405017389
0.9537607497237235,0.4625109376432435
-1.6772058021889267,-0.6715708101564404
-0.888549942315521,-0.4523032411363061
-1.1994080325718541,-0.47779056008342946
1.1851634021811093,0.6211162953799001
0.9208239439995685,0.548815352231714
1.3044064248541525,0.5344909772166487
-0.3931027885717173,-0.21825139708948424
0.47089310931454764,0.28829120408485454
-0.41608725553957804,-0.16845908120162656
0.8382460133792324,0.6610683138616992
-0.3425256752706488,-0.20839012994458317
0.40918254342873644,0.09961247631640446
0.4739066516396473,0.38981968490275754
-1.4727182978609883,-0.7487405875568226
-0.5301230949863633,-0.1894965786761026
-1.5462073190776082,-0.5840793249792289
0.41910298530903345,0.0779295344030429
-0.16845895980305087,-0.2775550310864521
0.4046869523593206,0.2997693756357992
-0.7886974602823382,-0.5313101058504304
-1.4109480783715038,-0.7933419404293285
-0.5269081181534954,-0.22829887356186088
-1.7601507237665985,-0.9463421792038672
-0.2972297366530994,-0.08603513270731046
-1.496631049059528,-0.8613455361537509
0.14063875780778634,0.05228368863440548
0.1040778469074579,0.030547976733424267
0.46095011543577225,0.38183418837674965
-1.606018458844082,-0.815869246065659
-1.4844396809313611,-0.6686528060223107
0.17298416673040673,0.08227139625787351
-0.6917102807423096,-0.34328925824017265
-0.03981805329865562,0.05206384673820373
-1.0303304621822174,-0.6192892405909586
-0.6702039989869154,-0.2962225043170054
0.045523771269957436,-0.004250360142217548
-1.465992440376051,-0.7011251989537716
-1.6351695885660331,-0.8044911775632912
-1.3261356749149191,-0.6715796937599883
0.2296087327930123,0.14308006200196915
1.0272567731649747,0.5824966309741264
-0.10342585466863963,-0.02866761548735968
-0.7029567901868831,-0.4318208897624721
0.5601043446590225,0.25111434298771074
-0.7023238896569152,-0.3121320153839439
0.4079652240427899,-0.02958648506202638
1.3135920112981743,0.5559807746652479
-0.3500523130872024,-0.22873032618152672
0.46810822898710475,0.14217549538421345
-0.9724377470874153,-0.5867902517329306
-1.0329919945274044,-0.6408173281703163
1.304284811759304,0.7640646825638011
1.2495998401657649,0.5730822109713557
1.8425760206649593,0.9062765042740362
1.1349932275787085,0.5071632289870712
0.47169603630382784,0.4018207360462256
0.11625417716332606,0.0031889717053051186
0.7357278875678986,0.5039252978239473
-1.0901024746140588,-0.5745228249923602
-0.25553618887013985,0.009212447901048249
1.425358406755556,0.6535667149156439
0.7522151791586538,0.32909546219194863
-0.3693012057642244,-0.23796372974045527
-2.0232688825123444,-1.1503485470474846
-2.324440649055951,-1.0227961542343256
-0.13755324010936543,-0.16848352201491212
0.4865486696807319,0.21569485191483811
-0.31560401645998526,-0.1532820368143375
1.0592178568973485,0.4612010772583586
3.244269294354152,1.6887883413699036
1.5619401359299945,0.6794451183143081
1.6492632544103252,0.7292334555271327
0.5521842527239689,0.32354290225679383
0.9971012847938272,0.6451572917537642
-1.0077781802342405,-0.3520930530582367
-2.058164317401746,-1.1487830994992891
-0.820370939142235,-0.4762128506073118
-0.11877667048131985,-0.023288463047663056
1.551483421827538,0.8000569336926159
-1.456648733663863,-0.7926032727099627
-2.4546144773153187,-1.0894966251358063
-3.4706752644869967,-1.808681319261322
0.14831930396254922,-0.019538409866039774
-1.458734354577413,-0.6165194420340762
-0.023477916861346704,-0.05338974742561416
0.22590185280294647,0.06735090958233804
1.9389597040839943,0.9097344008968697
-0.8502328382827284,-0.5617386035489911
-1.20829567485706,-0.5353746681485291
-0.28331380198595835,-0.07861630066068932
1.6446809951165013,0.6883280241267026
0.5773671282279079,0.21313852361563906
2.543255329181003,1.2664934221076602
1.0195311129869356,0.5021689249593455
0.08322089006690941,0.0007149845646482467
0.5669602628016122,0.3422605096388666
0.980927124089012,0.41254281554016065
0.5888164289075989,0.30016580204867643
-0.9533762243615445,-0.4014228226772394
-0.8109117681026232,-0.43980804630177295
-0.5641375928835625,-0.3197179287446873
-0.35806488832832734,-0.24803096796707294
-2.0861678535108945,-0.9052147825288278
-2.7386698506173826,-1.5849922084279147
-0.9525648422768511,-0.6002267725806006
0.6457501392872178,0.34124339915845303
0.5127151592174146,0.21050951641959947
-0.036834180669114036,0.05340132855373683
1.344066336838723,0.6921755560134275
-2.138334685090495,-1.0705698344995178
-0.44599943901232775,-0.2950331458835313
0.3197536772487909,-0.02708406959807652
-0.004983279428325799,0.054884899711800585
0.35054731904661496,0.19871932103134632
-0.19897588208467487,-0.23478291954701497
1.8531919527998828,0.7559683560993207
0.9557397248680495,0.5417624445147016
-0.5739107872531577,-0.334871897776085
-0.3242527464664989,-0.00036106627472881625
0.19708638688516156,-0.09143941855341384
1.167417255164495,0.5992225273525468
0.7074871430481496,0.5006485937722753
-0.18147593813017293,-0.13984973531065115
-0.8566397747713179,-0.5657839717928673
-2.6253815859437535,-1.1944564382016107
-2.649832707566273,-1.2613720122385663
-1.682121029547556,-0.7441362149160096
-0.11283792817165994,-0.07262929513077113
1.8961818472313419,1.0424493547000133
-0.3566093775760224,-0.0737389586089425
0.022111509885226116,0.09365955700047789
1.0926706024460027,0.4221638461510986
3.037174195909995,1.4484645168113408
-0.0038751388603830428,-0.04990884037235896
-0.31937090376866406,-0.12608907087921414
0.18365824035917802,-0.04296931121440996
0.31684088151030443,0.18808787545427794
0.06207362185749318,-0.13609556206097367
-0.08215550390861823,-0.09668938125990918
1.0253152975350224,0.23004873847163393
0.3133917310266404,0.2219081797363715
-0.09862345024827776,-0.11687310041387775
1.4431679629739516,0.7474578573548498
2.020890121487475,1.0766620120455412
0.6423703111003909,0.11177323484486881
0.07156228071187909,-0.13326716909924455
-0.9870316850167338,-0.6466527879090391
0.011529999772274091,0.03287434298685506
0.023298570629433697,0.08696544173495321
0.7901080275992886,0.3392768245311577
1.443854885820184,0.6960739462752219
-0.10404054513027994,-0.10410760775106351
0.6314016061322004,0.33132479006885407
-0.42222962302835,-0.3333467468157177
0.6684915263454476,0.2616170264192674
-0.5361888257028999,-0.2769336378828309
-1.4762661305859697,-0.6421838337569703
-1.2558993653793125,-0.6026061888150364
-1.60458845684996,-0.7194305056064965
0.4740006652547517,0.11252401588094038
-0.42000168503474133,-0.14832472769291272
1.328798940770547,0.7241670907280843
0.8302887116962177,0.28750074874777304
-0.4417163286397033,-0.24459094257762598
-1.0312615019312275,-0.46061978489428196
-1.2427109485382317,-0.5857526743553564
-0.21988066572987525,-0.18309565490491858
0.27419337560636436,0.16056146783733594
-1.3182651574069777,-0.7617424066825275
-2.401540415545303,-1.0305948278958337
-1.1067415200163748,-0.6104007214063938
-1.3227115979813364,-0.4329967801996728
0.055322433996440434,0.02417573859506557
-1.5310344914741962,-0.8965295950781171
-0.7206904641651987,-0.11147122129219755
1.163441116624021,0.683838269610204
0.7331404254050111,0.5046517747629096
2.07778497409309,1.1921356412034019
0.9395122311996142,0.3951932498909321
0.8341229555710743,0.47633632410336146
0.18083137327197063,0.18562241641832278
1.5045009378724905,0.729942673227122
1.06958765137947,0.1974407951217494
0.6027675120093519,0.2838973883157106
0.8329368725039572,0.4257502237211251
0.31644182510818686,0.19949092272866514
0.08535339180210091,-0.08009901503926246
1.3279804070404555,0.5250868320320807
0.34580700739875325,0.2169198891413721
0.2975927748469035,0.1964345848066188
-1.0058528815891066,-0.514179247045439
-0.40671738677143954,-0.1991694655279527
-1.089416015702413,-0.6457219981513217
-1.549903596250965,-0.8231393760982948
-0.7380549537593756,-0.2439953977416061
-1.9302488217791733,-0.9088093463827023
-1.7314620446606652,-0.9339173464769553
0.34672483820459354,0.16875435025814145
0.8081215778269847,0.3701189696091642
-0.6199118707926032,-0.2777338114998516
-0.01813683612670014,-0.07821348249333991
0.6210809024367159,0.20295788440488013
0.9618686834511514,0.4735007474795698
0.12388655001057514,0.1485836786404924
-1.3139908105985785,-0.5039316102570546
-1.6927238648607732,-0.9416870126281018
-0.876625003928185,-0.4289651194887677
-1.648509141547287,-0.8053945919472839
0.8603410546959862,0.42568183505865836
0.6134805843003637,0.3377645044502033
0.40651655724465824,0.1802168677564652
0.5871020607025473,0.2970387121494887
2.0704203290222085,1.0919109295968206
0.9469197576881538,0.4256597459408196
-0.8306416944722569,-0.4371471253849369
-0.4674190016510431,-0.33610928114500666
0.44190313406126097,0.27614105143198053
-0.13453309767608057,0.0974577744207284
-0.5187595631646489,-0.07309832008050651
0.016163291370684396,-0.07000381441018483
0.4593761405504671,0.2515344463013119
0.08915212873039838,0.15911081869978727
0.5772275230533612,0.2951004375753959
0.22071403919877272,0.08046256119170223
0.7336656934261366,0.26308218143345313
1.5207490317062515,0.8144215767076279
0.7336063769081841,0.4457048820882564
-0.2973585033768207,-0.14604351203129667
0.1772930047102716,0.2417941696150961
-0.6638328444804702,-0.4330145447630671
-0.6384120761874962,-0.38917174027870965
-1.9713754707506759,-0.9954572359531838
-0.7744972132212586,-0.30792149797492774
1.8245102173504033,0.9256751853245966
1.475578732449593,0.743835244776765
0.7688224742949938,0.30115358224906374
-0.5217880818285545,-0.37003900713490623
1.9362182506083425,0.9496083262501277
0.8454073140345021,0.542742638366978
-0.7316595589241246,-0.2630028330803971
0.019192823091840783,0.18091057776831318
0.0826699345858363,0.07934079031752486
0.06704115243889124,-0.10881182785811655
1.640002409145947,0.8023159322372583
-1.2220781581460605,-0.7935205793747417
0.4717524308600629,0.17012318286224995
-0.49388496449879904,-0.44652187660594433
0.17177355770786085,0.22691231481718946
1.0062334708972167,0.4152488745728309
-1.1276660480039518,-0.5481421670147187
0.29198738719569395,0.15537461732226923
-0.5714509612818413,-0.3046011308612401
0.8880743886959312,0.5106834337569456
0.7159046864027916,0.31689394345949035
1.208355827771147,0.619217775888945
1.3154637589520066,0.6683761386229268
2.4879025799857963,1.2671843197368051
0.7640094267700861,0.47117783754771
-1.1908429454631964,-0.5728318782422454
-0.6614266717832388,-0.17365194348999985
-2.0157553718629813,-0.858783685496088
-0.3893697980157604,-0.09066512196080015
1.2000978561817688,0.4816623637889235
0.2886738570176915,0.1936829799214131
0.014690955502532715,0.029469746486963128
-1.1772291639399837,-0.5351114053988452
0.9639495042959925,0.3956232145489969
1.699839559944674,0.8596767031093896
1.3964410579148652,0.5683021110936829
0.5438961389329081,0.1905065888335693
0.49310010498263185,0.10203931938733493
-0.41009204980419295,-0.15960658816942516
1.560929465291491,0.8908640054822505
-0.4480287847623694,-0.16831390307679484
0.1418118550345654,0.23516404808954397
-1.1770805114610727,-0.6675069783362979
1.8346781829738878,0.8445619098191308
1.193742016802088,0.612791294796955
1.0588297239619233,0.38700275565377873
1.3275166500815239,0.6239824814846605
-0.21926846545518697,-0.275202442919837
0.6797697967233506,0.22477863487608296
1.8708947901412925,0.9440989266188368
1.0421459332952352,0.5380257826486856
0.6814227773001117,0.31567139387514964
1.148477856838197,0.7915656605747035
1.0327530846357926,0.5646012928646957
1.2737830709404712,0.83293736411445
0.9270104571744671,0.41105089976439246
-0.1813425492405928,0.09705442695211161
0.7091093225348131,0.4842589763618027
0.43542713549381173,0.36207699878447197
-0.030261679684188636,0.20827878002999772
-1.1988638023031437,-0.6489987380347221
0.2517034669238829,0.1375353370635213
-0.6433079875099407,-0.3777951908895859
-1.2275670739228723,-0.7742907211122703
-0.9241746037340471,-0.47373301280721636
-1.7587406154182759,-0.8440217115738221
-2.237897380759325,-1.136817362375237
-0.07030329371055744,-0.07995469613217002
0.11221371705715935,0.18971796496607257
-1.580263967205596,-0.7533557364898866
-0.00480919246560918,-0.019733898861054738
0.5251932472117116,0.12066698198501244
-0.7466459598321438,-0.4192300724467472
-0.7232117914628009,-0.36305158943231214
-0.8048091080252242,-0.42608760427465053
0.4145070319322123,0.3146117197755003
0.022255702419937184,-0.1316303330673153
-0.06119907225554908,0.033606946750596486
0.31064286147974784,0.2808022924900792
0.16317708043682427,-0.020861918164309226
1.8450961039457274,0.9933527308205918
-0.2891242965726941,-0.007092803026084282
-3.2721639613957008,-1.829125724716622
0.15819992582137365,-0.047636079467816145
-1.0709929558539129,-0.5611276396642209
0.14737307713451453,0.25335209573543926
-0.6831514883743903,-0.4562571517025355
-0.2186584073057563,-0.07558146215612435
0.6256277362456969,0.2697182574333453
-0.8255517600734641,-0.3792418002201078
-0.8937530774650122,-0.3043715293668944
0.8284221080004965,0.5704827854008938
-0.9422399120493612,-0.4532828165760203
-0.1837424237395186,-0.011831696140259071
1.7672387161680645,0.8462031176004678
3.040236133052935,1.6318942504798044
1.0218998828992658,0.4703264709008756
1.3003238172200522,0.5855064347551522
2.1224952798629975,1.0896061471604284
1.0358140182473734,0.40196638952126884
0.5117448821094591,0.20421520878075672
-0.7093123547406779,-0.24297268993209054
0.5752995602045721,0.2708743888493697
-0.28871404493511194,-0.2367467975031807
0.23040283593482103,0.10994543064951712
1.0913204658068247,0.503408346346431
0.6297934559100604,0.22824183828015854
1.0692294772584299,0.43199746211974155
-0.2170639131666463,-0.07069225028012756
0.7732378524187515,0.41028309570315014
2.558634757677249,1.2909362792915267
0.4262173615072194,0.29666914830895025
0.61310090859758,0.3325703697877294
-0.1101968647088924,0.032012447930820725
-0.5785901190283966,-0.22866582827274598
-0.9482276352733889,-0.564391543111979
1.2114360116021508,0.7051696425738082
-0.1167953334023194,0.03669909785612435
0.14715902608674392,0.0021870803007107698
0.6297553831599424,0.370690760662414
1.8506292495819967,0.983344751207813
1.1649190245388428,0.6009928804987664
-0.12573374806460758,-0.09321954649765077
0.9249836927284952,0.5633372368212863
-1.8076299283876085,-1.015952856827556
-1.975527613707555,-1.044155413591446
-0.5376092675052153,-0.42080958380680944
-0.6155013836287506,-0.3365374177271814
-1.6036282391645038,-0.8369177706182159
-1.6090670853822069,-0.5926562702095164
-0.5514067675537782,-0.3324918512053827
-1.4878132557817776,-0.5963420421050012
-2.912142658647599,-1.3117195220413806
-2.7557420451456753,-1.539361122689344
-0.6084286099654979,-0.2836539695227054
-0.2916125799490351,-0.17498594951626187
-0.28979833675007405,-0.08825150910570027
0.7914715430482415,0.3645648078947093
-1.2086989052015737,-0.5556717291065925
-0.21929548366513796,0.007863522837759207
-0.24468474553046235,-0.2158645615788501
-0.24230573924391038,-0.06946326317779
-0.39120848749421455,-0.3542900422784428
-1.41197721551646,-0.6939486119401679
-1.0686980419264163,-0.3236040238646388
-1.1736362030063092,-0.7007809609980447
0.2885709658824206,0.3311357595346859
-0.36673638069812203,-0.15709301692791497
1.0328398724694006,0.4624836982999572
1.129444919769025,0.49882208922023114
1.1603539631496154,0.709759855438672
-0.8254229379329513,-0.41424090891148596
0.3479031021167623,0.17004010696749838
0.8741391660253744,0.5345877135080485
0.2783199361513572,0.12205308323640046
2.888792845379287,1.4638523470468576
-0.3775894553776462,-0.05679022777994394
-1.2193091573218513,-0.7310934101718356
-1.3820668474587432,-0.7051683324551921
0.22985306805770112,0.25035746426994104
0.414511180461183,0.29925365313097707
-0.9598813828209039,-0.45871360172263315
-2.149455155830984,-1.1339432014699147
0.9712985479424475,0.44309982657720903
1.1588009014611513,0.6906438987881736
1.2793379184973803,0.7220207556435088
-0.6929131215143937,-0.3384455548205028
-1.1038351015156223,-0.4823794252870518
0.09250250030222817,0.00013595611970468324
-2.2461365312404706,-1.0692702016250524
-1.635391069736443,-0.7146126692015233
-2.0137163707665833,-1.0353951842044469
-0.861500780765391,-0.3587964136542231
0.08985605001770897,-0.01632055980942669
1.1772097936264299,0.8876340677460144
0.6754067502271036,0.35653500172086516
0.8540195585549246,0.523901621069447
1.867265347731844,1.017448467253025
0.5281465879047265,0.40569590991004056
-0.3045865593624003,-0.22784116212362204
-0.23699096050136811,-0.1561336209123151
1.169063823753971,0.5637283026969298
1.0461464954048159,0.5875659300060129
0.21187438567128125,0.032777373681939656
1.302936551361773,0.5183651381597139
2.126165809187209,1.092508177699554
1.7833562164185317,0.7721217258290766
2.103644931149593,1.1349391144280347
1.6985566602888802,0.8296650947764797
1.0914495433411509,0.6660395025535558
-1.1452063730599644,-0.5908711124421901
-0.17251175476140623,0.011207946273538286
1.3771266288288262,0.764720825698157
1.4457088569169443,0.8231679009888757
-0.6378617388979054,-0.22851667321415192
1.3215129110300738,0.7911010791901298
-1.0832611495117779,-0.5944978631873201
1.3060341700983111,0.4120349679222661
1.4976747058108155,0.6431160473210604
1.6765387271521157,0.8134168305482911
1.0159156712123854,0.4163726136470177
0.50063262569466,0.2596973204027356
-0.7178652113335721,-0.3232144883142561
1.415762691776517,0.7026954349580744
-0.14367871909871577,-0.21748757606489877
0.08145406008932099,0.10032634044007782
-0.9653021636298036,-0.31006265116721554
0.48737791376028383,0.2856008287811243
0.8969632878207285,0.3012720740418471
0.6819510057678675,0.40460972318479493
1.4741912058151545,0.6749447552578359
0.5463452063538788,0.07889004523991028
0.13244568804288367,0.09437705458506473
0.6054666612967926,0.40581556936565255
-0.8202974328771215,-0.38827558697911235
-1.7977908119170203,-1.0054540448769647
-1.6973474459868498,-0.7720808414622089
-1.406371325484642,-0.6001242995479712
-0.22328415796700218,-0.02623593054690887
-1.6796075129317576,-0.9772319135936218
0.21961579771771433,0.2596135361784202
0.6678945797409902,0.3391704434655204
0.7857665401994349,0.42171253204765
1.9250509614009157,1.0504272464759092
2.3893351492867607,1.1985349359668795
2.589545060550888,1.385655074030614
-0.5222104117997762,-0.16866363125835246
0.33015083498855174,0.1588123565601379
-1.1715446644528287,-0.6999125512628214
-0.3820190505842972,-0.23347735311363782
-0.9993626996052247,-0.4612794445469692
-2.0594718271542973,-1.0981033719348132
-0.41061125834514456,0.016958813084439778
-0.39713506178673513,-0.2493454124858923
-0.2803768467606656,-0.27524995877522973
1.5774622395186726,0.9949892785007508
2.0042877949042026,0.9629287035961221
-1.0634394233495128,-0.4145330456015599
0.6772729462872525,0.4906613134909392
-1.2127639503528536,-0.536351871121895
-0.14730689300856098,0.030075777706577128
-1.1600141827090134,-0.7607029388573443
-0.9844752292274923,-0.4117540108136081
-1.54305580840533,-0.8759778145392486
-0.7261096109417966,-0.4211785966551678
-1.7722758217202008,-0.9048575133150953
-2.4515138295270655,-1.0951233772804483
-0.5949298027375532,-0.35929512789938
-1.582257219683729,-0.6710026179873935
-1.2226999517487034,-0.7325594911934248
-2.163057064122805,-1.0792235102362047
0.2146888300377463,0.1958523217239033
-1.0008019972062716,-0.5255812703007414
-2.6171557080686023,-1.213457243960138
-0.299970452393281,-0.09342362706117477
-0.9037803366966506,-0.47056359103698536
-0.9478504177181519,-0.5355617789773152
1.2648281132358887,0.5368599656464705
1.4604540070837944,0.7955268483680003
1.0354133702402524,0.4974662638419513
1.0107872903471358,0.5360781416458495
3.4989246538749335,1.809469236300856
1.009065812657079,0.528893640500746
0.5505285975926443,0.3599875301689465
1.7224857542667076,0.7911241680247583
0.8409986073122832,0.34096812284952605
0.05415464402195552,0.04980953652508355
-1.0543879661964148,-0.43040443468950457
-1.2773010572419583,-0.7112137612370804
-0.9588743583444967,-0.6467833868842322
0.5789701786478588,0.1867090238426673
0.5292119154587579,0.3602478571109996
-0.23097693106011496,-0.1847306402166021
-1.263228560033872,-0.77865414468052
-2.1435827532234297,-1.0967220353474405
-1.4913846392058732,-0.7292878724353448
-1.6299257811213899,-0.8233091973330756
-0.6497319297100325,-0.12935490285196286
0.746045828577315,0.2851497294737436
-1.0758948652313003,-0.5286268465506058
-2.4461488638462656,-1.3484665643698237
-0.7494919302134173,-0.5188309172089726
0.6225062540723365,0.20867224214502011
-0.047003342945910465,-0.061469294734279124
-0.6093842057421343,-0.30992884657020303
-0.408073046194329,-0.19009399562010856
-0.49581500430021175,-0.2603129675259582
1.234455043911018,0.49776030240806646
0.30148779706371653,0.1497035960689961
0.1412706213224031,0.026356901829872242
1.8104686623846111,0.9040753225179033
0.8392275197325997,0.4609954700886745
-0.03790358253932541,0.15217960279191875
-0.1825748699452029,-0.3497366798400309
-0.530381044225938,-0.1061781825736523
-0.22057447764421184,0.0742633212051397
0.261601679124159,0.2673405079489968
0.040939146413599053,-0.12850292963543142
0.14709325181791366,0.13627557012257333
-1.861878692035935,-0.9591875644876664
0.012743631739437933,-0.04543478807825291
0.7579398713396783,0.2050172771037683
1.0192405597595884,0.5780286683290701
-0.8424613546648518,-0.45323751183977107
-0.4023267091676325,-0.1251818149068326
2.307995845734935,1.2970496912554952
-0.20536841852704069,-0.22003839776734918
1.4191066174626183,0.7465681545153751
-0.3911868273339689,-0.40233126392963875
-0.5019817550633872,-0.17733604177721918
-2.712431554611467,-1.5678473164316977
-0.7139344296654122,-0.6967491623842459
-0.6253951663131135,-0.34868685871398525
0.71550036801646,0.3190925314283732
0.9983866564211332,0.27557706142317107
1.7825681376823654,0.9325383863787805
1.0413113798558906,0.44391686904078
0.37424691345929184,0.30798212149600107
1.189198070194199,0.750680461399232
-1.059657504000221,-0.3573192403090423
0.4266388924196626,0.06285249003346452
0.4084349783475487,0.13566354640074854
1.0055297841647142,0.3511933544295366
-1.0922814035163806,-0.61868470720612
0.12828885852258953,0.008627593037661925
0.979615370984456,0.4492902856723606
0.18676932672626223,0.215179761032548
0.9570046829880802,0.41422226845274795
-1.1777050710377277,-0.5758140120949016
-0.3934248353585891,-0.37090878657609394
-0.10762366814141588,-0.021959733125845156
-0.181074594529414,0.18458735476227572
-0.13394581848558967,0.10651348157304899
1.396586287818419,0.9469509992110812
0.5360963168541372,0.1749479170108718
0.1478643301985046,-0.0057853557827046015
0.122126043759955,-0.005100243269771307
0.46745238337621053,0.21694771056638323
0.3464038253710699,0.47781409749456016
0.4908746776477349,0.42114915035761746
0.6376951618728419,0.481142282694224
-1.1483679274735785,-0.38583716394191003
-0.4822371500768985,-0.2863829187348581
-2.215955374548164,-1.1864556019149077
-0.9528368715557842,-0.5530801379864128
0.488099445274477,0.23988476244385754
-1.1481350268734012,-0.661133530824362
-0.9649106165627305,-0.35645657108842804
-2.2633985200089324,-1.1013303153895522
-0.4873669191815523,-0.3154187855119208
1.0093326957909796,0.47883921518975825
0.18778026184369778,0.0639404135612294
1.4306875927952059,0.7680179178280044
1.1410533347335137,0.5544979948898042
0.16786690915980135,-0.12108986334342306
0.6033213756889566,0.1945224473194691
1.003844423730648,0.5515255346882464
1.9775840606176447,1.0601683024230104
-0.2934532839176217,-0.1282370426195397
0.08364481251440345,0.06667813364532722
1.5314125877274538,0.5536705871565618
1.429550955730078,0.6080679039855624
0.61251724517318,0.37790850122683484
0.5229964077984054,0.3159463188324886
0.5751088063344849,0.2897631875023283
2.1405429460497207,1.1595841104282374
1.4974473797949184,0.6624709763319732
1.9543102439954345,1.021925756295743
0.36995633704127046,0.29969684723968976
0.22476789454750631,0.0303098506441523
-0.2646734748665245,-0.2977123615905337
-0.7336300728415777,-0.1706220859311165
-0.35172624956771215,-0.26134191125409484
-0.5049377063431189,-0.07707815401569795
-0.20688874348610725,-0.176905348937394
-0.562957619734147,-0.25687597737269097
-0.966681643675679,-0.5053463349846774
-1.4071949931679044,-0.6944039987862212
-0.3250808781028834,-0.398790497553149
0.5295538474182746,0.07944652524785017
-0.962860369851479,-0.4982395285714611
-0.44242782996734153,-0.16690709853909308
0.5443081103582148,0.21979658777115246
-0.06551042706061494,-0.13435191805786337
0.18088027048630367,0.11223182315680663
-0.20664526626691848,-0.0430333602134792
-1.296911392659358,-0.7252307229262838
-0.9831575517981886,-0.5868266666042466
-4.17652966579206,-2.104690647908862
0.2859355437038803,0.14171582351515807
0.13402361973607022,-0.0606572164925253
1.1988083938042164,0.524661226571126
1.7222422049712236,0.9153324891841251
1.2134084972822676,0.49758104285394084
-0.9163319021371301,-0.4619201435550624
-1.7132966713935907,-0.8433921185776676
-1.5615691627131185,-0.67910411778005
-0.8724437769264359,-0.49929957205912134
-0.8857129757882678,-0.3583453463895529
-1.1240338470169442,-0.8594371914253955
0.008874375105283883,0.08721481465825026
-0.0761013029656797,-0.07664488233222455
-1.1563107669766222,-0.5236899159882846
-1.260615769435788,-0.6509458210474806
-0.08328170438186366,0.06894465276785902
-1.1815351774722929,-0.6961352530379981
-0.0880716063395457,0.054292914199832454
-0.21598529741455522,-0.10324050907924663
-0.09390128192568947,-0.18255021802320645
-0.8690513638695272,-0.49027738000771465
0.5972873518817503,0.2181662890621961
1.1799523029719448,0.595629848109925
2.6980550586585705,1.4419733762325249
0.9538967295847686,0.5619394957858177
1.040283267396788,0.5461551098092848
0.1956144667133906,0.2395465851177818
1.0211057854868333,0.666065419980681
0.63830504387243,0.2786445818583465
2.6062958334242383,1.2700121539641949
0.4984875494034537,0.3076200339280986
0.5871943198358405,0.17214040648869086
-0.9157032457366492,-0.45626165040771904
-1.2385522870709136,-0.7504660509479533
-1.3151385157532363,-0.6936360288452414
-0.969888578236559,-0.691348030734632
-1.368871216160699,-0.3945361109652778
0.023955117433044792,-0.08693318125691307
-1.064596161502449,-0.5405985810365164
-1.0821671834499265,-0.5786338644047112
0.6086895010918856,0.4181171737812038
0.7534165637125705,0.29785812968516656
-1.6233980403240134,-0.7942841601703292
-1.8263482336037566,-0.8904441878695746
-0.36193687995537316,-0.22172357805154358
0.44105312689513376,0.24167209391309358
0.9025969610135054,0.366962334397647
0.0032455492215751613,-0.1302197353999556
-0.7989022940536007,-0.4264395160424453
0.7718084675847146,0.494630389535903
-0.3009602992083266,-0.2157874322255529
1.3634917218938125,0.7692297703196271
3.112786453006127,1.5762027263723366
-0.050074975114413944,-0.05047908725322432
0.7392706345417457,0.3397611970591108
0.5483472454790945,0.40863220217779905
1.0811554332446005,0.4266407701174885
0.10506286961622663,-0.005603141829826103
-0.05462337017709323,0.14819118217338514
-0.35835001018175433,-0.07643512334017152
-1.4809731201065763,-0.9095894290548541
0.7069859807453824,0.27681445490023454
0.3795486316458595,0.26564154947632934
0.087865780590067,-0.1478424158144611
1.5862554511468088,0.7319162053288428
1.800182008295172,1.027717985764095
-1.6689122460729142,-0.8118089978444925
-1.0743203678877111,-0.4925102174420922
-2.0727784552512962,-1.0382812965189745
0.38226621481130907,0.10222699932608377
0.5825852334366045,0.21395974920380645
2.156484438931892,1.2599655281415045
-0.026179684442307005,0.01747593867220026
-1.9835489424594661,-0.8665711328371306
-1.689733942469659,-0.8371577973951849
-1.2968637368893154,-0.8927189489287297
0.8769057685231144,0.3841055390566314
-0.2514732967616671,-0.1259731147022617
-0.4433460382796518,-0.13904055303123186
-0.2281528770231832,-0.14079310714721271
-1.3340340753256932,-0.6274819677613476
-0.23711182273738834,0.1004745855220388
0.7948804704794601,0.4130098945513732
1.6486310926427823,0.7082063351958955
0.4136645646304137,0.12553207118566445
-1.4495261494488092,-0.8953117374953086
-0.7679362288080044,-0.4227597066999812
0.10951752410249793,0.22166034396615927
-0.17579357895775732,-0.27813587214496727
-0.5617777055878763,-0.3213362532045114
-0.16049582759966635,-0.19026511689787035
-1.4586332877353425,-0.8270553708403485
-1.2016607100332024,-0.7123250764813849
0.5218085520231895,0.1631738775535935
1.252776063160858,0.5596754209342129
0.9704789177994718,0.498469757368954
-0.09037128818627638,-0.26369007771558306
-0.8928916153536441,-0.45528875623044396
0.649344016234379,0.42369775855765696
0.43165124972482205,0.4050584797623849
-0.22659156335131853,-0.08184378429111527
-0.2772433567410706,-0.08263257658625048
0.8410309314499863,0.34579367413451756
0.09415247180397524,0.1751574823681644
-0.7271666657133761,-0.3725262695850391
-1.7752948737662617,-0.6168612281558596
-0.11997930368659693,-0.17498761756112724
1.0692341147201978,0.5415192895073478
0.16696731221399946,-0.07829869141449505
0.225889445103609,0.02924537852452337
-0.006851320633218055,-0.004516227475596822
0.4672298328739648,0.28528900115172284
-1.8127653960284482,-0.9309675630534865
0.20624239564456615,0.03785267707802917
0.7525852096127383,0.3319429988886105
1.781528429985435,0.799195876748069
-2.205285575982555,-0.9519240585012725
-0.6578399434937878,-0.3168122053382921
-0.008890618255350702,-0.021130705370005578
-1.7542489016363045,-0.8806280648110116
-0.636002478224425,-0.3088211839605786
-0.01298549391792525,-0.07077897206849247
0.8458069258036126,0.33948781587527177
0.9081654673372441,0.6015327314246098
-0.020388388439857685,0.20823488857088496
0.10305429435171802,0.10362956031577855
-0.7942433620619366,-0.36870644290423704
-0.21246824938680559,-0.1393653335742852
-0.7854666453142475,-0.46353481382635997
-0.03032133274317228,0.07686589768549719
-1.4258989979583634,-0.7385395756894456
0.6682870853957541,0.42595392502383267
0.08068583196792622,-0.10959206023372911
-1.335310046485149,-0.6071665307679993
0.3166158253469862,0.1679727273482609
-0.14459100317178708,0.016740021143832398
-0.6899244361054679,-0.3504992932086518
-3.0263961822332965,-1.4819888757370376
-0.5095816082738192,-0.17603286932373408
-0.3557667671632818,-0.21069238195775283
-0.7058439533938904,-0.4677629057389876
-0.27304243482571267,-0.13460881981939396
-0.01396634550255299,0.023916015653124317
-1.933177931845565,-1.0933542491299042
-1.6662771652051074,-0.8469413035586133
-0.38450392575607906,-0.3503187862131286
-0.40193897235381093,-0.075506206414968
-0.5507507859619329,-0.26946327183513236
0.1804473045211062,-0.07184508213411742
-0.07480991348036259,0.08176874641378046
0.4697483736720209,0.0963035375871216
-1.3465037167436726,-0.695158203456697
-0.922087933801928,-0.564823294306763
0.09437752154253432,0.22642793513855436
-1.238956710003817,-0.41286019362325826
-0.23944690533265722,-0.18040267788048195
-1.568457796248864,-0.6716978275596227
-1.7647585421232672,-0.8956984272697736
-0.8304289042495206,-0.4933623935626723
-0.5387933592313232,-0.36580159173453897
0.8740242309853072,0.5418072352829546
-1.6791490186164642,-0.994708559737129
1.0920476476014382,0.540109100466254
-0.35902187863878365,-0.06925021174997861
1.2202967074788598,0.7829038143595175
-0.1409177326646901,-0.0771125547053489
0.5090814114370964,0.1673542865806229
-1.0056831940381095,-0.5615510094368132
0.578314822850673,0.26453925300430403
0.004665194295008224,-0.111265453595064
0.7048487450017152,0.43284145195189955
0.016340402374719676,-0.043354033990772325
-0.39123061372946505,-0.24328206788169005
-0.036238541936167906,-0.029942513959218917
-2.0180902096312114,-1.0396253763697898
0.7442845718913602,0.34753615167758206
0.30142373373557696,-0.031464591384188056
-0.5774331897571892,-0.42276485347035275
-0.7507452793624919,-0.2376386467572059
-0.8108494127574314,-0.26752553950975144
-3.3309225436326804,-1.5856680721391854
-2.0741749426029936,-1.1260062027492153
-0.5194145683670337,-0.426928446265988
-1.0686626196458089,-0.5844095289933906
-0.8185483398647331,-0.432061708436771
-0.46994692984459446,-0.34613151450604196
-0.9633201889140677,-0.4223049731326041
-1.9551266022305027,-1.1455812894306012
-0.800796409304988,-0.3961787893230059
-0.5500298053753796,-0.1657956003429359
0.08708099267050107,0.021995725376034635
-1.6109327768041863,-0.7855276107055702
0.24997261513593272,0.035871715776011226
-0.947702790221593,-0.5501774383922596
-2.9344758451100583,-1.3306584580521275
-0.8723073191757131,-0.3753753289602745
-1.0465970315959847,-0.5536124492400979
-0.3665781253568361,-0.363673344158569
-0.2157907129518658,-0.013886559731247264
-0.3607995521492821,-0.10588460376984839
0.9864593380040909,0.40735806519381346
2.140097920185333,1.0036761074008456
1.8861994643636817,0.858977850730512
0.8088561326763347,0.3285332859424773
1.8207466500302927,0.9618231431570536
0.06368915998781066,-0.10574992586719398
-0.72543767779757,-0.4238410467468633
-0.41737992493342885,-0.2367243337821539
-1.490726684332373,-0.6785393230084644
0.59732450428855,0.37359086612075165
-0.1444819636104155,0.028430940316000783
-0.3717929433495266,-0.3552292465715251
-0.6532457821151761,-0.34792590988096594
-2.303660160727569,-1.0941338614798335
-0.8789454288402138,-0.5176431679008414
-0.8472254966558672,-0.420499797182157
-0.6852978886597576,-0.5310993710436541
-2.43654909585683,-1.1683310046185955
-0.1232125777240961,-0.046758735212215415
-1.7886765421310187,-0.6943739944016387
-1.4032715248858902,-0.8405503916769019
0.2409814227314223,0.15389111850633663
-0.5485587640745524,-0.3067799258011458
-0.6033014525432634,-0.2562383642877002
-2.0300452547371655,-1.1665359236595958
-0.9862068518216122,-0.4360490526010333
-0.2593062287989675,0.0460618494360977
0.4056347219518128,0.0559386750845792
0.17318949597780248,-0.01415657110142736
-0.0035623486110300806,0.10611198449093125
-0.8152749878471909,-0.4731781701940543
-0.6967961660556208,-0.3025552341054048
0.15188880500039437,0.16584521853858533
0.025552713673001465,-0.013620367147839457
1.3594625208707818,0.6532609736591373
1.788452896379893,0.9680757679440964
1.4240858672063454,0.5874280202324017
1.4726364137029186,0.8431112756495087
2.3069347106742653,1.1762397368043245
0.11258337175850786,-0.020091819189654622
-1.446123237905408,-0.7636700604211306
-2.048530583975194,-0.9647975848780312
-0.635831029489067,-0.2446615033882092
-1.1659411056205014,-0.3333554691062381
-1.8870732086363364,-0.9920313494068169
-2.7534259976414694,-1.468571456261638
0.13043659722170853,0.09764575232521583
0.3730129109314689,0.1792215792454609
1.4358873897290563,0.7283365349846579
0.8138762040310575,0.4314581753707909
0.8271921133694418,0.36021438715927273
0.10030968526313028,0.2020933702799145
-0.014697064604441396,0.16693178956927696
0.24079183876579596,0.12523758437700996
0.21124225644269162,0.11389601963321226
-0.2310264519290119,-0.1385166856796918
0.4150600760664039,0.22697242020833105
1.2225246918697819,0.47442671526644464
0.8664932767635456,0.7129332437846412
0.41320813107628895,0.12222572337210061
0.8299601303313091,0.49103025961877156
0.5827975314247559,0.20785787515164472
-0.0479313646283856,0.0015377096223329854
1.403333328774608,0.7867024576628322
2.612530412991657,1.2029340923581473
1.2004834860023594,0.6655898626883854
0.41173123520533084,0.30706733020413446
0.039111349642724946,0.09198451489899896
-0.35508670059429187,-0.20070392537531814
0.03517132086380903,0.16045652546068276
0.9676099981883455,0.3366812507283452
-0.3529270936672513,-0.07581033196932291
-1.9437494521443632,-1.1055375772954377
-1.5565533215571004,-0.873228958004778
0.2502219501856021,0.020055287047501646
0.36697922651158565,0.10781876945951947
1.287265856512235,0.6672493901299829
1.9173931748546722,0.817200079642807
1.1074342741149616,0.5858484260470355
0.7949359103413534,0.34578207316491
0.5744466602855616,0.2265346163436763
0.6383362267154644,0.41044638844113607
1.2370052844498618,0.674885144325909
2.2396219678585645,1.0714135833623208
0.02283914564382805,0.11383542985319928
-0.11805406525612724,0.12639436334340537
-0.5417084162409386,-0.11833823276995753
-0.062044700256263075,0.04675934267837656
-0.5534955447876154,-0.28374416378542083
-0.3980218864658069,-0.19358796536942344
-0.275353278065206,-0.15354108219850315
-0.3800031915961975,-0.13831041517285497
-1.4153857477236884,-0.7268870391871516
-0.8338072443109303,-0.4039360425483551
0.6406390424523404,0.2682486610447865
0.47381476629116437,-0.014902703456460664
-0.02668512619186919,-0.1981846371561525
1.9877893593018763,0.8459806755923707
0.18162793643441622,0.28382445718434945
-0.37520856163177185,-0.24327667099221095
1.1347706465730039,0.6465009285466499
0.34965816999419785,0.24575700359611335
0.951991757154879,0.5707018832345105
1.062370167688452,0.5155468059406987
1.9245039951306668,1.0649185164227837
0.6329481568222135,0.40203413991864867
1.7660436595605455,0.8743687385959718
1.58572920327756,0.8442822657628519
0.39335167029407286,0.2789079422373626
-0.740039443276631,-0.3126314588453738
-0.1734670173709036,-0.22643007404277463
-0.061258417241813815,0.05759447316847099
-1.4680392550763393,-0.9111191760929851
0.23131136206188807,-0.011782929299192446
-1.1592589446451407,-0.4768471574409271
-1.119836546150264,-0.6037476918190179
-2.1835385695054317,-1.0689203898488662
-1.1170221833058585,-0.3874333431917721
-1.1256658132915263,-0.7238913468506428
-0.28172686891792886,-0.2018719262098084
1.361762937313706,0.7275600116845398
2.4629369903607996,1.1206325830724564
0.7212351102948907,0.32923948116804197
1.162502746605583,0.646433583253266
-0.00202443614534098,-0.018973161771518542
