-0.5130676621121568,-0.1136790366420197
1.122054514241414,0.5236759312479031
-1.2774256570599725,-0.6989493281031945
-2.579275714302131,-1.4148836498339616
-0.450888781293053,-0.06297876770713975
1.4890226577606291,0.7161436078844066
1.9690010239671976,0.7867776173426322
1.379110253410444,0.8029331712512295
0.806477433695919,0.4457703766358606
-0.12773339778580256,-0.19481464060182155
-0.8597964046203199,-0.2705175893358123
-1.2423977267037771,-0.6269133739002645
-0.3875108989016074,-0.42039456675789405
-0.19782231152303661,-0.050038378918710456
-0.9151754893163392,-0.1805899848499542
-0.6126281692592714,-0.3742238373295223
1.592852142368543,0.900546402988744
-1.4084553413806589,-0.6881240927279316
-0.21709773085734546,-0.19845636322370908
-1.4341355274281116,-0.8564367594756136
-0.9700738530213748,-0.3984656717471508
0.8643132459998621,0.2736115208332178
-0.17640838627943467,-0.16084579264429427
-0.18000813586385966,-0.18412073091928988
-0.21530460011993066,-0.17463718878025777
-0.3279096852820017,-0.10708382761506399
-0.272794813903354,-0.09646397646782276
-0.5376382783266337,-0.550404364626107
-0.004067980848615871,-0.016195295624308208
-2.6985947920370483,-1.3780355505486328
-2.5086850689496227,-1.473062687878719
0.3599185437611766,0.26336624608567355
0.5636606913457933,0.3646678155954964
-1.3319793864359257,-0.8391566669674516
0.10109206165019835,-0.011106081264151413
1.5661132157274187,1.0032454951956793
0.7626146717795359,0.2743724756743452
0.03933984229581683,0.0054195544697744
-0.8881251502034387,-0.48571850564757313
-0.23944302546152024,-0.27331014916265683
-0.134929848902609,-0.022764461572890006
-1.62069515167013,-0.7815771540512341
-1.8801681011409443,-0.8950032138166234
0.07045250959361016,-0.07206671768326636
0.6852135766903756,0.2605775260941207
0.7128849901100738,0.3514034702419588
-0.19592866422064614,-0.10839091119382646
1.1338887567103006,0.6503901357048755
-0.676251076566038,-0.40800327891444155
0.061486032179710215,-0.06008323459281456
-0.04761759705727008,-0.0017275922771833527
0.3560189914342209,0.20044353983326024
-1.111105337618508,-0.5112649756602001
-1.4767499883426378,-0.7380418047631631
0.06964952091662002,0.10038394949145497
-1.7993859197896804,-0.7508468831236811
-1.113347853209893,-0.32956078021404767
0.5169255428466563,0.25972995829341944
-0.3057362537977724,-0.24591162329116742
-0.7233542364563567,-0.3628004937751711
-0.04931904574489454,0.051550807336406546
-0.537972232172404,-0.3793260921205023
-0.37485650516443325,-0.1641788307137699
-0.909090313797238,-0.38265508547439436
-1.8776967547848948,-0.8568351254939564
-0.2610550250435615,-0.10048176206084937
-1.293346711195042,-0.786722285016751
0.6621447545970983,0.3551967012086831
-1.3479188179301218,-0.7138674270323186
-2.658646658438566,-1.4190299130457347
0.9272372264030018,0.3787874209828446
-0.0028929573276588183,0.09370527834970775
0.24762018987240048,0.2020272660634722
0.4203939432063327,0.09590799608424616
0.039772713101200674,0.08257413546918373
0.030950633915618572,0.06098113960463758
0.6217431933171387,0.19380648513571025
0.34814757473788843,0.14804703455878188
0.28913487325704085,0.2968914210317307
-0.6146538689312078,-0.21395288364420156
1.1778144177242567,0.54198350314183
1.6076642295960286,0.8086783506088041
0.7708510013200752,0.48381966728984627
-0.463197704070092,-0.10382713241327046
0.5309792374063955,0.3819087039706454
0.2898689374262262,0.12997559535309622
0.7823561834101169,0.36318308797718046
0.7396154064460817,0.37688509969473694
0.46849518648254,0.06262678442510386
0.5236333032079845,0.15843324348355786
-0.7818218337087389,-0.29731502790780645
-0.6037658682057292,-0.4349653055481788
-0.7468914141692606,-0.42966557402225036
0.8323881369243223,0.37701722239923996
-1.535763064388894,-0.7643628179414619
0.45183655329247674,0.2505426454068495
0.23194926723163642,0.032324595097892705
0.5410101078732377,0.3177965035839535
-0.18435320981335795,-0.1044679036500596
-0.12337481041749737,-0.26333113350779536
-0.7482910748853489,-0.35410092766231255
0.16310397791427983,-0.011129955191977764
1.2102562965075099,0.4991908937924895
0.6233190346689775,0.2291375901859352
-0.44895433926654993,-0.09586261600518126
-1.225239537124124,-0.5159148670039355
-1.1619880102474156,-0.7315387205110692
-1.0390245029970646,-0.46750225504800935
0.337897075339069,0.26270149994716124
0.2456718351589574,0.04790807949493979
0.6306246978430305,0.23170565662055043
1.0514788277547444,0.3461820096230911
0.7836470953656899,0.3058942961460354
0.5623983564725379,0.22499560290766576
-0.231752172058811,0.14016183651280886
-1.560603170916195,-0.856760290175165
-1.1432544658947559,-0.6642703272828369
0.13662160523878808,-0.1054098607341318
1.4328609039990061,0.7494254957021833
0.4682616587129017,0.35607087222530953
0.021525590200454803,-0.12081298973970961
0.8427622503428149,0.4522369846195099
1.2824568432863417,0.6016439512920797
1.4265600526799453,0.8326215264615477
0.7591672224737308,0.4409306013807067
-0.4515039889905771,-0.22216168067852243
-0.8345801961979354,-0.4132725526971167
0.36806458284530225,0.3026266654612556
0.6993911336362674,0.29923683955767927
1.3244497303097797,0.6119172068730806
2.3193954054183,1.2889610184294482
1.0700105152648456,0.5984220074853416
2.4069097278137916,1.350157344424558
0.8526323775279316,0.16585062310962723
0.6086147896314971,0.3593561748676628
0.8739910421955008,0.3862915371653605
2.2420878699705025,1.1668172358452762
-0.13429541063656025,-0.34271202928429734
-0.3651757444317807,-0.11116501375720834
-1.3151553485136185,-0.6490096332672303
-1.8641787628712727,-1.066299952717893
-1.6399646008499713,-0.612515552510452
-2.5973446938683464,-1.449254215424908
-0.13342739655141178,-0.07061668370900524
0.025306803143521725,0.13311299903318236
-2.7872067579325823,-1.3911561661437395
0.5702939042307019,0.2578265387472081
-0.3454908971808735,-0.14196792205368686
-1.0751671995772318,-0.4487223163329375
-1.6265235546245735,-0.6546482603881172
-0.9058489378920315,-0.454554011919458
0.8776114212222135,0.37275010547000326
0.25084197361645794,0.1432397734925418
-1.2436984553076735,-0.40267844455216717
-1.0035192079525794,-0.5914970729821987
-0.4749171364603161,-0.1454975474300984
1.640493192244387,0.7840441515824275
-1.3178824024368545,-0.5668989833983995
-1.2499709859089445,-0.5267267214804026
-1.7162902357060055,-0.8425058915128497
0.10000275501071287,-0.007647562671486412
0.8938506603409597,0.2113694068387824
1.63831142123898,0.8682449364679489
-0.16140174058825463,-0.14268869717067995
-1.2749791440938703,-0.5963620302728835
-1.8789536980370212,-0.9766371012306373
1.1974727068144395,0.7583212030544899
2.0994841572400462,1.0137606325372954
1.9233810173268913,0.9402301190376258
0.9514486228822641,0.41834557942574385
0.6144641901482233,0.23562796664670294
-1.0195101030008722,-0.44876930693293926
-0.024984523291882832,-0.002386270440453253
-0.549445000129555,-0.2185618885970208
0.16039558879184057,0.2496553466432278
-0.3137375312332907,-0.22819035003700172
0.11096897713031617,0.018256532737790494
1.1602854273007566,0.5907130056679271
1.305885267693197,0.5968404559470437
-0.3722517562338218,-0.1597109313538679
-0.18683419691226305,-0.07665332513133659
0.06485729292011583,-0.11792025878543644
1.1104201350858671,0.539045274447684
1.5535493500166497,0.855605678668016
1.0634399829700811,0.5242357946802101
1.7703353720599475,0.9257178656940245
0.219763597277307,0.16661237612709195
-0.42591716218318787,-0.24845346796498194
0.09755180711081185,0.06591385234215029
-1.0405634376548347,-0.5200195047145766
-1.7855425021600744,-1.0456180121365195
-1.5830228600346183,-0.7199283010383022
0.9364900196466716,0.33277537025296355
0.016512238726979267,-0.02752200966998808
0.9432674671919746,0.5078737042050796
0.16322962962492749,0.10490142149001497
0.30484510963232464,0.38188641976742466
0.009045299190789197,-0.11856896492703428
-0.14929677508087572,0.018237205250044686
-0.9893030413665316,-0.5812747720896952
0.35205664317863117,0.30869182198462064
-0.36354025570864323,-0.1713794447563385
-1.9612671249080331,-1.1005018923704808
0.0513796904551197,0.07356341450741116
2.197022526097714,0.8884325887363218
-0.2147072876301256,-0.19189897421149138
-0.023457387939384053,0.042177079568004566
-0.11900328875508698,-0.07557892069842445
0.7394850770624776,0.39743914380370465
0.22942590042401312,0.0035152844016247825
1.0533549790642451,0.448919628346254
1.415871391280167,0.7655277905641226
2.355675119146429,1.1726111327872446
-0.04348867436494552,-0.05015687731692786
0.2213081967125778,0.13653163970905646
1.3449879245173575,0.5375317210306692
0.5953715290180699,0.19836942575702182
0.012756056544066918,0.09123346399794222
1.5897339760930909,0.9860686088580131
-0.03044234013551972,-0.04299242864002094
0.06517377152418946,0.011223810202851174
-1.673409399393371,-0.915601539517728
-1.4965549689089017,-0.7631849388182841
-2.8094876447487724,-1.356968497525694
-0.8203066364422851,-0.4806159446621858
-1.2579473128450227,-0.6660909607173138
0.6276336638848888,0.4061645720041658
0.7935399338577684,0.3994181470352714
-1.105255796151274,-0.4197575892836537
-1.2544867101058406,-0.7440341400967343
-1.0204473683751965,-0.7263072152803276
0.0658713009317825,-0.10972979018181292
-0.540768084595459,-0.19914042989548364
0.06615454425201878,0.04425638629737273
-0.808495197625364,-0.30529155312285644
-0.30877491818110975,-0.3133827651519302
-0.05996098870173741,0.04594135696920382
0.06994250070845728,-0.10039567404571421
-0.433698065058259,-0.34080541771559625
0.30785752254781057,0.06164274253554934
0.1994193483404219,-0.0019362164304155965
0.3759290142521991,0.33834474847182106
0.23006802478371352,0.27740410906949164
1.2331291907887711,0.8482279927851131
2.1706623900955213,1.076388133386953
1.2948708441626913,0.6898962595055722
0.5164912858803564,0.01314829403333756
-1.419931152420641,-0.757179378297802
-0.5823512744260819,-0.45494863705494093
0.9543972026044332,0.4846373741777216
-0.17548821900579137,-0.04166608786035093
-2.6140337226168198,-1.4131373024345464
-0.8936730207781701,-0.4424889252415962
-2.2609332984070747,-1.163886872003486
-1.709266409437475,-0.7535132587971851
-0.9977684355143808,-0.4206603492036413
-1.6715256389390385,-0.8226095546466133
-0.2125125525794732,-0.11246061035760387
-0.9779171953598604,-0.5945550492665795
-0.5485005085657422,-0.10780954219315411
-1.9163333003037288,-1.0490409289614455
-0.1957502302212456,-0.12236026154088886
-1.045953331853649,-0.44996595778562704
-1.7384801816562714,-0.9623143654464517
-1.3308806045057375,-0.5158488239372528
0.6218151726448561,0.0968966880287668
-1.3906145721500793,-0.6020657042832868
-0.4659067525947659,-0.2507169963604383
0.5981480924557444,0.21038933555049533
0.8343336786352307,0.49543128183769086
0.8671058431981746,0.5615186496519927
0.49100210950705026,0.19372676122818575
0.2934562995051932,-0.007570687044009455
0.17694189880296357,0.2558753410377623
-1.2817717095231824,-0.6594389743937301
-0.06989004048370351,-0.1264229678227451
0.6594391311475909,0.4422371154855021
-0.6346781368446035,-0.373407236916758
-0.997569689697275,-0.5547904239535363
-0.9258383061372684,-0.3976885609192247
-0.8923879944122481,-0.4389514901511581
0.0365392468056992,0.23185535208373306
0.07754359836286295,0.022601779205917046
0.6004043705891278,0.19783939050695337
-0.3375649412129287,-0.23138174684868126
-1.5480476910881897,-0.8143437011492148
-1.566137282363902,-0.6882611907338837
-0.04168238934843904,0.11176255368695984
1.0241999364962688,0.45854524672679914
1.6880921866227339,0.7405784256959356
1.6723331226207105,0.7367870663595321
2.027736315393377,0.8175625396424421
1.6492945584643928,0.8940581873126912
1.168051938320076,0.7253056030279901
0.29556562470999287,0.17173677040662133
1.2684398199143654,0.6798496151391275
-1.5600926745918677,-0.8554733279942068
-0.3954932788661525,-0.09466797326104742
-0.7208841816253785,-0.49699366723078403
-0.6672706813685091,-0.2047581152881742
-1.715407592352013,-0.7127359236561508
0.33342179891836776,0.050144161353321184
0.19305742560176162,0.04322130602783563
0.12626908930412378,0.19119627586749072
1.091973107410995,0.43988374536068836
-0.9100194937698786,-0.517315547893645
-0.19884283154617954,0.03270375502311487
0.5729372662340668,0.13915011940825836
-0.6338188713997734,-0.3730140894799089
0.14487827181217633,0.1771556475523985
-0.5409985109617451,-0.33870086465068533
0.9397813962858872,0.45828947751823534
0.6498046549667089,0.45243975480838866
-0.0582382757767837,0.04204494962640373
0.7270755194830828,0.37004029072910327
-0.4259730482070551,-0.17327769923708974
-1.6618936140570226,-0.9002015890461322
0.31580695591574237,0.13453256622116885
1.5057769696685925,0.8219437758326384
0.8877881912068482,0.5275735281527909
0.43572032482365175,0.25093119294776095
-0.04111853842845081,0.06203803268135741
-1.3216676070929474,-0.5901602517973491
-1.518419074519628,-0.8036325019120829
-1.3048608018377132,-0.8073413811991862
-1.3931226059730428,-0.6964891032524744
-0.37608685322148827,-0.1689598582380022
-1.3148210920082275,-0.5762065959837035
-0.9468678527154735,-0.4045450331619731
0.18961311956151206,-0.025788702857087592
-0.2304271593012193,-0.24945329495914742
-1.0642245818453764,-0.6180992981745359
-1.9291382722187502,-0.8971620314212849
-0.017883528678117377,-0.07603859092112102
1.864243056835057,0.9510108059186884
1.1646917003300081,0.5640096390205622
0.7210792672786241,0.5029431095402783
-0.04298107267496737,0.03779429824064409
-0.011519563926724333,-0.010105448796256508
0.7359801352465856,0.603675408557161
-0.9442148174842386,-0.44261335483526276
-0.8750645146815432,-0.30293837662359036
-1.4027234383358997,-0.7758313748823422
-0.7799951996274188,-0.416035208150755
1.6351078544390083,0.8070149539346592
-0.5662608335811957,-0.11496174593960012
-0.8491384039583116,-0.5025935215652884
-0.5261996271314572,-0.3833559636808489
-0.09714470071228926,-0.04309648765072534
-1.472605369046415,-0.6596761127521831
-2.849817781343179,-1.3725358795446974
0.2287401618124687,0.18190242554704622
-1.4423375350781726,-0.8407949861841348
-1.1287987608546126,-0.4184675517971936
0.03583046617871555,-0.005765651712004521
-0.8736740200672907,-0.4427260341514168
0.5297116167948912,0.1530672035157128
-0.3777472603323798,-0.17027038104694692
-0.23873130048965963,-0.07786122518658237
-0.39623338940683184,-0.2831684524856052
-1.777867772520079,-0.7895825137416157
-1.9443844817660265,-0.9673086305708274
-1.4910240652861655,-0.7187921681786515
-0.49665657634613947,-0.43553052258598524
0.9094781847954553,0.2397240704269859
1.0866413592374853,0.5776803433480002
0.46705151031120323,0.12711193487957387
2.6383221277672764,1.5402380202341561
0.5787138012921313,0.29130671552178894
0.00019780031508442875,0.019519881072478224
1.4349424421345824,0.8109327461028321
0.7076037844605229,0.36939347843945575
1.001947984578412,0.7145948355763084
0.3075419809513958,0.1647181798295539
0.8913705215169121,0.4259539240218378
0.7145121025643895,0.2827530813641114
-1.6807269618063994,-0.8500932392109658
-0.3435038159944349,-0.16575262825765594
-2.3843558013172577,-1.1049313516691168
-0.5032947112231678,-0.3029284281094009
0.2490812596517718,0.14560112644171863
0.4795074244724684,0.2724610862220998
-1.7883387369145818,-0.8391690853064262
0.39122082123254376,0.14776200217212013
-0.319093285220021,-0.2140025672821433
-0.13866519285342024,-0.167071182615868
-0.9917273977094809,-0.6397034130462691
1.101711923988411,0.46885099513296746
-0.0988732219354137,-0.0974503082622237
-1.7027170051926939,-0.8300435635781083
-1.3990512915045448,-0.6497961348195
-1.2801418814861973,-0.7313462200849105
0.06723247704817914,0.08595034190915758
0.011125920407435208,0.10087015916570952
1.6225004605279065,0.7805533193880565
0.8332900955851188,0.4510144077549536
0.7434879677019403,0.42978607168453126
0.3617175704793133,0.252819490593085
-0.3231206315413809,-0.062032859369008514
-1.1521949762493984,-0.5442906255694037
-0.4718608088062144,-0.20450038559352954
-0.03656099844243721,-0.07394003214744811
0.40153101840972755,0.21926558432862164
0.8193593476278631,0.5189428626336194
0.07283351342138694,-0.08890578687972484
-0.8571099061970385,-0.5049943512975043
-0.9764992640967366,-0.32677049563086974
-1.8038412202950593,-0.8485141126047242
0.9945543639701018,0.6668232438799613
-1.009726535111739,-0.7035603770816674
-1.8120816017505605,-0.9187827731870388
-0.681891197893276,-0.3278801170023212
0.5199576554182684,0.38467031773761384
1.1567784833114807,0.6070196543880477
2.43847416381063,0.9748288608418534
2.1318647836958133,0.938272044786
-0.17512913911748784,-0.18791933901672175
-1.2713439340946624,-0.6282967458014628
-1.4314605380798044,-0.6393188759813022
0.39916067708228586,0.16322197270372216
-0.26468295069050585,-0.10931772444007512
0.36679399126530055,0.20284821179763143
-0.17780389601784496,-0.07328979253242854
-0.8732739488936744,-0.3323421327292694
-1.0753569653043455,-0.5113673603645411
-0.15910933634407964,-0.13751460317882908
-0.0053593625248918725,-0.1445865310196853
0.4898955859521839,0.2529399252991165
-0.17389272337791561,-0.13124354557423365
-1.128664559068082,-0.5917094265554151
-0.017740331487636984,-0.17597305299669708
0.46338760502797405,0.10910699217129555
0.9240526787801786,0.3897551568744238
-0.45007741411913427,-0.16854148429958113
0.8670257862666559,0.3023275514914491
0.5666326544019507,0.19950576961133626
2.822437384681234,1.5040155434240539
2.512335954942356,1.0759751706147624
1.5215891422059782,0.687833745460786
1.2947464263454358,0.5859675387941218
1.6650742661240647,1.0152069752853434
1.4797510143277535,0.8148579343929419
1.0900474349819695,0.5888349541966668
2.326877570634413,1.1761051357425283
1.6308949636120396,0.6808084544262409
-0.3148854989395584,-0.025740180351940534
0.6162346943263042,0.34999373825781555
-0.5940823737451929,-0.2802396322034652
-2.0528700095532155,-1.0414170227982165
-1.088347816003715,-0.6116696139514997
-0.5199192406386943,-0.236706147506824
0.6713034984833497,0.4023511436091646
0.6643786673108115,0.41035519781742147
-1.1708677707316197,-0.7981419952621867
-0.5370398000069432,-0.04577525327399862
1.0107176709747405,0.5712594617572473
-0.3459576214396547,-0.2180108404876243
0.47259557822270304,0.2862814987140478
0.12590859642756036,0.07072148833287173
0.18414546924095382,0.07629925288184694
0.666087676104957,0.30936746710268404
-0.05860705507136299,-0.13583943082056643
-1.2593026612086544,-0.5743060356257716
0.0771318473301873,-0.004834973370806933
-1.1261690100063932,-0.6688082621642
-0.38959091266023493,-0.02374399069907457
0.24187004814814106,0.3082845199049655
1.1199000705417872,0.5507881961246308
1.3252275709178847,0.606624383471811
0.9138896810827206,0.2361300799327726
-0.7308326578934793,-0.44763556449769676
-2.678235313595926,-1.444243166307646
0.4957401937693753,0.19288449460261323
2.1379826367457198,0.9689737943403525
1.2768294058473488,0.818633844423663
1.797250731161977,1.0200040934457388
1.922187581465328,0.886743361601
1.8423148201753878,0.9525499333313868
-0.1034708951525165,-0.08512754461431568
-0.3405198345542916,-0.1722277103555323
-0.7194634898020229,-0.2577787725450992
-0.0728826967895298,0.0032092721462050056
0.29804094166122785,0.2943891489706051
-0.17413414727237017,0.15513884854347054
-1.9732800850876153,-0.9749141996824761
-1.7159603287347656,-0.8414130338881088
-2.6812555090417414,-1.1949373603120093
-0.43048544168019726,-0.199616552912228
0.2533174657993477,0.3077319432640553
-0.8786816290512158,-0.45046639700907853
-2.107780054209027,-0.8503453314679074
-1.9923814324731375,-1.0586066106074765
0.37809787513656823,0.13205268650562424
0.5638401740264325,0.1616122433783747
1.651182239873279,0.8864751278794205
-0.4129210961130265,-0.16508434259480737
-1.7315115216947583,-1.118272373410826
-1.0578096829054582,-0.5858908633302562
0.8145013745546218,0.3560674818964489
0.12876687299955436,0.1835419680215165
0.4976486669190312,0.29827429018504314
0.029254148062492547,-0.03147857722533726
-1.3024943421761026,-0.5598233717984133
-0.37829919562026487,-0.02969512102698682
-1.104229160748761,-0.6679043458228042
-0.4009403815746956,-0.11945753902603087
-0.1335387118681181,0.12900090249925175
-1.9506307790623545,-0.8295301544941013
-0.10029892320949607,-0.07092333545860455
-2.416890821171558,-1.2044257023731797
-1.7585653939230383,-1.061257361170652
-0.618682883488749,-0.16478235623267096
-1.596848400778743,-0.8204810367861823
0.035263999262042045,0.1831586104469135
-0.2936312864139783,-0.1330057362271978
0.06687881785624794,0.12339722722495261
0.44021172665993974,0.1309735762801808
-0.22118034361932765,-0.17843461838446978
-1.2670553959883066,-0.5092876575987202
-2.106329369308082,-0.996863601104666
-1.2089195244352395,-0.69964799595851
0.6798265129614282,0.3080892265345428
1.8418264657264254,0.9407749059881869
1.2456715334095063,0.5214414996740928
0.20940720221621567,0.18082515988508419
1.7309851976913408,0.8100182603882283
0.795791086589652,0.4230866147482916
-0.43582504470558536,-0.34058875785213505
-0.6017209000411137,-0.17276383345602836
-0.008645083927540098,-0.0742251309799459
0.8798171272609182,0.35982926139191723
1.485429411135038,0.756354693373953
1.104588639441673,0.5636315469942625
1.0532134304706733,0.6440969811910626
1.0516015138142285,0.6694592798074129
3.1205432533573307,1.6904441281035065
-0.6055028176399612,-0.4730252422099027
-0.4395671240063355,-0.2328987950407658
-0.8210890167573569,-0.364526470103713
0.31010200812964134,0.11773404169388405
-0.3765827261134485,-0.17705577592525307
0.18435593641412024,0.15638617229495994
0.8939826514246709,0.4069851521256868
1.2978641121249717,0.7043248836747066
-0.983217793920979,-0.4842573179653781
0.7349294417081774,0.40259003869318505
1.5941489849599555,0.8848704373525953
-0.6919607476816673,-0.34056229205230937
-0.9809480997273168,-0.5231412320033244
-0.38568368831131383,-0.10733722827064208
-0.7178469597758215,-0.34130686979046976
-2.0135197584060367,-0.9939289214084525
-3.109250187444835,-1.472730309376487
-0.4448680968841249,-0.22725654987522584
-0.5537563933250989,-0.44051095852829475
-0.4760605034197478,-0.13670908764647366
-0.7400841551434505,-0.43395052195082884
-1.9079156606471905,-0.7860954425264494
-1.377012030306023,-0.8054072743487073
-0.2445516834924094,-0.0747423432782166
-1.9713469856981234,-1.0273085308732994
-1.9073234276099478,-0.8104996848403896
-0.5017268680062685,-0.18320507870076494
-0.008180392480193033,0.09204689722972637
-0.3966755329672596,-0.2994181974732528
-1.0593514892087794,-0.4108785703784523
-0.540709733062889,-0.14163843990185448
0.7091092145257443,0.34040810961090867
1.7629450189608893,0.8118618462357515
0.19843460318143347,-0.023884701219825555
-1.5204750976363564,-0.6637721602733268
-1.089763824131922,-0.6070036316473334
-1.0302985134468376,-0.4451054539962294
-0.012347773183794541,0.04278681757728414
0.6250791126967239,0.3503331934671811
1.898413543702348,1.0108681824945416
0.8019735030469931,0.41856951540344145
-0.015325475989814208,-0.04412940798872067
0.27794625831565484,0.07236589718981291
2.046879949641943,1.021465913041672
-0.007165915018851332,0.12776348051967024
0.641720964018088,0.24853956328075932
0.4766845114378543,0.30455765596367185
0.03911915202664379,0.1072663142790032
0.9103050589451772,0.4926972191165183
-0.4981206417807199,-0.35591725688233367
-1.2211946491572017,-0.4868941095773893
-1.56827298413582,-0.6658142128299426
-2.3533709815641166,-1.2245730335389025
-1.059460369965893,-0.6479968216808977
-1.7082264074955447,-1.0143618591783115
1.2152923575686843,0.760430877606285
-0.8952260820821255,-0.3110560794227447
0.1985220965987542,0.020289725199251207
-1.0056398579234302,-0.5390949048481833
-0.9052419588399528,-0.5903883920717972
-1.881153394005414,-0.7781200184919093
-0.4735587699753714,-0.14400771328687534
-0.2248985969440502,-0.07758814123617241
0.3757059640916707,0.12239727305522065
-1.258051028801234,-0.6247236877657463
0.024584697814659218,0.18659466964138569
-1.096844528735438,-0.6119020246115474
0.691967859402001,0.2879680693548795
0.45151690147625556,0.4795193499801727
0.5683174652405685,0.23387520914298082
-0.5290280244898733,-0.10801627814044537
-0.16921456113845593,-0.1259344973649325
-0.4052656884490538,-0.08057413318875903
0.31975146181112896,0.2566664951373303
-1.579619017765986,-0.9502516431727125
-0.9100302677801604,-0.5743143432857993
0.7865440584597123,0.3235271024891474
2.1384575961555217,1.1662160218318611
1.3369296239629451,0.7416065544906152
1.3349894158796842,0.6845660854673483
-1.7774841505567918,-0.8874755643258989
-2.0170158475092324,-0.8255546772789607
0.11228905997070959,-0.08269017943551302
-0.23379316769703998,-0.055916176371807944
1.4679171912651654,0.7977156208296569
1.466427020098079,0.8385739260151106
1.2145208757169157,0.8034650180840512
0.13865966729899598,0.1912604567823553
-0.03760322508521595,-0.20644758796897514
0.3467651458665837,0.39212907270440134
0.3517296908974402,0.3099803388949988
0.17624859113712688,0.1111765466723838
-0.8563826156191767,-0.5656346866210838
-0.35808907278237484,-0.24194084351488454
-0.9936786437413958,-0.45721042327523354
-0.3315357692356836,-0.09334896640085313
-2.4979764114620053,-1.3446520047702557
-1.829151196469371,-0.7516217787467107
0.5595691703938523,0.2618590651729193
0.5501306404354432,0.2588917578098083
0.3209750150100489,0.07952062892982369
-1.4020599335265407,-0.8336102174580661
0.37099037990702155,0.03255929668133278
-0.5994125602834932,-0.4612830864475034
0.320353035389119,-0.14995543716656287
-0.13517482157620495,-0.15741504540920054
-0.4228115031485159,-0.3241841609626534
-0.024948815792007806,-0.10293481730920186
1.8062891443257258,0.745931149716861
2.918717427287321,1.532737136844741
2.899253271851423,1.5098570587954705
2.259370414368496,1.3157884632549635
1.194909742450994,0.3283755670964069
0.49413378597358243,0.37824125072548376
0.5763679152462129,0.3188653541839111
-0.6329317041739277,-0.208743977203676
-0.5592781010361316,-0.22078786832133745
-1.3639771040014068,-0.6712645307326252
-0.31898666733327485,-0.15708508820038594
-0.4383968110219251,-0.02886281929514653
-0.9110058511242773,-0.4269460789372816
-0.3428493936541577,0.04960610824044867
1.31064004324566,0.7173634598239664
0.5506496895550528,0.3958400280501769
2.606455819520405,1.2347571636775323
1.3563025684966377,0.6303823127665942
1.1589068376409868,0.5548517483375934
0.5749352882376558,0.06287744035407633
-0.2836957395450529,-0.27139222494797965
-0.4907716532243901,-0.2055655605468863
-1.3656662395128445,-0.6844918405115336
0.23842331557894703,0.17618807942885653
0.5904324877567888,0.1432957838642422
0.13737036556071347,0.1290950538714405
0.20105259493415473,0.0973218842121848
0.2668983969304909,0.24080455016920133
0.3540518042797952,0.25934959247174033
0.8971768425529248,0.5132700571190847
-0.6505995185608799,-0.45634926772941975
0.524755594066327,0.19177957422184505
-1.7540639263350362,-0.9924763631561501
-2.6245330702566196,-1.2479061261315882
-1.177688520566105,-0.5842884693780531
-1.3711060100437082,-0.6642243023964018
-0.5595555969016525,-0.15070234734418936
-1.2433677938705796,-0.6080324389500736
-0.7989123625196313,-0.4028284489308124
-0.03164683485920572,0.09227966909292035
0.7221842907048326,0.3014302268663231
0.8879646289096437,0.5668491666188391
1.073265936707164,0.43320962943936014
0.9748924360666867,0.5218810531058213
-0.6801347524434763,-0.3634571899080941
-0.31565948127696686,0.09253107878995476
0.5812006176057991,0.3073384121321212
1.19191245412452,0.57175869114535
0.08245468740669781,0.08275628011592889
-0.40319541558837774,-0.02726220723504036
0.7298453890818957,0.41098342748995625
1.310379354670717,0.3651286352265962
0.4749086536711371,0.21744752330883219
0.4990970640576141,0.07295416527097232
-0.0008870751635280949,0.06288281872382553
0.7461063415667121,0.4198926352636898
0.7017847487071297,0.3072343828370044
0.988861536998711,0.5420928889138384
1.2065087037382112,0.6301221757202611
1.9059768240414543,0.8235542000810119
1.063260011037243,0.5456406383125391
1.604744754713567,0.8977261250741
-0.8459044814487896,-0.37072055754168537
-1.461640002460467,-0.8934302234916843
-0.033615218518597834,-0.1528852221614929
-1.0880739972775857,-0.45690574120352667
0.5713663254807333,0.19351368461222251
1.9226273933069549,1.0893468430416156
0.92251534109467,0.5242583696262948
0.11152845319625082,0.1486648540283934
0.38095704973381994,0.1945390886573427
0.7502908212302609,0.3972310230614644
2.115345818912408,1.0433938274038328
1.7025794477119127,0.9671010271694758
0.3886269207540134,0.133969831412604
-0.9734673434955325,-0.5071386591422189
-0.14736731471736325,0.024084359031986177
0.6552691686388681,0.3679318116195276
-0.44890713021869816,-0.10891088802506642
-1.0641749281086454,-0.6126530653120376
-0.11553823776277261,0.019894785005519805
0.6153105349169457,0.2421821092815213
0.21640928187148187,0.14083789223447005
1.3459407583843481,0.5836754190098667
0.29431429891744126,0.2374601304446458
-0.35462984989743035,-0.07958156859317397
1.2574279991088728,0.6830286222186224
1.6579423635536559,0.913183940489408
1.2288236863542985,0.6464040068498859
0.8907049230775034,0.272483243458002
2.5540324674378603,1.2973736255132506
4.286713519715478,2.149124045801605
2.1306867472985616,1.1201854127467745
1.6008044008373257,0.793207526338472
0.9119597236226695,0.4025405401027368
3.1877391496687886,1.6648908214146405
0.4539782581237729,0.29482575153687723
0.7066222154337578,0.4431809754984792
-0.492510557810656,-0.30065923570281655
-1.0204362767587731,-0.608293515281628
-0.7069552861214224,-0.3373073193197626
-1.0231175244145332,-0.6487250231784724
-0.2436582388563256,-0.09350487498829826
-0.12584176621645604,-0.07777392754948813
-0.08219751933853743,-0.09738874820004992
1.0408557835096555,0.46187749181309323
-0.11369342070874477,-0.011359241861530645
0.3980115564473248,0.19046659626455364
0.6005240250736823,0.2562920717709366
-0.8780744559035805,-0.44978106022201997
-0.08430372682953136,-0.009588220135661796
0.6590359372892474,0.28007405268410696
1.7756929726852189,0.815375840535876
-0.04769598064599956,0.005497274563117622
-1.0533462493645855,-0.6855072781244538
-1.9294048959473833,-1.0870292370117907
-0.5472607262275709,-0.2937308144301277
-0.3161695042566288,-0.17165328314116352
-1.5578256326872466,-0.7822925598173354
-0.2218451650661351,-0.18976408023709285
-2.1018439112722223,-1.1641605071012084
-2.5416193940834093,-1.187950709052716
0.051127454973640796,0.06393205901133678
1.0334290861037176,0.635870211132906
-0.3652410739755726,-0.010579143400303914
0.807343524284292,0.2560842599455661
0.3561331218912381,0.34925458490586214
-0.6432026268451791,-0.38610304161672243
0.7671275991286854,0.37337403540717823
0.014090250882733024,0.04669965894947382
-0.04411277764352835,-0.09756958182203027
0.36315263038988416,0.2049181169432512
0.25754153853662026,0.17281464061793467
-0.7725562285315413,-0.662877774651507
-1.052499372953634,-0.5098008924906606
-2.340544188094854,-1.2071242389443773
-0.6336851345824639,-0.4077877698808382
-0.9432055153519202,-0.41569479288198974
-0.23722926109007803,-0.042328219049484486
-1.4251822598513657,-0.8016635475721079
-1.5266585849692127,-0.7317322844759983
0.01037073724806592,0.001215755479207747
0.5534604243037394,0.2883114963693666
2.6385058219777093,1.3072364846051938
-0.22637073705751765,0.09406183093940668
0.7831982522227119,0.47175411972193204
1.3791891882712832,0.6959596296730922
1.47642914397274,0.5832541579696694
1.3292985366886745,0.6259436124773003
-0.2592045102528371,0.0031353357556405947
1.7044103562256745,0.8769483867577011
-0.14274544974804548,0.09908367484453082
-2.09418917748049,-1.0375069161986041
0.9208978056482635,0.49446961513631366
-0.05172322262996909,-0.08945476340257792
-0.5465444853691863,-0.3397379211409369
1.13146203372392,0.5718531505080813
-0.1631866751664316,-0.27109367717106886
0.5709647497451256,0.23315898511239896
0.625893359477804,0.3896273926004415
0.4126585363854322,0.08199918555931313
0.1641186915320425,0.1514060650016146
-0.2784698219417552,-0.20670047626780064
0.6838932319793598,0.3462100878920377
0.19537324532715208,0.27839806661862065
-1.1652604542759621,-0.7171304580255482
3.230343428960376,1.401819022448265
0.7551368122275901,0.4310652655402538
-0.3324301087490697,-0.44679485698834964
-0.7164433816229209,-0.43934640132913216
-1.3510205880051014,-0.5683474279414333
0.33663185557066977,0.3474459289843316
-2.5479883594861787,-1.0811943904975967
-0.4318357748651339,-0.17792232362655624
1.700502006444968,0.858496020831171
-0.4724120272264476,-0.23515149106334604
-1.282748459313135,-0.48328455494229716
-1.498616526685222,-0.6450956965397734
-0.07769587272107104,-0.17415765850783207
-1.7046880348699214,-0.9398441291107089
-0.32391732009760255,-0.1247894600745229
0.41705212889791665,0.33486131287707754
-0.7908166010115723,-0.2720317137878715
-1.8168687973023188,-0.7719201001730569
-1.020761377033032,-0.5133443555711428
0.030033683192433158,0.04459414522075765
-2.120752743498254,-0.9240303175930794
-0.9012567220509902,-0.37651801485489506
-0.1947597894984936,-0.11448086038118419
0.812308384407143,0.4225217644865985
0.41210369899169524,0.2354598338732888
0.040150682895126744,-0.1590325047169901
-0.3121493998114261,0.009092259603962483
-1.4732551291632283,-0.7928011268341184
-1.9455778057782318,-0.8758977676917272
-0.5105027688591501,-0.2738290351289969
1.2714353648858467,0.5311270056626053
-0.06697109578740335,-0.1158117870940895
-0.07729978268988903,0.03288887427051538
-2.4349248909400334,-1.0952117977208449
-0.7413040440058918,-0.3846930110447993
-0.6908578109214103,-0.35237431805627645
-0.13186131479572244,0.12067191798556925
-0.6129296896591169,-0.19385815347821383
-0.6758385379807392,-0.24513333340838422
-0.17642475635513608,0.023131457811297787
-0.9174068994505743,-0.41479315827822116
0.5653411472539047,0.4421590835857028
-0.8086396849185409,-0.455529473920881
-1.1471826274855397,-0.5125470782446294
-1.7050994440479221,-0.7924503542676655
-0.6247417880639716,-0.2715686400170179
0.23360959853733737,0.08463091083240748
0.8471974633386706,0.35305004094929265
1.3106495799248121,0.8027923972972388
0.6459024644827229,0.36802455634605946
0.2400224970635288,0.26936591520459907
0.8365649897873335,0.29435628744646264
0.19233261438759564,0.09820800826754962
2.103263558626087,1.2572121537325431
0.9282959064881682,0.48369544012509325
1.224741096364927,0.6633037895653427
0.7347105165967757,0.4793747355736958
2.041295506769509,1.1303190428643857
-0.7680508807131103,-0.4611556765122428
-0.11255899717309437,-0.04182002662883217
1.1350898563551397,0.6152846416195223
-0.11848710162295273,0.013722631449762032
1.3304757046636322,0.6230918158026382
-0.1207254334827792,0.12424402597936485
-0.5742447911321045,-0.3104178211234256
-1.7340323618486675,-1.0065413314899507
1.168992334490501,0.6357330138702921
1.395868409523199,0.7921699192774527
-0.056980024399075235,-0.08026269410784033
2.2033661704565835,1.0749076014275178
0.6123943309260189,0.3293761629758006
1.0571152432182191,0.5459021153133671
-0.27446756595498634,-0.20982839187363247
-0.5152349658490517,-0.38003209768793067
0.8663874608959174,0.3999354323496564
-0.282103884210834,-0.1729392478930828
-1.3056598121466134,-0.6760124870334219
1.8352208366227711,0.9804341634748953
-1.5904835981980878,-0.8155640823413877
-1.8906003991623759,-0.9878714800163888
-1.4180970261316344,-0.7621318289421858
-1.9149204771997683,-1.0150941153739979
-2.1662963061643072,-1.0108488226583343
0.5907103850434505,0.1574831285251289
0.6530706565768309,0.288243673614658
1.5559494188547234,0.7295363028472542
0.7083828900219734,0.4111750009653646
0.5581913613138926,0.33184127509024014
0.78169706909925,0.40175641151515107
1.101067411602073,0.6844910454789462
-0.005496202768105252,-0.007490844155280917
2.2799476275194346,1.1998504326279222
2.9818247104182536,1.5046043627738201
-0.21203197908307425,-0.0642064631795346
-1.1298882691589882,-0.5844002968318428
0.13141791162861527,0.08861801952687413
2.3264504638535715,1.2170437942564059
-0.14737289487655925,-0.0677917926264102
0.18386167031437262,-0.03388211637333258
-0.23486436997021895,-0.04867917639976731
1.1746466235924766,0.4394962854254534
-1.2629993310514722,-0.7492071264455544
-0.06997360670018804,-0.12970021158350592
-1.1368600605569457,-0.5218135765233173
-0.6650154522958651,-0.4206281141904308
-1.5262663916447896,-0.8064306755310359
-1.1451913459371776,-0.5787687317306306
-0.3507100239147171,-0.1287072706626682
0.29580510523986697,-0.021748109565094625
0.09950348708591482,0.1927663294746353
-1.709389946468621,-0.8918491688534308
-1.156729515492685,-0.3979121635086664
-0.15756544713086157,-0.17297441649310893
-0.13919355279683726,-0.09258910652113242
-1.6638035715962993,-0.8489057738885191
-0.1836058291702496,-0.034740760057803376
-0.7503472122384003,-0.4325215193034879
-0.1948908803401052,0.008475598249488348
1.4733080466873982,0.7815482958019142
0.972305931027516,0.39884786311955095
0.013625618695800368,0.220056611507935
-1.145256968872714,-0.7024066667254684
-0.9334608063888049,-0.5821318706952067
-0.4336820779441175,-0.13214187076353046
-0.28858316963588443,-0.1295558933572564
-0.7658280143596518,-0.3604965862222044
-1.5552985642745738,-0.7991037708500848
0.056841820808380294,-0.10692375114959815
0.9828610425606733,0.48719246170983993
0.9267014601964982,0.498051893056738
1.7607855549056055,0.8598975380199699
1.882028589904238,0.9771193891565076
-0.035639323169736614,-0.03159776603295743
-0.5421607092880724,-0.3514225052232594
-1.5099020669649135,-0.6765125614796474
-1.566286790117673,-0.8554636064360964
-0.5929062858872287,-0.4505419902363682
-0.795142638368261,-0.38295029548985876
-1.7435137218787198,-0.7130657057660585
-0.13903868597835634,-0.0375376817909906
0.6590383991246769,0.23784925477840962
1.7111548440578757,0.6955097679267749
0.06358595912824982,0.11904055142217951
-0.5023484947809004,-0.13387657659174612
-0.1580740557194963,-0.11761058898632198
1.1667334508248945,0.4628429269643642
1.3296816168704906,0.7376430734555341
-0.7049844850782789,-0.4818319597556775
0.7082614936982781,0.33655243938088514
1.9600202972450467,0.9787686722296821
0.39533358642288075,0.10194448031355566
0.2910509187585347,0.1988133644847793
2.3157685333949414,1.2159346234284285
1.0033192997495757,0.4500943307344698
0.38442249759946395,0.19176250435109582
0.5289003536101591,0.2850168403953846
1.540369265463298,0.862165097243543
-1.1629058330660502,-0.3527279480909311
-1.1274256108469216,-0.6813946906098305
-1.224707406446313,-0.4308805131325608
-2.5703790098320236,-1.1563442427157322
-0.6158232848831071,-0.17247343340733057
-0.2878850539925395,-0.3523919215235638
-1.1002646337487314,-0.7135254719315893
-0.7802468406232961,-0.4000513336767098
-0.7940269117025719,-0.3272201861977046
-0.8554864294590312,-0.4574758756756674
-0.695075123322948,-0.47394077093003795
-2.3177800399776265,-1.3576155903875358
-1.0837468858061683,-0.6549798168665034
-0.23935339985316523,0.012522137761218022
-1.724222217688505,-0.7726195727220018
-3.3146900706443634,-1.8109017945497279
-1.3381451748026576,-0.5860926609210353
-0.0027548874838917436,-0.027426145222253662
-0.5753635458529681,-0.40914316740383017
0.21098404216577749,-0.017839976623275522
0.7137008903052042,0.2967882697336248
1.1063872141444242,0.5615579029784247
0.7416313253615574,0.36636865150338116
0.1755878911262604,0.044123961695290065
-0.739600427870603,-0.39707044752922704
1.4976925293631025,0.5997949415875768
3.2193196541334466,1.733090407906242
0.5098803467753601,0.2871543274916907
0.274159384133081,0.2884482536876779
0.4729258966106089,0.2563077000235307
0.3504768496127051,0.3480967301615323
0.8833197387858466,0.35807867155142836
0.6519648449747675,0.2527137116775674
