0.09016173920702444,0.008191440799822002
1.5991553106270668,0.7447542488705083
0.0946359106853446,0.038698329525623854
0.6133735121011076,0.30342090365012214
0.8586102362315874,0.35874726068224605
1.08063629530244,0.5949367773162699
2.4630181031560214,1.0288638796918634
0.062066173277483094,0.07197157709242269
-0.9439833139805899,-0.38320613542849324
-0.4486210701027187,-0.20277562793060006
-1.7824346200298475,-0.9114376797297963
-1.621980300294374,-0.731780422272901
-0.9348778842659649,-0.580988319743971
0.9641769168029057,0.37764817614470086
1.5862066963098715,0.6059673233631787
0.5110892896098426,0.16322912238055282
-0.01051527442189415,-0.0347942239586094
1.1839210593091705,0.8295730239904814
-0.1337396871086849,0.2427609387104543
0.6322049724848269,0.18420960525133193
-0.797658714121902,-0.44893747650496263
0.16750342409768348,0.18608425764093395
0.37136439380290054,0.05405028704246123
0.935740507343061,0.4068992053165795
0.28809959366212456,0.08662785535612891
2.382100493581404,1.029836733447089
2.414589180516752,1.2068843999058478
-0.09089403552037534,-0.09230260893352094
-0.7496688245881131,-0.5211726642914344
-1.2209945260278983,-0.6301515073713579
0.03990156584626403,0.04312566995010805
0.4287592367927383,0.06680615638190965
-0.5517600509513318,-0.2858743143762293
-0.5031810874209327,-0.3255442894932993
-0.054370142377561326,-0.1729640257596364
-0.15717103190894277,-0.06476515641922773
1.7348334462718031,0.76418953693598
0.44607227135385896,0.3205066603834601
0.9050872182958669,0.21223482578668948
1.1903672744314773,0.7079822841523628
0.7693432747730125,0.20999447410185101
0.7717123754123276,0.14237527662054275
-0.09213905160363872,0.09571343283689251
0.5868625459232872,0.41630309323898695
1.5449953174362858,0.7676189155422954
0.7680349614090831,0.3249873369555712
0.26032943749216386,0.12384155743166407
0.09519334012609548,-0.013110011448103656
0.20883083233197583,0.06534949061523698
0.5182157464886474,0.09892997488224375
0.9966330923915327,0.6505622570023177
0.4999177782020741,0.30026879541329493
1.6475686955499238,0.8797853126184415
0.8880024991053383,0.45778224608766566
0.09832490883127137,0.06474945330473007
1.6585233769050722,0.7432429740425244
1.2708650356980602,0.4981414033158933
0.22950167753230138,0.15006733786713264
0.6754964859047803,0.1819359406661258
1.4054644425964429,0.9688576625735363
-0.04416599380158115,-0.0550176090743237
-0.09954218998637013,-0.15791726587977864
-0.6943391930290266,-0.4417593416292002
0.8075535429554976,0.2775130100312212
0.8924509288813858,0.33530156882055606
1.2973587944748335,0.6285586545668223
-0.12309296638581868,-0.012190693111846326
-0.22522495155036404,-0.33578346199636117
0.39917524307894114,0.19202891090929772
-1.0293886032677648,-0.6948590312597188
-0.14917934193337706,-0.08412349458897986
0.6457759981980937,0.40844609377973967
1.2993978572609044,0.5599692629011754
2.6826679792851396,1.3389014278615599
0.4970402998278689,0.32079833179450157
0.7085369099344656,0.3524105376263515
0.2369382589402964,0.08410442090552717
0.06842131846700623,0.03594050610283266
0.9058880109288847,0.49801595738793714
-0.48965803596655755,-0.28928852336357114
0.29056718371592166,0.11352095274317081
-1.113424203270697,-0.4400403581453164
0.2761615462629391,0.26201109423614116
0.7352568082680553,0.38466014465712206
0.8156120220790148,0.5559635374569828
-0.014652738092734707,-0.044243487699094385
1.0905732744761478,0.5420068051683303
1.452998982135898,0.8496163959760781
0.8333731692586837,0.4734773897170085
0.9187373014950949,0.5060501024539794
-0.09910633784250089,-0.16003632352237807
-0.2136092199795543,-0.17385581820889723
0.2017972547496097,0.06675059931676397
0.6399305893255481,0.23625281523692526
0.27739871219531415,0.10911785380767317
1.2081198604655417,0.6550664518194107
0.5851183843826927,0.17284657180240315
1.2045216078773247,0.7068537605028824
1.9065797947138567,0.8489078320300547
2.4250478693376727,1.0895859622649349
1.4001162250259607,0.8444703789112384
-0.828687147131403,-0.3786295927477587
-1.8172659727708884,-0.918093507485455
-0.9680852042158634,-0.5756444709556756
-0.20675252407622047,-0.15208507279981257
-1.117573832418739,-0.5870272258772631
-0.9076622076832279,-0.3174283000451104
-0.9951184761905977,-0.4565325325555823
-2.003957195643766,-1.0923731718588698
-0.42097480403235643,-0.1909793468261496
-0.5499416681956554,-0.4405018723457257
-0.22412170605152068,0.02342913698427189
0.8434372265785401,0.45442452513040926
-0.8207473120694846,-0.3477899628856789
-0.5024733973080798,-0.3106631135027246
0.5168592774129205,0.24344697843385424
0.9541044539723905,0.5637566150623208
1.2595334570917527,0.6877500176929485
1.079267989764009,0.6074183037778267
1.5616744873242316,0.893212305496325
1.1458195823189234,0.801296880464468
-0.7304793331167176,-0.44668526755762694
0.5822575411336217,0.36102673228720616
0.6506921633325007,0.11031477425334335
-0.31727878900131906,-0.34264797162315497
-0.34998425042866255,-0.2615556434894549
-0.3533906788424553,-0.26658922499772564
-0.6447959294357084,-0.4800891574804884
-0.9446032859751341,-0.5375609075664262
-0.15131549523165544,0.018243595023929318
-1.6255928111037177,-0.8130775586491481
-1.4391751961583377,-0.7637993921144569
-0.7800817121053741,-0.2522817022626843
-1.2913365736018483,-0.603769223888158
-0.9692452526540367,-0.5488360400278618
-1.4626566802912224,-0.7525109159245408
0.4296435729474868,0.007052015093744091
-1.1297762947426702,-0.4949877705251194
-1.5614923942714563,-0.6314105295543925
-1.3685044544334548,-0.5869421624058373
-1.205309307063004,-0.674268901457196
-2.736335110544914,-1.3961613694262136
-1.8904660644967763,-1.0228723725321174
1.6146883600845496,0.7684564356761678
1.0423579126247007,0.36078642773608727
-0.23103408698617445,-0.16157930316398095
-0.6482647737031676,-0.20327689047040678
1.2626141460919622,0.707770679104339
-0.9168602216949908,-0.40383568057408553
-1.1877613245601135,-0.6208172031578062
0.8347668485799713,0.286141106063431
-0.05529687529189525,-0.17760324145793377
-0.1871543225834425,-0.22548812832752588
-1.1946806721587957,-0.4573626984333212
-0.44173380980029686,-0.08634617106350029
1.8038304369763238,0.8047517240720881
1.3080961156142288,0.7386210479186007
-0.4011807326431752,-0.18864112372745642
-1.9501749278338543,-0.9308164963673272
0.7828087821564843,0.292507037460464
0.32667595127240223,0.2353434159810983
-1.1690193534016724,-0.5471533899709975
0.35839508906928164,0.030313945605530468
0.46665695360893267,0.24000111520293865
-0.3323804256957668,-0.27948388622685605
-2.584168252634786,-1.2240384665648203
-3.271560486154481,-1.6344474685220818
0.8917521192866588,0.5212244484299375
1.4953612128096205,0.6830493509664286
1.224257853534855,0.7415622950370073
0.7917257495160656,0.2102824633524613
1.2349112747706827,0.58745123798754
-2.0994871880340393,-0.8645820475208303
0.5348176922534433,0.11968557928629311
-1.1349572769468557,-0.5926378697841991
-1.5858838619280677,-0.649148998594211
-0.3779941061669183,-0.16163427310821493
-0.43043864030449397,-0.3834624549475605
0.13440841649719576,0.041762955295437665
0.5211802714163951,0.1251137707187349
-0.04815880348016355,0.017123409235014597
-0.39227466540883116,-0.2797294553886613
-1.2197886138990803,-0.723215723403301
-0.30001794830430656,-0.07521259481732123
1.5449773410954526,0.798818900709901
0.847521208962188,0.517483315227452
0.8006566714456276,0.4000315517284416
-0.29359160139524404,-0.08431877886046671
-1.0154961943495566,-0.6981306978584219
-0.4157522003264841,-0.2169506653708953
-1.243595911098961,-0.5636192198178664
-0.6735607330452624,-0.4597166562719241
0.17810079852812843,0.06333754595518641
1.4420120233340503,0.790934145331903
-0.9004293691722721,-0.5430872434744232
0.9359342184142906,0.3477176955705576
1.049604242359821,0.6452023182504489
1.155235919494205,0.5103809390962488
-0.4597444646767528,-0.27636050665104783
-0.7065269283012994,-0.531887906500184
-1.7492596210273301,-0.9322413839416218
-1.8327580224139854,-0.9026507590060413
0.1869352513354231,0.01500940907564581
-2.835356393894754,-1.4037071880615164
-1.1765912146712427,-0.5579604810784675
-1.801250520056238,-0.9268748600025424
-1.050940857140167,-0.6421464890291954
-0.7106188502789997,-0.4092380879094917
-0.3446712050520717,-0.3082332466516856
-1.2925956214598102,-0.6736098192871072
-0.502823075655259,-0.2059809456678728
-0.2018646131154789,-0.0878366626840014
0.6236716468196792,0.2790884205744716
0.8415655075292188,0.5367561538990421
0.3159885962287825,0.34029053336704107
0.9201967459950989,0.5033644077879582
-0.9173974927062925,-0.454611985162636
-0.4361841102391375,-0.16335910367560635
0.529743666044282,0.27679594953877246
0.7442085084313526,0.15461266833364562
-0.6765174125805715,-0.2626573675558855
-0.07242438507436078,-0.09847693255177792
0.48968982235931396,0.24217133298552965
0.7284418824228989,0.31966781040439424
1.6917233099796611,0.6782162608808755
0.7687061816190365,0.32388764406688536
2.8381290909229784,1.3881726359806856
0.6824918484054971,0.4142664190153935
1.0377581582481872,0.437940583601988
1.0014763390021906,0.2514536081737504
-0.24022568371260977,-0.13403714469836495
-0.16173460547900506,-0.12830040299277246
-0.520633179252898,-0.0041594183208022995
-0.7864016756975742,-0.36581538402561853
-0.20637004405883375,-0.21043054736869998
0.4335661125614254,0.12848147826617562
1.0630575854102373,0.49355401414013533
-2.8859088591297164,-1.3277523487617608
-0.5759144443036209,-0.12694234336846583
-1.160159570171122,-0.4008470233270074
-1.6634312420785318,-0.9102344149162533
2.3186965983265995,1.213750095221397
0.8518952782794749,0.4789504827032133
1.134919040457437,0.7178798998656974
1.9311244764271793,0.8377558864636127
0.48696278745132887,0.19357989453898902
-1.21328015819925,-0.6805687689291557
-0.779349737122747,-0.4075799714329876
-0.21762968434076568,-0.1743486156167821
0.21031134825396744,-0.08722164909540413
-0.46588188863892055,-0.19369338779516326
0.8039845954462664,0.37010917749548683
0.8339510385653095,0.4180296588117387
0.18017043054836906,0.22644159562944657
1.0852824863382873,0.4937796427997764
1.9874894144741848,0.8503261946531445
0.3722523442673205,0.13368571785216127
0.07579244335730526,0.16757292139192054
-0.858289088622829,-0.3952879478836464
-0.009229999853824333,-0.025394215963187357
-0.0042497131733973586,-0.11017719086378609
0.36500401053922016,0.23931248762392313
-0.9739573232752015,-0.5731893871330452
-2.034322028950526,-1.047277937870589
-0.40910844981667394,-0.25828001381027593
1.4976098731124323,0.7168873968647503
0.7561704040200631,0.3786734070471958
-0.9015762689554816,-0.31385303884508187
-0.05414562031183334,-0.03525083037721097
-1.9197379968556165,-0.7640530607922313
-0.10429736799217837,-0.09621650709846286
-0.43664899011481295,-0.27808207400714685
-1.0694107136848858,-0.35664640983294904
-2.174929165780811,-1.0165317897348973
-1.5618638824105338,-0.7098634515164388
0.10190418488068087,0.09008235072585802
0.3977865461258727,0.11313388570708932
0.505462298987509,0.40624541064412434
0.3064520829455835,0.2790585983346586
-1.3566494637260793,-0.6191123331690035
0.053353943486505906,-0.04813418730227555
0.3911775013019376,0.2581473374605132
0.16053959213388552,0.14543154117327356
-0.2669097196636734,-0.20935452375464292
-1.0359572853624968,-0.5058652722514778
-0.771168502347725,-0.4321629415958352
-1.030657095696682,-0.5631065887930026
-1.912580587609328,-0.9526520145270893
-0.3764389707182119,-0.2024353859547114
1.1101559061225823,0.6415769998173586
0.9865262351043058,0.5009327341334985
0.9301566588361394,0.3560051206775011
0.20089838933771054,0.3315448150039527
0.42712995783415847,0.06614105404180395
-1.3688573548430005,-0.7554155315550093
-0.8019002535007236,-0.37406044589906484
-1.228048924019648,-0.3951977773818065
-0.50265521367768,-0.39427334575123096
0.08678477681979596,0.07476541891062635
0.03162689345229362,0.028390310476640906
0.3961390438574438,0.20924718233815845
0.9429430024574057,0.42228339772648915
1.322472559362661,0.49086403666572953
1.950382588608449,1.0705916717114918
1.8150377263866049,0.8454694820755904
1.2581874144909726,0.7419631246155284
-0.5787144994778809,-0.3047711787993782
-1.6623069671920598,-0.9861922441739503
-1.3618159356834671,-0.9038953292448513
-1.4613610901594731,-0.758985917284482
-0.8655931572743407,-0.45739267599604255
-0.904188979296568,-0.4905206338649647
0.7952031511408242,0.1883702418766229
1.9720523077244119,1.0368148151356429
0.3462949113807362,0.24806711816130733
-0.7479038994205944,-0.4179147313522808
0.240470120737651,0.2260511089268339
-0.23831696270672154,-0.1221244976987331
1.2150114027799324,0.7620026323933018
0.46795519367915495,0.45306622932347757
0.1061303975495135,-0.18058439989812808
-0.603045075642333,-0.25753610402582866
-1.8650835098501017,-1.0472759047838671
-1.6651288058635076,-0.7605339600188429
-0.17452648684614447,-0.059771436439971015
-0.06812186602345217,0.023707504061156924
0.46123036174793935,0.15314586864496543
0.30177351222453613,0.20357459252363194
2.740742378942843,1.3995675376034629
0.2999099650946524,0.18767061327889428
1.6941203875209956,0.7966957912907738
0.14234458735924205,0.20716663426897908
-0.3312891897580086,-0.32534997737742655
0.49322005138349045,0.14080064017387908
-0.009580157836339254,-0.16312983531575753
-0.39485277006942415,-0.037079513512839696
-1.1936096881642126,-0.5003798345048621
0.04938030451961428,-0.07054044636394452
-0.03263168751745286,0.05392899471972627
0.4843428728847834,0.1196842403469098
-1.4817666076790412,-0.7324636334956685
-0.8550478448658134,-0.3566524042529593
-0.6556353940117382,-0.15328355689999645
1.3571101430855774,0.5353535035537703
-0.22664562952065315,0.020526721192445335
-1.6797932124683281,-0.8494728641503209
-1.3269970036903929,-0.6022077071227144
0.6900633244265661,0.28574568956725616
1.9141744706723895,1.083509829902518
2.7128418881524983,1.347982034327764
1.5559610302722224,0.7475327637746679
0.5412559791367052,0.24229278129750115
0.4703488782391023,0.19006840053540677
-0.8341361550044313,-0.3605925748827055
-0.12791631051303898,-0.14691596447473776
-0.8347096030827423,-0.37949679801913183
-0.3148807137491792,-0.12987126698332574
-0.44334488068548883,-0.23329988607625649
-1.5612142025001372,-0.7978578378606103
-0.15522292683402017,-0.15420788323958437
1.0276053677271513,0.3293433432005256
2.002896236740706,0.8570643426801825
0.8769703783156737,0.640966857515979
-0.5691402776707252,-0.1750881878083244
0.23909147773840472,0.06132032408044169
-0.5741820018376522,-0.19735617795836205
0.53260228685078,0.46814325717529437
1.1495668402505297,0.5460437953319591
0.8578092842450722,0.5327043614119384
1.5753294275450045,0.7983483450648104
1.3859091139924011,0.5904807732143191
-0.8362431828948685,-0.4738648582602768
-0.7418999592595973,-0.5781739488958615
-0.7813025679058232,-0.5129989597842703
-0.004786574295226442,-0.1152512511486328
0.9180723325255781,0.6463520299632326
0.5291139654423129,0.3841392943215731
0.726577776108341,0.2478404263806812
0.77711667534995,0.30171209658704184
-0.9683346008908835,-0.6074324715954693
-1.0954171760136202,-0.6759088976954691
1.4484169145129604,0.8019371362859086
0.716366752586667,0.5880232262995031
-0.022402035678295518,-0.20622291907588652
1.4468509257325133,0.6672131582625327
2.083488628806312,1.1409330947092589
1.6833405286149605,0.8643755273918959
-0.2849763687409861,-0.18984433721561755
-0.09832661550632582,-0.1490196808673434
1.2028278829251011,0.5163438416041825
0.6857921988604528,0.3499575932769289
-0.8497067674656265,-0.5148429983935706
-1.025280781832179,-0.6181567106275735
-0.6394934576867277,-0.3274171882796306
-1.0203173222384905,-0.42754557803610166
-1.6503389379647686,-0.8697013513673837
-0.023637212793530815,0.009918343525146783
-0.46846497287838945,-0.15396259498215528
0.7935080159135839,0.3299365215052869
2.8736795179338923,1.459810041496407
1.1423379608309077,0.5031431222329166
-1.000478687400631,-0.4687588037489263
-0.381797982273216,-0.27054392274301253
-1.1680049390933065,-0.770656288447353
-0.40921694999344493,0.007024982723176282
-1.2089828550343278,-0.6487757382397947
-0.7521519716680755,-0.2221619525443392
-0.2267408069521097,-0.21940397201250528
-0.7418071606845994,-0.42224629613876896
-1.3324970658396023,-0.6973466706285064
-0.5696030656710822,-0.21212617370501302
1.2001136271461257,0.7773900161251395
2.3203494255814454,1.2892506668445274
1.4343631842577564,0.5693712208011658
-0.32557172109088506,-0.21924065721105712
-0.672446972032054,-0.4646292563772648
1.8391471024437096,0.8466700339904897
-0.9138216773376503,-0.4837071553161288
-2.089845310420633,-0.9070289356566344
-2.6211994581800355,-1.2085173067174846
-0.5065128587713188,-0.29180166459720125
0.4849589065541512,0.20241929100465955
0.6331286188374347,0.29678125113989673
-0.3987386851245778,-0.15850268904104242
-0.04695187541803883,0.059132834204249085
-0.4383681213153364,-0.011216176317192406
1.1363074317614779,0.25430495115693025
-0.22602809826788428,-0.25742114903449376
-1.7596391843949153,-0.9683997987649182
-1.6733847794836494,-0.7900971376075623
0.33698151479483063,0.08534690044567937
0.02338242192377632,0.12474831191094034
1.2419343977839032,0.5630033276645893
1.762434447783633,0.6632106258905226
0.9974414755283065,0.6402838986589279
0.6347181492845878,0.5026013008774264
-0.02171998518842949,0.06016561698497522
-1.3849711919603267,-0.8389958815058931
-0.33887085190855776,-0.16037660789333438
-0.38102323766957513,-0.07983205685516914
1.1209762769344191,0.5873008501923571
2.58604027715357,1.0791638681940083
0.6412222668759073,0.2783437992551638
1.5696781404082014,0.7023306047735314
1.0089629124842676,0.4847196481930219
-0.15588773997944272,-0.10749186629513453
-0.9628188068958494,-0.4460418562944857
-1.3819615063272535,-0.5935828311385893
-0.505325881528025,-0.2073026005271192
0.7287009345517141,0.35616481037810355
0.4944910408408695,0.27613779758224366
-1.5654923469706534,-0.5856225067770433
-1.1097234624386842,-0.49429984362592694
0.49757968552519616,0.17302733164330786
0.8815110913542887,0.45004230243865034
0.7095666711074122,0.38164827021765024
0.34750151681788244,0.26234674141405895
-1.7203223860681942,-0.8357426583520865
-1.2999738971532424,-0.7182188957083426
-1.1729379825065889,-0.6224386809342353
0.9682476113860494,0.43451304229125554
1.052923765583411,0.3666798427829163
0.882138103747599,0.2571039224904135
0.3135782907355905,0.16924316742609186
-0.2410643294636124,-0.20111743564424966
-1.222441960847091,-0.48414448318817405
1.0880845367423693,0.8153116847182653
0.7078567267762652,0.23013750413579492
2.1184236659632862,1.1506611390891872
2.3729390341996757,1.0873576211801048
1.3969221688937519,0.730940885021244
1.9591543294932898,1.0100222972834598
1.1364988607039597,0.4427618935214488
0.6748769515784687,0.27215052515491767
1.4098176945609096,0.6333982595338766
1.3423800497351785,0.4673586001614376
1.793828667650543,0.9726645264953239
0.5385505778721112,0.27762974561437226
-1.4367029404850797,-0.6667664029755671
-0.5778089310358031,-0.2738635862355156
-0.38795789505559053,-0.23726583130345164
-1.197855449760413,-0.6221591291862472
-0.273674584250399,-0.13854056044789406
0.29393728992573165,0.20578429938870066
0.03390269445083888,0.06780690203600051
-0.44657664627327043,-0.026878047245186276
-1.881633919788543,-1.1639169202868973
-0.22200302040557607,-0.2078243890852262
0.264137467276287,0.11858670426031415
0.29019907903755143,0.2078046011520302
-0.5035721672091809,-0.2852194811093507
0.11640110424144579,0.05615006628325002
-1.2718441845647923,-0.5752499872439001
-2.2743222446559215,-1.2259279784045574
-1.085089797312257,-0.6073831025623224
-1.4132850165040627,-0.7206931518278072
0.12057594805808347,0.010716288975223108
-0.2711755620098829,-0.08636718251904582
0.23788978278346135,0.06839085788895569
0.00518247888427209,0.08801312375329348
2.360612313129846,1.1262151123944228
0.7657926365780955,0.361450242858444
1.2204626892499326,0.6767044884067965
0.1746254702739823,-0.015605661321880196
1.7921501930252075,0.7488874015994337
1.6658939040707539,0.8395310291208251
-0.8082065540283395,-0.3621674523022547
-1.5338111828151053,-0.8190016949680665
1.227418248583291,0.6924954228733876
1.3420097693102702,0.5998016312029645
0.9344467396579987,0.41104291575555524
-0.45236339561427386,-0.24493936880019404
0.8800585909551961,0.33554962753673545
0.8300907679231487,0.5035157445870249
0.192957201566614,0.0563294789647255
1.27744387413773,0.5396074923109955
1.2468905480752475,0.7335227958837819
-0.14170141868052433,-0.09418306560940996
-0.4471803826572891,-0.2931210517774543
-0.7449157042541175,-0.3139020185664195
-0.9906236588766798,-0.44366602739581157
-0.8811587185982007,-0.5931404030343018
-2.695096497464693,-1.2015810689688178
0.6392512568694132,0.3157246947616786
0.1531461368191584,0.008629185002690762
2.588711271482113,1.2656700394450124
1.1512841854898224,0.6497719890716782
-0.12553698706132,-0.073931037562461
-0.28058967684213787,-0.25627344456594536
0.901418611875077,0.6046289130153213
1.5702527563067417,0.7196822194478576
1.3349501382277738,0.7507672298989092
1.2191377304968511,0.4759224771974604
1.1309866931748522,0.49672260111919486
1.2498114087437981,0.6817378694179193
1.918163471807053,0.632820063435291
0.47152320868328557,0.29582585762651914
-0.4961043218885798,-0.19034676346702084
-0.035660977229910684,0.01933513576130206
-0.25104965373470584,-0.05909596033497258
-1.2623279788948356,-0.6782952009436239
-0.15998247653532388,-0.19478138113632754
1.607351893973975,0.8001869866339171
0.1729278254068326,0.1625899057284211
-0.9341333462580437,-0.4358399014702795
-0.9478067638401864,-0.37785378087407995
0.400268815407651,0.20401864884407053
0.18304693967320346,0.26780998291001273
-0.4643575915821353,-0.2189739542729148
-1.0129791403437953,-0.43072636539373993
0.6959557927064651,0.3799542035816582
0.7511159734772832,0.1404804440516828
0.009710023935281864,-0.1096723737778967
1.6710786324150964,0.8527734167999157
-1.0331513668091854,-0.6209906803484397
1.7993572669603863,0.9015474930188518
-0.2827499141986489,-0.19344989753413094
-0.1502384411846005,-0.14945564191647115
0.44395221118984723,0.2411566775856408
-0.5800513774246707,-0.2456527979098837
0.23908726182645823,0.11633307098143503
0.06529517962904308,0.02083693150928399
-0.8673161646387316,-0.47933168585034536
-0.44976926562567743,-0.19006917446058078
-0.11537111842007425,-0.11397244528532616
0.11431925061508565,-0.06930327525988211
0.06742956230999428,0.02262531288829648
-0.014646267305270862,0.07554783251971166
-0.49809053613357757,-0.2883010297641321
1.1496475393425767,0.46954077044888476
2.072759522239228,1.1251109268184456
2.0923219011764242,1.0748640046988867
-0.38030530677178864,-0.27659944356741184
-0.6275928701676556,-0.33537267773372115
-0.43774547415963433,-0.15275131032550524
0.1438573284040524,0.1500942066918487
-0.23507191554862003,-0.16698808673261128
-1.2885259059386263,-0.7236826231305765
0.28977628686140056,0.16721792686408526
-0.047815623846687916,-0.1146648403592197
0.4861672618425289,0.4427986513191793
-1.692228469508146,-0.7200922561310483
-0.3385773648791458,-0.27893034606297307
0.4920138640590209,0.15747980685975876
1.4951909146204805,0.5949278238515172
0.06328516258589179,0.10644112517628027
-1.4286726889641352,-0.8122849065379325
0.21360867101839076,0.23251434858278316
-0.8518329400527194,-0.4049424897935357
0.12797761915443157,0.07762703690250049
1.2363546406060724,0.4738364537595343
-0.15312612566782602,-0.06947325255628502
-0.5299720395910659,-0.09955744850303949
-1.5622102993333684,-0.7130331697630784
-1.51772804456477,-0.7642906338898833
-1.1770601838002195,-0.7354951294382617
-0.8420545318891164,-0.3393626162500125
-1.6490397703025896,-0.6882573176222092
0.3252902844176909,0.11501876707200034
1.2534448075679105,0.5904018921489451
-1.5481319683189216,-0.9386905228023154
-1.079184403313044,-0.4748339043198919
0.40814754083963145,-0.004826204606392992
0.9817774229670928,0.4905982874330948
0.27350267795933847,0.15743558065680585
1.9202872941014029,0.9893991548083158
1.4281414795692091,0.7626707227413921
1.4330699426275515,0.7213674874593434
-0.37632292712657034,-0.22452365047797784
-1.4601636719692164,-0.8103879519016747
-2.1462756378696963,-1.154064266037531
-0.15887807877241578,-0.06756098435329724
-0.12316405545912779,-0.047318781799004936
-0.793750952916447,-0.4689723062684301
1.8110240542890894,0.909346280144155
-0.3993144913567267,-0.3066356240382647
-0.9176718017276649,-0.5798312794457531
-1.2662610723382326,-0.6219315904215015
-0.755816075994342,-0.47470050819087467
-0.07880327513558844,-0.044155473271715553
1.3719522545929017,0.6661430977886406
-0.013169790865687148,-0.03547318035319924
-0.5866490078931036,-0.3524712244014872
-1.6562385310989496,-0.672365203038521
0.7525506372622367,0.3542347597565689
1.2530153709694773,0.5831312949192642
1.2937876344597212,0.7571046422422337
0.7060618242149902,0.2302463282143519
-1.4809259942213944,-0.7008279241962736
0.5721402450681732,0.23825026612265426
1.9765095444139655,1.13432123117143
0.6560325249966014,0.3977700699645446
1.1717746341915234,0.7429564810077163
0.09785712604990315,0.063238753770761
-0.2786535851429235,-0.18653861018950854
0.2678105474657475,0.004157883745565166
0.10958026685969076,0.013760132108296304
-0.46601262072869043,-0.2866669199113634
-2.6790849680054603,-1.3215875082769724
-1.7656895980139415,-0.7497696792004682
-0.571616946619117,-0.2938320173314033
-0.8324680959122933,-0.2627366768726437
0.4200088968325127,0.16307745378931926
0.7151550331725542,0.4657787411058157
-0.29789356032418496,-0.08598106906220959
0.3125930443788738,0.3504949093526588
1.1000566249188632,0.534292438615422
1.1223576850480539,0.5003940868171837
0.45810198119078094,0.07999219695801688
-0.6096592949003403,-0.2168894430261225
0.11185158204789508,0.07071923935414631
0.026273869924892536,0.03428713005776779
-0.7146730717359778,-0.13725366170487047
-2.9453028170728084,-1.503263137521171
-1.6083196121680077,-0.8968758506440074
-1.2306132277531,-0.5565412090984235
-2.656267657439569,-1.3918159256824014
-0.27653880032278866,-0.30231406780241715
-1.3794031124140336,-0.7803769884407166
-2.160536822087704,-1.086643479453882
-1.4114557940576886,-0.7019579447344688
-0.8972546925964247,-0.4873542342293215
-0.2949864985126127,-0.3955799567333327
0.9946122616920875,0.22815698855259609
0.12139863714308124,0.2588356240293187
0.9093010429586221,0.44813348379611057
1.19184457816112,0.43308204477214207
3.1835448595378883,1.5671797727833914
1.8808166844477117,0.9932302726394796
-0.6763522182929833,-0.40159734685039056
0.29824215095877743,0.3150175404836148
1.0309687747477438,0.5350271076772349
0.7947443752044692,0.44122900815557375
-0.497567499194346,-0.08474696147945321
-0.5692094911786183,-0.20018517912092942
-1.454023693671096,-0.6957895372911244
-1.3749134409050416,-0.694617913076545
-0.8322313417677412,-0.5689077809196585
-1.2030683451785662,-0.5509547324132418
0.16886694590862505,-0.013120844145494387
-1.522233939333019,-0.7007928184402779
-1.4387473866584362,-0.7517138903739259
-0.22017792332099784,-0.15925335740989327
-2.029578393964767,-1.1528257930379038
1.044824074916222,0.5456354191443076
0.5969116244688619,0.3329514648902719
-1.0677141614975696,-0.4263692889458878
-1.0364143197380677,-0.49618786075550547
-1.70761508017113,-0.8085636550707157
-0.6931511870574385,-0.48158530011965794
-1.9605000561406147,-0.9590957185028641
-1.395643483594411,-0.7232274778444249
0.7156954383943367,0.3605773122139169
-0.08852996823713183,0.05290862500820044
-1.6015069206719217,-0.9465509400156856
-1.5293208646458287,-0.6927330784709799
-0.8148331899387498,-0.4130421178457818
-2.6893281111068825,-1.2405621130859337
-2.1474288729984377,-1.132348607528395
-2.7219214713929905,-1.3062122842595687
0.7116870250767843,0.30591225845771075
1.052117005194006,0.43422976511313266
1.4039005099105035,0.5994225283947278
2.195147735318834,1.128101390297519
0.4022008766605432,0.17812355943183433
0.6499591014393892,0.4603898247476148
-1.0096313532690067,-0.42256958803728195
-1.9041118683101312,-0.8976915190662528
-0.6815963773088509,-0.36387214075430574
-0.9591788845955498,-0.49627361785609314
-0.7945941893298545,-0.5912059997502851
-0.06559629595424954,-0.0729213513044214
1.0336103654522408,0.642473402880336
0.7004506775512496,0.45807015237896515
-0.05315029946189209,-0.05958435641298564
-1.7281075143747624,-0.9671410771758713
-1.1690949740926007,-0.5567493891043072
-0.13921920265809073,0.05164969143532737
-0.06738220879661941,-0.09113135591603783
-0.2509720549118932,-0.027199262223525672
-0.5420504975621707,-0.20162831766993342
-1.4624923869559308,-0.6463144465428641
-0.14836471617965985,0.040640887250762536
0.5094682479377081,0.3363596152726051
-1.6831521201351136,-0.8425058871882953
-0.3150383783452969,-0.012503836568098364
-0.008907221033642027,0.04329917532324394
0.35258169749656804,0.22891099967329084
0.04776342220090016,-0.019775602245648657
0.05773752489262707,0.02279582005294521
-0.11776545315011958,0.10788657764305183
0.46850323788019393,0.1825455301334746
1.060093825221091,0.5073810982195939
0.012622432915828097,-0.12049538630052645
-0.3820154869530502,-0.22870123690333283
1.0647003061488736,0.6627673965008988
1.0319310561945576,0.412021202301488
0.9700332316463819,0.3304649771002522
1.687012474526011,0.8927974304034322
1.391070534443779,0.6292482882473389
-0.5045430745362247,-0.2569486106770276
-0.2850745515449968,-0.1036474625231556
-0.1629414725805366,-0.11669294902205307
-0.5777218118739718,-0.4084023088235744
1.0289733086617467,0.4605875899095677
0.2539971603004465,0.051439171280224516
-0.2728462121406273,0.032708172102077854
-1.363901898979093,-0.6309245105858265
-3.166936936554221,-1.5605572205416516
-1.8700631448381464,-0.9886434554963331
-1.6549743314406375,-0.9845642486990657
-0.08922828056658227,0.03735908028810102
-1.524740040043503,-0.8807416764598408
-0.17482872106868752,-0.0919831250881922
1.101996186939823,0.4721672113552956
-0.436073750724999,-0.25619013200903484
-0.4691095365571375,-0.12229247679904098
-0.13840884936393263,-0.1302625804682364
-0.8769843292156096,-0.39755895490413284
0.3507872304041044,0.19590460258170023
-1.3090864315345976,-0.5987566103154874
-1.9806177792463897,-1.001687723623529
-1.43205694774061,-0.8554554601813611
-1.5271571666978376,-0.6874349173843588
-1.2956921484977635,-0.5066680507292955
0.2392162040518283,0.041597791623887534
1.0155945910572464,0.5725166329821403
2.356735419716179,0.9469062236247187
0.8723558923739572,0.40340356590816534
-0.13184058323184167,0.06706261282042988
-0.023091260695654287,-0.1431405196374198
-0.640765500227576,-0.23730372508557562
-1.6000050269911315,-0.8812145066999131
0.42707483539947966,0.13263620991177683
0.268562851413002,0.2620571169485997
-0.5617950776372949,-0.12787740152177574
0.03227918293847398,0.06650599350837647
0.23605126497200987,0.12248053970024347
0.5615906768534696,0.3503243591702976
-1.8192559300965887,-0.8329676094403329
-1.1745460244994261,-0.601033990703944
-1.0450254053004557,-0.6179566003175989
-0.0937139067533751,-0.12897723961146051
0.9572009813801088,0.4888500178539848
-0.22827014848412353,-0.18390539341488416
-0.29618375548276343,-0.1410868275185585
-1.7302251349669748,-0.7529871522757644
-1.1424187043735008,-0.543907807178684
-2.144163948946976,-0.8813739289304723
-0.41400284447336755,-0.2894510800022838
0.6016846104170297,0.1504113768957473
1.6988995095690198,0.6809195227167897
0.3482805025032781,0.035586162597198906
-0.03250905392323486,0.0283139550931015
0.2947350909361927,0.036377227605775025
-0.17347079332833942,-0.12713868575483925
2.334863331727647,1.196626083974193
0.1497189335738368,0.22274642789877133
2.6041359580859034,1.234114600482462
-0.08146486595943625,-0.069088748830782
0.8289783803346606,0.667079380930179
-1.2811352230230475,-0.9388148899398685
-0.6048814391795991,-0.23162981655338485
0.6550581751448417,0.3416243924289495
-1.085158302386184,-0.43263610805119385
-0.6007829803049429,-0.4188200130511613
-0.3587522344193343,-0.25365136812779965
-1.696149955064158,-0.8484225954841307
-0.2812071107329709,-0.18463630407871862
-1.139556540158063,-0.6755600340331434
-0.16296739561876777,-0.0932184925387591
0.10797439978029305,0.10109521630549659
0.6376406972808485,0.25020563758551356
-0.10089416092572745,0.0008679384245831381
-1.2612656868718346,-0.8553024221066892
-0.6287940090824935,-0.23467026447921063
-0.6192886789465835,-0.4221338686405868
0.04047712440239115,0.1864565471674699
0.167032127492674,0.19760140303701865
-0.6720975871180505,-0.2880501718818554
-0.10407114719211036,0.0019489998019165955
0.3987431170110835,0.06772838793213659
0.2414654481025992,0.2279885878384249
2.053433816896301,1.1117684182606506
-0.04175092366063182,0.1884355671107089
-1.3528289126074893,-0.5399429857859097
0.08370550527048104,0.10741660526562807
0.24911459600729619,0.13366647365225037
1.429799475745791,0.8394758608011959
1.9740915543894755,1.0492700642899935
1.5166055637539977,0.6073727095127116
2.3300730401236778,1.2831031116349845
0.6835996321926637,0.41739169500901774
2.2534925999069277,1.159076375237931
-0.8289269138196362,-0.4205433431642375
-1.2226656075818483,-0.4954339794157969
-0.037516317973196434,0.09406321586348425
-1.358449970255541,-0.6957487687516551
0.14002029365099689,0.19174903365471252
-0.6503538590520315,-0.3280155236966526
-0.8343095082465153,-0.46355100713326114
0.2711623449860363,0.2748138123313071
0.2601524551548009,0.24293855383017116
0.040475112013762915,0.0679917994477789
0.687161635888767,0.5483444070371714
0.5085266844807828,0.38904648972038763
1.707764304430002,0.8345904411806574
1.0284438899698116,0.47548065126798067
1.0669290762642751,0.5023677004187478
0.4559633895955768,0.41160439092243833
1.2791514420803107,0.6094160280099675
-0.7252564147076309,-0.34138660827933115
-0.38180413797779617,-0.08435684341389864
1.2781674871083277,0.43815120685389947
1.366797425620748,0.7810448078342558
-0.10215220892978893,0.0627442393790085
0.2982689660315031,0.18779344212604296
-1.05307494730321,-0.5083467816966226
-2.084290280735704,-1.0043840188450435
-0.07520917356934276,-0.03797935279194949
-1.1228529941505785,-0.7510104856151101
-0.26316603989574977,-0.1257046664592027
0.7796798209858951,0.3251904423157293
1.1593698389076792,0.7502874515326756
0.8855007682125979,0.45769697734377024
-1.320821202722772,-0.5959271511436499
0.2418617645947726,-0.002799569807270183
0.2092234953347969,0.07837983603441033
0.4302864619961485,0.21345021612051002
1.5336861352654338,0.7434756680369567
0.024181429248619768,-0.00863894060809776
-1.2779449217636734,-0.9072155440769452
0.24843719029741573,0.1578407304149542
1.7450426276308126,0.8757693489913092
0.4668646295939981,0.311007497640994
-0.00724430029550116,0.13890695898069155
-0.6269760010567589,-0.08145649191981003
0.6036651640526689,0.431578554688689
-0.6123493227327026,-0.38631770530377657
-0.854130316172282,-0.4148038934969179
0.23851905648379812,0.2371512080909974
1.0071154328742036,0.4648753639888094
2.1217728368419215,1.106575007480461
1.624170518937764,1.1126363807940858
0.3550914195059684,0.34619086591351134
0.34447628995052915,0.15733177687182762
0.08527710108507794,-0.13893794062978337
-0.8194475829319967,-0.46571904033492895
-0.8127695089934444,-0.3264774262640296
-1.0915530470011108,-0.45382712663794045
-1.0115071804833187,-0.2730009545002759
-0.8578382521111032,-0.40512022201755693
-1.7312523808836384,-0.8912856206369336
-1.9893499983366645,-1.0299706122167813
-0.40628456751502523,-0.08836131661587285
0.14401825583809436,0.09920564403179247
-1.0549181436101203,-0.518945014333709
-1.605129409008673,-0.770364273360984
-1.0251332656761523,-0.4742715186321799
0.24857455939302797,0.14647801916431816
0.2474769203843104,0.05867745839610239
0.6100414953142462,0.4264590780263695
-0.20505630022424126,0.04667259554223077
0.46306911840490683,0.18799402053147132
1.5926969818778938,0.7126400727535505
2.6746673070882876,1.5215948174314182
-0.551542125100541,-0.3305842588583093
-1.747442798599319,-0.9315554831510694
-0.8213926611929504,-0.5068438227062919
-0.5587638748226111,-0.5214446986346951
0.5596759519487311,0.20925258067964753
0.33811842691076033,0.3698329904023206
1.8036245935146236,1.0816485035133585
0.1795437793845801,0.05518398376163541
-0.6863514489279672,-0.37570306015679267
1.4312703131467597,0.8649532233814345
0.5138481694748772,0.4098587254303562
1.750027339288616,0.9308464473995185
0.8601466387853035,0.42472592569380097
0.7353227026329444,0.37338490407648645
0.8468498669735345,0.2620877943901259
0.18117358512303955,0.020101918735219285
-0.5963561954852504,-0.44689232066252293
0.3239209989333557,0.09867491528243945
0.8106694998211811,0.3759859094856692
-0.09570247172210122,-0.0689629255815285
-1.4351148394931577,-0.7849092998733547
-0.6411763533908689,-0.3054557721385158
0.4653762411288255,0.13615967023521497
-2.335142579146833,-1.088249451369366
-2.5267330301857567,-1.1699677651024472
0.7332534046438585,0.18972935866033583
-0.6292656755830808,-0.32038387675434765
-0.45799768013380227,-0.2083763852718131
0.22754601875356034,0.11358343617534922
-0.7645440510764383,-0.48983700204257635
1.853869659382636,0.8504511738589642
2.4098058234582624,1.272140099137478
0.8984906041381868,0.2877098262736952
0.38960412854902593,0.14967101378211706
-0.8876803022688877,-0.478370873316564
-0.418045271766053,-0.20393817536883962
-1.7054369948397472,-0.8912473318353037
-0.39611777267258086,-0.07589102823813082
-1.4941910888107777,-0.7320637834485477
-0.378828527824789,-0.3070965427275901
-2.3742446502320433,-1.1306251042277793
0.7774875263072917,0.5242859792991627
2.1475540750699875,1.0118160971544192
-0.6228113365595817,-0.34116491322043635
-0.470712907130426,-0.32558753895903236
-1.1178583343197355,-0.5133436317192107
-0.9278623675751343,-0.29353141730506505
-3.010353617945935,-1.4034671409669768
-1.828849600618513,-0.8712024617923944
-1.14624686358418,-0.5721342349353538
0.08710414958869972,0.0618745650087192
0.29008759732688755,0.3318009162222164
-0.6131574010028522,-0.4453676223240164
0.5885738030671075,0.37987462240295333
0.12228896595312172,-0.00482494677614409
0.9826752087479246,0.3530097889833542
0.6892142793642029,0.27689548561895727
-0.00304938280481154,0.05560149185165111
0.6536435062234621,0.6150799361444664
0.39929324558323687,0.11921787560390289
0.6977208281244851,0.3794858520260012
-0.5115694974760534,-0.31391716225390687
0.4351742702095113,0.25914062322672377
1.7696307959375144,0.9419906167778355
0.03898858742301303,0.054897530953097594
-0.3580164975415892,0.058934154871961936
-0.27394945284907674,-0.33108461993345395
-0.16248117646054205,-0.080610230270095
1.768696241321188,1.0379210497663176
-0.9197848114447218,-0.5991104839972814
-0.02967631687452732,0.19914956601454406
0.16628268732928655,-0.07681586881686121
0.12833356919669306,0.19102073442084233
-0.8838089787356982,-0.39224471959600204
-2.714750461511639,-1.3209912317767516
-1.7986177539282244,-1.0122295808756605
-1.3871745426105273,-0.7611822535609158
-2.7450544102837995,-1.1641697405145044
1.02534722031809,0.49422120728562524
1.7748170779113082,0.9269497550191631
0.003476419080366555,0.02136836421937123
-1.6523227019150888,-0.7689771735468058
-1.3864257890259362,-0.7039316372633148
-0.19509859495164528,0.01261676224775124
-0.7389900490594388,-0.3170668166974293
-1.6120659786995635,-0.8105423491248126
0.3161261490105226,0.347348640135694
-0.2403925635384669,-0.047893024711581494
-0.15949699850807628,-0.11350969173288489
1.1762424410388375,0.5856229144071737
1.4317198250730085,0.6961036154609027
0.6619464446933198,0.18784806632678205
-1.20134091474027,-0.5119268030215206
-0.6823157001319429,-0.44319813290182597
