-0.5562275005581897,-0.2624979259141481
-0.2469954436500797,0.03336700487805275
0.6288546224080684,0.2600049555780776
-1.8190174160183215,-0.8473589983347553
-1.2939289773655462,-0.7082123762172816
-0.6021043235293112,-0.2323127706214207
0.46718718641729556,0.43411077768642864
0.14601935316958842,0.18576201375137066
-0.6242864469326336,-0.4874972503559808
-0.9879283593932278,-0.6089404818149198
-1.2324223039947928,-0.5984910904704739
-0.4315264851767818,-0.39608144875110546
-0.41808664373705917,-0.15220198205789737
0.46735720041702644,0.4388378462211495
-0.2270852285088078,-0.2968297644739691
-0.7512564982582115,-0.44381809325074845
-1.2454698068252426,-0.5326415711798405
0.13567292582861346,0.15644942733514727
2.489408876367589,1.258256083056144
1.7847672586969978,0.7759384261219319
-0.7022790743551377,-0.5511763788167814
-0.7211292841211446,-0.47124872892431197
0.5810894716440727,0.32849482592822415
0.8040483583396848,0.40467221305283474
-0.29392879780501757,-0.09501271989564958
-0.23519683392843208,-0.1366900126599304
0.11089178381307005,0.043133368524316894
1.3259978346233172,0.6001149325805067
2.076547309620016,1.0380773324533366
1.2430750787702678,0.5422339797528346
1.0745810236830105,0.6560415083624324
0.46177140873214706,0.32996188657192027
-0.038902572302244365,-0.03134195662606824
-0.2822126932286388,-0.09185193939676375
0.7844542552226995,0.3550661995941762
0.09453598822962139,0.04322784146122268
-0.4269750469374014,-0.09155444125455703
-0.24966466294565118,-0.06692292505670194
2.28421144543518,1.091705836994783
0.12675090993066984,0.15420329931006524
-0.7208275712462568,-0.24146999850197293
-0.17692053152231407,-0.030135219565270245
-0.08998969988185422,0.1871420705311841
-0.3454628812070375,-0.17660555469024425
-0.25169936126951437,-0.2000895372878299
-0.6687879799178695,-0.31397767352815287
-1.9801902834508764,-1.0356864385631064
-2.330410586277089,-1.0913064468940195
-2.801926167182176,-1.557313128349402
-3.70785943164973,-1.8366292167839855
0.14090735553851508,0.13070641682438433
0.8816421858493806,0.416068041457065
0.9821402023583297,0.4099047047980463
1.6017930113542893,0.8001985911122173
0.10931049355465516,-0.05777972739443525
0.6706499032898965,0.26833559715529837
-0.02185847615977432,-0.042185389008369656
-2.025189292031592,-0.9784302015661952
-1.2894288259320863,-0.930229726017928
-1.5314559404396968,-0.8182908879090909
-0.5468191412156574,-0.22945852301890968
-0.5861136862835341,-0.2474389677135335
1.4415458637164091,0.7251047855279407
1.7949086412684294,0.9624555854816457
1.9372597101918303,0.8219049107542032
1.2392414114755486,0.7809823497779376
0.9524306231572162,0.6324246744313885
0.3110072080414773,0.320809728346307
1.0888439439392683,0.44260464679249945
-0.08691725858068411,0.01617739113852077
0.45293713517306017,0.41980065514372045
-0.47213080925530027,-0.3429102776876773
0.061602879304987535,0.2719629380011447
-0.3130996791497124,-0.16541632248431082
-1.5073870154939966,-0.9091481793466915
-0.3444470463316273,-0.05082986350755028
0.5019173143718391,0.22885828315431186
0.32283820107426286,0.25781636281672204
1.8392722179572651,1.0850890383828335
1.0171598364900656,0.4272936860047849
0.21866797321604187,-0.16047355631728608
-0.10864043390915698,-0.03899461050933271
0.4666799186544314,0.17917904640717786
0.2624067451396478,0.0057830204630917315
0.03968973167519149,0.07274936213255898
0.004965974491856977,0.08061872273854725
1.211893074772741,0.5345072521309302
0.7717885372166166,0.6527955452775229
2.3132121132101737,1.2477769891919017
0.577684030904244,0.2703961426743849
0.8226896701260152,0.43874572366896214
1.0069648661838828,0.5545992462254792
0.12452120950059908,0.08849011435401893
-1.1290104633522815,-0.5788494599426696
0.3287180977033417,0.03838744504720196
-0.7616851252119917,-0.5551768975279241
-0.07337405942322728,-0.004130418902208749
-1.4439079685557927,-0.6582394581126728
-1.107930109141372,-0.5616666082710455
-2.1387351656659503,-1.0636975269507134
-1.3502004179215277,-0.7449884400366853
-0.762719241046274,-0.5042144007715856
1.259762801135353,0.6143224770584522
0.7661803908394141,0.4713455813745087
-0.045857460983490306,-0.13566692776196837
-0.2093877685784551,-0.3215908507607096
-0.6792778450918158,-0.4075235388568042
-0.7792431405586144,-0.44106076740219285
-0.48545622200752947,-0.27718259437313514
-0.8027152641753215,-0.38582737863489713
0.3783845787643045,0.042438701549593005
0.6065646036503066,0.29806250664272904
-0.16422954045204702,-0.012971405030753044
0.0466797376599932,0.020359316555366762
1.4689171224467954,0.7669507425592033
-0.5737283341830739,-0.14143531326051273
-0.5782230295838573,-0.3075305242607519
-0.7079681218397945,-0.2972206646722767
-0.12649265479123173,-0.10870294633970636
-0.6476809872539844,-0.3201820702061419
0.7681926839784584,0.47868479064242264
1.760176914950462,0.8985379487962726
2.8388398150360947,1.461119544200759
1.2666177086701973,0.6670170916399701
0.22200091159510177,0.09657773248698123
1.2832730781225783,0.7509240726112717
1.0916592462193868,0.47258622104875525
-0.19033159104026676,-0.19255364222070287
2.4227331046148217,1.123391951591879
0.3130277863805636,0.16156185353032046
0.7529393169009698,0.3443478969137626
1.373116406654456,0.7065951212206895
0.21869758914206644,0.13645561440660356
-0.6924932919475236,-0.4382331017213538
-1.5056429993060292,-0.8532611711474519
0.8080496530482367,0.2431702829310803
0.4750086917532092,0.099251107446788
0.24089254740629135,0.13072378367753507
-0.9327458074240782,-0.3482097716920856
-0.39981130677674537,-0.13478573980907393
-1.2403579852372428,-0.6253532973057581
-0.9990979964149667,-0.43210253342267974
0.2514008629044908,0.11630227820079242
1.1536789283142226,0.6783835003805043
-0.5050928887954506,-0.30663662159832533
-0.3088023152716666,-0.1597126426183569
0.4031160967597165,0.0942957129910495
0.2580875926514504,0.16071763928611207
0.3669745414640685,-0.007477107590146942
1.0705680571705622,0.5414422241915813
-0.2044108928603563,-0.12411076267196619
-0.5921523110605151,-0.4632954714356932
-1.9639593321583524,-1.0602949500644117
-1.3484261098890427,-0.6148038550936273
-1.3551835794016838,-0.5991853088683027
0.7787707083470347,0.39944331916719517
0.6920829268317487,0.43656986543846155
-0.4119319366063731,-0.25558463559335415
0.3528858727086353,0.20986364743983074
-0.6025327841499422,-0.4333504170937415
-2.063261860163809,-1.001557423981526
-0.3722501501287576,-0.30032806315800564
-1.0596617899781815,-0.43776384224684484
-0.6746462839713804,-0.3491021062889563
-0.3039301261054767,-0.10164242861167418
-0.6655605504459194,-0.12503027535529007
-0.7025706056411607,-0.36313210324421663
-2.3652611180007472,-1.1614115510833642
-1.613835050634159,-0.6941352778905576
-0.10587962602602274,-0.11212407479187422
0.9882292830794355,0.4519162345229168
0.3606183537245228,0.027552943298184862
0.5496202221219424,0.1529971908632027
0.9025109351867515,0.45235417421739516
0.595117250430708,0.25594178311828114
0.3572000990071562,0.19126651248598825
1.949092302282808,0.8809847483185476
-0.15106589746984256,-0.09433751453845461
-1.0686080432149345,-0.5921922071418518
-0.7495425391360859,-0.2319279221224334
-0.32111784324013626,-0.12626445178895732
0.30340841360248627,0.038179019371483255
-0.42005253873738646,-0.06604541904123454
-1.6042109810425491,-0.7391056946241563
-0.5964121649264663,-0.4256961045597658
-0.23779523218220291,-0.15625818785726428
-1.0640130663245926,-0.5240101847153524
-0.8310748289016827,-0.4049690240654409
-1.0982710714168928,-0.5098977116420268
-1.5112900794375856,-0.7877193354863767
-0.8227081000710994,-0.4949253933217524
-0.5358727146171486,-0.3084984220023938
-0.34278734925027504,-0.21833605417587124
-1.1360595907590048,-0.5288622946480055
0.8675490190249255,0.4648045797570702
-0.6906292398946041,-0.24417237656292307
-1.848161370652153,-0.9288497299358565
-0.17960583146049514,-0.05315140825647814
0.9742577687033114,0.6457360487482687
3.219512966370897,1.4464901763841413
2.3097477999056055,1.1462490738253297
0.9795667814236941,0.4490207032295776
0.7249180824499506,0.3189044033800208
-0.3769568243461018,-0.3670782987519172
0.5619698323146973,0.37754561219866384
0.6105696797756628,0.38613724817647677
-1.418466527766209,-0.8853348692528239
-2.285383640280042,-0.9355435689061316
-1.068683604024271,-0.6910216461839371
1.04640154247247,0.5410008282799719
0.09854065808575196,-0.15272032682843034
-0.001915457637879342,-0.14743944199753534
-2.1946134276387856,-1.2152193424650848
-1.3546946123923833,-0.5443372537504727
-0.3903547709824676,-0.16212671704727197
1.3302067019126547,0.6792514971010191
1.5164722404027031,0.8148136931373711
-0.2471849509560209,-0.01803255499640878
1.3358474137153675,0.8049382572852756
0.9624223090138511,0.3256081974575197
-0.3369405898636718,-0.21848465588227048
0.04516884649622671,0.14178901276183803
-1.3879248929769032,-0.7931628654601423
-1.108425404075609,-0.804019755385289
0.6450672648254849,0.2316809844023499
0.9734903700316178,0.6048040404597426
1.3448614769237701,0.7055688253639596
0.10139731705239585,-0.05867128346766759
-1.0565836184321737,-0.6040167927368726
-0.06978512541107923,-0.04600258090284752
0.4304638702710343,0.12072342383509546
0.262692421622298,0.17848504557565223
-1.2592886336161908,-0.6966773002287245
-2.0220539086671474,-1.1008301704665198
-2.721791318284768,-1.4400547683361364
1.4117389238473002,0.7624230611975731
2.696336206536362,1.1549633664955041
2.084666333059456,1.15187660896388
1.2692680121182978,0.6168472077590208
0.04619820259399743,0.13753285101374776
-0.6586249015504908,-0.24153082121830588
-2.3223078372113446,-1.2361401934978373
-1.0803021826356636,-0.5853661898871849
0.4119049624776937,0.1784299898912293
0.10483922074867061,0.030680896263299173
0.0731829094976232,0.0946846279945833
1.0898701994278155,0.4723437820350751
1.7153084669309404,0.6566921732156921
2.3989408951914912,1.2114632300206718
2.015788614976664,1.0625000554935922
0.8105330096611724,0.2926546231316113
2.4102262451645395,1.069228189341263
1.7033817138085623,0.9159088980114559
1.1161854077691704,0.5604180349144947
0.13634909923694188,0.2694754838852321
0.7153504858149521,0.3543823641039179
-0.05674857673120731,0.21884876269435294
-0.4973661748983137,-0.42096210308793064
-0.5041644208502993,-0.17837056620198133
0.12531755691497465,0.0755313036740642
0.34259490518557645,0.05740079315029463
0.762775900371672,0.45389481080947036
0.5259878425719752,0.6201867104050147
0.7116616569373548,0.39845906996149993
0.8323100445939016,0.39446268923814126
1.100487982032207,0.5683853463191957
2.173483197273141,1.1183657129689237
1.4832894950226998,0.7493956944581696
0.06948119503835193,0.22946537405863301
0.016929125626832797,-0.07413624037999136
-2.2577742375622587,-1.0557818881354608
-0.8367604621849541,-0.3756821961461827
-0.9954898419035632,-0.3753828481571204
-0.42903628675939015,-0.3634748939698294
0.19585744510755576,0.058345638342083395
-1.9813006149512955,-1.0396977486170786
-1.456991805071802,-0.7378032362638606
-1.933882929003314,-0.814622853680681
0.43540277649083503,0.13881538045121516
-0.8066386971649291,-0.3094130096691845
-0.8097352293181876,-0.27598143723247814
-1.3945122051250611,-0.7804285395417767
-1.5498092646502775,-0.7582577216550626
-0.375683337061413,-0.09692566539716053
-0.40963285957555956,-0.19277439730555462
-0.6283436435535774,-0.17554519823090955
-0.1445676476274145,0.13846562676442747
1.428351613113613,0.6167699755504024
0.21611623681741904,0.14205577507393738
0.1120843735880844,0.06634619573486354
-0.036365681517569526,0.2024164791130213
-1.3620967985612875,-0.8204146985251456
-0.3521795272599651,-0.3009663613946948
0.12097246321083402,0.09764908595484036
-0.147422989099032,0.05986989883389704
-1.4561930160651415,-0.7145230379696351
0.9386521290631898,0.4407542945227423
0.08552952199613223,-0.0016214261325775345
0.06599521611308294,0.114285532871858
1.446099154706615,0.6727190296870622
1.3367102931410133,0.49707938045439765
0.4515679501439507,0.23562782344254493
1.9296204028973778,0.9351602731673408
-0.3207827292681139,-0.268754092015691
-1.267434953025613,-0.7910383256629667
0.9973997676392485,0.5316414065916014
1.643730511406393,0.8212716862335931
1.7648149523394028,0.8499791037613943
0.45404073708565174,0.19356109165280544
1.782688879589543,1.1175470001491448
0.9824831043651214,0.5466336858027433
0.34761765426585234,0.24834590503409776
1.0258669082352352,0.45729864328524983
0.2693120088802501,0.18339993422833628
-0.8969777471419489,-0.42083303732428856
-1.5115577907670215,-0.6812674416815931
-0.15328674743421322,-0.10550462947238827
0.4677410910042049,0.18764645803876898
0.7115639811776291,0.3131098287204593
0.7133662455683523,0.5294874447244007
-0.04160825017984332,-0.0016197168410834913
-0.6801390996883241,-0.273050579570178
-0.9399792866299963,-0.6220243456344949
-0.8709305042969346,-0.43908034554154973
-0.5000784328026306,-0.2539672235771296
1.4952795583465277,0.9386539937429879
-0.33018680955977875,-0.04692762495730088
-0.30786598316263103,-0.33876533507257633
0.8618863775418829,0.5735177305865031
0.8545405165949673,0.3809677649148587
-1.1434292791495804,-0.5908595112332075
0.9439565825134523,0.4485166764991261
1.2115497340260637,0.5311148796517502
0.05789179682952317,0.2066788855395446
1.0738189472336968,0.5053915286072762
-1.1029704412349994,-0.48151903946998387
0.23624776535063974,0.1268584931097697
0.2768355510137962,0.032779925941974083
0.12465225549954022,0.058716005813303586
-0.7445750561902862,-0.2804645108434656
0.4188052588930358,0.1804960402491118
0.8012574298719977,0.362761100780679
-0.017240308027717532,-0.027007724070430672
0.1547276256570227,0.29240378765680686
1.0624445061594148,0.5197900831522699
0.6280401148640748,0.19365251133693473
0.027191495055077175,-0.014131642328956279
-0.45119742225223713,-0.3343634838071413
-2.3320908186892617,-1.1090630435432585
-0.8395420551915991,-0.4725041044793249
-0.5973734064583354,-0.3262801523212881
0.524922074386089,0.5255784673235689
0.35893702332842115,0.03022979869047157
-0.31002573494785557,-0.34617631354935136
1.0045045244924595,0.6281329451536556
0.8791918389294018,0.4773431988122102
0.9692378117947842,0.6811218233651944
1.3792058132338374,0.7688507831045616
0.08489838201581912,0.1087884368632683
-0.5934852850350132,-0.38518910822272323
-0.7150986551478666,-0.3410911685502905
0.10472897149002652,0.06434345225938651
-2.1255223986836764,-1.0505267817738653
-2.4985533840446217,-0.9998428386566502
0.6975649554321011,0.3882709902573911
-1.993620386744591,-0.8461254312707212
-2.0766526627890736,-0.9819243483448508
0.2537873110031439,-0.0017144588173657327
-0.2988369497321557,-0.07790839879951215
1.9969651302458058,1.1088631456978204
-0.5454127213597734,-0.4015301070173207
0.13706296198761936,-0.1117059176851842
0.06140042986960716,-0.015842125822615967
-0.7895803277241517,-0.38357744158332163
0.9821157799834823,0.2529682980417228
0.01900828850997316,0.045701338853300626
-2.531648121925325,-1.2959116416229568
-1.760632425767296,-0.8621772507829303
-0.4858720593530917,-0.3813263185773407
-1.6265782073272865,-0.914662378251348
-0.17046828121868618,-0.07386698491628657
0.23006194548988618,0.10834895810810971
0.862649426898629,0.4197661322750606
-0.3786526092994374,-0.10611769579640648
-0.423010525287982,-0.43973829022988736
-0.41230441493249104,-0.2547715942276547
1.144246544089484,0.6394974284766444
-1.1432101250715605,-0.4657586113247868
0.1115313635101467,0.07486451127960247
0.9903120670088267,0.5489020288441215
-0.4691288576042869,-0.24595135560796624
-0.17465636035914756,-0.07461724614729388
-1.1459861994589986,-0.5543687931709926
-1.2486923294105998,-0.702142105385669
1.7330820103241802,0.8883830596935752
2.364112223249172,1.20889089799131
0.8188319716666609,0.3687155651680828
0.6038607357233033,0.2952990678442371
1.5343527087941329,1.0010034122408216
0.9783074220370314,0.37995199552174086
0.057265746934410666,0.12399415483950049
1.5598068063420094,0.5541516961584774
0.7910167262169949,0.47212655116769214
-0.19598347976417058,-0.2682398881715778
0.8719693914919857,0.45014203512071327
0.7340520462102673,0.3815287872608491
0.13026557613173978,0.08976407010973277
0.4562823003110553,0.20412806297940111
0.621814798425145,0.1711478979946443
0.7085875122353409,0.33712363746063495
0.3275069002370238,0.15353775167370912
0.05691822631210999,0.09746242907331229
0.19504239039045423,0.18357357671902969
0.45256713711079,0.2723261443855632
0.4015839145311963,0.25016014691775623
1.0688430480598459,0.28898216896033524
-0.834161850844676,-0.371049550069599
-0.702054656791514,-0.6285590113381172
0.14354748905486936,-0.0018292685307592649
0.17932055509758288,0.014625294929604488
2.067458267589421,1.0295261083543952
0.7912689079970693,0.37572928800606087
0.26047749668885656,0.16547690150305833
0.166408869370059,0.22516698287792367
-0.733237887535047,-0.2890332480669764
-0.14440626410273394,-0.19502034657506942
1.0365844605235344,0.5079187473704855
-0.1786807004570976,-0.00709195618598972
1.145952578133076,0.5274647285487701
1.944960490787789,0.8910957024380697
1.6863151018202758,0.8118759007283107
0.9607729147745556,0.5071029034689748
-0.1451375306216136,-0.37719089019932306
1.7782571101928553,0.9053982685141598
-1.0429950727063781,-0.4972757057714198
-1.0811953137453152,-0.5061661126664865
-0.7987007665693351,-0.35995327251349996
0.21921421131008423,0.012918039920518862
-0.45705193479668527,-0.10874360945365362
-1.9957753856810951,-0.9692757549245516
-2.133344185013023,-1.0924006692702486
-1.5215488097049414,-0.7522215368305961
-1.5913509032253552,-0.9415407332980327
-1.9049367126692198,-0.6510846358790225
-1.2998645435407241,-0.9031546496955434
-2.1444924368457934,-1.1648046135862895
0.5801117502149135,0.33155637882554045
-0.00034746307263949783,0.06094119829626755
1.3328652494960949,0.6977902974949869
0.8135535345126143,0.45519157849913516
-0.13221097827916728,-0.04099268876857612
-0.32982663898887343,-0.1824498964258747
-0.8566196570260092,-0.2387877061138697
0.4694989721660826,0.23814564189286905
1.779409313434212,0.8253480710546393
0.6762084001667994,0.24978809055073237
-0.059732033960305575,-0.08448948728017111
1.53517016348924,1.0064998029869747
-0.17255151644753008,-0.06995927142969106
0.6088231791941656,0.19848796637105992
0.6035146600305579,0.29266104624412936
0.08069780159024664,0.11305250173139415
1.2668995243134276,0.6577754771714897
0.1096048362222789,-0.030278697429611187
-0.07941118382735272,-0.17475382226330632
0.7241463643504104,0.4854377130228991
1.7817969070613735,0.698937406399512
1.978359966693927,1.0063326435234257
0.5795870755045182,0.4958384430639367
0.5320177584342108,0.2283633055860601
1.1864158053690945,0.5956284697529418
1.551461723726678,0.7794373574701878
-1.6932790568722682,-0.8311720327121688
-1.219229916484454,-0.6251716181070446
0.24708038347281813,0.15409361781069664
1.0081205328338847,0.415268391370197
0.53463305607258,0.2013300168289644
0.75177954384926,0.27160264540063994
1.848224759652129,0.9255751933898624
-0.6023493667275541,-0.23336948064420474
-0.6650623380101838,-0.26594140974844804
1.3718483517492788,0.6748883055046865
-0.7049176935489055,-0.28767466088720745
0.11248820927004277,0.012309413610767928
-0.2506159006716214,-0.10854264822940762
-1.6725712381794169,-0.7439506221076044
-0.48628952663972086,-0.13257627177439835
-0.6440743610197786,-0.19805287357631068
0.1962113471065825,0.11147889596489576
-1.2193394827716275,-0.44334112976291207
-1.456307862484885,-0.6767992384242666
-0.08094461022932664,-0.14785824451749485
0.25708237736377293,0.07312385485856968
-1.0275020519719729,-0.5317605437919721
0.08519605764013893,0.21598465706757983
0.7338804139037712,0.41508271248462336
-0.31611091752961085,-0.0082801043132813
1.1831488464787807,0.6455325065346679
2.0555639986858316,1.2688821479613923
0.27286214479932414,0.14938691497494308
-0.8037233026058878,-0.4893261658872047
-1.4834151553514712,-0.5807808309312442
0.2746528498045051,0.0028429785713355304
0.3016197059869656,0.0829334100241677
-0.5192426819527194,-0.22341801366620137
-2.225908221144423,-1.0969868797753184
-1.970124421124952,-0.8626245317388571
-0.22986947790436885,-0.1550761691507141
-0.027601832750100752,0.19934366821260982
-0.3464613775122449,-0.16966910860728882
0.04672615844294081,0.05297857929329322
-0.32334085677928354,-0.16635737259654715
0.6688207199469938,0.4304645016407812
1.489228834077428,0.7849728228712586
-0.4696189789001206,-0.18819419047181118
-1.2197128535082067,-0.590660967850651
-1.4489222721459716,-0.7150610073244588
-0.571291542698309,-0.08689209793937058
-1.1803181534548197,-0.5675778063987265
-0.3877827431516094,-0.18524130627041252
-0.04736669660641235,-0.09857912205983908
-3.105902968512873,-1.6293742577990704
-0.7135044531589013,-0.4456879205481138
-0.6183613638975438,-0.39783022698112247
0.2129341300617747,0.12734018937431424
-0.8868837624675444,-0.34839059910475834
-0.33623979108942775,-0.05104271516543782
0.35259406464863813,0.16726207032017684
1.1689555026752825,0.4094969080520932
0.45036291046783017,0.31823989189319846
-0.07399719833591156,0.12919105921591237
-1.1606786122537427,-0.5758595105038771
-0.6363160703062766,-0.3903854618721655
1.408019437251145,0.6699685999053832
0.5872534711386264,0.3807760861222216
-0.9899991206304155,-0.5188174745825977
-0.1319553178322102,-0.06077568666137442
-0.24712986805506773,-0.2735020045139028
-0.9606897067605906,-0.4223890000782631
-1.1598710253407218,-0.5862216797547488
-1.7513541387407645,-0.8822483247061232
-2.7507052842436313,-1.3149830633881001
-1.3873706970266129,-0.5457467397453083
-0.38791367305435015,-0.3003149600201329
-0.08918109530588111,-0.10580184428453651
0.49456810962698183,0.19516727789196997
-0.14192971989988862,-0.10168189164333011
0.7340369350237013,0.3596390461231728
-0.36830153484524747,-0.3606154626519945
-1.2496894652704766,-0.47470257316209696
-0.0792251853867244,0.07925491585346486
-1.3754423810322147,-0.6757723695509497
-1.3856192741350464,-0.6558116346917586
-0.38851865441143263,-0.13226051325141405
-0.16806946074482526,-0.05952259212140605
-0.9773795865068047,-0.3545260420115086
1.5188299612184828,0.808571999885405
0.23505826556982934,0.1286149572961553
0.46441496671896654,0.18538345694219835
0.8737382764806061,0.38198781899406575
-0.045609159388598774,-0.07064006286038024
-1.2457814083820846,-0.5139089646118248
-1.398024291565991,-0.8356444156129164
-1.513287546100741,-0.8366513506434828
-1.6890599702395273,-0.8415927424670112
0.07416409858999373,0.2156797352850566
1.9990499971505706,1.1676659384041763
2.4430371552585934,1.3207287595137662
-0.46875903859471635,-0.35529491666894425
0.7238570219139604,0.3603609008570296
1.021418450499505,0.292803821397866
1.4243627171944686,0.6558935056734007
-0.9228382296733458,-0.4788954462373929
0.5015232954475224,0.10384800563360894
-0.04808564252730646,0.006147779384974229
-0.38449802403252004,-0.3212915654460444
-0.5186665634622386,-0.40639474904014905
-0.34936696089822716,-0.16389759621233957
0.5110985987393282,0.35529314903119746
1.366173238824537,0.5426634280767071
1.590331458614727,0.8067362122163608
-0.4387267945946113,-0.10625505143724467
-1.286114624068543,-0.692587519383279
-2.1638472230948818,-1.0942669982769284
-3.343715511203912,-1.6546717345324555
0.1572595643630077,0.17084712158764087
-0.171193014543862,-0.04816195483863681
-0.34586010081315444,-0.12074909671525694
-0.6576081960386296,-0.28304425082998746
0.7100862550480866,0.43246517684811386
-1.41960583550274,-0.6764997632230134
1.0597453693350454,0.45369851858586624
1.2034977428286047,0.6871526681713678
1.0912638689874314,0.5367878459833612
1.0038103802646987,0.4898600641160744
0.7048738321544006,0.34216577484635635
0.6521708471629275,0.2891819296865919
-0.18688646992395064,-0.15371620775634112
-1.19653659836934,-0.6405405133982659
-1.0932012638259432,-0.4511018870346797
-1.4619146293501122,-0.8216865621589298
-2.1283417470205017,-1.0414107257123189
-0.6784193781324896,-0.44298500830356974
-2.8434799437870613,-1.3340594827204857
0.011738032618692995,0.12183368912338788
0.18623855409044202,0.09523742745437903
-1.0236021659538184,-0.7112698495024983
0.305923048699674,0.19773476595368025
-0.4749816532703678,-0.2727166907022692
-1.6234268366149085,-0.7220864676075675
0.36292194134976397,0.2251807668697998
1.3294542161860996,0.6558960820190847
-0.06858112982288656,-0.205329473677261
-1.141273691337362,-0.5493539088763084
-0.8314092489018658,-0.37303595249468346
-1.6711556590590597,-0.782931740691226
-1.693432185260441,-0.6575146198408187
1.492867781358191,0.8138583821494223
1.1385124415465766,0.6378797436821406
1.374126260637895,0.8591262317904242
0.34500749094758526,0.20816072779997688
0.6116157970877674,0.35760139283430503
0.18259649321065838,0.0728287714234107
-1.2673503828480537,-0.7774427496279801
-0.45932550292189583,-0.13581695873636423
0.9233940294208409,0.46519004987800106
0.8265802673953078,0.3875506586507223
1.2338186895861405,0.6567692261872355
-0.6971317020437012,-0.19605164352113114
-0.6275141996708338,-0.40370650153955956
-1.7041817401047812,-0.6121392709198882
-0.14776589596587653,-0.09443887861257562
0.3187370023753176,0.3478319280848129
0.04909971271614841,0.029966463159870338
-0.9780286930351555,-0.5130108130672288
-1.3680275631144898,-0.7067583892178222
-0.45582478265127757,-0.21977335445879348
-0.1313256846112556,-0.030170476811739184
-0.08181658548344474,0.052604942783014245
0.7961816653986411,0.3568885161498604
2.4376032546195043,1.329214276853544
0.4096549051460387,0.37340638795841474
0.3886944581675531,0.26290178352519095
-0.10967691627430726,-0.05502235242782807
-0.9215995143802598,-0.5687829173668149
-1.7219338120130732,-0.962160585152743
0.8815790816913593,0.2839779393675873
-0.08950714611756039,0.05069759361915023
0.19844147354768368,0.19000234384481668
-1.3051509957651541,-0.6836924245101905
-0.3670109226233316,-0.10496328540070968
0.3321410004486241,0.17932982128596328
-1.2718060434593301,-0.7995054092763156
0.9599854540152248,0.5906498098451802
0.8650187016210334,0.5002765809523293
2.937135982669746,1.7531326811935468
0.6483546043132966,0.4117151368675967
0.35679816899582456,0.043522607528735824
-1.2738213468521808,-0.7153899574730165
-2.3924300328938446,-1.308824501858112
-0.9553004243163219,-0.5303334858502992
-1.468836169210795,-0.5842166576674144
-1.236718734003125,-0.5263475219710829
-0.27265159478518697,0.023391580715770688
0.45710470154664257,0.2562900713513536
-1.146935518195285,-0.5730563408899008
-0.3707368880409141,-0.19130160270584634
-2.108067683184904,-1.1488361241671254
-1.6531718545480336,-0.7569888470243094
-0.8502170909504408,-0.5402728442035554
-2.4609114637613287,-1.2557259545078043
-0.6517075536477079,-0.4999515871536446
-1.0274771822090727,-0.6099271257020847
-1.3295492528655868,-0.7513015116504304
0.7270286032055433,0.4287243873347765
1.5653229056233329,0.6201146347214993
-1.4500446782191134,-0.7941207084981169
0.7566054280548764,0.2590891733858808
-0.7240145129564539,-0.35635619168841964
-0.7276917351149608,-0.23025338498222492
0.5114577098418114,0.23305174561107173
-0.4424951673733434,-0.25268169725213935
-0.917300974886706,-0.44881447927372714
0.025976974965125632,0.12258242953174704
-0.6612703683803225,-0.4639704057042152
-1.7745924221557228,-0.9465946830392974
-0.36803511425186086,-0.19073310934111973
0.5768922295128532,0.4211531086403567
-0.901127490904998,-0.455158449280466
-0.5501723075707796,-0.22086436838503953
-2.5188976185468857,-1.2755729904796203
0.31443000026142487,0.18108605517621992
1.3099400097046447,0.7913563143972866
0.08066559767837256,0.05517863554353768
0.04299321320626348,0.1587052650547597
1.7297653748134358,0.9639150514383811
-0.526693335062824,-0.2716846168624031
-0.862314243758951,-0.2779794710674951
-1.595831987194261,-0.5483763989246315
2.0296804256357666,1.057052469513555
0.4064999388956159,0.26875846590528546
0.9172395491234091,0.4452640874838401
1.2838312829438476,0.6514172435542306
1.5909437676424973,0.8474237978510573
0.3229083369566376,0.11938012183978357
0.6259166242992298,0.3723955908054423
-0.3485652521652104,-0.11082464373129458
1.7646319402125976,0.9879532904503272
0.031698646758374194,0.013889186140388974
1.1872781124919072,0.5316404909566487
1.6478449631742307,0.8033276921707642
1.138966391322106,0.5390110716971215
0.1247878488252035,0.14446621240527896
2.988956965050104,1.3926760520269552
2.650324096075596,1.474346695652219
0.6711486290028513,0.2673721675656364
1.793529152277537,0.9220337303527454
-0.01639437708624769,0.19669824663341115
-0.10088923308940996,-0.05993336516045327
1.0529424979920405,0.5968920816054956
0.5947229480252212,0.4683057324776221
-0.16058245979389119,-0.044989703646244654
1.234915162561434,0.6736898666540547
1.0102540504612432,0.433395962791613
-0.44489655073386325,-0.15081374614270393
-0.5857509375336774,-0.33271503952040465
-0.18675335220395878,0.02512932104168121
-1.334078475941353,-0.6354396084180759
-1.4617410961519908,-0.567208665800593
-0.24160500555974157,-0.13402643529606995
-0.25067341692212675,-0.1802919738836458
-3.169849117912368,-1.5637704367030163
-0.8025259463504684,-0.2720270441634616
0.20432417610951797,0.18123893723577494
-0.9802481928819808,-0.46900295108393086
-1.6502809372315248,-0.9897277404674814
-0.14954798688061322,-0.07741458998897925
0.025706929408859616,0.15028717688576262
0.6792811875528916,0.5079216486617434
-0.19405049020488263,-0.08233432128518772
0.342433749694561,0.04525661695120484
0.06559753190593356,0.027643674662397835
-1.0697948127994379,-0.6538680951427068
-1.5294705036761194,-0.8217000553993821
-0.207475750228359,-0.10801553988852815
-1.4639339423133868,-1.0183193168532843
-1.0892264154851836,-0.6094177392562632
-0.6652533367366696,-0.34950067072409
-0.827237971041597,-0.25840190018479053
-1.6389864451055434,-0.7942675069057996
-0.947504243650716,-0.40854347685308734
-0.4072110144390507,-0.37841145031650597
-0.14719818525400985,-0.18546023983061732
-0.20704144699364768,-0.03451028342949586
1.9624640425499398,0.956486843184435
-0.7290926552266983,-0.2633549317210182
-0.13722108708731717,0.0775926439725074
1.7465700838925613,0.7386148527718126
-0.7408133969475403,-0.3397582135704554
-0.5764611021467737,-0.3695551356657645
-0.11039437382358108,-0.09663113703934546
-0.6441307387384967,-0.29010340976008575
-1.2343325315390665,-0.6316731801803194
-0.9437758406181881,-0.6328275218546815
-0.788039643237391,-0.3349336393811199
-1.2535428007661173,-0.7044843251950261
1.059119081684786,0.3886763385003712
0.3935375260960373,0.12081402934966752
-0.29436336889885906,-0.307910407802249
0.4481419838545887,0.21082514643553157
-1.6365094115304835,-0.8812900070368713
-1.1695873888905717,-0.744404914389317
0.15756831232855317,0.14452919616859253
1.1850965567584588,0.8124912320905701
0.7411689970419452,0.31155919518255143
0.5967968060303641,0.3804773328644904
-0.08901041946352284,-0.056647859917232715
0.27474576716910576,0.11010729201508893
0.10605924177626126,0.09983735675235914
0.786954105888506,0.5796928321015853
3.2105187893853473,1.8707763190460263
0.9365096108186919,0.3143979605169376
0.8154114987776728,0.2994654560367156
1.4322465067727401,0.8818277583852823
1.005828106807122,0.3587116061082587
0.7777618794933081,0.2021050555652918
-0.4495385690215691,-0.326382617380441
-0.22074244681965968,-0.22377075716944592
-0.2506239143985107,-0.13235005679802694
-0.4589677895310007,-0.44097931657396827
0.5863773336718655,0.40114834700452734
0.890809500142827,0.4705251438098165
0.5428950337992721,0.21936091283560702
-0.5693031238400283,-0.22702021244181406
0.2815918967683519,0.1801406407896083
-1.293634095283858,-0.4729500702731167
-2.325584532370564,-1.2252778968580402
-1.7332295747081756,-0.6852564841525126
0.2179678696652464,0.09712923343085195
-0.597970850253464,-0.4062676198334233
-0.8935650581822514,-0.31613785942008477
-0.59972489881192,-0.41132910349581775
0.48428920611147425,0.20731533726475998
-0.8483819390900469,-0.5397675423083265
-0.6163600191431017,-0.18694845920883407
0.4177470605404761,0.23079988157754192
-0.2765051907423283,-0.2842326171209096
-1.9686771379079666,-0.9869453367277035
-0.8220901981345212,-0.3552168493030227
-0.4255020308570926,-0.09127229199824163
0.495502125659409,0.2587924413010913
1.3019883485711812,0.5580685673541292
1.797546760750118,1.0312790737507953
0.982066471949588,0.5445143280027255
0.7456460935990861,0.366152150156198
1.795056867684642,0.911401527991546
0.3243151345569845,0.4486021211810657
1.0102254079877433,0.6482768547047694
1.420719721007186,0.7469539517629694
0.5988832418288043,0.3744236777749945
-0.6267843844570711,-0.22913497270764005
-2.516223833089163,-1.3092547306896054
-2.148698095022297,-1.1638466005274732
-0.09102366149790753,-0.051328249820053885
-0.06149825002678905,0.10900517190006997
-0.7047853891932393,-0.36160079511135296
-0.11730319590543586,-0.08309939777817443
-1.7452620782967199,-0.8140937007402527
-0.975088122348784,-0.4302511827154126
-1.774771339507676,-0.9240616547878069
-0.04012460441365928,-0.2429203627785982
0.4708136697525008,0.3333040219777076
0.45635142246911,0.21693833121525744
1.2550867543796904,0.381221129355399
1.9892629307865457,0.9188648404978244
-0.7946035234999081,-0.2997583496167473
0.11739942480328047,0.08241760111210845
1.2269554422127202,0.5918981614198608
0.7655969434525194,0.37586726325618575
-0.6845092798470462,-0.3684094642817704
-0.9670679693253063,-0.4466736071831457
-0.7374746146027128,-0.3524905738805092
0.0169364120294051,-0.02267920213253254
1.1640579544839538,0.6499433806732513
0.01891037801447204,-0.01641862079785252
-0.553375237563614,-0.32044836528370646
0.7634341120316921,0.33399595658094733
-0.994958983969416,-0.46003963767110934
0.8461503756330454,0.5743991199498437
-0.6532665640292731,-0.2732679441720327
0.15376474909116744,0.14781333988635814
1.0076926277785765,0.5222750225985321
-1.1672772329807732,-0.6690431256460401
-0.1489170130182244,-0.1055453590175223
-1.3147215807965165,-0.6405059178061258
-1.8088850656014568,-1.014137325632828
-0.055930527092358906,0.02128907063879286
-2.360593191160432,-1.2488141396061179
-2.1208121043678623,-1.0288379771934304
-0.21583738989316514,-0.02483888777685489
1.8374523771415996,0.8544488015319918
-0.26535472241194047,-0.13422444554108018
0.3724677134484619,0.25121784050145174
-0.36757118532038036,-0.20409308042911833
0.09087049028831387,0.10191680296896181
0.3693842306164732,0.3190943259138499
0.11393253693747743,0.11018449689301646
0.5613962351939533,0.11903112190900356
0.9087887892259348,0.477707362824143
1.388948107690168,0.7666995315976741
1.2505034142784872,0.6820706525271549
2.842429667502898,1.252323007904297
1.6860148204727554,0.8260804591008224
1.8491929813110288,0.8273369795726758
0.23315191937879232,0.14042752480714002
-0.48699132556667823,-0.253778766218456
0.3954251266156251,0.30661074513025444
0.851911199421459,0.4942323841090742
0.4394511382414715,0.30173371257365633
1.0469730644704496,0.5480174888981476
-0.36746416916497326,-0.10581752843350957
0.6252814474807249,0.3245697878826931
2.1995331315810867,1.127609563648548
1.456657043058691,0.8626846186566797
0.7100984259086509,0.46401425710541894
-0.024099390695006995,0.15692641754807196
-1.0408304640678876,-0.5165545366246836
2.0449313720505797,1.0273383773150064
-0.3241795811615944,-0.08782983703541415
-1.64717902160175,-0.8994947976775789
-1.8799582134134145,-0.8602558914232056
-2.2889493838073225,-1.092773124986181
-1.8158036124036265,-0.8784395417019837
-0.46830243814475014,-0.19074059194895482
0.46007949642896745,0.19989178949202985
1.031753040240937,0.6543804675962114
-1.1618390994621057,-0.5295938246765874
0.6391449989844213,0.08113161380325831
-0.3106069140389223,-0.09474290684335332
-0.3455233649165859,-0.20324558860146114
-0.4373440956511317,-0.35073393486052284
-1.75035276085343,-0.8614259494492618
-1.5355723273232413,-0.788087948666827
-1.610242775959135,-0.8121185405343653
-0.6214539784001142,-0.3317169519254892
-0.8717661804656618,-0.43326394352292485
-1.8505176701190003,-0.9623487857409555
-1.7019927266652766,-0.9571858574706751
-1.3890912929980126,-0.6358147755947228
-0.1722032480148622,-0.02889047914912348
0.5172344779952655,0.29510299121537203
-0.5825107068843797,-0.2567192642119441
0.19251258084848782,0.22367198097366803
0.8863393743772644,0.47730680961876504
1.0093856460385164,0.4184062223311425
1.258690279036762,0.7041819697328666
1.314855485428601,0.6454774543075704
0.9060548503742569,0.49103967141192384
1.1296830623296765,0.33917887986723794
0.3359559200434243,0.19227075082539008
0.40898039511410744,0.20914274282987963
-0.6236443580422368,-0.29252933074252885
-0.03845028566082781,-0.007007262668997708
-0.7585280809115075,-0.42187315922295004
-2.299885329584537,-1.1188024912184293
-0.07367770429736975,-0.19433836979866237
0.7002505059703925,0.38360844106176867
0.7567595671134233,0.3389833390844791
1.3769440273489568,0.610239276450826
-1.3584500074912569,-0.6967298201585128
-1.1478990277801904,-0.4401437212269219
-0.8599161195151944,-0.38647966197839134
-2.2018824536650494,-1.0016133789115527
0.7321055230982219,0.25383307507338426
1.178001694856725,0.41272971577454365
0.5470142878729727,0.3454164376360524
1.9705848069204193,0.9487186565569657
1.8228211680808681,1.0298602302745365
-0.01352053893877081,-0.10746804584373187
1.1257684930293566,0.559682600572809
1.3764727811790447,0.6383514058144812
0.3294230522185287,0.17920745763675222
0.6585078952393391,0.33978094301489636
0.778055123790474,0.45146830647607916
0.19421254968781193,0.07957734428317934
-0.17434539742452346,-0.04791846709759538
-0.967400401526364,-0.48303340394843935
0.9938304110253771,0.5032567827875466
0.9745432689547291,0.39279475071144354
-0.8247021439835118,-0.4623548607983844
1.061766327717271,0.5036017468877777
0.6901141281996617,0.5337885244276586
1.8170172862279308,0.9000375200303257
1.348135013273118,0.5293189934678442
1.1064228305014006,0.3217183359066671
-0.7110434932203931,-0.35700713982183635
1.8293241954652915,1.0126957868440496
0.5254183972414113,0.1501094829703084
0.3857643787694983,0.14830073977938077
1.2420814500773851,0.5133750884088517
0.8429377901240299,0.3552241872684845
-1.4423476326270397,-0.5645185153819001
-1.7927924812447502,-0.7871778067181789
-1.9224551261985459,-0.763773170396378
-2.7301257088719835,-1.205286000497859
-1.6138215279970503,-0.6827414043117448
0.14159672777436316,0.04819379520804146
0.3202860494621819,0.0822626529753041
-0.4622883131396125,-0.16776189016465973
-0.9969815174794048,-0.4753980536389984
-0.39648874057570005,-0.21794967142649366
-1.0945284988140942,-0.6918245191354798
-1.0207177565850172,-0.5472328129100663
-1.2053556419852036,-0.5817905178114088
0.29761160775351125,0.20354838195633018
-1.0690975234463294,-0.5100168844259577
-1.5016110470745718,-0.7390238253712033
-2.3307688481575157,-1.2107529693344734
-0.38731853548034867,-0.2795946464118588
-2.434670479128043,-1.1705986686146317
-0.3351373769374012,-0.0567137012325685
-0.7672856912256389,-0.2901447478052957
-0.5760086497253313,-0.23444083462341228
-0.5170108290621999,-0.24391938968796342
-0.7347748350855439,-0.35870855981784644
-0.3473065840433473,-0.1078743805476806
-0.853284369877833,-0.35302393589447956
-3.012099970783691,-1.563076535990446
0.39801122148017887,0.10809091343416295
1.1855349324635283,0.4226808812917151
1.8750824648317606,0.9367691461103278
1.0901852399318488,0.5978587946704333
1.375558490135392,0.7773199996024442
0.24832232321393477,0.0015287286322542282
-0.5472539596715891,-0.1270793349568496
-0.8598453361836829,-0.3878695167608848
-0.8822538095756449,-0.3122136992051241
-0.8245347934965066,-0.4580289297382814
0.6653823302378364,0.22129588732564034
1.5036000270751706,0.6724505696844717
