-1.3416353806064134,-0.24772061083097757
1.2270830555959709,0.929388523886416
1.4593060589543256,0.9489915091410617
1.9645825227156308,1.1531248758947743
0.8267458115685604,0.7287632697354922
0.2707302401585389,0.3230228339217513
-0.20121060477112018,0.21474663227191765
0.6104823200165692,0.6678085416448893
-0.17506259730644158,0.41968747460560285
-0.888747345677396,-0.1793615269668707
-0.8159875477845756,-0.17264384688408724
-0.2813719842633993,0.060891685404321966
-2.3979105792198183,-0.9063331929240773
-0.5739703976811265,-0.02430642207656622
-2.718719936574118,-1.155830264115344
-1.42963427633177,-0.3930470946188752
0.016973496652766706,0.2627837878889978
0.500712285210972,0.7990590216060257
-0.2397027312193062,0.26921446616095623
2.1569714912559097,1.3011464172724043
1.5819415649286217,1.0286176204227082
2.089311510131118,1.4048384305479447
1.390858044716497,0.9864093935933193
-0.025349852113543347,0.597589951218552
-0.4817865703969392,-0.008225237619149811
-1.02428752297785,-0.37083342897248234
-0.9433364965612917,-0.16034474303615026
-0.4030093369919397,-0.04880114957609333
-1.762057916530881,-0.5972333411968597
-3.0582692113149244,-1.2908809298246922
-0.43929293055844176,0.005067758516968446
-1.8992121497887606,-0.7281944059848957
-0.6424751799286834,0.01991257693133986
-0.8548018619983682,-0.07062717479528072
1.7068363715826322,1.1423316433684256
0.38951084337422237,0.4893152829469608
0.402588109227207,0.34169676068135924
0.1837878360806759,0.3126947948816132
0.8150646840684671,0.6886177801141922
2.0196358152311764,1.2289140860089827
0.8710563593679338,0.8066195208041504
-0.738852288424599,0.12752228017024309
0.03747329232854257,0.336807545288793
0.4520637624235793,0.599170207755203
0.28545900677493197,0.4235160566343875
-1.1896727284736992,-0.4244849442692554
-2.6217785725568326,-0.860803684230718
-1.2742243588197075,-0.2678943496296497
-1.1441555116606663,-0.3144351756801129
-2.6808281494155133,-1.0070557816989232
-1.5143683270938033,-0.4467057142698398
-0.7330155322975324,-0.13178084379502192
-1.7097907504037613,-0.5847363571886274
-2.335299365246641,-0.8598116835323069
-0.3876023255497292,0.1949782947891967
0.026080699521883965,0.21580039112617833
0.041704234288523545,0.1865181035003152
0.7610113405347056,0.7399627338732262
-1.1690639460003758,-0.3859945553950447
-1.411549131771119,-0.3401440347818123
-1.7654056323961311,-0.6509700012032021
-1.392033587702664,-0.4050031515791346
-0.797493925100229,-0.13037914794715424
-0.14123365560002865,0.2039761546963171
-0.02027011150830009,0.18885377715440582
1.1547779610258622,0.9472582495016131
0.6782445341912349,0.5782937942012285
0.8936308735745466,0.8594506222802072
-1.4712125249683083,-0.4903650472284219
1.3330874271679567,1.1331195716314653
0.7211398668583071,0.58873927756878
1.0145084635397863,0.9889930573172694
-0.08421191508985926,0.2149792728157637
1.3015766343058972,0.9274269430389266
-0.2504046633495083,0.2699019395251158
1.496597704107144,0.9261258151554663
2.231560406458383,1.4646064182940197
1.5627360087115665,0.901852627488458
0.6209124261139366,0.6354181981582994
-0.5823686916568314,0.13426817870955868
-0.8765316116667923,-0.028127935263914383
-0.8473407657803106,-0.08898878025746394
-1.7383890065728151,-0.6639676521496003
-0.4939484560394912,0.17186995771835883
-1.8522920175815543,-0.6853381622593175
-2.4449389371990105,-0.84098421317002
-2.2223955579435284,-0.7852442090284328
0.011534453266443867,0.29363871531825525
-1.3493172506867386,-0.4241832312849846
-2.9737665910462,-1.1889229067219762
0.2218323108423601,0.4876005127610176
-2.351510936646081,-0.9875534952595415
0.30380343964987966,0.4271891978780703
0.12489767754629727,0.1826292631312575
1.240670700635491,1.0425397698602026
0.08328263663054025,0.25933338981052056
1.31415943526098,0.9017367888857686
1.2431362599695999,0.9450049715816913
1.311952182285448,0.8977894003310445
0.8936389781262479,0.6382391076015245
-0.974310590260828,-0.03729607758947848
-1.6762608218908164,-0.528603190221546
-1.732855155383423,-0.348948340975115
-0.128614315734644,0.31381138000007075
0.7527769817082752,0.6754905159229704
-0.7211430163031407,-0.054533444905624916
-1.0924273944730267,-0.2939124674296118
-0.7481422072643943,-0.10469058042275811
-0.612164044546938,0.028735494403144345
-0.8395852896313276,-0.2702216215134178
-0.8074970546502843,-0.1312669998511235
-0.49935202911404025,0.11136264931750975
0.6932130085757602,0.7782954316253378
-0.19413898728275159,0.13649552878220922
1.1037196134957796,0.8475102040143063
2.28032697899763,1.3374281738386675
-0.17127189769976758,0.4069129535411583
-1.8691284575289246,-0.5839542624816456
-2.6537861567938563,-1.2086250723312664
1.0816567521918008,0.9519337816474746
1.156035531642712,0.7688764723908775
-0.8261542198724309,0.07642506367124127
-0.8816454151149573,-0.2525351083470458
0.21073480937810019,0.446178600129146
1.0045183705021339,0.7267999208462722
1.3202201545734529,0.9268381784314379
1.96648067511759,1.3624461367210141
-0.6318970172705145,0.043969104890283564
-0.20323635624431768,0.32843268747764587
-0.33795223802777663,0.19316407139784747
0.30983894349044855,0.3254567392221605
-0.7325995636739531,-0.0378590045146385
0.2628315544898865,0.4301254243739826
1.6134588320757317,1.195515688473877
2.018870650722139,1.3828497638390673
-0.25148771871137954,0.09945616950039098
-0.47170394919844,0.19063092668023202
-0.390841651961715,0.1612360106412392
0.15217181844034294,0.33777290206678123
0.4669830083604149,0.561191176995578
0.8286296752511922,0.6331122045048547
0.15281431612469643,0.43023923724426005
0.9722023546992039,0.6951708380978912
1.6696736324600434,1.1246232381529138
1.444444900536675,1.0060838774094565
-0.8294153599405365,-0.2739488228595707
-0.3046237482834943,0.2943248089027276
-1.0409668306025335,-0.24181911442711804
-1.636978112904442,-0.6397638677861495
-2.177804354270937,-0.6666137217080168
-1.5920638525876143,-0.708971521835941
-0.309663095301309,0.04669340982867874
-0.7382880807962532,-0.14948724515329243
0.4487526135596531,0.4200428914855859
1.2536096018295995,1.1619735654185273
-0.14934222996556445,0.29253855437085974
-1.1133111837664205,-0.21497541682961271
0.32697648458134543,0.6831827760178882
0.5817354258011587,0.5859546120685706
0.763050495406822,0.663165998777222
1.0504143985219403,0.8147249128012526
1.4545713533190754,1.0384978109467415
-1.3822820106455698,-0.3546524376364176
-2.1519030074818084,-0.8333673099382997
-2.155713948231697,-0.8726694784622276
-2.1580543670223324,-0.7540968024280592
0.2144587725034368,0.38216844495801894
1.0244309856153517,0.7524515304558884
1.3872799170768149,0.9556389388430854
2.417856267476764,1.4331630742497947
0.0888626246147739,0.41478202963537125
-0.015419596098536936,0.23850246680560355
0.09815146449045406,0.47674792512253084
-0.0021709591841595904,0.21424676772234086
-1.4849303444518192,-0.37506749329540107
-0.5668685409282532,-0.08984787048685136
-1.2430832957774227,-0.25967146381947803
-1.7202397139581889,-0.6247728719099737
-1.1263225632150138,-0.12056849792418547
0.18679444653653032,0.2758800056318548
-0.8886245040583651,-0.16938260821253887
-1.9026876688817569,-0.7112488681987646
0.5228792629248362,0.5800559447351572
0.2768168924388903,0.40565534326746955
1.3639569372901872,0.8745410094796352
-0.17741985776335045,0.11261109551651853
0.566677806411356,0.7746653628399951
0.2446559295056605,0.3638210559784768
0.015826971039119397,0.37780087879444696
0.866608183075512,0.5908483190964605
2.449382004558379,1.5187216981715264
0.2688434121403299,0.3196529789037607
1.9582251352820368,1.342526330232174
1.1915796849254456,0.8695111565395283
3.841787678800017,2.251844559516633
2.1025446599524606,1.24759570510167
1.3914262165398261,0.8726925575830402
0.7023568595938721,0.571747267805388
1.4744478927636686,1.1455795405038993
1.2598591106734316,1.0623846376086963
-0.4631559835715072,0.14159406732795726
-1.6923045557766672,-0.4524305811885505
-1.309071038110189,-0.36182811104533663
-2.098555850226008,-0.6610780688589288
0.1010911672438295,0.2980443950107454
1.4204238588674458,0.9083351199736691
0.23565753703631986,0.48599885862107384
-0.6813470504608683,-0.14226705303897508
-1.6357579618803133,-0.37612166668623903
-1.1505443892017084,-0.1513274089399393
-1.6855959972814358,-0.3792443280916675
-0.7138833230623942,-0.07299287823789613
-0.9946761532084563,-0.2107026308184538
-1.0869812745194078,-0.22737648250923032
-1.3887715907538714,-0.35961561173727413
-3.5155757874868967,-1.3989814775616871
-3.6537196086711767,-1.5759317125586054
-0.5845581522214187,-0.009621292040569253
0.7761297341191735,0.750649623480008
0.4254868189354574,0.4122587968969229
2.5318410379237255,1.4195961429204813
1.6947314684720813,1.0658502996179045
0.6468562997268503,0.7410349853815165
1.3621092769663738,0.8464418586584809
1.43918890400229,1.106112177870021
0.5723100059236177,0.6726451193764857
1.1215146393302828,0.9135659944555458
-0.41314592176771603,0.09830033057682473
-1.0340347643034888,-0.31258584080944285
-1.046383317604033,-0.14484242085057294
-1.080776530020293,-0.25092464693766886
-4.312192279060087,-1.966718787160918
-1.3476938389810704,-0.5155881722594757
0.32435026825640867,0.6995767453240384
-0.9072396294127267,0.06639376149168214
-1.8917128472907483,-0.6519243196360381
-1.5914456151459437,-0.5906467121185024
-0.7079394564006408,0.019619964487892064
0.7497216250502734,0.694057358510063
-0.17222256661070157,0.14298918634337993
0.5020345892159825,0.6254540133844392
0.49017333185395806,0.7918356298326832
0.4310055893697727,0.5890268356166684
-0.1301852903201996,0.08132552779872404
-0.4440495796585428,0.031100493622196086
-0.7365705109523997,0.030697798728212503
-0.8470542468419349,0.03421353275983954
-0.6732624966146332,-0.12900211666890987
-2.21237625658835,-0.8966277747044629
-0.27162175690042767,0.14467613795110867
1.1234972912037555,0.9524813943554913
0.7352558941192349,0.6998348413678179
1.0442752945778542,0.9221993196515783
2.40387763157955,1.614463596051506
-1.3258032555265364,-0.4397093951496922
-1.078806099565746,-0.09349707014987868
-1.2526724325948415,-0.21554903611143184
-2.4080957857755476,-0.9559823629375888
-2.3596953024202136,-0.8916843625073374
-2.776614852232389,-1.1842537621045872
-1.3381911477527832,-0.2829335037397885
1.328688916235415,1.0017893020109394
1.4923635974057397,1.1577387234740704
1.566358108725531,1.319160810951292
-1.1022441500163307,-0.16872621321702191
0.15855556207028698,0.4913687106985288
-1.671484584052862,-0.654648308430946
-2.5601450495901323,-0.9154649983749097
0.9392166138002165,0.5661344365114566
1.4840372602369996,0.9696632147981319
1.2519108501964795,0.833058559138647
-0.2639744984732716,0.08314683227105403
1.2357453936765175,0.9850364175695335
-1.0013533707922782,-0.161479125061054
-1.634941306024013,-0.3938509877324992
-1.6070217121831978,-0.3322700952367228
-0.4651769363498691,0.1999409467732228
-1.6504700111613193,-0.5172289363390565
-2.5649886548235274,-0.8367643403266195
-1.2053110526075,-0.32114823224112804
0.004878092443834303,0.4258967582916922
-0.9539759101427341,-0.3754297051559814
-0.5550314969209456,-0.022744572864445825
-1.4399468255586942,-0.46226011286820556
-0.5010521780959108,-0.07364292948498737
0.08445041020265137,0.470800803817438
0.31285111945192445,0.47110987593307957
1.4252568753895312,1.027626433444032
0.40578193654253425,0.6359608709703785
-0.23915705284899086,0.18481581998208005
1.4533574737957253,1.1357399042477856
0.4107973295153229,0.6228987520580488
0.680583585606815,0.5202187833932841
0.6686440393775419,0.7366998292616922
1.3833596817218665,0.8467668300742727
-1.9065587878873498,-0.6147384130837314
-0.8224908066347157,-0.004280766414900938
-2.0891232145794145,-0.6244563376555745
-2.0046484255780435,-0.7704767546038986
-0.36004687946434855,0.25696121871962674
0.3476386150362049,0.4245448641735877
1.826756763054516,1.028023264327897
1.1892172614197927,1.2314843280708934
1.037052150070205,0.9008701092721423
2.4274488463031467,1.5119965688212555
2.5235755142766827,1.5289931392852896
0.8733475723585375,1.0861230014517256
1.593622633954405,1.1265118807572763
1.3554090449215317,0.8525006077140943
0.5547325055359404,0.498349891787167
0.015679401448155827,0.36638922266986906
-0.8621437537968409,-0.0936757963504033
-1.3209261230519724,-0.25212555356711175
-1.5642685549798157,-0.48424375731463376
-2.289586423156713,-0.7661555379076644
-0.1906353273893504,0.2588992187093395
-1.037957677260198,-0.030510351653138146
-1.49258169067157,-0.4530100247516336
-0.4335831098799624,0.045340342589840446
0.9336645605294955,0.7798209353704785
2.4519280277426727,1.5532603647072547
-0.42636012067721385,0.12719118007739175
0.11564649026329099,0.4337833172734624
0.5281468957336628,0.6454475553788225
-0.20933651650304558,0.07502589460543732
-1.073761735787044,-0.17633087012482607
-0.9860589807906475,-0.12347172758558402
-0.5711413019598905,0.02531742290350645
-0.5964116404931912,-0.059623740005209806
-0.2569499947384812,0.16118667803173167
1.1706234657892816,0.9853922450285324
0.7462666532368356,0.7872963874849304
0.6217286995091013,0.5581145138723946
-0.22125207442152517,0.15423216433397102
-0.12729699422663426,0.29029251745165524
-0.2236264533967512,0.1681000068570532
0.19980196635909808,0.5465997194064173
1.2065542689531499,0.7049148165385619
-0.3258081907380955,0.1886198426381226
-0.8213243003889723,-0.11715448060719395
1.3786614186825958,0.9511655902145968
1.3308823545977266,0.8967667484963042
1.1214558769746306,0.9289075345455798
-0.4137914100680763,0.23973342945388026
0.8550770798759142,0.7489143079732705
1.8774736782605865,1.1877614034879045
1.2082835370677234,1.067317149638711
0.9496703240895246,0.8665508901068766
2.0369568929086603,1.292921748197586
0.7101394405896624,0.9399517422747474
-0.5344605779791177,-9.039677393814921e-05
-0.8252812205292261,-0.064686630888316
0.6667914140002025,0.7370047502257097
0.34075676918597375,0.33713488175732553
-0.24259663693853067,0.15368868461044438
0.2542823598135828,0.3147510494539447
0.21672502352378645,0.3787133286508519
-0.9905639267689915,-0.14006649230521023
-1.6057822004258084,-0.5072901578225
-0.3634516801025628,0.0382599528641516
-0.7170262432667811,-0.02682343774244024
0.2469383510129869,0.4275940648713109
2.243969259664135,1.4610345958713489
-0.05201181753105866,0.09274624956491767
0.5783623404437062,0.6371127449851144
1.7971653948794266,1.2618630304209857
-0.20518559215051568,0.20519364585564037
-0.2691720998780188,0.34114808375886585
0.8135573034297425,0.5003296706944034
1.967924667180474,1.2942690389974219
2.6752469264283256,1.5812112145394905
1.4057036925682227,0.9685171621887586
0.9524761813351594,0.7015601722017681
-0.37520234089001103,0.16506106721179087
-0.3864589586148144,0.10901990478372596
-0.6630985736571118,-0.1347944826637669
0.9480939983175543,0.6540424192499839
1.4923127939836993,1.1789076232329012
0.7398579810845143,0.7238449567653946
-0.28563358531471683,0.29886629937343
0.49828240023821013,0.5704029397930809
-0.680394268441159,-0.10576189923520452
0.14746305899707546,0.3547061829551029
-0.07652406897110786,0.3312879838242399
0.6757876269847592,0.9376267483130799
-0.6442673473353805,-0.019776994145754703
-1.0433429421565643,-0.09311731416591443
-1.2840665319703297,-0.6667076415573907
0.17738073237198138,0.3478857955649336
0.13350498120753698,0.2484469133292712
0.37260218401773393,0.6836965789154003
-1.085574311536174,-0.102118391947051
-2.640840199575592,-1.0565330286821153
-0.8678823873103454,-0.11137686867489363
-1.7062381963450748,-0.8078582000453047
-0.0834768386010376,0.19629720702987596
-2.1204421016391763,-0.7331486901175102
-0.8601117382298263,-0.2549442584755677
-1.3970206540988697,-0.2621537016629534
-1.3113706398364495,-0.46602419275980633
-1.4336237077631844,-0.3462202749614732
-0.6658232843487253,-0.18386471580030833
0.13361945249971174,0.24741461924681263
1.800042028703922,1.199382272084668
-0.08586402616033162,0.2855840652336606
0.6717097517483923,0.7360118579105684
0.3941736333449084,0.5162024095493709
-0.9782598677915864,-0.25112461666765284
-1.0969996991515991,-0.2690063035207554
0.42416200224936107,0.5581338228308887
-0.9766976898171165,-0.14867176023133943
-0.3489085536188486,0.07327191631004104
-1.0130564032362919,-0.20162108334818438
-2.049054774974036,-0.7368209671665148
-1.6136300099475207,-0.3543481132610449
0.4134366946743726,0.43588881475970986
-0.522767812847154,0.023129838362516957
-0.8387637654793485,-0.13193002132450513
-0.7714353773931175,-0.14777904782841403
1.5182678228108646,1.1182039939608046
3.256110568280887,1.8558600400404837
1.5739357872232915,1.0734630724681566
2.702490079797843,1.5889239285401573
1.8241870789453738,1.379817135438301
0.2664384999696764,0.5251821404970154
0.45085714208172056,0.5399864724194752
-0.01481449712539068,0.3493785634891802
1.4908213816845135,0.9256218572846306
0.5671124075041964,0.649722130981258
3.1668637291091577,1.8515160041054282
2.047083787373076,1.5669905567168971
0.6830121508832524,0.6256109238017443
0.4336889459873341,0.522311776480292
1.5956358781922937,1.0294364637261837
0.9314079494841763,0.7463118019646314
1.769140896105192,1.1863367558842424
1.8725431671970139,1.317498198218459
2.3113753637054213,1.4990165293739914
1.094899340591498,0.9308339320208011
0.2658812714552483,0.47941351707972735
-0.7411765749783339,0.04372965306808638
-1.6779286209528734,-0.5389462370030611
0.03056596141305823,0.36815615120385997
0.5747792740132478,0.5841461057914243
-1.023426157530015,-0.20577997127002967
-0.21433741711074294,0.24549381186535896
-0.2661539175857809,0.29346095448941667
-0.8399371692045289,0.07798051907232972
-0.014991345760248853,0.1594737802632877
0.5800363339556581,0.4749417451037841
2.3183789238479573,1.276836609811855
0.5731401967855805,0.48141421561586395
-0.9562657932918673,-0.10990643791963846
-1.6330845290702527,-0.6781525839904903
-0.2742557693865849,0.14254529855604858
-0.0682816286160701,0.29414260884914956
-0.5903169181790179,0.13849408672879734
1.7539061778949734,1.1613163397231683
0.7472176424957766,0.6980560404387725
0.0022078289514374516,0.3467195450239939
2.058018894203729,1.345968044149077
1.3937703048053671,0.9812358318946796
1.2915638817392185,0.9072044648717363
0.5819412364262024,0.4806120618887728
1.1205331448632498,0.8030388424138867
2.769541047584977,1.7426387553828082
1.1584524185013407,0.9509773514655948
-0.17389619890481467,0.13732936538272794
-2.936806799008174,-1.3029987981011024
-1.5304308421484922,-0.45685668579920713
-0.6115168585512345,-0.11634509701534707
-0.08857794677232211,0.1953425115304726
0.06556265828404258,0.3907945928714948
0.13637962548293464,0.3687552075301341
-0.6498262646130277,0.06132127900922718
-1.475947951350273,-0.4272647452792309
-1.6356670011957686,-0.6739758497454832
-1.4105605106594272,-0.3563420190600527
1.101638380482412,0.8115153383472208
0.36691086337652085,0.5265858632942905
0.46198335971150384,0.6489399206034729
1.0924169177437546,0.777147072257609
0.09575043491603119,0.5420361041236073
0.6763271230261342,0.6715113679061038
0.7412509882099549,0.6669995145987068
0.03965280072327093,0.41424974984056334
0.7954594038155631,0.5261733745388055
-0.5602573533335639,-0.12889498438952532
1.5900478429884743,1.2243324095490056
0.21972525904948137,0.1072668731542849
0.7970412855115047,0.7598313992371141
0.6023382556181021,0.5292865034308244
0.6130808573099605,0.606011036671673
1.4439862939611954,1.1281605046164587
0.05605242015658374,0.29559631071621073
0.5859424752590225,0.5759017751267964
-0.889650921816588,-0.02840826885794745
-0.6441112340650023,0.08088626008324365
-1.231174993884752,-0.2325550405640417
-1.5459946310500317,-0.59451304666257
-0.928685831546529,-0.09881934308693316
-0.4312709018080999,0.12369871372858213
-1.4887580233279938,-0.46413840326903266
0.6862377203609598,0.6020917524895947
-0.0380497443865464,0.48877966804625433
0.2812579782767944,0.3247035786936383
0.25404597314810634,0.5265832049786799
0.9723294706428698,0.6379528856459827
1.923268373019921,1.3533019157067343
0.8759566358379548,0.821375609767911
-1.0923987395006165,-0.2696385904056889
-1.2706960282245803,-0.43381156478323635
-1.4270697304981295,-0.5355997747109963
-1.2810419428690705,-0.18131451945775506
-1.4603682530466497,-0.28235400468083016
-2.6289488902869946,-0.8562054508108782
-0.42624411739183166,0.21203647031454237
-1.7143116250061337,-0.7075844472125006
-0.42339314450886945,0.014074634130848931
-1.318077310979368,-0.24018322305159281
-1.8237443677748453,-0.7441548808349131
-0.022158652808380808,0.3211463713134849
-1.8960667827078144,-0.6416449253620693
-0.6665952422098168,-0.08399278500348265
-2.221387868814203,-1.0600867438440316
-0.8514279899044955,-0.1774617487014337
-0.54963500969918,-0.07947499011705052
-0.10457008106072857,0.06026114000471336
-3.0550721463570247,-1.209571630029384
-0.19828527157662723,0.050841054909815026
-1.0247216855147423,-0.10361236587770575
-2.1993848626969843,-0.8336255943342434
-0.34639673216684164,0.25849896665317834
-0.2439047606133426,0.11720226425107272
-0.5656679718357491,0.033157034408616094
-1.4875203287802248,-0.41781243093356635
-1.6158175240742594,-0.3144282939120306
-1.2681394027751787,-0.320164049493747
-0.3559976814865119,0.22912805339061382
1.295345847249127,0.8759212938243147
0.9130154513545289,0.7351143537001908
-0.252097949203133,0.3666598004059739
-0.6324549112104345,-0.24529298203171934
0.8423074110952706,0.7101125505086026
1.733911582447048,1.3026953031062711
0.3922609515481764,0.4979356261635036
2.0034256431695687,1.1920810121528644
2.448341631537704,1.618962358561608
2.2535249746833577,1.3836312877981596
1.536519143988339,1.0420903998541702
-1.401908806843025,-0.3543421578020975
0.7406472047367254,0.7304035967961675
0.3520307676453873,0.3753552950106853
0.4140503164655318,0.29283792789617497
0.3321221221436194,0.5034840905507184
-1.5675921736739393,-0.5093658080564732
-1.0776217792373792,-0.27339881935678406
0.007549476192185267,0.41001761198226294
2.3811751566184993,1.3822395133906848
2.2759829073285536,1.4219325412749007
1.096504636052415,0.6484790616919164
1.0459025277219998,0.93781233625258
-1.2206670261568064,-0.3647176515204493
-0.9242734040645761,-0.17753550459668146
-2.5885796511388643,-1.1355531019897467
-2.535519610892417,-0.8947112657001277
-0.6898698407925686,0.007990876634470949
-0.2995254450060464,0.16990199326146727
1.266216490667525,1.099404460648569
1.6202589145592232,1.0272240282972558
-0.6702197038922779,0.01472113603684734
-0.7779388395336095,-0.1018072145388719
0.3234955508500831,0.6495787601503221
-0.18803380373716405,0.21325963982231946
-0.24627077658304758,0.2833265531646292
-2.119771382150182,-0.7827759897908043
-1.7835881780975176,-0.6866503209556596
-0.17760922731728723,0.0484905298574049
-1.2229231607219175,-0.38245125841195154
-1.8929092170241784,-0.5172310804969567
-1.359682082809928,-0.25529475908226984
0.6008523393488606,0.7412062558323326
1.051520476479134,0.7693359954024228
0.7172430922131408,0.6984212446678238
1.8730370580359867,1.1098701460129181
1.1065048010591396,0.6673987648716252
1.7631312491945197,1.1482297886362292
1.0162733750636377,0.7670349488562132
0.3393020430900123,0.3816101481572095
0.06555737536178663,0.3071954072488691
-0.9778707005631322,-0.2093712278179833
-0.8918085424182556,-0.2397935670422065
-2.2362411671352964,-0.7851078190780396
0.2772096656925893,0.34292193647357355
1.587355447365666,1.0828055925325022
0.46676805787329323,0.498605518342533
0.11938509795984004,0.3632372430800668
-0.1877967685333668,0.15304856478614676
0.2366811229888257,0.4834090301553153
0.024076208334301935,0.4568421193990373
1.0370928800408565,1.0902208083489107
0.7460393483338307,0.7797935833266172
-0.21166740356505487,0.1884662533612229
0.8574676277532215,0.7947434980785131
2.8556405510532383,1.5769703123650598
2.2300542573260422,1.4002416616790079
2.029650178235304,1.24000272894445
-0.1101069398990775,0.19837224518794255
1.3053435431518814,0.893479352382776
2.1725288489122523,1.4014583593941385
1.171345258680433,0.8673915221061802
1.1844308052490522,0.7438577407096243
0.7866440940770035,0.49734231437895327
-0.5079187967615147,0.05275150136410413
0.14663682516860138,0.43500160810422106
-0.07482596158878635,0.3409680850499576
-0.474578084422872,0.014129629427466261
-0.3093292652745843,-0.025672939994047322
-0.2554524131116543,0.08576372247249296
-0.5921025610770099,0.020863699760986607
-2.171005057584922,-0.7159171278781384
-0.34806579141697747,0.06157335950640709
-0.6812373020946579,0.08693704792475462
-0.8079507855676251,-0.004684089407691383
1.3952819528090432,1.1323205271560435
0.9711853406798134,0.8710957972279677
2.1946173384061516,1.4774450785345035
2.216964132573814,1.4137578107205822
-0.6124802926209365,0.08916457074159206
-0.18932898094801065,0.1256231336732866
0.19375777310003728,0.3765663712392733
0.9563023654017886,0.7698984355350701
-0.05088091440932252,0.13631283209738407
-0.040057364478936305,0.21762422730418285
0.5284576995050787,0.5428512819201917
0.36097889208548106,0.27636953092619143
0.5967336924856288,0.414760040515999
0.9812833002459684,0.7063964520973344
-0.2124699689857592,0.1252134730818555
0.24488360970977902,0.28049760330213225
-1.0910617177194273,0.003843660798454579
-1.298733874328957,-0.42959034602163
-0.8975899130677404,0.044173544200275416
-0.5859153817309314,-0.005560649463862101
0.23193104868745507,0.3517831879106264
-0.013014148894227945,0.28847565930747676
1.1303775991345393,0.8467584177142242
2.0567640760182226,1.293944265064472
2.959018062082572,1.8312388249866278
0.2747225286290459,0.5509623873214502
-1.012299787228233,-0.2824908853385067
-0.6372878418909904,0.05015439429971562
-1.5946300497730421,-0.5438413109764463
-0.034417956437857056,0.25510847401678616
0.6123222054367092,0.7033824297823217
0.3276421763364002,0.41929553912349365
2.03706157626104,1.2797814559234124
1.0385019734081806,0.6789061683734227
0.912011698703941,0.5997877316070319
-0.3548466130224872,0.3885704186735112
-0.10558410771458052,0.13004673465035854
-0.039754814086741835,0.21810402968512163
1.7607271391151451,1.3008711593760764
1.2567909966914161,1.141176594548835
-0.08073705599160785,0.3780980306081368
-0.729894328205903,-0.024494105083393808
0.5340009650143639,0.6448174248519302
0.710229255450677,0.5495646392961742
1.0912192612665725,0.8193045304931382
-0.39505897321310535,0.12910515407286238
-0.28941971103752834,0.3356483715430667
0.3472070802393557,0.5085929559829153
0.6526684493763688,0.7266235172487973
2.5007210739517047,1.5669483342871386
2.3779405958617046,1.4361789425148872
-2.0982740039032226,-0.8436212143173314
-0.45438601997297323,0.3118561652588504
-1.222950549859467,-0.14117867110271304
-0.9886125168523441,-0.2438812662488909
0.6464605375942217,0.5452792397112814
0.180372746732483,0.4912959743449924
0.540997825744006,0.6708550906701701
-0.024377448537718727,0.21544877394719628
-1.5528366185328177,-0.5110699246581114
-2.7790234679152297,-1.0529670176581694
-2.4070600907924393,-0.8719616661758303
-1.5273618309242003,-0.4497052993586302
0.7747522512812025,0.8190288262588569
1.7558122265548244,1.3750877293987838
-0.47574815426369055,0.18016463522198856
-1.0215342330259551,-0.2764697128175524
-0.9351951397609306,-0.11682898911157788
-1.27158141793741,-0.40957251774198555
-0.5855428812335584,-0.006355320556641848
-2.0396093839146077,-0.5046854116116944
-0.6281985763572502,-0.14208783351478055
0.33695274998779656,0.5678963897093166
1.801609485124031,1.2394355888784792
2.2807981456221214,1.3367965781011069
0.7890488465879807,0.7031820700889839
1.3675892918782337,0.9900417789099115
0.7292617151144705,0.5652144105688719
1.7167555860350894,1.075941878023125
2.6914811282960223,1.606217028979976
2.142455954591011,1.3362802075351787
3.85518616318406,2.2553418269733765
2.206537826885234,1.3897399678532583
0.8634018213449646,0.7223851110185422
1.0719780997973867,0.74143868532062
-0.14490131792069527,0.3090815896506733
0.6068866882056978,0.4737727206897512
1.6566253570991751,1.208359531322223
1.88982830674519,1.4862898608083068
1.6342141521775324,1.1504593828123202
2.0927844466205823,1.3775000277159397
3.275450318918844,1.9885722950022506
2.384139060318277,1.516841631591252
0.9884802102032638,0.730459400309067
0.44569881968285435,0.37021743286729036
0.7270232893059894,0.4672917908411306
0.9925432972997664,0.8725496352202308
0.41008797727761886,0.5372413887273202
-1.5962529598242081,-0.5618291272697227
-0.10806624318499458,0.4123227004311468
0.1120538904601522,0.3875994678587296
-0.6997878951800506,-0.0759788203819168
0.5456777123010721,0.5080783261173638
0.7055827835734425,0.7699155650433922
1.8542339249086108,1.0578122679677546
0.6281489778700886,0.7846914119189281
1.3889230307795066,0.9448655105505994
0.09167096457380774,0.30151758968498366
0.09654501343997644,0.26537868955919874
0.7609533195914056,0.41772264909053575
1.9415096124667715,1.287600370047705
2.2236022251362484,1.2285999853807161
0.834910053801271,0.71418157728799
0.5203524473114132,0.5727684910710098
-0.6481368041762539,-0.05720660839753826
0.5897545947771439,0.4293013118337148
2.016578566805045,1.2737944786713684
3.6613083258939723,2.1328404868741426
1.145545199217714,0.9258127422427246
1.0544466488473327,0.7123053004731207
0.41745325365863617,0.3918935096489359
0.5758659436837502,0.5309728782081696
0.45179989086128003,0.34450180824097143
-0.09364840065237989,0.2556202687705002
-0.3610139106508158,-0.037315295434682816
-1.0403222930538667,-0.37564126394922454
-1.2026052475468658,-0.3248287829492084
-0.7476292276372254,-0.04921789134402925
-0.25159241831972345,0.22088664914627198
0.044488382801444765,0.351102808011242
0.13198582398955225,0.35495247648598666
-1.32297482841238,-0.330894682738225
0.031488268864492075,0.5185332358496052
-2.375187852228443,-1.0122636627370458
-2.044191982063892,-0.7928435587503753
-2.197994427900438,-0.7726765338982767
-1.8379184523189185,-0.5665881541566983
-0.1511667490471107,0.3048919821641103
1.6576187001419733,1.050947409640439
1.4934312480494478,0.9770238796849346
-0.006278936748464692,0.2595758705581238
0.27305261141081355,0.4153707884938708
-0.07941260750547613,0.283230067856496
-1.1776421075015093,-0.23845975181738083
-0.3344938010689511,0.22883633778267565
-1.6599958368932197,-0.6094240894550028
-2.4409670873113423,-0.9081850202940046
-0.5668023105511989,-0.021016507300696805
0.6726829282752811,0.7788531679012858
0.6767664870497969,0.6094067617595531
0.9927606963337531,0.7435525523311715
-0.1559581478492571,0.38602295730946035
0.06259025425736947,0.45616027522547525
0.9759597653610035,0.5527873796511167
-0.6212249852442717,0.07372439565035895
-1.7533789738483603,-0.4510747614300533
-2.5726170455696007,-0.9254618647076496
-1.0715982649629425,-0.19907075726334444
0.2005828678385455,0.38935868885152536
0.6088658736218255,0.5987950920389934
-0.22049932903100933,0.16855304900942766
-0.9096824142332699,-0.17799919940873776
-1.352551576710507,-0.2446400385896434
-2.4241477475683197,-0.7804693359632648
-1.4475601117981596,-0.5296351953558792
-1.8333709046335407,-0.6348915132824855
-0.3278431044356528,0.18062921951601624
-0.6641080433664013,-0.12195740641628705
-1.7909371596578598,-0.715625514553027
-1.6134498405059965,-0.4535133712123891
-1.1958053048319077,-0.37329699595005206
-1.816734058386821,-0.5658000375050747
-2.5465279260855573,-0.9410904007324716
-2.6475419283108863,-1.1944723383710896
-2.495261010216472,-1.2056982941586294
-0.2804414223427607,0.18752157305675266
0.4126348268512364,0.5923625187618123
1.5609680565941288,1.3602632573365794
0.0410195105961082,0.5096368086469338
0.8658976747650964,0.9238553473752136
1.5907582294098108,1.046105820846706
0.6109563586352142,0.6587517769987009
-0.4619671093852594,0.060405233975312556
-0.7831920507884468,-0.12072288191087104
-0.9920243276239946,-0.14712904513458
-2.5590715567895868,-0.9378049361461418
-0.9062914731733787,-0.10738291940836056
-0.8825494443417401,-0.03805180729857559
-1.3048581346403054,-0.3836115105854943
-1.4742578285623034,-0.47335989531358086
-1.16369295454176,-0.4318094213443634
-0.33528956459804504,0.10749721856910556
0.16978904956702467,0.3093455103842007
-0.5516586821739133,0.08046209469156743
-1.654966767860607,-0.48020844583079486
-0.8632275803535219,-0.22700137544808524
0.763839421702998,0.6629902217640122
0.04708337418721087,0.19810758145377141
2.0637758102008803,1.2625418749662112
2.778863104229464,1.681353680385342
0.637563379762586,0.6841828814581783
-0.021448375224968452,0.23864766129676446
-0.4190246848646968,-0.06638675930983912
-1.0819455872919994,-0.27643010006118257
-2.126073826672007,-0.8073681213439415
-1.1250500375654764,-0.3365016233448747
-1.0589748432806734,-0.34155416617757567
-1.8071674435262732,-0.5293681074717708
-2.067315363467956,-0.7855841996179752
-0.27816898866130535,0.17688462143980482
0.25318132890890477,0.2580781880609914
0.8354113300664302,0.5653411782454281
1.2297634332711702,0.8236905767113661
1.3893122852081494,0.9367297790044669
-0.0856112903906957,0.3441553102702183
-1.0467035107561096,-0.15031682879285985
0.4166510438360884,0.5488065552115937
0.3020372025584459,0.4302622806000271
1.568838860884658,0.9694378816151921
1.6138275106453424,1.2507873685038153
1.3537704247042304,1.1867891894926528
0.1999216434801946,0.3147849274559044
1.2608993531746404,0.9097257491819836
-0.3127359795544028,0.07780680093195651
0.5599912147125338,0.5336341682730303
1.3365838756845718,0.923417655541818
0.18093560654720386,0.5424162212675343
-2.950219602848123,-1.142438610708549
-2.485338072536459,-0.9702128348464296
-0.9354296974762244,-0.26373223825595127
-0.4341827028759363,0.08624570724921214
1.0621300997683,0.8202632190319253
0.24287675443015233,0.5124193804097323
-0.42556405573769296,0.10998261257159221
-0.16653881814822177,0.1822064351255897
2.2605707148235097,1.449161310576845
-0.2013625790259499,0.11869074806555639
-1.1019850252195418,-0.39203016919171385
-0.22237110433894203,0.35036636401557214
-0.028455405924269372,0.08753710370307366
0.14458742153422638,0.4528514356162699
0.34713531287678245,0.47977010734408393
2.1408642026888485,1.4732632698523302
2.3945673204799762,1.3981319216345458
0.824830088450727,0.7870086857572449
-0.24193174538363926,0.06061049734030849
-0.3601307533132434,-0.05826103740321581
0.15683595658840216,0.3917735791651298
-0.2280277979296171,0.1997780434122363
0.4794425244839275,0.48291377758301346
0.09096569263627818,0.40641840693704967
-1.1719729572584232,-0.26966702366108886
-2.2886087828556394,-0.9730956941448945
-2.1129473136833354,-0.6611765803119091
-3.185184699295106,-1.1493643579222494
-0.6194250341415138,-0.1467406523273451
0.9187588046809378,0.5706140969088405
0.3907444814954403,0.3224502809219919
0.22613418493126528,0.3294750899655876
2.1505049466612394,1.2803716304166675
-0.38696210718640467,0.19158232892223453
0.2966724574850619,0.2782829598039333
0.44182280250364797,0.5522307300436199
0.045966018814008136,0.35529861167488386
-1.147308211392764,-0.34883946763213947
-0.09428411418180771,0.3423937090781981
-1.1379202274575402,-0.4826358906096477
0.44069813513768863,0.5016688945009744
-0.2684515284211211,0.2769555109877515
-1.042362185169307,-0.29425024314701853
-0.35608833877275453,0.043066799777017495
-0.729580551745417,-0.2681157913320483
-0.5856817449243479,-0.0041672148988190875
-0.25719936319705794,0.15227134282830254
0.2367925788587424,0.44142773760578324
-0.5889100130483196,-0.08610143169286305
-0.6032805656640624,-0.05600763220552507
-1.8920595360392274,-0.4958334683143766
-0.0973654181644219,0.2183116165328266
1.4967261089697237,0.836026855990697
-0.3778894724992,0.2238690683680591
-0.6681070574075826,-0.05060957874246577
0.2565497224889999,0.4530455357196578
0.562954906799924,0.5257299129131956
0.36951413348237117,0.40455165592223435
-0.5670253035008879,-0.18583225610323434
-2.0543941302781645,-0.7112604256480967
-1.9877775428910236,-0.8116578531306111
-0.5390618724782196,0.017823584239166447
-0.35641672558280507,0.11966075226319282
0.20250493292921584,0.47365049913797164
2.0589181518024335,1.2861828013559893
1.196261099968946,0.7942511587420927
0.301681371057115,0.570347010719261
0.2570001304222822,0.23390371872555832
0.012677176469424373,0.2979632435415354
0.11463687487906045,0.294718185888184
2.1717849338242363,1.3390474702679205
0.6960592686076579,0.6944149175524754
1.5712422975010325,0.9296551247273319
0.3290703497622599,0.39982488155109513
-0.2633127325540259,0.08678824620493497
0.6157673631934768,0.46541958080777074
2.5534281688715996,1.6390191940946661
1.7374954647622638,1.1145759554194932
2.0761696212929577,1.3253690841837389
1.4119950092753348,1.1481770405495824
1.1834464445674018,0.9391342898461292
0.5775386813048355,0.6215182932549848
0.4251057619811673,0.5317311141065862
-0.7952294609129533,-0.24568931910647498
-1.141092997719713,-0.2727495121100181
-1.7356626940537778,-0.5824869772879376
-0.8418898931755198,-0.20545589321638585
-1.4602635434993556,-0.5383165798707055
-1.3715464461033224,-0.4350250969094447
-3.1332895958157634,-1.1525145906540368
-0.3926876575266439,0.22920969270966104
-1.9162420875418555,-0.7651918919207845
-0.015760292242958274,0.12848685276177813
0.8123511556677327,0.7779969940871256
1.6588494829157165,1.1888637785172864
1.762864223599773,0.9647161500219971
0.9451586475573671,0.6969120357524117
0.21648147319616196,0.3138491214261947
-0.15804431675887443,0.1706047947380958
-0.8405673431890328,0.026091027467024103
0.059131646543908456,0.16549388033272205
-1.0893956048271365,-0.2648122335651329
-2.24378563462597,-0.6837830973529067
-1.7420008970519323,-0.5703360377163912
-1.186048356722195,-0.2042033295162654
-0.19890218011798466,0.13444644625050706
0.8907564173252256,0.8319733854556661
-0.5227856151232604,-0.1796612652260427
0.6309410727825568,0.5668127933635685
-0.21029386557413055,0.13789186986081434
-2.1798933255827597,-1.0289403220016566
-2.066347956567191,-0.733831007546336
-1.246691594305096,-0.279470336327063
-0.012139430583096966,0.21662293245355338
0.11991221956887553,0.23886065959558678
0.09606122168842662,0.3715316635851411
-0.4346769850716954,-0.06109773835426255
0.17166244810328152,0.4121430510725489
2.2704596813955598,1.4784802393320091
2.489856642543616,1.496353009471834
0.7387143604406796,0.5994456378323422
0.20933246638251707,0.3626380147962137
0.030108368185398693,0.15009724602936134
2.085482085827442,1.3531598299040997
-0.15952652576034332,0.29333656776592015
-0.08344268744627853,0.1173325419037484
-1.046561746805148,-0.22581538246791955
-1.5299976198793614,-0.37154873017227774
-1.7381282441498391,-0.529998724236697
-0.9400046814848311,-0.18632194833312415
-0.8945389554206767,-0.38181137141036614
-1.5005750956863242,-0.44716013091860785
0.9707283463814524,0.7177012261633504
1.6898326569345334,1.0572609482251532
1.5387893964370454,1.1783967477574948
0.4127652552558021,0.43466041604479594
-0.5310452230931544,-0.057682269985416215
-0.572155374585329,0.017259873849865236
-0.557927711060428,0.19668118107718283
-1.0765494768168464,-0.20124676938065555
0.45550209215828097,0.5772237956351369
-1.056745703745998,-0.1578361578402983
-1.5485438589878715,-0.5410180324065342
-0.5567692415282293,0.06112316370300783
-1.2236970871863857,-0.4049925852185831
-1.8266259028926723,-0.5872900569082087
0.08555515962571936,0.25193347699367336
0.0462293642174759,0.2932888195758927
0.4562493729112113,0.5257445403167331
