-0.7998524022124291,-0.09583646128026321
0.1336982789061837,0.4544766940848891
0.4563136048348997,0.4832031808589888
0.574672090635231,0.5939278872672037
-0.07325110931183942,0.15288028268867734
0.08905859749282954,0.13077104109492568
0.2126874624559309,0.3798708296169191
0.9555155985237372,0.8874742647239793
2.324332848187291,1.453237450792181
0.2414159179982256,0.4635017103069771
0.2498599820638297,0.5528551368893264
0.8144200391588083,0.7606967882701796
1.0783251701006253,1.0157424456065465
-0.21652541366672562,0.17599340625281615
0.2467672829544023,0.5038856363529961
-0.4911671336751484,-0.09305437612902859
-1.3588572069636586,-0.4717830121860962
-1.0915027161621647,-0.20183672169890984
-2.0883013629889184,-0.6295853772102775
-1.142288805926897,-0.23127268616686408
-1.8821672360161084,-0.6344553904291934
0.4841916007640741,0.5328003039654106
1.2814867240778467,0.8269847200572944
1.6919401515473391,1.0458362594623283
1.3255587423664428,0.8577715253670022
1.0752473759746488,1.024128168231761
0.12496576976336193,0.3045303769592204
-0.1123730449540907,0.2259725345638382
-0.7320905896618932,-0.07146519693767481
-0.4771152923536624,0.16719507690175903
-0.3459028671418891,0.20185614736452762
-0.488809172526159,0.10153185574194862
-0.7355347010823273,0.07762208512441968
-1.3103979893870346,-0.6312241998023265
-0.8292238833493387,-0.1539972130551969
-1.6695340282346223,-0.5901294277315211
-1.9456170494348477,-0.6084846969769759
0.984967582898236,0.8856992193761319
0.4340656471247092,0.5720898428179095
1.1941884546867654,0.8883585497518144
1.2317038862241958,0.7888597263071221
0.898078437841479,0.961018961919634
-0.6710544278287202,-0.08448216624475673
-0.4169328445382893,0.07994202841986396
-0.4300186623180548,-0.023349754718636956
-1.0820766307399805,-0.2924888978170416
-3.2392457575061018,-1.1943006672996337
-0.9007491975315844,-0.3380954886010392
-0.5757137765803173,0.10141770263210051
-0.9173827168875015,-0.06265415888626609
-1.4762335168963754,-0.3285231218860638
-0.7398444595712007,0.2419130706695194
-0.2371991842748185,0.26624319928976636
-0.08247571718402383,0.2121030351461683
-0.1313207141178708,0.08949280033298804
-1.4266398560281652,-0.4937353689654518
-0.2204151345200418,0.012894575214452864
-0.9478871231047166,-0.1538604033683124
-0.9482983760402439,-0.3244123442230293
-0.1761979073793013,0.27822030265600184
0.9947203306270195,1.0048356945025656
0.7636796006361612,0.7726388860462893
0.9234222016693711,0.9304485931285115
-0.16649352213414081,0.232313824736471
-0.8236569058251468,0.05434757616641217
-0.9115878481381604,-0.26283323341768267
-0.5202789594175515,0.1551940097475576
-1.0175917021187346,-0.3096961968499385
-1.9662608155114694,-0.56736217844949
-1.5864893934487434,-0.458303481428264
-0.9642066261948047,-0.13246819105632862
-0.6942594074821075,-0.04763150587193012
2.124286746082251,1.4160867884836064
1.891701907514812,1.3987542317870794
0.00550809499758298,0.39328251915864143
-0.6916462014737942,0.23803400758190613
-0.2652825219449662,0.2739351331731433
1.2873660112918008,1.0267399321567154
-0.15981617401624015,0.1356869967829475
1.0907341261570846,0.7856063993225877
-0.324209809688214,0.12765470221474634
-0.3191581518836684,0.12456856433221213
-2.0673482445677913,-0.6866661786762543
-2.4227288060227226,-0.8530512050794549
-0.19983921003058835,0.1258852433144923
-1.6336604495886395,-0.5289327365955421
-1.8975937608026479,-0.6242550922139737
-0.659936896411738,-0.021394302714524673
0.027782618984952934,0.13455370578103232
-0.12597751015759492,0.22359296952176536
1.5486268379908998,1.1712674653371622
-0.22808732871417314,0.10926231943356339
-1.8141921448345997,-0.7735651037108093
-1.9738064278664271,-0.6269906149193524
0.48089901157124615,0.5333592825396102
1.3547324383318509,0.976020939661565
1.8403061982403108,1.2856794664833147
1.2172613991409102,1.0592309744798403
1.3105408268416807,0.8981495871194429
-0.28004179852599076,0.08138911731853685
-0.065981233869954,0.3087240475040407
1.2148027008836697,0.9115663593751181
0.6829904426930039,0.6545319668145729
0.761937990760382,0.663091382146536
0.8306795576105627,0.8422609110503878
1.292494606813325,0.9162268282932318
2.294127528591547,1.4783555506561037
2.379790156341776,1.4209726388936998
1.9456066300732249,1.2751079757769377
0.5565485025907988,0.316569597492792
-0.15827038116143965,0.2299444998986632
-0.4160755168206225,0.09326281913218552
1.1439574150720806,0.8360648523206878
1.4748688966457886,0.854025318505553
-1.0692265480200853,-0.26675247178387784
0.44112165129574143,0.4970956124644878
-0.30518531633757834,0.08215727241191748
-0.930679391738591,-0.26076496587266973
-0.7401088515038622,-0.07900008973649612
-1.1791904203277825,-0.2384758927834469
-0.6210911800522061,-0.037957790348140424
-0.8084369310233919,-0.11065331374650329
-0.0702775128143237,0.18370505327530345
1.5344267413117534,1.1862548235765138
2.4795862599774208,1.3956511676133607
1.4611190074803768,1.0578175980979143
0.2585293841301496,0.2221326374778234
0.443458508371812,0.4839836800188082
-1.5141317018990743,-0.36986462563971007
-0.5842139456760767,-0.2665739510814207
-1.451805879996571,-0.4328272729689162
-0.0005601964586042785,0.3518443431618069
0.40341425948555204,0.570500955868119
0.04159974693650226,0.2793686561195926
-0.9497038754807285,-0.3920352881931925
0.1475301682032676,0.2735678983273617
1.3642646204343076,1.1371496873117688
-0.5442101950741179,0.05911306644195523
-3.010019326774583,-1.10802358594644
-0.4221541393950412,-0.09168644204380058
0.9839611283278725,0.7305439603382522
1.1739927451565384,0.9758171049808724
0.5924925645118059,0.6220331805346498
0.33592638771065275,0.39445842882043075
1.6259292562600032,1.1338513037691247
3.234447902417659,1.8827702811084583
1.1200511204853092,1.019104790488259
0.5685901440559149,0.543187584370558
2.0050051259461315,1.3894923271872708
1.824038496491763,1.1716557483340542
0.6561240720428978,0.55641941290584
-0.10885546483081665,0.20396930247906042
0.6269965223922053,0.6086562009976046
-0.059991580512969156,0.21816470184297038
0.7593449351956928,0.8136498759610586
2.782528009743143,1.7725269833063222
1.7846220068246652,1.1568068300256968
0.5696387296975123,0.6239966393156381
0.1454344289230422,0.2875081771267947
0.7181974652110047,0.7371459558393675
0.18104861240872944,0.3051424097933734
0.7412730985816047,0.7216728585305416
0.2262818567546001,0.48246701186339735
-1.5719915920924892,-0.41881585305144453
-1.1743128486111376,-0.5086405091409122
-1.2157966892093168,-0.43685920123514677
-2.462937963696989,-1.0332952904961263
-1.1955284365930858,-0.359691392694369
-2.9889587377149507,-1.0797840122638362
-2.700209193211048,-0.9125507065321594
-0.836031740663677,-0.20495494468648567
-0.23023179288253948,0.2346408526432402
0.7692912459437444,0.5433967534791926
-1.1256891151475212,-0.23536181856858124
-1.5914770919870005,-0.3475265177311124
-1.7057894621522425,-0.4524707922620294
-2.4334403179060975,-0.8849185831810671
-2.8174541559500668,-1.0605854598667797
-1.9664664859227998,-0.6920202758089681
-1.166756060844214,-0.2972480390889607
-0.8876348848813818,-0.10654403015599072
-2.231822021164608,-0.8097998277146717
-0.4774989015034776,-0.050258740930166745
1.266804352190008,0.9140816691690246
3.7686772977385843,2.1315224998593103
0.08464453753855028,0.392538719740292
-0.492116991437172,0.09815010697892582
0.8486726652831551,0.9109480155072169
0.07263705424521028,0.3895576937129705
-0.28434617362527237,0.04962330559689132
0.7966642413145028,0.7412052345390622
0.38787500070070846,0.47726911038984654
0.10518498694629297,0.30639687232452945
-1.3305157797559255,-0.31051113128013375
-1.523925786636306,-0.4407586862592426
0.19936298120237594,0.3569232394442501
-0.5064720508433145,0.19966723085552865
-1.0661593411517245,-0.22498666976445952
-1.5860786534444826,-0.4003534995358885
-0.7038152642711855,0.03925517081018391
-1.1167800657298663,-0.28820337793412526
-3.764422221471004,-1.6134874396898409
-1.5047333644898198,-0.3314217996454162
-0.4814016985536146,0.13028252327805218
0.09410772687285168,0.2294299561201057
1.7409097780149512,1.1481000347990755
0.47273498059852725,0.5716394484762973
0.894486007259095,0.9333927759602687
0.5016990182079899,0.4467064998111946
0.5927137384179955,0.3231434939155758
-0.8476239804678039,-0.058524059265794584
0.6938428374356332,0.6581776090049059
0.8296410284424961,0.6399385115385406
1.5580201580395365,1.1002639514769312
1.0417215569388072,0.871468434929518
1.03711696553929,0.7274464917267247
-0.1946891960478423,0.26867720168244824
-1.9349229321686456,-0.635320062291224
-0.029084104670118016,0.3587729416149893
-0.5207242884453187,-0.014239826597866517
-1.4379509706217597,-0.4533225057725946
1.4506255597673783,0.9810457582734692
1.2779196349604476,1.2107238386232515
1.2688135543841086,0.8888760592842888
1.8466091627035035,1.2573733856619698
1.7092369493386408,1.1628092915463684
1.378879749827672,1.0407835196014539
-0.5533007147394436,-0.10363306780480327
-0.3350713534199726,0.12136129190891376
-0.8885062932445634,-0.23031878298730823
-0.10664634227319925,0.4386482016062994
0.15265947819339923,0.346912606663731
1.4296901206606538,1.135311593623126
0.3462042074208501,0.603868968265169
1.2441772671074038,0.9348856166022431
1.4346216257609572,1.1862687866882127
1.8830921368737212,1.107887798109045
0.6180480307813039,0.34121272407438524
0.5009224297354007,0.45549245789828174
0.011619047701948881,0.11040053911457398
-0.8003577843868589,-0.25221445643379947
0.005739142186529822,0.3280286114337996
0.15140989261283225,0.5211210278358375
1.4786508443122377,1.1435900782424002
1.9491674464051565,1.1618331164809093
1.460916065446829,0.8356969571641183
0.4894121992549271,0.5239374259626784
0.00463763449336535,0.2556576390298357
-1.2829788660997306,-0.3282623737165579
-2.383686349018993,-0.8007383850966655
-2.392813855295083,-0.8954497849333751
-1.0423715208029312,-0.14834226313506804
0.31941079855630816,0.4923924772901998
-0.7585945883067985,0.04550315828483607
0.47777237701230535,0.5790968846522268
0.1444668346475893,0.43856068532182074
0.27789685741682824,0.5660218215875843
0.1789396001203744,0.40341654016296613
-0.5540656686860559,0.0052369580445268855
-0.2471925877440438,0.18579547992502746
-0.4127815137632852,0.15729212796451958
-0.9062357818062217,-0.10059834739599363
-0.34093081215207466,0.11746817775277223
0.20702767837480235,0.47901709160087974
-0.897065018600276,-0.003339423294562549
0.08074688090906057,0.41798582486797187
-2.234134152875724,-0.9644949672756028
-0.9946570814602922,-0.15996865964769116
-1.2808513910524226,-0.25389994042178654
0.3602422601739268,0.45066894678826835
-0.568213526796694,0.155999250374402
-3.7808410766160034,-1.6581726683681066
-0.6314189158908948,-0.04541803663208192
0.09792011816329904,0.5808696428796555
0.12074226109657842,0.4047399164831235
-0.34871219551752963,0.11286653788204887
-1.140119936387939,-0.1324295868857911
-0.5440679418348247,0.08234223964398102
0.6154650188663546,0.6645031156576662
0.9425519130070328,0.6231047228796065
0.6085412847752744,0.5079864445722637
0.2771030175310263,0.4704372919364282
0.9152761913999993,0.5757841956344012
-1.5039575293624883,-0.4807008087210456
0.7045182057967811,0.6414833822139294
-1.3201431791887106,-0.15967844181697785
0.1677345027763555,0.4236080457539555
-1.2841127580633782,-0.17666344916448123
-1.255667158781004,-0.32565756688008946
-1.7466735429007298,-0.7319953319416845
-2.398409324524975,-1.1129797841148261
0.6914619902688632,0.5425825104502381
-0.5647232513627938,0.22471657740687737
0.44564735141572287,0.5872869618877179
-0.882078385065711,-0.06937848756421741
-0.5951590327345118,-0.008866713198063045
0.32111460396999525,0.47256527071981624
-0.26929390147184046,0.1892674738636818
-0.12071675353529174,0.23107922242588527
-0.6481765546578161,0.06609458948621826
-2.0332186435269906,-0.7287359883459932
-0.3828371458208836,0.09197806074989957
-0.6043169850150284,-0.12101596304575407
-1.6016551511653168,-0.5351386324140006
-1.7063602777546032,-0.537513468113997
-0.2769458617686903,0.12027824353718258
0.553352476394366,0.6027336831544221
-0.04009485433840354,0.301873838034064
-0.8193232084222857,-0.2291828181929688
-0.3637598577215171,0.06729501663838937
-1.7243043692683337,-0.5632390703575783
-0.9675521621799049,-0.06520916199755486
0.5917830288209652,0.5420994034842535
0.4730962786154839,0.4023458854728036
-1.0670101415883309,-0.2355795179596344
-0.22655832167405465,0.04097425183497422
-0.7435992181084408,-0.17308196630678674
-0.3287766121074817,0.16151633135687682
-1.390222596419658,-0.41266804596032364
-0.31602151013782687,-0.03425994195726656
-1.3911778257750895,-0.24632919511322635
-0.9555750029109267,-0.2825871398260422
-1.2823171904749784,-0.3379251073607643
0.19683285403371042,0.5187720210118443
0.022827762630470122,0.4575101853244517
0.42971200433816337,0.6535263106359809
2.6927978651563445,1.5889323558579012
0.8399060938367615,0.7160784333362488
0.3624421245220172,0.6896166881364367
-0.415945896791888,0.08901297804935066
0.5168997084246388,0.4277377655845682
1.0746862346896655,0.8530534053979616
0.3932946920872745,0.4449590937544298
-0.514811857356182,0.049185943891639335
-0.043880223642081106,0.4131304291833152
-0.40808229900546167,0.21115846763924773
1.084036394856497,0.7846273585804145
1.7236918677078696,1.1683984900005102
-0.8860349771975977,-0.23389415224084642
0.8144931538073408,0.5974826617984802
1.182665454435114,0.9985268742110284
2.442190746849192,1.406062786764808
1.2381619601722504,0.9916423977088187
1.7444159713551177,1.1323107215438006
2.1871164300303807,1.2357819507511614
1.2027499908103345,1.095157494555473
0.9262401433989385,0.7186149094941136
0.4067894544122765,0.583899227404368
0.3885057183028492,0.4511231019790728
1.1402708607607548,0.6966341541094798
-0.274212377647693,0.46233104803060887
0.5797436486652352,0.6718544498842062
-0.37171451320531645,0.36288603670666975
0.8327313548755625,0.69219855701717
0.5332208748202725,0.428945755423247
-0.0589854602084654,0.3167140784069261
0.7290816088365963,0.37355605920206314
-0.9778653071725112,-0.3400480793359068
-0.44758829746780115,0.042132210239261676
-0.7497495953772797,0.036365498812402336
-1.4065424469687304,-0.46757511447316974
-1.5011973299727446,-0.36761124400131173
-0.36374494960458037,0.2468334031752067
0.49342774466172945,0.42777370341608645
-0.5824320303539018,-0.04659940414506302
-1.4048206585493608,-0.3651019456949577
-1.6871671279453837,-0.444312299573427
-2.5275521122362448,-1.062223888213205
-1.912125083208464,-0.49770099751870955
-0.7766553701168906,-0.02891582478278478
-1.0475637940822187,-0.36852643318372835
-1.073796246252406,-0.3530320384102047
-1.1578031173161896,-0.2272163418854663
-1.342857417859571,-0.3681250227197151
-0.8470768551824537,-0.052227798589600416
-0.2989417937915306,0.02006568184493296
0.6538451734166426,0.6190090436679679
0.38287324237572573,0.5980538015621192
0.7268363078999831,0.6494649663012985
-0.30332015940879853,0.006475206401385297
0.30325103029036743,0.39400217382598923
-0.36659231981233914,0.1589204867828598
1.445372034342212,1.1319547857685692
1.2849414061451454,0.9776809242949475
0.7752187050521188,0.6979639912983483
1.26368373335003,1.0754276440593455
0.5604233698902639,0.5457921140858438
2.1779492010103314,1.26581083409351
0.8689600839663172,0.737705166069039
1.819286925254754,1.1073270733802298
2.0999915017405737,1.2011594432928383
2.5188521469219727,1.5145401654831236
-0.4510224971355312,0.11333538490086592
-0.11407322368704303,0.24387366173335745
-0.06287950709877765,0.22578541233011762
0.7979640251886602,0.6670562525631473
1.6870379164160345,0.9603362290206886
3.0162047031378787,1.811899172215146
1.9826189636156524,1.2657370838917457
1.6272883079094167,1.2257928537033285
0.6134121534035007,0.8000045105439129
0.21914183354482036,0.4806669268277937
-0.5439827559411905,0.050268913459009426
-2.2132575895866373,-0.8318431332328992
0.9300581763618092,0.8206433365111446
0.04098946026617145,0.13876963951748567
1.6201400090734341,1.163936789535488
0.5114971072803051,0.718262170816884
0.604699821097526,0.6261066192092718
2.1129566836872704,1.323213014256556
0.5783599460766382,0.6143418868480421
-0.2556472601838916,0.08763726256635546
-0.16581817538638235,0.1816111354917297
-0.18683737833104938,0.2882702010201925
0.06458824982084177,0.3107962073194929
0.342503147207724,0.47488484169829687
-0.7062246169917061,0.08889589696099798
-1.596381019673871,-0.5091494068505156
-1.3950666583230693,-0.44519014208634106
0.1731239411208242,0.3561935686045927
-0.43113608995047564,0.047356400294980464
1.7902524083522984,1.2118510618841971
1.0136437823906526,0.6853353768180429
2.185280462673899,1.3611045704117652
1.8343985804660505,1.1739625068954227
0.3955474129982145,0.4806684193575669
1.015076663163014,0.8799239297363141
0.7942416438246406,0.5563137432564396
0.9764805123509115,0.5595154675711138
0.17212668116779284,0.5299563615490237
0.8993951983807367,0.7022226587856268
2.1787996212278236,1.5198822448783758
2.0475443355913994,1.3626538615024881
2.6683955790986498,1.4988800277786296
0.759907100214473,0.7465769559771284
-0.19551102311732727,0.24477083794127658
1.2015814757211958,0.9308229813742046
0.22546103673948104,0.48044116133138765
-0.1687289845824791,0.22992475455498862
0.16160172714468557,0.38505025730010084
-0.5301383688587549,0.03315049635285888
1.4784837349887228,0.9964142847529857
2.5516953929955712,1.7824736100105376
1.4373833970122072,0.9693003998193057
0.8050947708707327,0.7312005156387253
0.7842574416893936,0.5401065692246421
0.4080966876138802,0.5031781658743764
0.33284803143302444,0.5214557629341358
0.27812817757595915,0.45972092753579735
0.23446427868426284,0.45889088395774447
1.7351016049701482,1.2149972215309048
0.34169802040818575,0.721421297783676
-0.3174114766645738,0.20713368604680432
0.5184817047352612,0.6381779215148939
0.29473858900824296,0.4696012170776621
-1.1485892431266387,-0.42448305022728816
-1.513396500628961,-0.31780830598316556
-0.5005425672984587,0.09602151763969405
0.19861822072196467,0.4156613897241721
2.4583454394919895,1.4502642482926755
0.9887992524552363,0.8793954239882004
0.8680824473340244,0.7748224711778235
-0.32528656035683534,0.0789671541055687
0.053896619176405036,0.25681342537830776
-0.04005865615661619,0.2954964017632615
0.053596136746303584,0.43731972771571515
0.39023619649553576,0.4678210402133909
-1.3505004229735138,-0.32795230535905995
0.42630999092444577,0.3654208570741519
-2.7504479380973668,-1.1232041126525723
-1.2585044215974468,-0.37240791891759284
0.6482186737498521,0.682262403004595
0.040958331469741927,0.49645935200254293
-0.2780372619189231,0.06826926397535993
-1.6330103180237872,-0.6111530204599585
-2.534815695443603,-0.8700018411082898
-0.9368626563524414,-0.14998494703462395
1.193511734643958,0.8830938015848465
1.8628289225710082,1.2279025131745467
1.8075775288578704,1.2106280679538617
1.543971813424982,1.222666382800868
2.5045316401914794,1.6481552005889164
0.9753997785101005,0.745752742024717
-2.5516466191331086,-1.2069509892950023
-1.7940966367954223,-0.5487319651843854
-1.5140080260830362,-0.44406500601004567
-0.3842393482172929,0.14984453798341632
-1.778519208621848,-0.40495065627053384
-0.5015317033425788,0.10265475934601527
-1.335040238809768,-0.45312379345033493
-1.7428189844465076,-0.43311211826195795
-2.0542572709429265,-0.7804361325297664
-0.8005715969358551,-0.16486856510802053
-0.48086936284885595,-0.024819328519657527
-0.5222273937596229,-0.15253164788894685
0.6728417158292488,0.6254268718871016
0.3239376843229291,0.3765802539501053
0.2782625530252675,0.4388426336274346
0.6898075096605492,0.788549203804593
0.4530096950150682,0.39784000745407466
-0.622489929770186,-0.1509650180855713
-3.715706070654412,-1.5931231847941019
-2.2715014319077174,-0.8365336880424369
-0.400495137196479,0.15914425741168164
-1.5252325400696476,-0.49680443178874506
-0.9102730272027746,-0.13932399113309663
0.28856948840231844,0.5377178963444179
0.29654298109012867,0.33701389459106823
0.07672417864634984,0.13135999503325702
0.5111984995307147,0.6444662560383216
-0.40272237780550924,-0.003295216347277169
-1.079202805058853,-0.3143765407818141
-0.06364400403550619,0.10898260461357465
1.1153374711288677,0.7587806883749187
0.3031232532122754,0.4336442262412585
-0.5741197221068896,-0.09071310347090032
-2.151526770940261,-0.8919227528550523
-0.9936170640375069,-0.3180617595605209
0.47160239442010154,0.6941154919218302
0.9634470227170766,0.6667386360076989
1.9839117720858117,1.4227408324905633
0.26215643290648283,0.252903499232856
-0.19991505147080607,0.29643105503462375
-1.0884871178701911,-0.22407656786306185
0.10083370348039122,0.380905559559334
1.1180411359058,0.8616413599470545
-0.32749081909829003,-0.013042274194787346
0.5666252399343559,0.5990381681039595
0.4205268591993825,0.48718269621034965
1.1230995528100598,0.9936548877389769
0.7904807470368643,0.7413894311986874
1.4898613287361329,1.1983958884635872
1.5937096696026134,1.2218717293158887
-0.08394039201158066,0.23895661729338696
-1.016773564764366,-0.2713046440288959
-1.2694272770832076,-0.4006373173576313
-1.5347898693961644,-0.5117884573287538
0.1715179166736257,0.3256945371047103
-0.013261764255896424,0.28903684066954327
-0.703823855692112,-0.06547659087905772
1.2864039284376125,1.0074361520347423
1.403428268159638,0.9198564594366114
1.5598344578837895,0.7896027954089089
0.9872670942375416,0.6507036632513474
1.8839339907760406,1.2995014044656956
0.19062568683572811,0.439390940976803
-0.24450470771590752,0.2316498810041736
0.1366005607484978,0.3336472546838754
0.6695801509699552,0.6470361126904788
-0.3607015178067464,0.05479159939563412
0.5433542602383191,0.7599890408082284
0.5123578771205591,0.5725131618133226
0.46372650056906123,0.5586594828011833
0.13000130577252922,0.3184854576073053
-0.13952507941372796,0.31835986833988994
-0.8092713281180197,-0.10070533313113812
-0.8426439775852481,-0.0982043578628787
0.18058337903572563,0.31571837420075455
-0.6263717713928222,0.09726852868478507
-0.4195138391808081,0.05167591687099257
-0.14813675175297314,0.36433037809084917
0.31225625255491896,0.5800028207312611
0.9259825048017332,0.7694619194069953
-1.4522328571481262,-0.48348020866129754
0.9775943985939919,0.8405996876463879
0.6333470230445024,0.6469205895957939
-0.2055293207533484,0.13381120081247633
0.15378417290466845,0.3481062211794648
-0.02225561585757982,0.1653240621930316
0.49486713111375946,0.7070152529073815
-0.46301648896307496,0.1931706533392719
0.29238160053438916,0.5270562247396182
-0.4356931185234043,0.1554529001375345
-0.14563361272765685,0.24659302648293757
-0.5448392310160224,-0.05281668400521368
-1.7038543668279793,-0.6138201313826543
0.1825335126771741,0.5378461707970011
1.0642619058348617,0.8277178173579327
0.23676185766823155,0.5066781953481122
0.4760086177303723,0.43487340807022123
-0.572605351113717,0.051188052593498214
0.24419632494839383,0.2259516852776807
0.06986388557685741,0.32050739267844813
0.8327595858338325,0.7654328832974878
0.8597134803821063,0.6555620626723764
0.1794921012587185,0.48755759146073974
0.7769228065679936,0.7662602491192293
1.1083298213256318,0.9422213264368418
0.21921021407510877,0.4680627882027786
-1.0267874735639513,-0.1702803379623179
-1.0560789203424812,-0.42218515694889225
-0.7050567636448976,-0.17212408447057095
-1.4956042669161937,-0.4554457255632877
-1.4917385708257225,-0.45578711309891706
-3.0554076036013944,-1.11092043910788
-3.147067645444921,-1.3784836419939017
-0.848400647320126,-0.09918838154009202
0.2761714591301121,0.3372994413081239
0.9986554608491135,0.8160330806890883
0.26907416157025366,0.41850894824620144
1.0975028458963374,0.6872752336405274
1.9896620882465725,1.4453944467768944
0.4127544947905798,0.420698136620114
0.5304543313257999,0.6545020944975692
2.269857522737182,1.443493750237549
1.639931350856446,1.181020639246519
0.9486238038173991,0.7184334800946454
0.3861979225858033,0.47421589422186494
1.8920221650609372,1.2130816872305226
2.225505749390301,1.4568036851870099
1.3752310795834672,0.8649079499278747
1.8555275249477792,1.180548460609628
1.3520185976666406,0.9552371475143697
2.768348906191538,1.4898329943338358
2.238984511926045,1.4052298860928998
0.1953827152073021,0.40515838013703115
-0.1015658015176644,0.2780068449693227
1.4642832707688422,0.8439234558572597
2.175269777631679,1.4902198994294302
2.2561622542319775,1.440108514811117
2.1084825987212295,1.4486225882521655
0.5764026799008316,0.5597265987843894
-0.4179018779972603,-0.04138043756335222
-0.39732517116657706,-0.008047835811371709
-0.576786640729034,0.019872109771328035
0.5661622504350243,0.6016044862919782
1.1287281580585629,0.7677709311595232
1.4375013858950358,0.6957056321639865
0.9955670761563452,0.7336812089024927
0.29276344077639127,0.3472577590522835
-1.887230669695676,-0.4659772127413108
-2.536883170278695,-1.106169151509961
-0.9651184485469324,-0.004622870543647101
0.25889466257185834,0.41615719289679076
1.2472877824577042,0.9935351620942177
0.9059455188689383,0.7928514327246035
-1.5596812290666957,-0.5447328352313692
-0.6636077398015785,-0.06704011561247512
0.06887978337354395,0.40851269196707407
-0.19393958827442193,-0.021173613273759273
-1.7475772640661111,-0.4928102153261973
-0.1416770029262171,0.09730118486605963
-1.1501874302293478,-0.14414680561667423
0.18568143517183988,0.3751385903536839
1.0827251789770278,0.9000468905046302
3.040523925394874,1.9902895139318477
0.419271603142762,0.5562746040814027
1.3298058488083626,0.893610648481791
-0.4488693161187448,0.13116810260776646
0.1476899958666555,0.34005765944818955
-1.7436243069422184,-0.6730004242016209
-1.590360767293541,-0.2881271034373569
-0.45618234434864846,0.10141250243251414
1.0261891958162683,0.9474786618500163
0.5199597968819816,0.47961870297497783
0.6534442544886507,0.6005003802351276
0.5336387311706237,0.8386484160540522
0.4090403022675071,0.6061897324929735
0.6844853456562145,0.5734645225116548
0.24580509300324094,0.4090846646247218
-1.0448803919086271,-0.1647460645841592
-1.6720106447481378,-0.49588631282872464
-1.5163210440011312,-0.4667674366576064
-2.1675264863385357,-0.8512333127671259
-1.9509464609716418,-0.6475454503168263
-3.4202284899863638,-1.5334141352022213
-1.2895900555327264,-0.4198833148533315
-0.8595751195984338,-0.12834857118091106
-0.6046456452722013,0.036330500186694654
-0.9497084967624434,-0.20208113381573162
-1.7516811936965668,-0.5873952119155214
-1.2753517842914097,-0.38982003037015284
-1.288705366208301,-0.25903975207416696
-0.7703995037895197,-0.02548676469572981
-1.3015689530338643,-0.40521359906890236
-2.653627814460148,-0.8724740839756457
-1.4864905059036717,-0.5134750759259482
-0.692852219212283,-0.09445811543842492
-0.7236278629383315,-0.11932367636738733
-1.646686153308409,-0.5750155139266466
-1.3436393871898327,-0.2454685979377891
-1.0463003970394342,-0.18718635224270075
-0.5977804522525771,0.2248149280938404
0.27757578848996456,0.3950196371462781
1.7769546239714882,1.1608602895642668
0.13619177781211267,0.511671421436959
-0.638220767517982,0.12443951197017827
-1.1676894519924073,-0.2583785507888067
-0.9454513578466883,-0.055222654171370913
-0.9394171615655269,-0.1610120399062744
-0.7613699678893534,-0.14337164049382062
1.0649837417902015,0.9213326043898131
0.5220457171749178,0.5977476547950007
1.8091572173637551,1.2480083058736018
-0.10360245454849171,0.17312142888711304
0.3416429223594979,0.5335519446198065
0.982226069577735,0.7175246673921353
-0.2156662787758037,0.3378121082090062
1.244485447373585,0.8778730540997348
0.37025249538464966,0.4547454159904049
0.0754794123118554,0.22310083807355346
-1.8317841780966198,-0.4436930542854812
-0.8652139037434965,-0.04411647401187149
-0.18188256981446604,0.24236586878552221
-0.40032627808053445,0.07206329177729247
-0.9117275211067561,-0.2876400926017635
-1.5849303589704609,-0.3399755180028999
-0.637019564332041,0.18316199281922974
-2.5630059332624935,-0.9656765680815966
0.05000271726766026,0.269067178370905
-0.5148883122617388,0.06229930652672415
-2.6295875649747944,-1.0853276176551327
-1.2221511370220668,-0.3221926080927361
0.6709982450821795,0.700286966283962
-0.610765532049357,-0.030170871886847795
0.28510329836123915,0.536341497425035
-0.43171327249127267,-0.06690658073063374
-1.2520399999167127,-0.21594180806676533
-0.052703026332348135,0.3111215413960648
0.9982857622467298,0.7404642816320639
0.8586062901175882,0.6789717913082994
0.6258922738694508,0.7876283772826914
0.5339428823731583,0.5421723917786743
1.206490121464586,0.938470357842521
1.1212687053293875,0.8211920314110038
0.8394796523930397,0.6577598556590268
1.2571130936134438,0.8503971112396937
1.4304957301217776,0.9095610151859068
-0.14517665378937283,0.3483083048072048
-2.982072235392691,-1.2870369298697517
-0.6917718794508484,-0.10833909418410262
-1.1130604130999062,-0.4218056369452303
0.09840472893933494,0.2424222737679279
0.1641274908426493,0.4938055878783711
0.38856616879447947,0.4639677018422674
1.4675200306493819,1.0784120153101364
1.0784218849887037,0.7007512284332658
-0.1744520092917824,0.2876450662381964
-0.7453205968918263,-0.08695149052986101
-0.7151661720737339,-0.19606653254538348
-0.27106281583187913,0.3415020149423626
1.3038496638525525,0.7862738262738751
0.7379799182383993,0.6854115899868831
1.1806449887325396,0.7617055200628615
0.031263204925144894,0.468134016583793
2.000999419180692,1.3212493075302811
0.23447052281342606,0.40365769115569894
2.3615062552388695,1.437053263567657
0.7324721120011135,0.822533430842122
1.4680227365336689,0.9788400569491926
1.7770530676391716,1.1646989168550002
-0.34581295096911036,0.03436118768206346
-1.4350578327767336,-0.398056571032049
-0.5862219117870506,-0.07359554548067276
-0.7136203866187784,0.018385398975769185
-1.5431778308240132,-0.6744900325826426
-0.4069430043964629,0.05939583586360909
-0.3833014163130549,-0.13653597202656959
1.2127406602603215,0.9052311010463572
3.023852552728789,1.6107266648115304
2.978225038541405,1.8460509957754396
2.30647503275691,1.575862469718823
1.4713448186782099,0.8920845000759766
-0.20577852967510835,0.3297121277046279
0.21247975260522328,0.5372062294363994
-1.6998077260603983,-0.7190539578603954
-0.17498485444237344,0.15557229094388564
-0.9776703709910242,-0.23205405069176258
-1.3168979967972871,-0.6040933721215285
-2.2031468650656034,-0.8399600599708698
-0.3110224927909321,0.2033873644284703
2.6602364974355694,1.5578525223056967
0.5794934817023829,0.6165170583441408
-0.3161465262727212,0.08164483193782107
0.8742333651681042,0.737618181478472
0.9924109935492742,0.7172697656263956
1.6924584611323483,1.0591934043179072
0.4620819804365496,0.5758549976499704
-0.5897722200420183,0.07557896884530554
-1.6385928960771503,-0.5693645024801419
-0.39860072228759824,0.1444903076014592
0.1879807605981545,0.35150160629091554
1.711555004489093,1.1080525704317292
1.2653866454797484,0.7739376601222978
0.6109145712065336,0.641443006296988
0.2523215655001296,0.6846823893762195
-0.7241920184199988,-0.17994679507219435
-1.3079154312361279,-0.3648918279576777
-0.1804346063772041,0.19721040331422796
-0.7625589345453261,-0.19627800189394484
-2.046796900147007,-0.8419145341351547
-0.32316194603029935,0.17030913983476467
0.9181197512362373,0.6236403341256656
1.464741263025107,1.0955899934800195
1.8481170915959395,1.0878655628420162
1.833775895187257,1.2148658108217236
0.18358266422747482,0.4904276831363188
2.0168981955797114,1.200826329479568
1.802403143016203,1.0264072856487507
2.5180124400160313,1.6975985128756708
1.479072504031724,0.952501479955074
0.5473657145730757,0.5208698588950635
0.5642377388954669,0.6644265683853454
0.6340709863863789,0.5536138378085452
0.3736857087276445,0.5089234174428604
0.7491851177001687,0.5774436687922762
1.3571172892417265,0.8428419845113667
0.9497424033037595,0.6284252179528772
2.24209782274374,1.4466904027374152
1.7558120475725987,1.1946945648160334
3.072779893290293,1.802905157107501
2.2565246633055525,1.4340521447756431
0.539918071840289,0.44579255570699244
-1.2841544587799545,-0.24741132039529815
-1.0325025753855526,-0.23746736251408554
0.30859757622149353,0.5527299555236661
1.9553749409702685,1.409097921345342
1.6774672625718146,1.1297080602664555
1.029693166009549,0.9497075747479806
0.160709606919598,0.3255439043447931
-0.8586635301384311,-0.12583158751784604
0.18985042222838933,0.48088663141673466
0.24396702059146425,0.40259946042521866
0.6959356024666543,0.710474415647819
-0.06566971424182322,0.12359096581451998
-0.2743476400853804,0.1444757327717245
-1.7035212506098885,-0.3799520646110137
0.24666968506780984,0.30471877005262976
0.19047305469528034,0.4673909970006662
1.4749235990461051,0.9512621611768591
1.6241715345945158,1.1074373124106685
2.1005605340065663,1.2506589027630588
0.8785510340866128,0.7195458219627625
1.0239229996383192,0.7927970887076343
1.7951007934038787,1.1484552702629334
0.9035716430736889,0.5696890453658293
-0.508891807617492,0.05039296533270946
-0.26838523486273635,0.2264333242838898
0.2499915220026656,0.5374310449256555
0.168599317722903,0.2332053228011527
1.185295543155416,0.9326126380750742
2.864837848934122,1.817680876259992
3.2722961024307473,1.9478162143526965
2.3344593124274695,1.5341618722252892
0.9921964542183805,0.8597193485996205
0.7666960505756863,0.646649697403307
-0.2818265020210551,0.14940423840511563
0.2021726481163818,0.3556132537006904
-1.1195838964601967,-0.49665693844132813
-2.738890730290979,-1.0825873741180918
0.6641633560006059,0.6153895643009838
0.795750921572487,0.6310122601212427
-0.0045996909030460165,0.37012591191806515
1.710943403606231,1.1372615933020906
2.3091803061669003,1.518769193386572
0.7931251941457369,0.6485073416202979
-0.3399152601352726,0.04553239959435429
1.9395604596073153,1.483939741524295
1.7461321033326396,1.1514526944471057
0.17024371710697883,0.3707844637517236
0.8222873416990513,0.7549964481776144
2.4791557612529713,1.4804502537808502
1.546897385956112,1.231455762544097
1.3256980463991888,0.9312933552549061
1.743592629115199,1.203773921803017
1.6856864269535772,1.304671545594735
-0.640236523276096,-0.05845893576882994
0.5345878798355292,0.48637963751586705
0.7511089802807787,0.7715569689699747
-0.23083953204525964,0.031960794962251765
-0.1854751863737741,0.24568201232444836
-0.25924395678274836,0.2763592815976388
0.025565389687464524,0.35210488931966183
0.24329764110209495,0.38605585070804294
-0.30101468655601926,0.2534529079076213
-0.8392645365077269,-0.18013913729462322
-0.7198258781667873,-0.0891553440622587
0.3986262251656575,0.5325139141365963
-0.029909551051085614,0.21716890778390735
-0.9981647539242272,0.01672218078836596
-1.5056519940613269,-0.47165079248634345
-0.5154518127009042,-0.06476071151019873
-2.2314189098362722,-0.6353688351555554
-0.9533864046500622,-0.11215014749087478
0.12880641367959544,0.3483836350421245
0.36063352058739473,0.37974120143142986
0.7922639995132883,0.7953114284947156
0.9856402487661893,0.6784374012955319
1.9739401001466026,1.4555626742000742
-0.12584340707887498,0.15698037047066388
0.278276506262372,0.5565371914377744
-0.19673171139275447,0.22350140845126937
-1.5855929263479913,-0.37481182906559707
-4.012186339832109,-1.6588483906121771
-2.320152035851964,-0.9386615756788417
-2.9267515112875073,-0.9949327270719579
1.0148237007231702,0.7743884146154917
0.21764805497007733,0.3379490055282929
0.209062163524379,0.4143974928373897
1.3161994679506899,0.9924403871238614
1.4972675605480172,0.9473013657563265
-0.11702611416331443,0.20625991382447884
-0.2135493940402439,0.13453916248825906
0.10469861164942748,0.30307570476949247
-0.13028767534116548,0.09015325391710383
-0.8504269694144544,-0.2384970060372364
-1.0383317900011861,-0.13164475787546584
0.09022431335855219,0.140027164821549
1.0077756056867073,0.992772671133235
0.6877781809914444,0.7535203614227182
1.6729224183507374,1.2150114871461295
1.1684616761922006,0.9526164383588892
1.1156401286452677,0.7998000416911308
-0.0453808176424092,0.319434054294215
0.038321021248742024,0.4179612518651621
1.3015334610522697,1.030036354130198
-0.048561060314400994,0.2599556804406728
-1.0514061948712037,-0.2879289510745676
-0.9604557297492694,-0.22451471598868344
-2.368127748260435,-0.7814405408189206
-0.0516346021164058,0.25982428393490775
0.12020238328017327,0.610037170710006
1.1951929130383117,0.8310839805966724
1.6183049892351185,1.0687433772456396
-0.21348583360312623,0.25350830385550716
-0.8006925630772707,-0.06321124064606726
0.9086108498550761,0.8793888143076406
0.20504607461063895,0.4035848592517655
-0.12835830111914495,0.3139167419256085
-2.868525797504587,-1.141673643364887
-1.10647573225731,-0.25548243994801884
-1.0749190341485098,-0.25102546623497446
1.7249365323069874,1.0402430870870536
1.1961365944163465,0.8789743948116263
1.8848889661174333,1.2210138526818253
1.5553674972944846,1.0644946275873246
1.1346441246993537,0.96455752230394
1.020460323943441,0.6586760582259847
-1.3189553268778367,-0.44004041081890477
-2.02363423281972,-0.6487171261595295
-1.6851181844306828,-0.4685609449318257
-4.084903066444562,-1.8678207985675779
-1.8897470610046017,-0.6610967345191568
0.5890438987818769,0.7663040024127996
-1.3431292148746814,-0.3201419127796942
-0.3161536097121107,0.03521392575129233
-0.367585269120491,0.12873144777581305
-0.09213241018560969,0.2806671084594913
0.3998730386135273,0.35539860572767346
1.7588968102819884,1.1460965865369206
2.2768821414765377,1.4988509572853337
1.957402327024955,1.1531172573042054
0.9996831539312149,0.8186219048248413
1.425156166610936,1.0329377733239746
-0.3316784987588455,-0.029915134228752527
-0.7225205615731137,0.0006707391165890475
-1.4827851113746455,-0.41611392293685545
-0.41521220695589667,0.21650324915323726
0.971975615747948,0.9132340626984052
1.084551022927015,0.7335659057655398
1.8682545430063144,1.2517631673886378
0.9419260076465729,0.8151820601127686
3.2122357068731677,1.9073668623493396
2.476336901593144,1.503410847069731
1.921478072147328,1.218380115113879
1.3998825273695896,0.9452888047730981
1.457185585368822,1.0705337295681396
-0.13065956856375804,0.12198355236288651
-0.3053364518114925,0.1455296951802533
-1.176687214829041,-0.3415702334672534
-0.6192165964132991,-0.06990403506370521
-0.28013563390715307,0.09544414541841277
-1.56137330537664,-0.3924075367983616
-0.1124963634588616,0.2090369508584279
0.2403498154264415,0.6094122379100528
-0.7893307000424292,-0.029268933202229105
-1.10739591624272,-0.21652455102065749
-2.2710143490703727,-0.9155753233223134
-0.9560353074504078,-0.09542876195178679
0.2060072762431424,0.28421464545791747
1.7543012269295757,1.1632327786293477
0.6078534764215164,0.748790472479773
0.2420947102043562,0.3624686375584866
-0.22001726732455276,0.08099181536962752
1.3094992668512326,0.9233264905070064
1.3496309888917282,0.9248428985343674
0.46536751200684356,0.6194663323169844
-0.06366193387086638,0.20583896654062622
-0.9910371487283061,-0.18476748747844166
-0.5299956748557684,0.005431946670876514
0.7442411979436938,0.6393434244916323
0.48197934424015365,0.5655279754934034
0.8580857615345434,0.8007932661416277
0.6821993104073096,0.6379315991816817
-0.09656319820253467,0.3153589000048149
-0.35853457297166236,0.11639968010756555
-0.07616491105566292,0.23698533326073873
-1.4055563863467586,-0.26285506681795284
-2.968234150332223,-1.0933886430150033
-1.561684371213397,-0.44508630650244524
