0.48988802802901865,0.6526061099928882
0.4954741977571747,0.5764482475777585
0.3776918052974136,0.4307736288621491
0.7935046656574641,0.5500915217677151
2.2382255615653857,1.6121333549299088
1.6669852049205505,1.0799840083577055
0.7051682321749655,0.738945121270926
0.21089704733248799,0.3835331583234381
0.9271944500348273,0.8253436685102971
2.438716763420264,1.485699899022503
2.871090821583504,1.6046549636928895
0.40214960184205595,0.49909262727938736
0.8273642582474041,0.8098527404259439
1.3106663307482749,0.9564163307098275
0.834553933661755,0.8009781228891525
1.8171481214084988,1.320859952090034
0.6945328536453113,0.8065529228164009
0.3795412640478934,0.5580263644324013
-0.15403209943754298,0.10536805368322916
-0.6016151714250435,0.02707545039439063
-1.332627262594774,-0.39494250872602427
-1.1209071609807633,-0.23440212216012388
-1.8740686094773595,-0.6384492459451699
-1.5090503094472727,-0.34679108000016323
-3.0744671778794843,-1.254748936163149
-1.0211770334517662,-0.17864622517663034
-2.482686138563524,-0.9874449484699023
-2.1490068831214164,-0.6634962857975363
-2.1689623262357562,-0.8556488266777919
-1.1361474458296825,-0.2792935385993964
-2.229522141108338,-0.7395146024198316
-1.914222651596849,-0.5643618959040817
-0.9521274157563516,-0.03623537822434028
-2.4648360339045237,-0.8926719497379528
-1.4812565655182572,-0.43657158554665737
0.8935916368349494,0.5327476231803642
1.3238569065710044,0.8468090305319418
0.6582245838475146,0.7400568056450036
0.7789651841119605,0.6294040234539637
2.150596531487471,1.4535055994666901
3.4852931389869077,2.030826717454735
1.1750206932029246,0.9201607687072855
0.11366785577238725,0.3860971319179346
1.245622258124613,1.0985945987312487
0.6769813227025907,0.7992996199895367
0.17282003122142697,0.2760275658269131
-0.19366820366056567,0.35983720262416563
-0.38000506348159135,0.0198950120421761
-2.0024055638923266,-0.8151827606221708
-1.4876055253190892,-0.45945241714459495
-1.8406039530914575,-0.48719579894383125
-0.5336424068476656,-0.011767453831897395
-1.0818084453539454,-0.24189071212031643
-0.5425832516903675,-0.08581888661916139
-0.6838510945165915,-0.1380163384499412
-3.4808782015923265,-1.3373750976755974
-1.3928124256390055,-0.5278502862275104
-1.6154297511349973,-0.44726013681347454
-1.708772112153146,-0.5117544563886848
-0.49930174557906837,0.20760148408345624
0.2664740189793782,0.5893851165666587
1.1839409513473296,0.8343152092753762
1.7152192851783927,1.278161907903357
1.2324192628466009,0.9244802504439713
0.9234768847140534,0.7250367229138529
-0.48249613591468743,0.0608295898900485
-1.0558749422417346,-0.06997189698489131
-0.34533671354002193,0.17483714127115382
0.9535936241215928,0.7883134324415947
1.949713315008835,1.3899319721976973
0.4811215140257765,0.5126824245163263
0.4263660730658798,0.6188856657158774
1.4584128598545705,1.0519161132250512
0.5716191531007565,0.6224892139784396
1.7014660529919543,1.2762029699160284
1.2732191822343577,0.9244008918121634
1.9871357425826948,1.2742640052235832
0.6609366655388055,0.5639555575902861
0.34724067388317525,0.5203149208238826
1.72985703512855,1.1776564281603012
1.6571225515865553,1.1568695440620602
0.17996120941589977,0.3347590564607487
-0.6984841721891407,0.05946065233637575
-1.914476710734081,-0.491548940096611
-1.8015098607844124,-0.5539100752723092
-1.610069704834604,-0.6074522909922553
-0.8016675073920695,-0.026140846140695534
-1.0296002569815772,-0.22687057731981317
-1.9112376508020967,-0.6608543769475845
-2.1738471706702804,-0.6810856320191385
0.4825028019959796,0.554347032306347
-1.4196641487385218,-0.24293856774937145
-1.8253537265360449,-0.6836457491170193
-0.4802601069099819,0.05229509790033314
1.5798548300792612,1.0827119180404075
0.9837392699504933,0.7388554438443868
1.28887873848285,0.864723921983059
3.1072903817245154,1.682186578863595
2.2539686621159465,1.492128036171651
3.0917933151616155,1.8043753164461727
0.05112415139063553,0.28725315621994507
0.8889646690770701,0.7455468905291184
-1.709458819941358,-0.6294590252215527
-0.4285990519104881,0.18406829986664427
1.1061119831534163,0.8715509467429476
-0.9316326271368267,-0.19514582528022104
0.03048376639331729,0.3446438708142537
0.23626033733127405,0.2671295933363671
0.21079229916669864,0.4065561501493336
-0.6706336793090533,-0.07944253800292503
-0.26013216854836935,0.14880860093238987
-1.159962399774708,-0.2651450245251686
-1.6369806523202226,-0.20871109730055132
-1.8760644356773049,-0.7078817620065168
-1.1954250824917987,-0.17426275677266906
-0.01791138827860994,0.31570189627739
0.7140758644580731,0.6490516986567134
-0.20535538936318265,0.20998324652485312
-0.15763521932010982,0.26447319342634174
-0.18619383525479852,0.3052483892409849
-0.6615269323064581,-0.10453578699923258
-0.7732340148305156,0.11490421230710449
0.9823230582018921,0.8503249666040317
-0.5433740575611594,0.11912740378760758
-0.9044457618939467,-0.24032323623530183
0.4120074576758782,0.7890512447570759
0.559258720152451,0.5567619095870426
1.467955935969187,1.0201948697670724
0.01353851403125439,0.31069289412793494
-1.1873341073472339,-0.31038472016835644
0.11800816234508282,0.2937152041379749
1.166864162106306,0.7878143540299578
0.9980800407879024,0.834210804427201
0.261103125902164,0.2646038079098402
1.5215173715240242,1.071413117813259
2.6985971663382946,1.6993108577991478
0.677725003793287,0.5919996765745517
-0.3171311722168614,0.14683415426344895
0.47259876639062864,0.5534481321068517
2.016197760371062,1.4882154126947322
-0.015066215732830068,0.43731510388552863
0.1566526793153536,0.300495279143737
-2.8312471482876096,-1.1054791905293817
-2.482765704269546,-1.0530948672660263
-2.3672276047593286,-0.9770267513911958
0.22507625327623026,0.5019562721979254
0.8992775222919103,0.8491404272918673
-0.45145605237485775,-0.15657462466313435
-2.443914780549882,-0.8772351083976122
0.10306209305249103,0.4034357735334348
0.01846157916445018,0.14299937615327774
0.21183041834727237,0.25424513377526287
0.31673175047225705,0.372789269195684
0.957033005268547,0.8069228023898001
0.677184577111468,0.7065355441518566
0.2776168960092238,0.5514636066885964
-1.1481010640608456,-0.12891378644542703
-0.5306272375709868,0.2019778004200194
-1.2173647486985222,-0.23073101930934864
-1.7165912905769307,-0.5464399711122303
-1.4780888213953167,-0.37588062325992877
-2.4439867672848203,-0.934343356459617
-0.7790783568106705,-0.13498633859783649
0.22718194555452031,0.48903440924169916
1.107088734240617,1.0075406059703904
-0.5036294710686182,0.13308691464914385
0.21886541762179035,0.46427267870596806
1.6210123759180188,0.9667751185234723
0.5344983395579332,0.7295713917624331
-0.12792552113639694,0.12358060070174105
0.12062180254062266,0.359883542190877
-0.20653409690749558,0.23997490348110584
0.9314183731778432,0.7349471045000724
0.8277694713996618,0.7685758126291364
-0.620073215271961,0.06328971536035749
-1.5128040642635465,-0.4056655324554463
-0.3696757255939751,0.18849067816263618
0.9581243285657808,0.8369489373910461
2.9965731938237186,1.8868547453061952
2.1990378267695316,1.4190088654159574
1.9618128525794458,1.4436734237158413
0.960356212628814,0.6745066683286041
1.8962127836042515,1.3214556352324132
0.67999938523095,0.6213862103668144
0.622594796808208,0.6849519417913105
0.8761392624478967,0.6068419122547405
-0.1452542476072869,0.19592956536510558
-0.9011974990449709,-0.1767761850889442
-1.8869639665747684,-0.6339793013228511
-1.3079380699651166,-0.2925540037497776
-0.5056797000133184,0.0489494891080995
1.386705739151465,0.9354127663357983
0.9547959067763562,0.753917553489212
0.45930130487051773,0.6359421403756818
-0.6751290548623654,0.08759519738905192
-1.006217265198763,-0.32977063865634065
-0.6004164136813355,-0.05176523481707486
-1.3536620630924876,-0.4634293650789131
0.4439423194442569,0.6991953391548285
0.0703378993316387,0.30029178348681357
-0.0018864026339932005,0.14009453759698307
-1.3270128290167367,-0.41762611627649565
-1.2073817068994341,-0.15566730700132908
-0.9724362929360455,-0.21692892976888117
-0.04718320246892549,0.2327673294340398
-0.043990103213609626,0.026183423196502742
0.8789444027393992,0.7146163457686874
0.8303549873174734,0.9362379814420289
0.9815589117461818,0.9160824884166228
0.03174164714287897,0.19934549462166246
0.1002344000808923,0.2910801861746914
1.2424743328797359,0.9316262426513954
3.044828667058473,1.844674384651214
1.3030671417916888,0.7618519043139288
0.7022827829340575,0.6910088852414175
-1.1091217071179171,-0.0968493599388946
-2.3196348194093366,-0.806827250518545
-0.8200740497672857,-0.07845937407629427
-2.5120994911175645,-1.0160443583792687
-1.6914004014226813,-0.5255331036403099
-1.8192358762232328,-0.7947747024358384
-0.6035020429628069,0.06697386903856856
-0.27160881975371937,0.20428830307785686
0.09605070876994592,0.3184658141231558
-1.7779950084587668,-0.48308389454927203
0.773538850355481,0.698547918614183
0.484577008156291,0.4289500425087771
0.3614789525087166,0.3745336046437852
1.0315144335516977,0.908756398459023
2.5264956425987233,1.4691430993504007
1.9495784389162867,1.3933530805815113
1.752543843397413,1.2232578481623295
2.838096352799108,1.8718422578154215
2.7493246162067413,1.6750915899452554
1.3971732630322593,0.9551079903774371
-0.2692976520053061,0.2497404022449778
-0.9126587195780302,-0.018243733300965265
-1.78431557166271,-0.535641715002961
-0.6693225938628156,0.05115413978914006
-0.7387511753116607,0.10411410118008
-0.49625959006064047,0.11268844627402065
2.6011834285075683,1.7840858902712684
0.07136756551014956,0.42085754360064753
-1.6082226952055376,-0.5599445651278251
-2.455840853447417,-0.7470119762589544
-1.351272040552031,-0.3000553993497112
-1.2287152260372793,-0.22385116699647753
-1.118054212774809,-0.20288469888168745
-0.42568925284700504,0.255005223475835
-0.6509200230973972,-0.07661891577740618
-1.512984311913988,-0.4810600017227691
-0.9171236109492993,-0.08535266715681622
0.4990467451969174,0.5429003573748019
0.28381859336359394,0.522354389400665
1.3805199937356385,1.0194577159338662
0.9977303622123734,0.8303027464852639
0.6104204281752933,0.690191121828393
0.4379736240963807,0.6245519952534334
0.09458683600506568,0.4069753963437607
-0.8476589996267987,-0.016984198269223996
-1.5542372372097022,-0.6378602707256329
-0.867858151173931,0.006711311654287594
-0.7887644028022304,0.04170228040248414
1.302609357220479,0.9574440176082808
-0.01919987891592667,0.20980632580837738
-1.4358023182885713,-0.5185497340091151
-0.6535313828850129,-0.20106742739815997
0.011400905670042039,0.2629148311144941
0.3810924857526267,0.3141188098994018
0.6734166998891403,0.5456036277872148
0.034585949101280544,0.20802717561206274
0.7970731544175341,0.7256107174835389
-0.5117069033876509,0.07764325904015848
0.6989638571238095,0.48780020932723656
1.4950779880558778,0.982230901078736
1.814140930626658,1.0596289071739422
0.2997971338981267,0.40999081982009006
-0.8605315489606289,-0.03669820702666256
-1.293726394608194,-0.3515755893994023
-0.8036064787434205,-0.005389213842824911
-0.702314116011315,0.027186642339458694
-0.5330993767428285,0.012859562599675065
-0.6608454483209347,-0.17576551348249403
-0.493106792799862,0.05358616619554772
-1.513934797256368,-0.35151593026522976
-1.3462000879752833,-0.31966540361690865
0.4697698821692097,0.5462444639245501
0.7438750828506785,0.7604735869440366
1.8020170514381917,1.2272303433856864
1.5145415445863801,1.0705209942051306
0.18977477718479208,0.3337939039723006
1.2208362567539632,0.8746940808295791
0.17295140774984985,0.2697313810468996
-0.42513181959046675,0.14229273478122495
-0.6663907431585918,-0.17694743895089554
-1.2507940932216457,-0.513809174596003
-1.1696244097417714,-0.37156352963553374
-2.372102231136214,-0.7478423586911243
-0.16629957413221885,0.10939225326131247
-1.8485986952212003,-0.658868406338238
-3.388098539532069,-1.6063678660339882
-1.799776963639137,-0.626441101127006
-1.6938774541583772,-0.5115560999535004
1.9724161644027038,1.2819315879145285
1.5522023299975929,0.9424435965771744
1.846915854636444,1.1683948106811388
0.6477912843509315,0.682309308414151
0.37226415029920634,0.3348363058603294
2.193401654789598,1.491959040479025
-0.596708595626795,-0.003718093809323467
-0.7780021443638541,-0.12433428217835106
-0.281067837047106,0.18464409095196277
-2.1705301603669875,-0.7143384632839975
-1.1343033819045152,-0.3457218126162802
0.35885171427247486,0.44548614420805327
-1.2245448566310075,-0.23836337847822678
-2.3361005271192505,-0.8497526889917492
-1.749067053795454,-0.4257292291152054
-0.8012706884073966,-0.1617449084147371
-2.905556739199122,-1.0143823226423438
-0.22731803050803445,0.019017382792122756
1.5053425601352468,0.9884082136901423
0.864728553750021,0.9693442370354046
0.268551538676934,0.4319763617218878
0.3352301925102789,0.6558621069654886
0.3377378326652544,0.41035850973858495
0.997624829852398,0.7564296420544121
-0.9793280914507349,-0.08381800078495022
-0.8231539926457998,-0.24800354261034244
1.5325364687900516,1.0322288224163414
2.6928627108595977,1.7527981854440426
0.8805387540113512,0.7407525046091117
0.9153194264082629,0.714405550628915
0.5230232265526822,0.5700805940061576
0.37348797619383367,0.36435628572894496
0.4273691320422213,0.5129403981352926
1.7936689908213261,1.073973624524677
0.4820213146982073,0.39227978665950586
-0.28400474357962413,0.12440660859285971
-0.33756035788537175,0.10383295849273372
1.9623593364858833,1.3240190904829408
2.1913053858322025,1.4196161166664976
1.2566393366687774,0.9795496375449996
1.598173907317448,1.0506420186553944
0.10850970125699189,0.4005823603166577
0.6525119369254199,0.5684304731925027
0.6815783449479955,0.6357682189646021
1.1464994784391265,0.83629989270204
0.14760567833467797,0.40899524355757144
-0.9564093852471724,-0.023618017222922366
-0.5123907733914914,-0.027594803041998336
0.13906812402379026,0.4267342798123926
0.8169270720465399,0.6649433345658589
1.4975720310481884,0.98733171923063
0.6154538736103057,0.7332223782756807
-0.29995000056385235,0.08007893418637312
1.127682727551189,0.9493038253737612
1.3157082067158314,0.9968857323731111
-0.6318057589280447,-0.04628895052194168
-0.8268652373610128,0.105485833280415
-1.8812909804876456,-0.6702297382928953
-1.2984893194659888,-0.4067853036707218
-1.747872547961658,-0.4165456050524352
1.0524418229089978,0.714481236267873
0.23911670856223577,0.51764485115822
1.3015297138522786,0.9006249408142426
0.7597310643955858,0.631076758044211
0.40403815096191725,0.529006854416588
-0.506621352012945,0.03957764748859856
-0.289556012806974,0.18201497485347862
-0.2829782339791255,0.17147033794457325
-0.49326870424622005,-0.018870193020644105
0.732589296533166,0.5948619413919165
0.726610010773397,0.7389462799288876
1.876102725454968,1.256408286229846
0.849121981690777,0.791040511234703
-1.2278250375390436,-0.2337101501149258
-0.27768495879596156,0.005690433835995212
-0.708084470302877,-0.002035050016140058
-1.8535063792276614,-0.6319355357850487
0.5901157733861417,0.5925735789182353
-0.4449982475177423,0.2078914424355877
-1.4600500537780516,-0.4038434659344165
-0.9558299391941889,-0.24295089760671962
-2.1658531837027537,-0.8198049531914736
-0.2788222762404057,0.24844960174785827
-1.3019917804027936,-0.376549089942639
-2.0171778331630934,-0.6510071869986587
-1.6518212527364604,-0.726682122388427
-1.4737607636142107,-0.5590957250538142
-0.1981234690770265,0.2854642325012558
-1.6152169268153884,-0.6747784272477421
-1.024802337859759,-0.17155574620235117
-0.9383796563167639,-0.2229754551412336
-0.763233048570554,-0.15410840134064022
0.030524962038323222,0.25871882519551187
-0.6104871545258339,-0.01778034949808828
-1.1655782604823264,-0.2710780107551761
-2.177404646549877,-0.8916375776024621
-1.0878774905156712,-0.5265867080954094
-0.5777146675778305,-0.015042529671125168
-0.562282987236801,-0.0554345980770518
1.0645274542303564,0.7809921508679758
0.3109444976901322,0.37319154763889606
1.7287857695016549,1.1894389305428708
0.8423028190299844,0.6979943911719445
0.25806330105298847,0.4742392932168084
0.8793573208828318,0.6543555352812763
0.38660457676184323,0.3378776286466555
1.3109620143407166,0.8358244717093655
1.367989936305514,0.8776285817197286
-1.0902706921704635,-0.3734879792460657
-0.3516326974118959,-0.0112349327504416
-0.19824287207198565,0.3129078739777202
-0.8682734271117767,-0.08222007324303168
-0.8129016515703463,0.05944077229235109
-0.4925205800541389,0.11239326153102508
-0.41455423604541164,0.15475966965526608
-1.6848213902190694,-0.6458806936530661
-0.3397203043677103,-0.09867026247054339
1.3408681562477724,1.176930471314076
-0.11842817427067975,0.46386162502494843
-1.3405119051508116,-0.3472929485886084
-1.6456277786440885,-0.6032515062174774
-0.6949230599527658,0.06457874271964108
0.7178619403241894,0.5648930936599353
-0.6614783967648152,-0.021136308288740916
0.5366424449588177,0.5632210351609933
-0.04847392335891637,0.17516169810100407
0.6884182059563608,0.5092405366615927
0.4316940105180571,0.5255805379444158
-0.05366477649591145,0.3396279803170851
-0.44678396820062644,0.03995263098361457
-0.9355405712615326,-0.0931069713482761
-1.14711188619865,-0.13155864629077146
1.066441429474394,0.9534086920282895
1.16517380548668,0.9764601431997681
0.8331744801187112,0.6850867342827599
1.1991593747104154,1.0064688896162182
1.0884132364214634,0.8228464142689489
2.3441716476824426,1.5542055859325163
2.7454233242746082,1.7535587546177804
2.988485910822218,1.7767062329671433
0.35494693049850945,0.46653399260553013
1.034822921851957,0.8126812471267361
1.320353278831989,0.909186111160671
1.6841496283718205,1.1369830065897462
1.6918096109495582,1.2585482111271051
3.788319403523549,2.242498540593719
0.3460519912179415,0.2893956054986273
-1.7767488493553567,-0.7097521912002124
-2.76926408058708,-1.1503784331685585
-2.4963431178248863,-1.000610105011417
-1.5373388748748555,-0.3331451566041532
-1.0197423866238187,-0.1367925491904713
0.10675601520044486,0.25357274570715627
0.4442024551239868,0.4498474470076394
0.5920154297616372,0.7127615268462838
2.29380728332397,1.5218350142340293
0.18339353661273972,0.40451314483749373
0.23024116166995556,0.39277142308655866
-0.3914086330327803,0.1497498297835063
-0.6214403912112461,-0.14372166461461391
-0.6587098526748744,0.17822299796997532
-0.7611538964295144,0.0019498085162865247
-0.6125538970886742,-0.07361908324916283
-0.710558333670147,-0.1165187487004396
-0.2920093349164689,0.04448872206702653
-0.6514551133535922,-0.1450574730069591
-1.0411045720649161,-0.3538439850367988
0.599171379480465,0.7608859577078603
2.2651381497027994,1.6900589633154497
0.17498519028740844,0.15371098216140655
2.802906345071783,1.7272656625780916
0.7905313344896521,0.7260297314642186
3.7456601590278247,2.27138723216424
1.8953062154666451,1.2935163154851528
-0.029327052542986953,0.27995395128723355
-1.8550464445149575,-0.7936864115676338
-2.64393293121974,-1.0487046173116
-2.4274844155059876,-0.8509480184572481
-0.43309253103775325,0.21960000288199077
-0.6741083577772932,-0.1111018710546898
-0.35821868846768434,0.08004071611630334
1.0046089262666034,0.8166892551599655
0.8450660447591049,0.7938848761172459
1.1552110503080928,0.7443663540864506
0.418443641946613,0.6852682107694806
0.19260070319868036,0.4505217000614371
0.13542555956774105,0.2977876415923859
1.1676984332063574,0.934231227847297
1.1608724728517013,1.0109201769361187
0.23635449878050852,0.5375786797455157
-0.4050012204529079,0.14810969545919295
-0.33059731194424946,0.28208874776704596
1.4358425545814897,0.9116382301705453
2.04214938120656,1.3864909086927932
2.052962690669971,1.3419130765299776
1.9248687234021058,1.3804330742270512
0.9679142747671141,0.8602309052078819
0.830267524385331,0.6205470927808627
0.8570736968352967,0.8756903410923149
-1.3786142480567343,-0.5282610668678613
1.4561032742301905,1.031173887874834
0.9694692359992092,0.6291145413272841
1.657925236650343,1.3422594942042207
1.4780743275328012,1.1815107473838613
1.3630485014205007,0.979269961651696
0.3851227163011953,0.4148709967491814
0.252808671135602,0.4299786214494472
0.08669915768661579,0.49941300499842767
-0.1922811415770146,0.31162257149346057
0.7811653838591758,0.6556960649952341
0.9090330059774363,0.5910098713187856
1.2413039747340338,0.9056879468189445
1.8752782312375533,1.1575301999402592
1.9268968242286229,1.1581077684315009
1.9222605898130372,1.1681454960617554
0.9096084157611974,0.7312384528537804
1.023010250713075,0.9205920982648752
1.7993808549767705,1.3209044476382805
1.4535002807936341,1.0740584821583896
-0.5462713874836868,-0.017116837042261683
0.24666003083291888,0.32782534480402337
1.1449677132207365,0.9124374105039326
0.1995687976103102,0.3584849273693939
0.18692276554092588,0.4676519550151994
-1.014618284266212,-0.10283356561437199
-0.39130357945814204,0.11106236859854172
1.423884841695532,1.0509513932763381
-0.4798864881824356,-0.10738804800959867
-0.6509694952050152,-0.0419665792760978
-1.503668938046017,-0.5187992794264578
-1.3062678243605097,-0.37257128231793385
-1.896058878012325,-0.6479692575821544
-2.3047356255180986,-0.8559024968464019
-2.5137735217005304,-0.9181262164514932
-0.7074285156408212,-0.2425205710115723
-1.9492965738297499,-0.6071776810830267
-0.215291320535128,0.40409330914607566
0.16226735093549954,0.22218168511203384
0.2590827604142799,0.3535484503415567
0.273699390451148,0.3062680228209167
1.0833951775917126,0.9178614093817643
0.5168224775703592,0.7843139787777333
1.2032919088676817,0.89305099806274
2.1235015122083687,1.407635730561222
0.9734939182867167,0.6918323600456961
1.073058485499736,0.7437974385001883
0.44634943450241604,0.4822888855418955
1.2170744693346607,0.7502318593425563
2.3655133341673436,1.6778976185310444
1.730196496018686,1.0947612253695833
0.4254267360033822,0.5749219676986244
1.4578875316063227,1.1612312228482171
2.4520590018251873,1.432797476781152
-0.6244084913677392,0.12745289435215781
0.17337672125041503,0.4120168430869092
2.3669768203602866,1.4683993167243452
2.0042600608044845,1.331898419549121
1.7581050730195664,1.330640853876552
1.9480417871009381,1.3344778131081672
2.0147964360250454,1.5101418832832345
0.7198218955718589,0.7015709414604921
1.7378785253913775,1.1465009220391371
1.4314667561294963,1.0791361951915937
2.095986337849957,1.2708149418062766
1.5702576683609781,1.113699967867677
2.754273481509425,1.6080149055811033
2.1304161075031574,1.390232439559159
-0.9771741860396477,-0.34525761369835944
-1.7388879059607403,-0.7703397004961867
-1.1361847123737554,-0.3281773233092927
-1.216179238714628,-0.33370589872265244
-2.2725855022066206,-0.8179405527164206
1.015530762870018,0.8993131172558032
0.08247865934355592,0.39558493111908294
-1.0178291847040242,-0.10384617556967901
0.09112412571060602,0.4663456394738263
-1.5914256902451989,-0.6293267555749806
-0.35642125802066316,0.00245489021691965
-0.9075312264556028,-0.10566741881407707
1.8978453323487376,1.1894914032434658
1.4275976100944257,0.9957832642962667
1.6527891860611659,1.1427310516233984
-0.1614845508403875,0.4365438309597032
0.3582588820628347,0.6042016313651382
-0.35845256915450907,0.1420524956958782
-1.8663491641221817,-0.6464537868948232
-1.08750590348795,-0.23327569064351714
-0.005490731786566672,0.22764467154672227
-0.1203139034705391,0.11637285021351776
-1.1274594402396325,-0.37357185662866643
-1.0918053295709136,0.024552453180092138
-0.831233194299451,-0.08489797547271682
-0.6552584621989045,0.05914465372246411
0.4018883196007764,0.5832542676688373
0.9166064682243227,0.7163856108866347
2.69557691962182,1.6178246755583683
1.9959422880295001,1.2483575819047075
1.0932396543088019,0.716827196372279
0.36085034261832627,0.34655703304828345
0.5174475674247178,0.6275365002327109
1.6336563356329474,1.1690692405095413
0.11214854987186951,0.5054971206462964
0.9915353455390075,0.6542622560567917
2.1662279193646703,1.2834404494006983
0.19812319531443479,0.5086249805971086
-1.3624874454148588,-0.47277917401869085
-1.8464585354104466,-0.6893295011594149
-0.48660457769295395,0.04807869797473467
-0.6592045945781477,-0.11207914837544065
-0.7935353085555723,-0.15270357498651946
0.27845354241792764,0.3794967751575756
1.2768336401230265,0.9640336134703295
1.1504845293553951,0.9964228867386202
1.8736918649362941,1.3769597298523382
2.1528819968884276,1.356616849476293
3.50097585814894,2.044002536752714
1.029183092050423,0.9615883659738425
3.0933531870765627,1.8918343144857859
2.67674950199884,1.5257079962246225
1.1159294975242713,0.9628591049874009
1.0693809343983092,0.8680956013750066
0.8046099485062362,0.6658882454740684
0.5517000487465201,0.539991469042499
0.9989429554637161,0.7484064154800887
-0.28269806187123603,0.25804405340525144
1.0052570064566706,0.7376030476969382
1.9758976356064704,1.42082385251675
1.4103516581389193,0.9764494061675204
0.38495247417971423,0.6069344356793902
2.0523103735312347,1.2982861882971741
1.9847167053948298,1.3048596189895822
0.25523769522116535,0.44074042363051025
1.337080214334265,1.1228478430425475
1.8441334229813986,1.2043462837456669
1.198448945985017,0.912504613762049
1.4703086165669466,0.8951909395641668
0.6857153025342475,0.5529155712784212
-0.7002605290553878,-0.0078032767750700685
0.23430181395994742,0.41512216019446346
0.37207440861046925,0.5863713498809269
0.9913897507808614,0.651493857104358
0.5540201494647019,0.6595302264702836
0.966910017923271,0.5960005518544784
0.9890905799602798,0.741166430039102
0.5750820504835729,0.5145651327775466
0.9328865391200358,0.6975925864450209
1.336758872132869,0.9962435785010575
2.479703056526162,1.6276543531529972
-0.3351250814199511,0.20883176605639947
-0.17577463128008303,0.2747396344128827
0.6925125999835966,0.7817657108085065
0.151507774103041,0.31657365274903676
0.6743400582059562,0.5764541796475595
3.245754276342142,1.7512959487771074
2.5211716330031733,1.517037109532785
-0.03454979176279127,0.2873409001809637
-1.6777853229785473,-0.572785482012522
-1.239898599253055,-0.21425629600718699
-2.5423208273876043,-0.8676152434728079
-1.368081972382063,-0.37624483386353896
0.3779958358531472,0.5485076118556398
1.0129264364491937,0.7853681637049901
-0.3175706444069477,0.19962610896390587
-0.042462554396480945,0.09232989426346586
0.5153418444020776,0.5594385454786298
-0.33945854964439803,-0.06558641834884207
-0.5722926467699185,0.12159958332434385
0.6610301813189888,0.7094361090339655
0.4549377039544526,0.5700145202809815
0.4815306933005018,0.4634369348555793
0.1622802831590071,0.4182101416591019
0.34135999723406746,0.3335959587380197
0.36461875518264525,0.5511897745405688
1.6682818572710993,1.0650871567883111
0.6133314068410713,0.5677447566366489
0.6439897025377675,0.634929058546894
1.7774437458248225,1.0704312565772334
0.529842328029308,0.5242404654522017
-0.0356268212243947,0.2960036261244878
1.7870535825374843,1.08119371911782
0.8330103073392666,0.7400007430234952
-0.7916002028731713,-0.2124992220665496
-1.9009459902875299,-0.7066113425154055
0.08247031943801941,0.2340214957951584
-0.19791392122676482,0.22546180486373626
0.7992628381737077,0.6336306733312648
0.08852540819843924,0.43351046608807065
-0.4800627702728335,0.06406673400999016
0.510963742828904,0.44891284957619215
0.8245605010213485,0.8057942664329899
1.4675560981792692,1.0440424557887458
0.9696949590601428,0.9501400399197999
0.7449634432792476,0.6614265101171664
-0.7519809547175774,-0.17261695559417295
-1.2565569141256088,-0.320306285999313
-2.1126176856858727,-0.9583201388035593
-2.1027510483809224,-0.7778894595114615
-1.4942397360657256,-0.43611810127514
-0.2895166811822204,0.2054481559570745
-0.379250719315871,0.1647457707290298
-0.3579652775914421,0.12853088562695497
-0.9872254673992311,-0.21385201505116716
-0.9728295007681331,-0.17832701776854737
-0.5237219220833806,-0.0005919702665856119
-0.2344421894265681,0.31845416727251685
-1.5472776873425085,-0.5572338450639118
-0.03967147236189128,0.15451229717536052
-1.9449476104791856,-0.6766180128534054
-0.7624049412414515,0.10253663594502119
-0.06052730437736875,0.19380820199863164
-0.6482636230661201,-0.140678194251463
-1.2014574346225666,-0.31346517965401643
0.275843491817401,0.25632830006002605
1.0857963520818705,0.8538401567354834
-0.31971027891193593,0.14568045722641107
0.3875813223915264,0.4505626335156664
0.10989310969700705,0.3144194737642518
-2.1898785872401008,-0.704486597710336
-2.4492052167689216,-0.7909374091710799
-3.0709225639872115,-1.386787611118633
-1.668977155193531,-0.6413117470847086
-2.604911211305992,-0.9106105467837019
-1.1606570715020486,-0.21081697232795987
-1.399506954586255,-0.26814638889800235
-0.3365652140150145,0.09065134239133463
-1.3548123916150796,-0.21717435882842456
-2.5385885057926316,-0.8072069765822354
-2.2928138896550116,-0.7921355048599581
-0.21702411291591028,0.22325337790918068
1.361796391238144,0.9406833431954591
0.5669777263738158,0.6057810316374439
0.16469496591882687,0.3975497556760495
-0.46222479328533017,0.13244378310574165
-0.09961596018916347,0.3234927849436443
0.1264981061442656,0.3397318107611119
0.09670152167381107,0.4719790889649119
-0.06364372840289403,0.06994645174526182
-0.47560705405039283,0.00479228696168664
-1.145681813890696,-0.3414338773954022
-0.818202618157506,-0.12606635849236994
-2.0773872873808603,-0.7667586774987469
-1.4894519649947917,-0.47894756929301874
0.38184827991107906,0.535256133084285
0.11456904087327524,0.26205957787824596
-0.4670764055405155,0.10604504834547868
0.7535192703745994,0.6834981857688949
2.2432193234365223,1.362004144031333
1.3936889809946753,0.9238308281598915
0.9657052323782744,0.8104190270790935
0.8090958520322429,0.7183590531957497
0.6518946646565691,0.5411506599144518
1.1609751234578023,1.0052365130248524
-0.7005586655221439,0.0025323490228038037
-0.05587587247797676,0.11060541280763037
-0.6005058508824443,0.001873420312188265
-0.10736453167548277,0.26130695948213567
-1.8112091879799934,-0.6511947060724415
0.7105385626936269,0.6659314127320387
-0.6533073603340568,-0.16058517825153817
-0.12121764225865772,0.3445104349849855
0.3456455024276058,0.4704226627599407
-0.7080205801898262,-0.052851050676271154
-0.40431288998442405,0.17413335107879963
-1.1884800259833428,-0.2934983756651441
-0.49952534503768725,-0.10537300720527928
-0.7021695554680006,-0.19372446835457202
-1.0090750376028397,-0.3274710354189327
-0.7819451699605879,-0.18275072070727783
0.03881502555095617,0.14632944475006396
-1.1469898350159762,-0.2832672767289615
-2.9489233847261165,-1.262608922099447
-1.1018559220164499,-0.1880478415455264
-0.53030874138423,0.20469681274370258
-0.9485936467360001,-0.18567601441934348
-1.4113805928419039,-0.5808139432729622
-1.4151446195541282,-0.4480404201380221
-1.202735749720613,-0.302777033400517
-0.38415882983797756,0.21904639072178433
-0.5255729320867409,-0.06508818315612548
-0.3853603265760096,0.059743554780149415
-1.3184833584740772,-0.31693671615175123
-1.8652246938002217,-0.6257373971440616
0.9204582500674043,0.8027316728642222
0.3762545900788743,0.5631144264050338
-0.1435413884989573,0.26162994258046496
0.666713998412849,0.652416342626917
-0.6324087752651953,-0.1628243928975824
-1.287064591260818,-0.39455912706273766
0.4772194398970754,0.6685134685135128
0.795445080323008,0.4788829213690511
-0.15237586165955241,0.31365345763269525
1.4614705329278435,1.1975639684661485
0.8050899708727811,0.8205079159984046
1.0522174914598745,0.7631720437059002
2.773121889711491,1.7792833860939405
-0.1937133964815032,0.12387463277398411
0.5632640361406933,0.6774150973733161
-0.47794272810003435,0.04903874581871162
0.7120215893759441,0.5161045800567157
0.771000568517867,0.6409202391831217
0.07311349408390899,0.3716844332711602
2.204695338802045,1.4921561241886558
1.532710420727109,1.0682198514495649
0.8846249605421965,0.7188291862571623
1.7124804677180263,1.081184211636432
-0.9154882610311366,-0.08829043557112216
-2.7939021007927187,-1.006836449619914
-1.9134765351658478,-0.8137172616357117
-1.6306153873233649,-0.4645328781958139
-1.5306560441336756,-0.41420361510509085
-3.487683877703728,-1.3718372646603372
-1.208166284570816,-0.4115640681516304
-1.1391571706278207,-0.1627798790987819
-1.750640374170357,-0.6772935452459016
-0.9435973357210908,-0.34523045784332096
-0.5734541829867872,-0.02721746424438662
-1.2960897673767455,-0.42343879660159434
-0.36458958032450317,0.1816081183928468
0.5979791553214139,0.5157439276590621
1.5863436785069425,1.085564932072474
2.7022356498413282,1.5144442710729393
0.09772260641800545,0.4802817800194872
1.3652625322774128,1.042879855468149
1.4326807470448109,1.0436285445770455
2.1999978254456307,1.4272557052167747
3.2224737517919686,1.9363450354978327
1.2090773226619045,0.8773792377051954
2.131960691256417,1.4592084918180126
1.8350594367578712,1.1851535992360462
0.1813308313025428,0.37322233136570787
-0.2302891556857993,0.21832143925501585
0.1956431510657435,0.3596562188617794
-0.9049602900325298,-0.2890235511973823
-0.4431440567530765,0.021126852300866784
-2.613884831449011,-1.1000961852438993
-2.427301847940489,-0.8262396087489245
-1.7305904819985962,-0.5846632162242862
-0.9519056221068831,-0.19561273267865703
-0.6808199671752933,-0.26785084777745816
-0.14425221858430165,0.22044230787823849
1.0802555960964981,1.0010469079239497
2.321252795841912,1.515137631130893
1.334915286541017,1.121378198508748
-0.31638387031874693,0.23993262558651895
0.32262145021176597,0.4178482766096395
-0.22470175734566566,0.08574408612558553
1.9034918174138338,1.428063095531296
2.4412172274374306,1.5124036596102644
1.0128135823839266,0.8296666631924998
0.5408014438915425,0.4933371699433297
-0.9342956666964355,-0.06774526662056013
-1.2711601035678517,-0.22523670629893494
-1.7611355118059882,-0.5785499357217404
0.44688423406281497,0.5199471671056484
1.1219654219607182,1.0731309294661644
0.19137082310351727,0.3781743275202783
-0.03594712617646845,0.2611719009590747
0.17295049616300157,0.4217913970561851
-0.4560405139905847,0.17607158647933335
0.518162073139957,0.4656286706187945
-0.46753207661883195,0.11221606229379964
-1.0965103124181397,-0.2605609497786755
0.23342785322252257,0.4534654001507336
-1.1621692850019165,-0.25826662742785006
-0.631128241212617,-0.16485544869112384
-1.5220059424518735,-0.4172644985692103
-1.5155449788940114,-0.7428129779604677
-0.8095003343045057,-0.10145520414016196
-0.8944084056309599,-0.12955988484982786
-1.9383639392801129,-0.6676898367044374
-1.3258261811715306,-0.18037306096298197
-2.7418850532362287,-0.8706663032126521
-0.9356907799098514,-0.1948042384002248
-0.4467323545401829,0.09898023493339042
-0.902321345333443,-0.0787935478358558
0.5747214816461599,0.6180256707855933
-0.5787849266847677,-0.1060958086168786
-1.3827490445803048,-0.2932275946561055
-0.3665392643637976,0.04198037156542141
-1.0702425496872954,-0.14220835794645142
-0.02691607721137279,0.13107114458768251
-0.933442964140462,-0.1437107639614128
-1.2614915852098325,-0.30244462284235407
-0.8920222254017017,-0.20222151027652835
0.41458849674491594,0.4620168716852212
1.4811721364766228,1.075537346997703
0.4924758576099196,0.4467834117419043
-0.09360998622959199,0.4674388288202994
-2.1170453695225957,-0.5613844464890361
-2.8578215483585607,-1.1394736558612175
-0.6324142334113654,-0.11707294215859222
0.07634410066354325,0.2719242863274186
-1.4301626827069558,-0.5327234602456716
0.05561167073361284,0.3519640797453599
-0.20552010397680914,0.20361329784626037
-1.98375861376571,-0.6212385243390075
0.0740253133858606,0.21755389503636494
1.187144700419756,0.9367456843322037
0.4598077550770533,0.5650687307510269
1.0447753601739407,0.8286933772340929
1.5770104657816648,1.0392432801254727
2.7891899891281104,1.6969735092668334
0.9747051864586826,0.7458854786450784
2.853855571467358,1.7806571096656627
0.23986264119129275,0.288736066369669
-0.7016295263425087,-0.24350552363419958
-0.4602169100865099,0.11618755229042937
-0.16783022299250655,0.2744805909390861
-0.8803035840324622,-0.25847178332033716
-2.241950951501168,-0.9897794174856966
-0.8557500932874134,-0.058983535246178304
-1.3619548807647976,-0.3725312679083626
-0.06521040896540586,0.36169448088753686
-1.0117834567660815,-0.11378791125152848
0.23692656694848524,0.48933117409562815
0.2700551564541625,0.417194054190447
0.8891393261498849,0.6934349320712707
-1.248402315116016,-0.33498306136859896
-2.1245720374403514,-0.8075947744872184
-2.5018531568895233,-0.9307892743850034
-0.46126995836168005,0.01959149205726174
-1.0936035217623412,-0.29887253104644607
-0.3037878934481504,0.10201637321394796
0.2095021883118905,0.2945057116030695
-0.7455557750054868,0.01162395111222811
-2.326293531989676,-0.7311196420483963
-2.127862502508949,-0.6189775050310689
-1.1146834986236394,-0.19095835992280286
-2.354052615454072,-0.7987114778084401
-1.8202553226055092,-0.6442991395451543
-1.6719226612663798,-0.5227416368393053
-1.3360130680460602,-0.3895556383413516
0.4302489063417111,0.5494920755970127
0.07617426151542361,0.4267711700250014
-0.27071716216877684,0.21610541720583928
-0.009379353651158662,0.2133883429425324
-0.17445510725170643,0.3442687353335652
0.23344737356772047,0.5588992563876182
0.4027572424273106,0.5477004449939228
0.3975535806182919,0.5521523629909
1.8802260124083725,1.2258614193567892
1.1778500123939895,0.9195584326165329
1.2082582580927999,1.040155563733751
1.54558539743664,0.949248864119517
-0.33626650759304866,0.1486296606078275
0.21231660386182,0.23483527973335425
-0.3797608979734592,0.31454580442575775
0.332677412544783,0.4294196477631269
0.7843608203376986,0.7464833084829819
-0.31728750888927304,0.3349488768881164
-0.10462647789331539,0.22887518151920547
0.6276868651791682,0.5523462233827849
1.3457432052823672,1.1084536400211384
0.7138258842804253,0.6193707610811876
-0.7773954497441747,-0.022241896315930362
-1.378212667384894,-0.4952631813566335
-1.5826858210285397,-0.41789600489768647
0.3145754913088312,0.621809322445923
-0.8329447487928294,-0.0890467637683762
-1.0700974401354686,-0.22868541095183717
-2.116854622950669,-0.7537297621120338
-1.3112154961094045,-0.25089215435471435
0.09268480087778397,0.2523034261658219
-1.0054420865795175,0.021999925751161192
0.4019967876582363,0.44413744846612935
1.2368460661314011,1.1449976959863186
0.971808904523917,0.8284542301237328
1.4776599485827038,1.0174211759940397
2.1196135679471295,1.3524107413872335
0.19198818462020129,0.3996040970968161
-0.4546970218414562,0.23830988434315575
-2.494990131303685,-0.9124167428484865
-1.2010542266527044,-0.42336906388992535
0.21984572183498874,0.39455046691937967
0.9754214133663293,0.7719501437239852
0.9616972555938919,0.6581230819737475
2.040215923327672,1.3136666485367219
2.223262524007458,1.553971462017285
2.895317357000195,1.7369962901279283
2.480138619434703,1.5377094717923208
4.435681154456073,2.5328083910209283
2.9062869378794667,1.6939236159490358
0.95300696479593,0.7972535086789971
0.457733883961476,0.40494158089917687
1.5421398052035797,1.1574397539799182
1.2979261689465627,0.9557833435946753
1.6198315904199778,1.0423874532392157
1.783612318246592,1.1979536636295072
2.3586241683776117,1.355283327099053
1.0035536835888388,0.834024743916095
2.1800914813015653,1.323336485349171
-0.4771748357403036,0.013135871254646068
-0.00783039129630847,0.2345530380525679
-0.5799320067133512,0.048993737040949115
-1.863093963778056,-0.5834943938617576
-1.1316372532235643,-0.11990286202469494
-0.5051666445403709,0.11159941610376546
