0.5361224321966875,0.5089236365592447
0.9347151269399382,0.7924068607818191
1.4852338975891899,0.882736093837418
0.6054217895381635,0.6484650882492279
0.11266896645302854,0.4832249383684768
0.3986721565588677,0.38307651166156054
0.8551613631413633,0.6711842042013149
0.9814333060538791,0.804969617054312
-0.43037999737692734,0.06673582252497408
-1.0372011266091945,-0.14116604441648445
-0.9599282548458157,-0.2589478110006488
-0.1690978379311081,0.2234049158757665
1.5604814168818475,1.0899487003383361
1.370916911851074,0.9237970646091715
0.6366443238986211,0.5996387919430813
-0.4043057428702048,0.35277698303783384
0.9562603537620238,0.8554164810446772
1.6993495819664977,1.225310869566417
-0.7179456216344773,0.04567246303222211
-0.3354989739229104,0.186871041866434
-0.03006244800889213,0.23607899828875742
-0.06168230573907875,0.4090941002807248
1.3472717083918075,0.8725926630283161
2.6907755238641498,1.6849247501279678
1.1881823830061002,0.9141767609191301
2.9758762917517316,1.6957840717014998
3.580566764392235,2.046944099625804
2.069198467035442,1.1150445023759095
0.5512357873383421,0.46855338543264924
-0.20002142577151982,-0.03681832085752662
1.4798348825702972,1.0724215863379316
1.965397220934956,1.3899780678334117
1.2368917560082053,0.9504421415325314
1.8630683326479924,1.2719681481748
-0.43562710437358376,0.1040465750064329
-1.043170015997534,-0.3630805629131937
-0.6662312236675622,-0.002927283612666365
0.7457012705321806,0.6484302391994716
1.1426375961625228,0.9692099512940417
3.1442107347994455,2.008892281823635
1.6502580719633126,1.0493906641937956
1.072652327859145,0.7633150409447513
0.7167026256223299,0.719926359411437
0.14436926043581028,0.2966169915674094
0.35079765191080947,0.4155759844647932
1.1600894565079234,0.8569287825227145
2.0626257266640184,1.5005585959796615
-0.48719360471125306,0.10663493505229218
-1.5534789309860457,-0.5664781351386798
-0.7556680605978423,0.015217167657163508
-0.2548030518620231,0.1474603594273061
1.1159542953885166,0.85242251146487
1.7029536575862916,1.153343466789288
-0.680002802907973,0.041332055926457945
-0.31735673573543255,0.1527080611675056
0.23245175340066554,0.5752747197320316
1.5699942100303257,1.1897633216584766
1.821819133154761,1.163699005319518
1.609194683559963,1.0421208389008212
2.1876500157809367,1.3357961056062038
2.2533863702605914,1.3859231590867978
1.9681370682259987,1.2411969214000058
-0.0646179495098611,0.18080485441627678
0.9604629767954984,0.8301064113021865
1.546472670838897,1.2304377506404287
1.605651043201152,1.1548768264322828
0.03297636159361572,0.4021818988683823
0.5193691665496745,0.8622720700320721
0.5376107445816688,0.5602268764255565
0.6531812523094663,0.6270906675218878
-1.2644524427316797,-0.31061684619161145
-0.6936890987478654,-0.1217579169193866
0.9584522368403449,0.7373310560835667
1.6441709982836192,1.0993501427837855
1.29131969138529,0.967810301684536
0.21017958163496753,0.5417462299327882
-2.0296634496992834,-0.769543175397177
-0.6300749097879661,-0.019630758716842743
-0.5654883118407699,0.0483048639756801
-1.1274184954993132,-0.1647629419472678
-1.6640073757785476,-0.33163687958548665
-0.2004992308365533,0.2255939902062766
-1.9867163483617436,-0.5082927210184089
-1.0900831366191948,-0.2538858430714253
-1.0451571540254287,-0.18378949145905837
-2.4614683814587526,-1.0168357909668992
-0.17648411704985034,0.45306012607558993
0.4404776885764235,0.6343916343476235
-0.4056670640181534,0.15498102773150263
-0.6322511015023213,-0.022238508138603463
-0.9679902619968029,-0.16642624099256914
-1.8015010558963565,-0.5302755690875453
-0.403401816419637,0.270411903082166
1.22335597172211,0.7475850960941185
1.075767536964892,0.8648869616000396
-0.1994402560231423,0.18137290807425815
-0.6410810960574078,-0.08567449621454534
-1.7661257341512444,-0.7116922062228581
-2.0527716434455803,-0.7066286606529607
-0.2519007405801018,0.20390052272491327
1.3012412103161437,0.8980373794419336
-0.03179889504291211,0.5528667173801457
-1.530308873045706,-0.5427146771886093
-0.6981364578775426,-0.29709243718731526
-1.7611426861663384,-0.4939906790673816
-0.9267275601872198,-0.19122125340165302
-0.5779301071778622,0.15596819263565134
-1.4469023713652966,-0.4475670071375984
-0.38125130421756503,0.17050476966158212
0.6218066367741897,0.6325188237786552
-0.8573383313888711,-0.13923342841431105
-0.7904367411959542,-0.17007983226146228
-0.438320292743629,0.2565560333073087
1.545698623147325,1.0286174351955575
1.0068885405989951,0.7093925836522147
0.3186490793872179,0.4180537564062831
-0.8056282726560331,-0.28641582074701855
-0.06959228022799546,0.209548243316916
1.2605226174292097,0.7283512766272098
1.2159201875308199,0.9856197547522674
1.6493785445148315,1.2156117138104616
2.10587700227358,1.3472646160493686
1.0894211428409937,0.9558926179322917
1.028377570801457,0.753323346675709
0.6022944905839955,0.470507923254606
0.001981460751569908,0.2896076618762188
-0.11500446659166491,0.13119765099635772
-0.2280269227664832,0.21637069552779464
-0.21930592727776957,0.10946643503871348
-1.269511413723863,-0.3323400367414564
-1.3002235278555938,-0.29184411441317126
-1.5373514960300492,-0.4317024488922834
-0.4381734006921627,0.06840975936014629
-0.4385651459170054,0.15427811183338855
-1.1121889677347605,-0.4438602524270912
-2.6642353486321224,-0.9734358211950425
-0.7916519946047884,-0.21208535074054125
1.1929050727306314,0.8617225906090461
0.8199728435447798,0.5344340971896591
1.2169303739927178,0.9168575563823566
1.3238248351428592,0.9817194102976954
1.484326284669393,0.8993785764678903
0.7724330035517017,0.8390358879251455
0.7245277217709967,0.6235257382608382
0.4953349360060023,0.5109634499905304
0.6635011031710941,0.4933803966519209
0.855630821004646,0.8114221850651677
0.042141958276067926,0.31183398409111307
-0.7509503137396084,-0.13935304638565718
-0.13548717500940222,0.3960783056006169
0.1713877811231106,0.4448228352138074
-0.21809670462995448,0.18430937568684222
-1.1163630118583363,-0.2737450085847558
-0.5841570664884734,0.10054652808352907
-2.3902405334125083,-0.8567501518250626
-0.831889073431322,-0.23558912697451745
-2.379481422775411,-0.9891938328151171
-0.8353742660461514,-0.1203841280925774
-1.7047319234293319,-0.6146219419815596
-1.4510579617403805,-0.49064293932894576
-0.862567152174203,-0.05469131322133855
-0.8249909477192628,-0.08475483038806371
-0.2330234444466424,0.39479538348433124
-1.1850487402793126,-0.35079291666994383
-0.3601126348170839,0.11780924851649718
1.087744632917913,0.9136311413982997
0.5822454022695788,0.6257457421510705
0.18881683287289186,0.3999438291792548
-0.7733108347039672,-0.030437664258721207
-1.4904436120271116,-0.44343933517188616
-1.1669956913871955,-0.18735075782366648
-1.793529237845398,-0.4913726865374498
0.9725959952023224,0.8290858943995233
1.698189339770956,1.3312778922198838
0.15072103824285676,0.45466807861246883
1.6254693906143394,1.0184431772647207
2.030026035777459,1.2788841441361285
3.236738751990581,1.8772331494087706
0.8104479485358893,0.8485726437374942
0.13625025789375023,0.3603503237573568
1.7612099790031535,1.1298374021386766
2.826418844197295,1.744009411554161
-0.06255820160290826,0.3610956526826001
0.774437607428084,0.7045380012221163
1.2846389137580712,1.1340980150790454
1.0241969082328988,0.9245539168758412
0.7765727193169734,0.6070205354234568
0.7200380219216146,0.6214892804188684
0.12786305005022636,0.25945206126216586
-1.5485827984357567,-0.4364722420057645
-2.7275077924679185,-1.1506743442644718
0.27534092163577206,0.4257103003631136
0.22934819703511808,0.3642989206021064
1.0573253296287097,0.8981910581096382
1.7378512375762984,1.0956205873346898
2.428784978013863,1.6528122380877477
1.3614167214023052,1.0070590112962858
0.3718265342025844,0.6443106113437975
0.3620755228604093,0.5745599508933933
1.2822078697661423,1.0809143099888283
0.04504912528910043,0.11000225024234292
-1.1126640176066638,-0.20646199201634702
-1.5558000236707885,-0.39080269017684355
-0.9944248871203136,-0.32734488306626464
-0.8458237070314529,-0.1517851064718775
-2.9106750154576337,-1.1621922380072285
-0.6934378916799023,-0.15206659308712137
0.2764454887887404,0.48298144886795347
0.7228661208232687,0.6044026268352677
1.2697647220485395,1.0227577348779597
2.7665490495916836,1.5947726498544703
1.1314704636183939,1.020804072123663
2.6052623827561,1.6374798350293995
0.34501937430822927,0.4252887733126283
-0.6280891509449695,0.09778766534579246
0.029694702321587996,0.5337139311576511
-1.2409557034393666,-0.38357099883796597
-0.6918734497211563,0.007936507091142214
0.32306210921626055,0.4394579989935924
0.5347305412461509,0.686386555651089
-1.7102547169459497,-0.33923859546489543
-1.1750858648303297,-0.32851492591684345
-0.9510569209887952,-0.15874310553021745
-2.200150815335235,-0.8433428279396024
-1.6835703098379213,-0.5209568302886831
1.3561053166869297,0.9855046681248929
-0.19163508991733946,0.07444888381912121
-0.452835643111415,0.16253501979659984
0.4970399824125321,0.6009434905571169
-0.5178838639916719,-0.07399813426930196
0.41834668613864884,0.37842689379203187
0.5479426179570979,0.4635079163631385
-0.6234029079294582,0.12216873972057937
-0.795734303716282,-0.11357783984413826
-1.5323429272268556,-0.5772493062001371
-1.2200131655343025,-0.23941460504334644
0.11225505790913592,0.2832472994928039
1.0006602710178354,0.9248998142672601
2.0728189940573554,1.3010991941054193
2.561594438213972,1.557182482866549
3.3625758190768607,1.8978636884088775
1.6243192134882132,1.1695730548458296
1.283876176314457,1.0439252672619612
-1.2491912046347076,-0.4635248585307542
-1.962863247115018,-0.5530941252063379
-0.036406981320473264,0.31480769370031914
1.8067505092862657,1.2429600754761765
0.6098890744180332,0.7095577525557896
1.1163451033840337,0.7631836259241874
2.243671133790973,1.3960337116055221
-0.25439766479376,0.07670251941721073
-1.1314985241445643,-0.23202511992952168
-1.2467069461997466,-0.28355340365189485
-0.11661055262027598,0.20846076292474364
0.2324526958774305,0.4065353188612838
0.7718130097780764,0.5770728923393509
1.1518350305025422,0.8952373639379669
1.7300274857607298,1.0602048587197246
-0.2525902634208048,0.1566983537700132
0.44309583791157614,0.5440358967758729
-1.143693466381063,-0.5442525856727736
-2.1560241611611297,-0.6760205325597183
-0.4615107156031055,0.07215802175521016
-0.3749609082146781,0.022192909913975226
-0.43001571308924336,0.25017362222371975
-1.6974223535431574,-0.6219441956516618
-0.003426990691555609,0.3165089989268834
0.7588520526664371,0.6325526175252245
0.7967578557284218,0.7293975041227349
0.11622392136212079,0.33439561439781873
-0.9326384360938283,-0.10510115790515076
0.3324254595121947,0.4080306116527719
-0.059820987496967515,0.10185037709837672
-0.20175179591111314,0.3991151084503528
-0.796027533653098,0.009693804225407887
-0.20203437948799569,0.15146159083898394
-1.0712761285974668,-0.26396954667314343
-2.9087081846694733,-0.9781614018974245
-2.1447103515254007,-0.7753188436867293
-1.9457379612938879,-0.5261568957025293
-0.8979181689590477,0.0022554882305503565
-1.4019770442149706,-0.44391958156001277
-1.7913363602626138,-0.8452638899846783
-0.3332269112793641,0.11219803569238143
0.2811673558883534,0.40810169462223966
0.03826705643541076,0.26409384490160726
-0.21903295458563532,0.1966808945472153
0.7239899072985171,0.6222406740053681
1.9873375656358752,1.331759837659539
1.8652182718771848,1.0716370797427788
2.406433555149434,1.4208376409396457
2.306368908821942,1.3390670569918952
0.7423185510954151,0.847067378719687
-0.2513480298146167,0.23449657111412212
1.8011370681985293,1.0473275633981423
1.3329785651178077,0.8926979750430607
1.570982813691634,1.131816851081712
1.0743187697388232,1.0606097566980823
0.42109611862364343,0.44824844971846345
0.4505004185287059,0.5989658355178904
1.2098472537693183,0.9648296993827623
0.24550975374753548,0.36241405723471987
1.523025873197848,1.0792980146370645
-0.12219967740088877,0.33436279675157987
-0.37493155016597923,0.1432133028007853
-0.9571721447543489,-0.1728924816988183
-0.04900130300283134,0.2779691270375633
0.22694039661009027,0.5165469973775569
0.17745783808072804,0.47870226047224157
0.397115268762973,0.5563043247002918
-0.38923548104613226,0.019947549867113223
-1.9820572852952645,-0.558470807808581
-1.5129182308279003,-0.3995723687778856
0.2706339711611352,0.39515809070957186
-0.40098985994080927,0.12597957117569059
-0.8296113620776568,-0.051892328852961814
-0.9124900472034736,-0.2395072930010294
-1.6861497465930584,-0.33264956224402753
-0.30707765975239776,0.20767647997297212
-0.5881952943681958,0.03379879071260446
-0.9325554226994786,-0.2738433159483237
-1.4942682260431845,-0.553589055172897
-1.7196085336917177,-0.38700469169655577
0.6247440457736595,0.5193735629467822
1.449816440917179,1.0175780847070828
2.7921348903095957,1.7955681712701532
3.3587021624835,1.944008997895741
-0.10099306443605438,0.2963126343877287
1.4182716150298642,1.0886918695064582
0.6656378425381068,0.7997612442306032
1.5160422499741357,0.9551334241670763
-1.4488519902307266,-0.49094188354172896
-1.2629197695112695,-0.291416199273559
-2.0434290799812143,-0.8140836636431649
-1.333817384847836,-0.3642353591509745
-2.642924093078787,-1.19749013834002
-1.3931868705033499,-0.3486879747764581
0.7882961339460554,0.6377636891920102
2.241810773364093,1.2258629215832935
3.277366686156799,1.823758432256876
2.1730619141723975,1.3564751020386945
2.212215337274597,1.4015034667388495
0.7564115282215076,0.7938708847011963
1.579028088355094,1.0852404913053488
1.236678438754114,0.869819623306418
1.9059759098598317,1.2653505467634418
0.624131536996789,0.664050031433272
0.4042095684181174,0.5632345533191657
-0.6320744038893651,-0.10548919264121655
-1.5957395041624047,-0.6053679341999052
0.5668392099551336,0.4434121051774599
-0.11751030271992946,0.21622227954962095
1.4113094846290388,1.0351651447589902
1.0337267882008672,0.709812642613457
1.850956577079221,1.3162383296238624
1.9717803381109573,1.3869655591143117
-0.40903375906865547,0.08159258529266805
-0.6120174035714583,0.13428116297309706
-0.524805714005063,-0.019562420290118912
-0.8663861209504595,-0.033649826661490745
-1.1855881999083544,-0.40174417095384485
-1.1260966650025663,-0.2907442080843348
-1.5253126864137938,-0.39852697271744786
-2.8535348208653915,-1.3293828689886142
0.5777083569727623,0.5649889366657896
0.3321632823763736,0.2804720417037018
-0.23175078780567004,0.17271229070943162
-0.6882691109909376,-0.15614677874532018
-0.14369202015249177,0.220225582759449
0.1921222103717617,0.45235335315379577
0.871942175943012,0.5971430282138392
1.12907978424326,0.7028410045963662
2.018747300510386,1.3943389043910934
2.2767443711027173,1.459220939320502
1.5627871389134311,0.9220783281164265
-1.5922253931649946,-0.6062630199572688
-0.40682557289834764,-0.0631250941151481
0.7698171496518948,0.6692003794044848
0.2876133797040683,0.477126730968896
-1.3695967297816827,-0.5169547017650439
-1.6542957975559407,-0.47445518953992116
-0.9247860728005911,-0.11085652236287116
-0.7714438008130757,0.03866063182451368
-1.1726585403420033,-0.24548449642326073
-1.4856574319559281,-0.3216094357119169
-0.08974284039933478,0.11616694685885662
-0.4035081257965673,0.12739950147359574
0.440333723134395,0.5672119213074654
1.6640989442336975,1.2400363640035827
-0.6583837670350412,-0.1454951633369181
-1.669645797735082,-0.5517095737591179
-0.9451504167450643,-0.18880002176967986
0.12761487980739206,0.4204022351025902
0.6010486119791808,0.6239135077899765
-1.2852379028792036,-0.4349861080570391
-0.40517604684664954,-0.00490510768099113
-0.9785555679759114,-0.13845546018220328
-2.2487796685230252,-0.7857178028857504
-0.16077516674325276,0.2893740186903537
0.3939546331437119,0.33582671451310653
0.7755390956627044,0.7864948717755815
1.7384488852087772,1.154918227593286
1.5137842531400312,1.242992292605306
-0.2868675082361688,0.034658799215397273
0.7520801670420807,0.6020025574976959
2.3551128681272546,1.3829419391197086
0.5086809773604972,0.5620880623536131
0.7201208753774158,0.8210306700971148
0.5690497858504656,0.61006393226766
2.0322920049115107,1.2627384565565745
1.1955855159975357,0.9649226793300104
-0.07105792706366354,0.20041501660920769
-1.9857715971346868,-0.5454816267521623
-0.396490085081898,0.13532081640917545
-1.948036005521159,-0.8005707301889518
-1.1403320904274867,-0.28712469194660456
-1.8561472016876077,-0.4493953056573109
-1.5736827542753256,-0.5044140989851679
-1.7087935725331946,-0.6255582084663405
-0.5556936503561167,0.027681746405108242
-0.7664709223140737,-0.19769888606628644
-1.4163699210099916,-0.4968838362376363
-1.962188635551585,-0.7001778292591221
-1.3759250400445306,-0.48522840220143365
-1.478170950331497,-0.5729243746277396
-1.9089941672418043,-0.6590089924455887
-0.6078808447707734,-0.3220995505016879
0.39307079954575996,0.546345948549371
-0.4322023199033616,-0.014992621966016736
1.0947875784896086,0.6682587182828104
-0.050351242205304736,0.2793406518042788
0.16645935116024727,0.4568153564106379
0.9253201114599937,0.6326337817476554
-0.26999249919241985,0.17566573748433334
-2.068960925658856,-0.6938584203734566
0.29037108650430477,0.3268597084602215
1.915951017289299,1.3872354084627876
1.9482297172371412,1.3096169666525697
0.12032535569576885,0.26998833216243207
0.3117451615249538,0.466023030122012
-1.2071707521944879,-0.30887636414009456
-2.07216064663381,-0.7379016493524856
-1.7239657312670431,-0.6165656663774793
-1.2521150548362616,-0.3801427458507391
-3.267029304304506,-1.347891895004482
-1.0346124853463925,-0.3013098629207361
-1.9005948189604065,-0.7732091461622643
-1.0466288567821123,-0.23243508268484886
0.06700369860769861,0.2122290584528784
0.22953097886279242,0.4948517162665541
0.14632903312312517,0.47107696727759796
-0.15473174337770612,0.1569233230143948
-0.012204370927796915,0.44611557779107347
-1.3150489674137316,-0.2784760471814262
0.019614168485831307,0.26733314392180085
0.27436730264790443,0.46297543874782604
0.6539038304388629,0.6596765653065955
-0.1943589067239373,0.18527270585739097
0.4487305253452476,0.46739443385988
-0.6192079916255974,0.03818602903545977
-0.12174941444925769,0.09192492202557695
-0.42182627025293457,0.10053210946332593
-1.353023383620258,-0.30821440391055527
-0.7078235027612926,-0.12104923396081108
-1.4591179270906731,-0.4458062399443219
-1.053911201831343,-0.21318463545594563
-0.585885341698488,0.22839759189339492
0.7984048665999269,0.621463296093547
0.24610348039460722,0.6353767658075256
-1.5964190690250741,-0.4791723729415198
-1.377035414000486,-0.44333393355769063
-2.8556014406034436,-1.238309763096196
-0.8003454742133101,-0.25455306612729267
0.7580453386687934,0.7463620288177932
2.7311757871848186,1.6886955497995264
2.1558772970409925,1.3677894761657847
0.548241885126613,0.5529033215165424
-0.05833045692388028,0.22249753307962705
-0.32623777405211585,-0.006918515457717239
0.17866106117939862,0.5558798618435039
-0.209881372320258,0.19172420380511432
1.02746151901216,0.8244258146077433
1.1758329022187373,1.0740765000808519
0.901959815821803,0.7813784400771198
0.17075518901565734,0.30591694428359184
0.9309794477627791,0.7823178944012075
2.081019039550595,1.335534591892572
1.1294942821548501,0.7734468839129058
1.51884664053496,1.0869921548095722
1.3694620009795617,1.0529467440789861
0.3905415311616214,0.46759700511961366
0.20525269002966343,0.38430159112467277
0.10630513372219579,0.37903980886464134
-0.1204336723241284,0.32798420115074
0.24805775168915822,0.38540433293051524
2.0188283139276058,1.4252856006485317
0.7087891046156856,0.6639058903527989
1.353938727259285,0.9990458494268257
1.5338422124759785,1.1597662721986979
2.4909669645400796,1.6442224889126151
1.44295796936061,0.9244015232587159
1.8292604776440085,1.1953539931414539
1.8366934467720437,1.2471586758543363
1.819273795988608,1.1191098402773787
1.2411908565597727,1.0034470276416307
0.6273802800447386,0.46208603263845255
-0.42048837265737005,0.07125708816967258
-2.1690047529982555,-0.9292548991410023
-3.277734981147389,-1.2407656747801399
-0.7595468231966763,-0.0435433641101761
-1.567023930614023,-0.4146363118880758
-1.0756677088371804,-0.300552239121733
-2.404647460602228,-0.8063818754881442
-0.67180769776002,-0.18918344047134691
-1.8383247667518823,-0.5622007178844958
-0.3706083829361888,0.11924073433598009
0.4982820430387343,0.6288743583702031
-1.3866503575344018,-0.5123306533763418
1.250166134088518,0.9923467595130443
-0.062082245061847674,0.26338088229535356
0.36149513197792615,0.45271243712399234
1.800889095061962,1.1762660664110047
0.7683591483848166,0.7010795487224457
-0.34758578408565144,0.022092018438501768
-0.013428281359119276,0.10080215965420505
-0.42315922576548465,0.22851034682872173
-0.79608950983513,-0.0919889764669834
-1.4443120139849692,-0.37050000640047065
-1.8880739664437716,-0.6848554358749724
-1.3370654280387473,-0.22853679335599025
0.5014304417490643,0.4149327080990717
0.2661987542850517,0.2810780251009789
-0.00400693453238854,0.17121835671945249
0.8042444122617785,0.6702668451081079
0.6494829330102241,0.6073809619657706
0.4762283032457122,0.5304091733585988
0.7042752766003642,0.7389491441767277
-0.535757354567852,0.09394530429501563
0.22944817305964216,0.5032401689945966
0.5834419602529267,0.6731245580146902
2.533302584084324,1.3218086799641022
1.529776978003809,0.9527029991181901
1.2147463223993358,0.8754303237118212
-0.050473784222832,0.35068814351332356
-0.1911311870228544,0.15878646984983516
0.1709916273301775,0.4239285793589513
1.4348209139411665,1.1598469325669674
4.968220880502755,2.839245280176908
0.2968710403168453,0.6121013327856089
-2.9726068590648294,-1.1956782029044353
-1.831328284110031,-0.614328329678896
-0.8230499435537287,-0.13326160861363862
-0.7200662688342175,-0.17847888945968898
-0.0731211611640794,0.3034587645190688
1.7709552192124,1.3699749634017462
1.7004717458093908,1.0941648235998007
1.0620339297690253,0.8280991559366172
1.4920722399441702,1.0735728701896425
0.6930484760427733,0.4577204758616783
1.4411361929817321,0.9549541545493117
0.7972442438263034,0.6440877499984633
-1.3271901746082058,-0.5247958109551476
-0.7400488818649528,-0.0332142481022211
-1.0340426012650104,-0.20505063796080827
-1.116980661070059,-0.18577310564634514
-0.558490044036481,0.015055880380381276
0.19705504321715117,0.48744958000598543
0.41286049281875015,0.5968370760037123
0.32215305427219926,0.5049554754484207
2.264771397499686,1.4351969869397716
1.651174485261995,1.1060621874407848
0.39111521793080106,0.4983748351568891
1.1319014338041444,0.9094432882169698
1.8643658311831715,1.384514819857139
0.618667582736554,0.5751425610255356
1.1282425823422986,0.920213654214904
2.14857533809879,1.1939247540479723
0.01846177802404081,0.22365800403525465
2.1982942419059373,1.3227921134566105
2.301448852966371,1.503013079419278
0.3501539396704958,0.4701249222604602
0.3170485094979964,0.5348783316115787
1.873339498199453,1.2582151752650643
0.2864927327481872,0.22452297671736215
1.476819144418614,0.8984646455433821
0.7755258751478169,0.5115223273539168
1.2809074473241773,0.9534105104012733
1.6971576884056097,1.1667296359944033
2.618469809121495,1.5977951752611996
0.9285393239057049,0.8019334319895685
1.5038085426387968,1.110975738840376
0.18399897331519088,0.2065591626397955
-1.9568791082634582,-0.584671931000144
-2.404656761650354,-0.9255194485527829
-1.1082601195167863,-0.1527279863896214
0.8975961055663656,0.6793582148320207
1.8657567880221486,1.18187287874345
0.2053250984692424,0.38187816499654836
1.9833291953287702,1.2240206923102348
1.0834237874008104,0.7138500958220653
0.34654995860218846,0.44940360816521574
0.4831257806521837,0.3795581889159889
0.849701220752006,1.0091368039759867
1.0044597389147092,0.8659942984745671
2.3921247343493106,1.5130330760039166
-0.5362329793063165,-0.19185235215634128
0.6257365143941711,0.439894607004861
1.5459036959989267,1.0876145960381711
-0.7935387719499518,-0.1977409809928346
-1.2392897739947522,-0.3603572595867153
-1.929149900841542,-0.579621009643478
-2.2670900268098473,-0.8838997774314663
-2.115468003247702,-0.6885178704850169
-0.2046649100210074,0.19806184673706093
0.9834958312798254,0.6003777339294293
0.5002163734249228,0.4702103974853348
0.19862002142201524,0.4960604223683068
0.13891238273112974,0.25339280137393694
-0.006983009941808366,0.4847720985088019
-0.9803986543883352,-0.10623783595827214
-0.9740187562632298,-0.08706330675104136
-0.47799330316637195,-0.05806504550629396
-0.13109039019603136,0.20554981333031275
-0.7769388506140333,-0.1225922130500556
-0.7984107591487857,-0.09859556600839722
-0.039601720303122256,0.23471797592898883
1.1630327449650424,0.9821834124110408
0.5593240247742035,0.5452575040275622
-0.8751683381317905,-0.08534034879606162
0.9734816426681518,0.8957398024791271
2.024843100506283,1.5002370103517348
2.030356403803758,1.4771027178692524
1.944681210155513,1.0586764642153874
2.483818550605097,1.6977022819064804
2.0175998490728917,1.3772448210428938
1.246400001408879,0.8654857974232696
0.1528337862131789,0.45837057118499036
-1.1160743282512853,-0.20573014665640063
-1.4885040651891117,-0.3213696457779283
-0.6417161128117692,-0.06778978734166188
0.7710525391027009,0.7969560164583863
0.549664155686561,0.6494184156174123
1.0350134929365857,0.809830633885115
-0.34496367275511797,0.22643610370222622
0.423311372535558,0.5392908891456071
-0.5173164740238108,-0.01638136835999835
-0.2963473645071543,0.03351697073532202
-1.2348894178962608,-0.4343196534224081
-0.6874213905016107,0.0810460784165477
-1.1001313426988244,-0.2661574421275413
-0.14651511627161906,0.3080646997685253
1.78378258293285,1.2976594555597196
2.341034574608451,1.6848061829101828
2.4784238390320756,1.4334706404172648
1.7704253072365312,1.2498929317269547
-0.07006360999130412,0.3624584047065893
-0.21288820183808638,0.2141210138935941
0.7664878258473388,0.7103307576062546
3.077281756845787,1.6856072442162882
1.2116323190152236,1.0058375071042656
2.2086084483389925,1.2817518976208162
3.3908215082813955,2.033536561387103
0.0881914189655193,0.3758340766231017
1.2653437607717584,0.9234271866464554
0.8972320962398576,0.6771254862264895
-2.2161002558513934,-0.8635026760523865
0.37432348501821,0.5245006559488322
-1.1552842203684217,-0.4094609003472863
-0.7417194462356413,-0.22863875182772952
-0.7324953184423019,-0.03306209490601738
0.4976760254052168,0.5183000717535821
-0.752711802675606,-0.20581460031469093
-1.2564655217377576,-0.3838163895713048
-1.1373636941766483,-0.19731057665061355
-2.771261723341469,-1.010189277316876
-1.1496345433937052,-0.13787774614285261
-3.0288227752798917,-1.1401914096429213
-1.3479542471955468,-0.5007885171079469
-0.39259432845451325,0.021092733366760708
0.09932035540806888,0.294062272387115
0.30007030644645083,0.5401260114905446
0.9930195912800062,0.5554049278754978
0.28092896283644087,0.5161379917678176
-0.5752267254205785,0.023288672747512562
-1.0150738260596497,-0.23363996219143682
-1.5407898810472833,-0.5556913419118401
-1.3384055572987603,-0.5065711637445321
-1.8747021648230637,-0.7952422682997546
-3.00651235561827,-1.1547489159470434
-1.3356712602667806,-0.5810225652059388
-0.562565290207432,0.04080538249762872
0.9417803305503047,0.8620094273573979
1.5444213179723159,0.9118729379076113
1.698781945449121,1.2482040165479185
1.4935203330979687,1.1296356284993805
1.971874715569485,1.1234599402875642
0.5518656809347695,0.42685300568496254
0.9975800445403443,0.8852583422675373
-0.2016489850950931,0.10335241215028199
-1.0356361124752942,-0.29096492712334604
-1.9387426119694475,-0.674106938640308
-1.1974376889446037,-0.11140926317201694
-0.8656702589558541,-0.13139588338295297
-0.5132892719446556,0.1009387402027461
-0.4139909155790354,0.21020994144076335
-0.3906107610499407,0.1410938674804438
-1.3437770304867944,-0.23488982641939474
-1.845498371175486,-0.51698404073322
-0.4738799379559042,-0.007889978492828603
-0.8017081231150522,0.052489432310495715
-0.24727150550839627,0.19693924829141674
1.0541249130886745,0.7936967156142116
0.475556741661397,0.5714586742731976
1.41236255625156,1.0377544274867332
1.9447999287086153,1.2375999166480358
0.7593844348337471,0.7759161451904325
0.4303552858642322,0.5662727886411186
0.5741045700594071,0.7506066095246544
1.3708805794459462,0.9109857122101543
-0.338162485884972,0.08344986569281813
-1.240263259426076,-0.4065026326067992
-1.9387252979115415,-0.9147180626983992
-2.3925415193359623,-0.9570534475450075
-0.24939488880167693,0.11852941195389818
0.6010529990822784,0.5690240833598454
2.12926775797063,1.3205222363325462
1.751849772392494,1.3793696303658431
1.3279851434193422,0.8140194712262546
0.9534115358284422,0.8559697976744588
0.309468002686896,0.37688844670562804
0.18630190401156563,0.3427258326057699
-1.0361373086800316,-0.3786701194036969
-1.3103129609293587,-0.4456675872082696
1.377985009718722,0.9821901912443453
0.8904209936940354,0.6327045376811014
0.3024765276928727,0.41331729528084443
1.7271219605953165,1.0813854538594698
1.4723761442345626,1.0223504426619516
1.9069416158151036,1.219610672563576
1.6892935935917452,1.1562020670841648
1.7336541020136984,1.0657660647434166
2.744232739492399,1.7628699309443931
2.5106910945445695,1.5769729663257281
-0.2778491517520256,0.2561986795821412
1.8785676006593075,1.2212210801066121
0.8232488907175559,0.6448771715909338
0.3462866612191867,0.4980145255911953
-0.5503714726245904,0.40309255045531744
-0.09300951994279272,0.40653288911837726
-1.9497369862654919,-0.7085484869289147
-1.5949588381846782,-0.4938413282460674
-1.1870075523716936,-0.2445282835211465
-1.437779184860262,-0.3473081179054395
-1.7666516119792794,-0.611710060798907
-0.5784364734273053,0.17138233567284752
-0.35377346896817374,0.12169407108030285
0.8785178874858878,0.7122591368448452
0.7895235625866751,0.6079306369447462
0.47665505773337913,0.5464992019465092
0.42938134005824746,0.36418033263191285
1.6429714986178772,1.2229705432946698
-0.176216518069922,0.2560693489749194
0.08573475030955016,0.48589861783282606
1.1224032169285763,0.8113476237967914
2.1825841007090223,1.6400357431918449
0.5158738834149195,0.555135923436314
1.556073223803227,1.0381915813068265
1.521739837735455,1.0059669400994962
0.24063594108656872,0.38149826850001856
0.2755963463279158,0.5085732667500181
0.7545513938392434,0.7925396254937549
2.2239268600174187,1.427154282605614
1.6995176599475905,1.246979594863348
-0.1942116400352092,0.23438656266216323
2.0518738416821365,1.289599549621628
0.7020738832354172,0.5519380384607697
2.166548199533691,1.3930079106903666
1.3075639657209113,0.9049977456580378
-0.24942365368356878,0.20600701633269328
0.7207244967135983,0.5046039270220445
2.6973720914447816,1.5179436671796127
1.5377692908443858,1.013205197040309
0.6388509398709845,0.8026294203775804
0.09804107372797011,0.31649374350444476
-0.09399975635832976,0.20397291641929075
0.2429267280805978,0.2433584087355884
0.7021217858294255,0.6536920093736431
0.5461163233156751,0.5957383903186727
0.5091471880730595,0.5160661457469115
1.5087678181096809,1.130185447688162
0.06261094025747405,0.326967316776487
-0.5523910119077695,0.05643461967915859
-1.5913195997897347,-0.3100908425323311
-0.9479291400255505,0.03732573348228985
-2.5877928972218225,-1.0350611979100477
-2.2112647280872824,-0.6935156712528406
-1.4368196923922845,-0.429791055738878
0.5799942030140902,0.5963550623007841
1.8352910996690563,1.3482751098728802
2.4010556034628294,1.47298983575785
0.971931366698825,0.7548291659613665
-0.763195145722256,-0.07583995155438325
-2.365397002657018,-0.9795615572353364
-1.2619241295337829,-0.355569599411002
-2.641212064541458,-1.0832532570967923
-0.2835066750901839,0.2693545537304062
-1.2240732870368634,-0.22025860283557047
0.010301400906079006,0.2724902046547245
0.6705650832663749,0.6926362485257037
-0.3598642227083647,0.1495249329048713
1.7633771881479123,1.1268142721579448
-2.0213532833094217,-0.6199764307923515
-2.39890136657563,-0.8809648424815171
-1.7377925053846406,-0.508754382988831
-0.3317668200026199,0.09169802633989704
-0.38587092995084143,0.08211847990890646
1.7757389560845285,1.1752468718273499
1.175262064703112,0.7341105547843005
1.4647803338144532,0.9283074296902553
2.0713206066746563,1.3164744234005255
2.159612681170339,1.3654214899166524
1.7509920623384385,1.2205735304517538
-1.4292466576950347,-0.4375068236240327
-2.401553548169084,-0.9541587409930954
-1.5734053117851545,-0.5550170557713098
-1.9006220230837796,-0.6657096665190533
-0.38075997350657265,0.1944102627087383
0.12240757346497788,0.38615454218624695
-0.04050574904929803,0.24141651602133413
0.20679666754197518,0.5817507565137812
1.5566236738389099,0.8957866507101635
1.9962880910239016,1.525038630422421
-0.7702008042226305,-0.03923831688112745
0.04634977375980076,0.18666821556717395
-1.5591248264658881,-0.3517684481336577
-2.2366121679273694,-0.9163216685474862
-1.7058309601335497,-0.6532374915298926
-2.0104293754770506,-0.6593009293885332
-1.0549806824966892,-0.22559321970428023
-1.5428560224788714,-0.7106662398584204
-0.5014821839050054,0.2978963726344426
1.6382117736640573,1.0127415320555548
2.594942970091791,1.849029935594702
0.08613917802993365,0.5306735037026984
1.063962707714858,0.6195771274462923
1.448816078290838,0.956020460425452
1.0153120311938812,0.8319538147623051
0.3588241253006735,0.5955251397456672
0.28707637833631705,0.47043833656855966
1.5410154997567034,1.2045303607946913
1.8758478474054652,1.2665780408292933
0.6474078993385293,0.46571242354619136
1.6717463265205397,1.122520307077028
1.7200463530038257,1.142732587612241
0.7491772326310707,0.701486185604245
0.4369588091629364,0.5225328595099018
-1.3153023026773307,-0.4699956070472818
-0.5024707854762216,-0.0026242657505567563
-0.24643428501868547,0.29560933503305675
-0.7181776829380407,0.05599311462391798
-0.3587225593600102,0.3694966627008937
-0.7137314260256802,-0.13622693007600323
1.7586519417267383,1.0669085612291338
0.2674927965849584,0.5258858683478959
1.7685108733566688,1.172521970241666
0.13423225530234062,0.5235872322895558
-0.19331234258459143,0.27705233552613
-0.3346707524381787,0.25517222108559523
0.3946280545403233,0.3496950577609119
0.5393081639229682,0.647042479394475
3.1674239145069367,1.8033061231151248
2.8164677905634328,1.803256514907337
0.8338870210978233,0.6532074186359642
1.7979673935507323,1.2022876927424817
-0.190593673634597,0.2514462579206168
-0.048290058112649414,0.5271665319724905
-0.5046960107079688,0.006961541330877473
-1.69198239468302,-0.42214103956017085
0.09733425257829187,0.4597999028037082
-0.36766045767131106,0.14307862756081327
0.2702001457560827,0.442673688375492
-1.2116440713722096,-0.16718905280755728
-2.7979494596899235,-1.1985704728537405
-0.3527044801596735,0.13132121160365826
0.2771934665038955,0.3615499924340115
1.5488927847406657,1.1146058481882997
0.9837763881252786,0.6753324038573225
0.1559445649567136,0.41631536759865184
-0.2754363879522367,0.056955071938113264
-1.0249864215617355,-0.3047632086048361
0.42491628426199324,0.47419105797932004
0.04677016979331089,0.2358739137114556
-0.9488192093022719,-0.1894982292456139
-0.25470700402045643,0.09489976766251743
-0.5164048592882071,-0.009468839364184502
-2.2403164969358453,-0.8310431336558187
0.31108765516659354,0.47270472369080174
0.757298560402738,0.6379802663250579
1.9738244790050232,1.1435119038490615
-0.8774122229682308,-0.1470471342051322
-2.8322473340302214,-0.9430760726159525
-1.1752631548640071,-0.47429607566568427
-0.7546752772275496,0.07858946034946718
-0.8085638806401783,-0.142261457095631
-1.625751715183958,-0.2646207919248866
0.08619434170444684,0.31822199939996154
0.2651096814931113,0.43462985004521343
2.7416710176770542,1.7671947583974057
1.9705369008855702,1.2071999671685039
0.5438006842695619,0.5550140929646309
1.1080235315188514,0.9017203096270519
0.6820231318407909,0.4958169373539422
-1.254143277717783,-0.4886009029991997
-0.8585446427721556,0.08133691186824366
-1.154473857146559,-0.27276081902474053
-0.2547552298706167,0.19035875574036185
-0.7044221382224161,0.04066141830814525
0.7026742111821026,0.6408416055134087
3.543010438695587,2.1369026084253684
1.229594909741927,1.002707711484255
-0.6363721996762601,0.049202479159635465
-0.8619177533321731,0.05586930817337726
-1.1864861558032729,-0.4618801705507178
-0.3553381812002332,0.16451949157868992
-1.4370383308402206,-0.4382750126254289
-1.7803053255305001,-0.7287588532997155
-0.3665605076335088,0.14679747847024324
1.9956614583135437,1.4404328366696413
3.3272318258883233,1.7764950819206284
0.49974569065339214,0.46375931936959747
-0.12449723106926874,0.16047343425998128
-0.4829715729164919,-0.03948418673696172
-0.3900416150755884,0.15789637600847853
0.4104939298765489,0.5044530504678011
0.3084637491669297,0.4427443611589085
-0.13402571162023574,0.47022861403305727
-0.04633217930014491,0.27719677758130756
-0.2651598287081494,0.16243056566015437
0.22862407584367528,0.4296761249374171
-0.923181761561938,-0.11330650211510104
-0.08728821842361678,0.41418742063304814
-0.11074349820521959,0.21388628672579535
-0.6530618860485042,0.12159916523099362
0.3544380151780163,0.4170850817134308
0.42155370107909684,0.38861924983496293
1.3221129578213922,0.9806630396144219
0.6547392947451067,0.6082239164734335
1.0725664564313502,0.9572560917205941
0.22742983988644938,0.5838329467812919
-1.2041895770223103,-0.40982212439981586
-0.5176023056252647,0.06127215097773818
-1.6882651217480789,-0.5289515644429152
-1.9880501566651412,-0.6382543550823704
-0.3864491248033175,0.03549365366865245
-0.4744511359996444,0.01142274635050694
-0.33828409798725334,0.11449259046166999
-1.8233439578378254,-0.6395532342109268
0.21425392001038746,0.39468410762452927
-0.9565582196649218,-0.1953125783859398
0.47686731205215627,0.5566932792892995
1.315446083446281,1.1079878388206361
3.00881044773948,1.8255287935514715
0.9200130226409688,0.5577421570390793
-1.0699482650609369,-0.06810697562820126
-1.424605924569431,-0.40740543750100866
-0.2889317658439945,0.265888233844902
-0.7379512741987369,-0.14247322842597315
-1.315673075192199,-0.3459442484519409
0.399603682045259,0.4857363001205808
0.13508541557614626,0.2149482790238369
-1.3759960531081177,-0.23056343249691189
0.22877953863844758,0.5355977112255098
0.17706982711208266,0.4459288784324026
-0.13377112979558384,0.24363583851733422
0.7396284794275224,0.6607983871972003
0.06072340373021312,0.25735801191195756
-1.6776838807122794,-0.4146538837216928
-0.7127187608503595,0.04740631780625332
0.5436555071636392,0.4874865696572668
1.7702330169150975,1.1579283980575708
0.8214061274343707,0.7314990923599654
-1.1786312335357776,-0.31378903818581955
-0.7932795079482533,-0.149513436140658
0.6500397448519595,0.614518779835105
1.377575348416581,1.0884366930105231
1.1745407251278954,0.7966192570131725
2.4783664453828305,1.5975050267155213
0.13425519729664903,0.45747917688680956
1.4140200103708458,1.073689236437594
-0.14005829078173493,0.2775452623558241
0.42512069186202545,0.5313706020903151
0.9840565486987878,0.7393944094054508
-0.7219586166809315,-0.03493578718118253
-0.5833403626910235,0.11213165558860877
0.6426003113982961,0.6625011552562323
2.1606149509056936,1.2961510610730902
1.8244159971609801,1.093030132403057
-0.8016661147529442,-0.14774710223557777
0.7709326554382652,0.7667733791876814
0.6195432682765671,0.6004106790466668
