0.2455168160477268,0.49069588668067415
-0.9691293183244845,-0.19547623071865242
-0.5743149196754854,0.0017413383343812244
-1.3141598660958351,-0.3587607169784743
-2.2876699244712917,-0.8291494898827944
-0.1611723723793841,0.21639364666179492
-0.10863672645546643,0.10517520751412476
-0.7046509992987715,0.03961788302545084
0.6223826552689975,0.5352006716682272
1.2929717511980778,0.9942065834189641
1.4719585939823598,1.0896954775053782
0.8844442103275203,0.653446984293206
0.7487410084743829,0.6447958977484515
0.22845714470532186,0.4748950848232132
1.8804847540074392,1.1232758827284512
2.490535098454142,1.4877475700000653
0.6390018031607366,0.6838538091812281
0.24975781936611702,0.3473338166684058
0.8353496946008387,0.6973477209496131
1.2616790893643979,0.8660235583268151
1.5271121106688477,1.1386513932476436
-1.0722377606330915,-0.16909815306242842
-1.6871403874944428,-0.5342123455022277
-1.086110599128288,-0.3200730963095247
-0.020000460249824492,0.40073288124636663
-1.4362045972451514,-0.24636282771150728
-0.9960965658014153,-0.32261518978790793
-1.0813052912598495,-0.16662813354488615
-0.6002899947528041,-0.06357060779309445
-0.5654024100902366,-0.1488576436114224
0.0635501933023418,0.254666669421176
-0.770330491573007,-0.06107005077542045
-1.5160436238378792,-0.5813937027306167
0.3463762660656491,0.6071468475005212
-0.577909359563838,-0.07363256593258619
-2.262373937081418,-0.586122669083636
-2.7803388102716884,-1.0745973464326348
-1.137596381917925,-0.41092364749667853
-0.8281401071946273,-0.203076303130456
-0.7811436575492394,0.24062522973266792
-1.7555210212654688,-0.741799166936561
-2.9800798952014453,-1.103430086295358
-0.715162859240515,-0.11371812412192273
-0.5771481073451785,-0.13664256382879714
-0.8400634343991719,-0.11636135352867434
-0.579871423273544,-0.0004359422140683047
-2.2484427422659916,-0.7518900826942512
-1.597006407183971,-0.4228562915807365
-1.1056335157222472,-0.2053496650503189
-1.3195650002692412,-0.5231015069304765
-1.627553560010527,-0.5135851696934988
-0.7044865186172256,-0.13021433439866015
0.26535035034203114,0.47589469554347147
0.675115796919717,0.5690955067797658
-0.08393662442171324,0.30140139177707503
0.11869394340759781,0.28613843137038986
1.0300376870963264,0.9257189738093932
0.05496289240947838,0.2948338751906998
-1.5470369330523994,-0.49739922701667394
-2.7466332380325715,-1.1581108849755863
-0.6505650465667634,-0.08904497443438567
-0.6359302814385683,-0.13212778180851723
-0.299567650088912,0.18331215041592322
-1.0482443585075178,-0.3224980578777383
-0.3709198124534616,-0.008372844703798593
-1.0230027266548485,-0.12899783935602638
-1.951238184839168,-0.5995274264208335
-1.3752411232667792,-0.32058546395437154
-0.7614695930229358,-0.07384038835241749
0.6196538263834905,0.7294828413719042
1.813340819850279,1.2072270897200172
2.838130207539592,1.6454370216496501
0.6059810107323343,0.6665235000234278
1.3370843934426637,1.2236356528272694
2.119481201233435,1.5313263813544453
0.8383413268118078,0.5062685499923524
1.612766953667133,1.1508312739310445
1.9422049410692477,1.2910502893673457
1.1186196282611347,1.0441197001875584
1.4305224040223807,0.9364610670702561
1.334570576925783,0.9587080637982561
0.3031315631040925,0.43294183592149943
0.7065649860156653,0.5637293790675785
1.3563006970410494,1.0300947655268153
0.2959474388537696,0.4655067824285064
-1.5618885921728496,-0.2909798845537855
-2.501834863202677,-0.9929473519376062
-1.4934687284114663,-0.6425824673629266
-0.8172115700377358,-0.006868492734800669
0.34859346569574545,0.6324207926751035
0.6331246723619164,0.5313917243631401
2.6106646681192704,1.65097084429334
0.7417524979914479,0.7308959549598779
0.1934916089141595,0.4202607655215318
1.2570068641408316,0.8941996979859405
0.7196184807014281,0.6329630543535425
-0.7434256692223941,-0.09012180817242492
-0.5765857926441618,0.16572299708857097
-0.6499431945735399,0.04247927697000971
0.3066693199372692,0.5775471306655585
1.5665452383747547,0.9705285199403934
1.4998570510754832,0.9750199631962257
1.8128896456798127,1.226245510031649
2.3603710601258925,1.4637375105171953
0.9301105626103178,0.733836118342442
0.5936781790340395,0.5114685583907538
0.8593271782275722,0.5841869372977619
0.9980821814108185,0.8708026287019217
-0.4753127617861882,0.2681030322571142
0.4570761372768961,0.5273212846151978
0.8585677940381411,0.7639392478913107
0.6949903241569805,0.6280039976708606
1.6446926754620006,1.2567691143014066
-0.0990596348741446,0.1764455287214271
0.09765461260120568,0.45480822985183245
-0.21236270497406012,0.38632851118568684
0.09762282828624683,0.23797273998695107
1.1935848234797772,0.9299027654857944
1.8766461324813684,1.1350633001353239
0.32928663534755986,0.6419606991675543
0.5232795360724538,0.4882898989302943
0.7995130002241994,0.6824698908972789
2.218447744094608,1.3794067978539442
1.818323679865598,1.1371384659217816
3.196484927306629,1.8130598894653773
1.122064923553723,0.818171107375894
0.7843911085741541,0.5923738524406057
-0.346979739711622,0.160827230074707
-1.7238999009598621,-0.5504671748221311
-1.3531378481871228,-0.4467299739038626
1.4745166665159606,0.8255554071988513
1.2487913917266076,1.0270143682817396
2.4847988564027816,1.505807355658333
-0.7369111415813685,-0.18357958937826935
-0.6638627921838871,-0.00805406031077073
-0.36507622121749733,-0.057809287082024624
0.25920664217995715,0.4647920929036152
0.6160054735596225,0.7640537237153995
-0.12552852716601104,0.14015992135473734
0.060365574975001,0.49641563300225056
0.2388829848422312,0.4432218351467597
-0.9189906444041971,-0.17316335096110858
0.3279273694303658,0.4232706833183322
-1.4702901846893521,-0.44021104937613353
-2.1892025881859642,-0.7492010081259629
-0.1363775364714379,0.17722959737677388
-2.0454885518590995,-0.7022411465523135
-0.9489883874760976,-0.07510587998434819
0.5057267912224926,0.6290490776342385
-1.5320927776077724,-0.40045887769072486
-2.931212260572972,-1.2390423843640301
-1.146859646671154,-0.43674703394302883
-1.0961396724592831,-0.26396826391026385
0.3937223304803854,0.27628622635682804
0.037788426074654435,0.4678814893832166
0.5136846553428618,0.7199435154728288
2.0851602081280864,1.4027977417608366
-0.15247196381650796,0.3811755373726957
0.3760399519393925,0.5768940496590688
-1.1334239649056639,-0.21909195563552364
-0.9513934037434376,-0.31664028448925485
-2.2855321909323956,-0.7346450630789602
-0.8517568742175723,-0.11963618997912351
-0.6095474331795141,0.04131823081822986
-0.2186931560291132,0.09047333251004519
-1.0347225520396441,-0.22233288182878963
-1.112301649859209,-0.3774402772747107
-1.826090547345923,-0.6788046542343805
-0.7601319236104416,-0.10314554134837214
-2.1623441246869115,-0.8195922508143073
-1.407537907198438,-0.49237607440709735
0.46887534173240863,0.5713541562326824
-0.5095248467623745,0.10676086931568532
0.6900732793771691,0.5947882269321924
1.156265533516506,0.8950663300304413
0.6625378558553221,0.7305922364437516
0.8359542502612973,0.6469768878926089
1.3461302991344752,0.9048844369179088
1.632257352042791,0.9716616066247588
-0.1895927508336197,0.09686437015896342
-0.7642897364464163,0.0446865038603769
-0.8242655228514629,-0.14672343632459112
-1.0401501846851264,-0.1930460030989095
0.6844367175140172,0.583015358866945
-0.19413589784997776,0.22659193426642174
0.08579364602559708,0.20364387333347772
-0.2746935075749023,0.1685841303848495
-1.2088568769849908,-0.29961246401837616
-1.709042642986951,-0.6244221980017733
-3.195351746290309,-1.3100106889695606
-2.076562715064409,-0.8756737834745972
0.6492242944166546,0.6927792417048275
0.13134200560712378,0.36541926025074456
-1.492398514281363,-0.49504532879093843
-0.48188420291981604,0.21382973081449314
-0.10980531134759797,0.39120264119802495
-0.29838991991656716,0.010889920100321276
-1.871259628646221,-0.6186423883078923
-0.4366170170542667,0.043113992120175776
-0.5371528047579324,0.02183586660557873
-0.150045610772086,0.3234553002920517
-0.8241212200245744,-0.01655270086003563
1.7481273174066643,1.2897287309735344
0.9686442422218643,0.7026882721522755
1.5970981776172826,1.1448933046961538
-0.3438267689910184,0.04110886092792054
0.5568293485299083,0.522893231754794
1.0867200483289405,0.8679557652608385
0.6426922868147249,0.7130935572493065
-1.1836853664935059,-0.239616312997726
-0.4740102985630885,0.03297460778197213
-0.07647951127568697,0.34640415410800873
-0.662981494565753,0.08229899545609627
0.6319245790183413,0.7013339049040452
-0.1182019256688418,0.2642698275150093
-1.080077979550835,-0.2669215505282356
0.031728226199264076,0.3071417932895495
0.9167262325425252,0.7988052133479869
-1.293446717578398,-0.5470317786529961
-2.0516710641199696,-0.6224198416135307
-0.8715760729476363,-0.13103012542059642
-1.9158351363096933,-0.7693163436198265
-3.6077257243551406,-1.5545336643990861
-0.24401985308579288,0.2985280436643217
0.3166853258816914,0.5456511107020036
-1.526930008759273,-0.4909484691099239
-0.2346070166488966,0.06413548639836053
0.5467872488317792,0.6051023779451861
0.7196189298869659,0.7112756042359882
-0.6473281148095079,-0.04229708490840156
-0.7281231766714614,-0.05701874623979675
-0.653511133375054,0.020495958799209006
-0.8461230919152429,-0.07427560260054877
0.24808267498310255,0.42909454489792104
0.6362982470988741,0.6049155332325754
0.31178750412407286,0.45984200524872915
0.2522918391610575,0.3470455734746324
1.1097127480151148,0.9378947080277975
1.694639561717595,1.307744359966961
1.6929130261740286,1.1122534405035953
1.468953053592257,1.1663671066031263
0.5090694095975834,0.44156282937233565
1.2539620712376451,0.9786025184786254
1.1848689393471017,0.80063473459192
1.5134863273020631,0.8681540299105172
1.4215919174878302,1.1694452225543022
1.6241817984899618,1.1247554217568982
2.4411357606585917,1.5908586692700613
-0.34284652307602204,0.11675378185009574
1.4073981958384327,0.8742829201374172
0.04341421073340579,0.28209467046733283
0.973464857414141,0.9502572323761832
1.8523245097709473,1.2887610547536064
0.7513337540436418,0.7437433409352361
1.2264218477682913,0.9353721252994848
1.2596763513755742,0.8595229251050817
0.9243791866847577,0.7593133351785035
1.7481065754077658,1.2050423536912478
3.744206770821472,2.2289304489332027
0.5576256823655878,0.5346622236769618
0.7306993977294705,0.6850600309912102
1.6990872804980004,1.2124720682030943
2.274463564421108,1.5415409735797294
1.6596353748585688,1.123994254146065
1.4244479130460013,1.151165411017332
1.0255685987880276,0.9447335761452573
2.3773167324787217,1.345948145269286
1.9582824096314324,1.2861788314781446
1.746857612666103,1.159797788310676
1.1670580313377117,0.9436136826838797
1.3532641978113875,0.9344843634515112
1.8936751022736527,1.2526518456966629
0.14269581783799956,0.2881245507625667
0.9309974738783002,0.6827078726437299
-0.19865420060460315,0.19517814722261997
1.3821785044343005,0.8051375308286239
0.6769188691775543,0.6121731739416982
1.5761757007419592,0.9732729072280705
2.631063400647742,1.505074578497743
1.7001445747338386,1.040181375729315
1.4832407909552714,1.031231683702184
1.1246355732513378,0.7966761335901419
2.0864027051497076,1.3898225922986864
1.0697711509971346,0.9146517252318771
-0.061436030394383945,0.3907181601109051
0.08094977147868723,0.27082004406071347
0.8347283528540744,0.5727608744159781
1.5176243976262085,1.1796180483607084
-0.13929007643310365,0.24211158875719216
0.5768645903701537,0.64349679401606
-0.5629591870055964,0.05480952118642863
0.8417070018882966,0.7996525618822206
1.575353699242186,1.2407811878038335
3.75439730251278,2.0818203071665695
2.2705000774472666,1.4445786406061496
2.164636527552459,1.3532540744201331
-0.8072140186890107,-0.11673146285432355
-0.49453768500741907,0.17977106563160825
-2.509959899919726,-1.084090041666027
0.5963314366139205,0.5632169523958142
-0.6320730932362159,0.059980656142200245
1.125397673746625,1.0098025265290536
0.005646718559611075,0.4233530095362514
0.7841607754043165,0.8177625047253081
-1.0098919523662122,-0.04533700139407021
-0.8210717101086082,-0.07458935619940296
-1.7155318301478564,-0.5587135017403638
-1.6232474284750147,-0.508735371352628
-2.1392554804926647,-0.5465321447250846
-1.0362784333918051,-0.12745148914718357
0.8095746740337608,0.8473480045272621
1.8521844078602552,1.1329518296250354
0.40636701137049036,0.5351614352271361
0.4762824877172549,0.5323938657731419
-0.5121822801965475,0.08624875207382363
0.10848860146715517,0.281631674107616
1.316695145239682,0.9910036678216183
0.6112210382531452,0.6167244151496375
0.41210865709166217,0.28025946980038996
-0.724123993225726,-0.17963219896987315
-0.06179391292847858,0.3510879099384908
3.138501143019851,1.7947220850679289
1.2427866391450022,0.9277839390859167
1.1814347005490222,1.0341252745571936
0.3093903926691668,0.45639739647009264
0.40456907817529886,0.4181590705359452
2.062542940843547,1.2246438795388868
2.1789503336084826,1.194541094339563
2.511241198621846,1.4873561042403989
-0.19288129407211563,0.1917375058060492
-0.43272363911107437,0.10154684186005142
-0.020144677649973353,0.3003790018849113
0.9652355617340684,0.7769973753716938
2.224944212797996,1.2557719394174436
1.8305443907169854,1.1819128006361748
1.1830214179435938,0.7907750762389825
1.11116330538344,0.7846664046415218
0.781123480497268,0.6505265317010989
1.2918444460106593,0.902027152483521
1.210023037980841,0.9866525027495057
-0.5031128343343266,0.14947737351503615
0.7642692689189218,0.7980406356487942
-0.030132102964108176,0.1978657083093921
1.2986035304050685,0.8710557716923287
1.929968859911203,1.1960523181638962
1.2028570707727058,0.7480192148395877
2.0052082796565296,1.3329202982049169
-0.6791809840593297,-0.04513414148466803
-0.7596128011387108,-0.029141281023477045
-1.608037556937333,-0.3949818940689198
-2.3989158909161157,-0.9292992202756205
-0.50778895395493,0.197241972578885
0.4302299234933869,0.5731430563394826
0.26170013885380544,0.357590378356372
-1.1792945519569553,-0.28402329753665356
-0.30331744135359173,0.1362594816130217
1.8813028365157418,1.1472608200778023
-0.14062472251899982,0.22643586443122282
-0.006370661347343626,0.44776555700972387
-0.39631912244182815,0.21822969740008608
-0.1102155058022663,0.20625802333407486
2.092916013262791,1.380139113951869
2.1027118588777065,1.404943536464339
1.544494275662709,1.0316158575494316
1.460334376310178,1.0022128790226323
2.0339419563225265,1.3283960491669078
1.936148453503849,1.0892072960434165
-0.01089203720936216,0.36597313151261557
-0.965947855147477,-0.13093271102634355
-3.5537705917689726,-1.3190460915220057
-2.123454535526446,-0.7771427850532378
-0.870369607236109,-0.21943638098434848
-1.0784547173918773,-0.060879235368391266
-2.3015726966957217,-0.8370225671532077
0.1948033388473307,0.47769980055564343
-1.083364163946081,-0.29311331850100664
0.5076390709575684,0.41639394929177803
0.37171892275440016,0.4572358533530167
0.6416282291557909,0.613615856121929
-0.3377018964903955,0.007107820013450741
0.48434460728495166,0.6671403646410049
0.7782595399467971,0.9112643279949701
0.16895303779116994,0.3240604498800603
1.768040184826941,1.2385799791334862
0.9224505754615138,0.7853208799595418
0.43657079996612386,0.5340263683631469
0.10907912766337624,0.1827878114851834
-0.09320221363710622,0.221806215165913
-0.4127617513244134,-0.0438406114725213
-1.1456733646974877,-0.12269160517536887
-1.7890512272633239,-0.4761717715840379
-0.44941056432212867,0.1476149570608181
-1.3837040122604938,-0.37255017501706866
-0.3447735946103836,0.10186478688841556
-0.4588079337470119,0.03845863345574411
2.7968593113106563,1.6438575797344919
1.5124084998826026,0.9192326035484598
1.192466643455872,0.8777815876466886
1.4334101284016771,1.109290658523168
0.19878949976096894,0.32761025920969
-0.48236067012600314,-0.030188436614615996
0.8489088992837199,0.6282151973627489
0.22108683607685387,0.5702544308141454
-0.8363518312218127,-0.23277371329139243
0.5230804934591581,0.5153270977446034
-1.1007174100117871,-0.3746508340701028
-0.8052830936530283,-0.02094854231524705
-2.578271436969413,-0.9411761070586572
-1.4611534918638145,-0.5513525606559918
0.3527584540907728,0.5831702204957184
0.4985292516604257,0.45928418971002394
1.116033859853886,0.9089632056838984
0.21142583669588466,0.32556501015264694
1.49590880767401,1.047575940095236
1.5045779168618663,1.223066820699085
1.950160996335106,1.1811111031486843
-0.18018205315137648,0.29138434503201366
-0.20167427354456421,-0.023313923478750553
0.005587469129824885,0.22892834902218212
1.5282434783341092,0.8604903495949359
1.9690715946200013,1.1646140733722739
0.6056052428764775,0.5553512597997002
0.7912445562544104,0.7117107934262968
0.9853180631765419,0.6775293344439344
1.0185493863072226,0.7632771513287556
0.6368309574031276,0.6112874487144841
1.2520334679332592,0.8942570721500289
1.409070555246514,0.9805530361386935
0.6387117331740901,0.8053835796450646
-0.8178179353186419,-0.1093304235581684
-0.6754817684549013,0.00478056145343015
1.5707746005247731,1.2345326167435338
0.04472573174204775,0.3588510913327791
0.5450887191571011,0.4711495739412257
0.3960113593743243,0.2401321200013567
0.5711033221868679,0.45506351004331835
-0.865147164009651,-0.23842306111289535
-1.495908239689233,-0.6875650721860536
0.1155207003114539,0.13456829242125412
0.997405693077187,0.808496414845946
1.5360210693597023,0.8556913127408879
0.39342991829265284,0.4675481880678424
2.209528495441259,1.490299124299752
2.313726386175886,1.5140681937355929
1.316389547036071,1.1046117709987833
3.6700458985999873,2.065661248494939
1.8263072012743684,1.2624834243572804
-0.26352526681794064,-0.0673060716599643
0.9919620105821956,0.7543656562221959
0.924638230444938,0.7750620169636182
2.6830007335695,1.5972249982053115
1.5219555786871597,1.1796329794273628
1.3304875187865393,1.0009827037418864
-0.0039327522640281165,0.31819196553064955
-1.8271943182186705,-0.6024347691784544
-1.134337865074814,-0.27217618866590215
-1.8780444132374543,-0.7404385385689868
-1.990001443575784,-0.6836976986535848
-1.4760512123049878,-0.42915490553714536
-0.9319534389122281,-0.36893234326879804
-1.0250226471247035,0.04855819519239912
-0.5976194727246478,-0.013177951065829556
-0.9186108290047046,-0.12247450867582327
-1.653623382945535,-0.4744042447428308
-1.5810849040350166,-0.32276088687031607
-1.8830422521028265,-0.7122264899231154
-2.4623286905932495,-0.9196789781024246
-0.9859526231457338,-0.07395380596937749
-0.678623805613126,0.12357899748147144
0.3744360583633719,0.4929259533052198
1.5206653877623517,1.0156649603279309
-0.08824052722210984,0.36537430260139164
2.0820931984394475,1.4051602135979588
1.572936967375487,1.2901849597607786
2.1754961120012846,1.3844013612886783
0.7031003193347719,0.6726496848043686
-1.0866466600623257,-0.24280398196056482
-0.8982228805834063,-0.0956742262353597
1.0335419784679982,0.8267350909321104
0.2771085264729385,0.2814979614538991
-1.5977638377680472,-0.5455618149951447
-0.9893887477061594,-0.1519666738241191
-1.5824412873090086,-0.5645216499553868
-0.12298420668678856,0.3416248897549792
-0.40650528738292574,0.15068032675539875
0.5779034757412544,0.5109015168718005
1.6434372594772864,0.9349445666954375
-1.536531839873432,-0.5035653671523782
-1.5791455349880081,-0.3842977034439148
-2.4933182252807695,-1.0589832747669883
-1.5882306997389595,-0.37818276545244944
-0.31417967701874006,0.12631855486580423
0.7844299421712653,0.4476994301684238
0.5968563585826488,0.4727721869080126
-1.0631013152746969,-0.1838472077131977
-0.6131620255795662,0.012205659945345494
0.9813207769303401,0.8157908283990332
0.7533713155638802,0.5542921324011927
-2.216107729841981,-0.7752362654877996
1.1440172602591665,0.8208191528885722
1.0013581163139231,0.6401760505601503
2.682342100106625,1.572362393093953
0.08061401119326828,0.021468546782062004
-1.6926041709497432,-0.6256744038408204
-1.5680534508079256,-0.7348591000096469
-1.7228626143187558,-0.48262410106813947
-1.5331979884028608,-0.6052863163847936
-0.7785586627541541,-0.07771435926308114
0.8067989058092485,0.6274049001989703
-1.1854702148885243,-0.29245187268145795
-0.9361179584269159,-0.1724751766081667
-0.5359789871456032,0.05425067497952542
0.5243011005421655,0.5830281264223376
-0.06164032899639188,0.21775650455613563
0.5231338756815974,0.646555360409581
-1.7443293649801372,-0.5730480413586002
-1.2551878621650023,-0.36185932346661476
-0.7853947921786968,0.14393928239362358
-2.095952261116058,-0.7070203422201206
-1.2294280178031392,-0.33607533777881343
-0.8293493905429525,0.03930002003873706
-1.512787265267546,-0.317892449639682
-0.18951055067275102,0.16964578421956134
0.9085963185119885,0.7743241248011324
1.3046530517634427,1.0369981243814013
1.4769327314447143,1.0909005596381312
0.9791810320280002,0.7627519466393551
1.4772270504076366,1.1057248582667265
-0.6420789538644868,8.027739858115779e-05
-1.4423753358784754,-0.4583538882480097
-0.5502004281973599,-0.012819380837806496
-0.49425947143214616,0.012142278445218792
0.9685480350903228,0.8901725299188881
-0.4097278541644126,0.04064165689564422
1.0883477850724477,0.9013109023509759
-1.7259653945651154,-0.5202233874487223
-0.8292971931013223,-0.023667662540265366
0.28707216676875225,0.508130055275418
0.3949752555790217,0.5878822993018508
-0.9132088199743834,-0.05888071306252453
-0.10777826889608655,0.2647008092791182
-0.5656973494447819,0.11402418484410633
1.1745299048022995,0.7431417095584714
1.4793845614249523,1.0437678225403704
0.6739785587201712,0.6787254296501123
1.0391444148386713,0.6876928082784195
0.545222637716156,0.564267259488259
-0.7829048975202518,0.04793864933666475
-2.1353234844232762,-0.873220419567504
-1.030023093840845,-0.10107062242457715
-0.8949360755763953,-0.30124496906312487
0.49160069417428054,0.6340894407531596
1.1453384650376408,0.8194710645724271
1.7521924049947302,1.2321081183968392
1.783931782665308,1.1874668452683188
2.0083600532127273,1.2056911633051772
1.2144044600352768,0.9007472486048015
1.6897644131628349,1.1921623058863333
0.7805640747288439,0.8993173253778872
0.2691133949679892,0.3675339775777021
-0.035032555994115366,0.36626442658920005
-0.10541657674451,0.41839850554611874
-0.9651702335217296,-0.04218717069918951
-1.0587431068600146,-0.3330700393102877
-0.8549490976114507,-0.1726778211001794
-0.5612922833176148,0.10698576402415239
1.1808716490844748,0.939796390925569
-0.9405749228905368,0.036595816206566156
-1.2523623927123069,-0.24404585125016387
-1.7979166077401019,-0.6838969367664268
-1.0557714946590817,-0.35001735864921385
-0.5262942234286321,0.0059376812441079875
-0.11033347489735473,0.20682857294791537
-0.677126681663009,-0.11006134272384198
-1.0622849689281613,-0.12476047690777403
-2.3345721008378075,-0.88656086682066
0.6797104063334969,0.6104257613118779
0.2662581062609493,0.24595873931909112
0.8712111232268004,0.8779096546738444
1.1653890249595564,0.8176012187024321
1.0837113225554145,0.7737965918741537
0.6300204278605005,0.6953060120682181
0.7170489032097543,0.5676378241043856
0.7640139486683708,0.5234557842963362
1.5718241596405127,0.9816597811881371
2.4916775504389617,1.5943047733690219
-0.03932058792711457,0.4618595087642797
0.9667705434888806,0.8341944216664068
-0.15982249115520086,0.1807543451323028
0.027396883681849588,0.34873884800415955
-1.818366191873851,-0.44782189564464353
0.5309301612707533,0.5020617267566365
0.38578946129571473,0.4442625785972075
2.0963019485269254,1.3842736867386505
0.5412464396440019,0.5099405600106975
-0.6226098253666759,0.0002050079093967455
0.6485758825134896,0.7026561946123184
0.8578073916293193,0.8825734369064405
1.9829202394192371,1.2368552333578735
0.6809015992655968,0.6293811747059905
-1.9393094190412306,-0.6762470320369672
-1.428837487890409,-0.5077770036217213
-0.46763074177039454,0.030072419712537303
-0.8054075007390633,-0.20681210583962545
-1.355373528762093,-0.3996373970107216
-2.9712778180840704,-1.1180205832154777
-0.8327925047825282,-0.024947217978036992
-0.024891957432186973,0.4271447461881177
-0.37365161776875744,0.05560599558701067
-0.763195188580692,-0.10022283054564998
1.1351054343932043,0.8107905868300977
-0.5243254693681199,0.08035327117487037
-0.7359348564235919,0.128314915936503
-1.881669786101831,-0.6417500918371608
-1.981012148061621,-0.5772139598847386
-3.02590144599798,-1.0622908632759218
-1.3950495620449832,-0.5108454893457721
-0.8110307596595488,-0.15926956293194436
-1.5182967878210318,-0.4622982427434986
-1.4114792089913601,-0.3530319690593381
-2.529666875543511,-0.9661285458871208
-0.6066099742394382,-0.07883647277056083
-1.0098698036162368,-0.24739026713438056
0.16723341159755312,0.38998754884805864
-1.4337661742662253,-0.38636351073954567
-0.021841594235963324,0.3571039267096174
0.852894667050289,0.5919988308619222
-0.08673003020298531,0.3449414833735688
0.6207462887357484,0.6116068372664261
1.4952027202847709,0.9743394372326448
0.6450640823062616,0.5713618667004522
0.6139684038333437,0.4286089265472135
-0.5585011435989309,-0.0068992049273820105
-2.027434309007577,-0.6865219775755648
-1.7528981683916265,-0.5372112492375728
-1.1658009771557512,0.0084807189597777
0.7169405198178267,0.5937976214416173
0.6432468096008656,0.8026438722526648
1.409235688255936,1.0475044843003691
0.31580284494004407,0.3712575405459527
0.407391195634206,0.5846135086689214
-0.12191180010137331,0.21095106203571867
-0.8485419189916571,-0.06904251810063905
-1.1445194896144062,-0.10211468478225844
-0.6241416688099273,0.02111840703152306
-0.4471821504086061,-0.08775381410018243
-0.4468602792506805,0.19651163667332072
-1.9362214995177935,-0.7249309951822202
-0.6294585818146586,-0.006962911812133287
0.017231795585197163,0.27690203963598603
0.5325411068232083,0.5786698802395827
2.039140073596031,1.5172358878632541
0.7787176963960685,0.7842519098917922
0.420869807796149,0.5448198949801928
0.15411287157123385,0.4895345976854164
1.9801411248244736,1.3830000310689756
2.649277366563124,1.4668972083447849
0.48260024553081204,0.7414196839821754
0.4423372907416169,0.5370321821431059
0.44387916087237916,0.6298850638115866
0.2969747261956383,0.570450212531044
0.8915023358069404,0.5881035431983981
0.880602538612126,0.5737724914535973
2.42508192785131,1.5867538101161918
0.9438043429407719,0.8026535511961287
1.9157548846353547,1.2995908949575234
0.8323367513876034,0.7996187905590179
2.1199783405704102,1.4290837074002392
2.047065449485529,1.1490939851187263
0.19488552262977232,0.32044683412390196
0.9138889175069144,0.781704423134588
0.5535401225519914,0.825931124399073
0.2426992343965863,0.4006602673126149
0.4798995730683519,0.5678281751460514
0.05126719342631886,0.30381281501639257
-0.3908792671261642,0.03198769349613921
-0.3346768576808585,0.03361511285189078
-0.20606883219640668,0.1565802122320875
-0.37603777634413305,-0.08818816999599438
-0.39292433515807657,0.08076037353859356
1.7901486116676266,0.9807139520487731
2.533294708952999,1.4935090087739307
1.2408548589945412,0.744482145835049
1.0625522319384453,0.7713325538108297
-0.4697051781595314,0.04569359141318885
-1.3731518076700018,-0.23021883598176712
-0.2353378124778378,0.004444659430625247
0.2309259441090954,0.49235562203984284
-0.18255297298089035,0.1559113986945758
0.08160564176918012,0.36885377190666785
-0.03038782986137005,0.27809453154571917
1.258321437522809,0.7948815297963068
2.447045284018375,1.5739156611126175
0.5348552503366831,0.621559874758237
-0.2776103697453563,0.24121751905233926
1.7399966571204466,1.256988939469724
0.5775275813025358,0.6471549355724093
1.764066770102103,1.1828460895214343
0.13171850315578315,0.5204948564292917
0.05444153241450424,0.4099489907904064
1.1230044703496835,0.948810633424262
2.206802661652895,1.4131480197221966
0.15380877906049994,0.3111377103633185
1.4271729829666226,0.9772623140085449
1.8811074582544416,1.1687856642026715
1.3442262204550262,0.938700440602159
3.095211696297527,1.8720076588617618
-0.026069478381229194,0.11803827102401518
1.8923604910123217,1.1628897187958511
-0.41205963497691767,0.1320466482030041
-1.039766077726705,-0.2542951529062159
0.9808571160040027,0.9059689092747134
1.038067277529328,0.8525852653970598
-0.47280259087926146,0.030533117255677984
-0.6631445146091828,0.05672907026768664
0.2688065234191921,0.4146399567880183
1.7086423505783173,1.2293988371144466
0.780085368290922,0.5649544097424325
2.389448643703664,1.5005883713112589
-0.3388378523968971,0.26638705594130946
-1.2911591970095284,-0.20667625645415666
-1.0884393682693698,-0.17517019824717844
0.09930558251257315,0.29770511127101584
0.30365938680753163,0.585952028371165
-0.0754069376587333,0.21981899739276292
1.523444679705122,1.0801603267039905
0.11465864548669635,0.2664137026294922
-0.7190174607707653,-0.22501093549296172
-2.9048541092868394,-1.1109933091013524
-0.6064026435173501,0.07747795120189944
0.895068344647276,0.6563902746299217
-0.25161356453150463,0.06991098567699505
-0.21421544065897513,0.0868733665972733
-1.4474099174669086,-0.5238093651693662
-0.9620096019387936,-0.0845787152899714
-0.4544218344715566,0.22770346550618883
-1.3198920372095153,-0.5233979164475624
-0.8580442706321313,-0.16996104782405225
0.015757037274155228,0.312172487919211
-2.146852089526975,-0.8380258745040685
0.5783021790598248,0.5903372127166784
2.4758931204874055,1.5939880409532712
0.7011538661071335,0.5919165302031946
-1.1079975984314796,-0.45781983431638934
-1.4865475354517463,-0.542509953393716
0.3938265312637438,0.5245611567116006
0.18617458009037896,0.39266821446666417
-0.1775321815955811,0.06352213613895666
-1.1086713766287415,-0.21463062573726935
-0.06571546491484415,0.30158849106663255
0.9026615609961888,0.9308211140921387
-0.18354195341052004,0.23567204206936396
0.5355784494159278,0.5571241804462199
-0.29439784586394957,0.044320969417899786
-2.1330355402720196,-0.8013899093580619
-0.9054808235252023,-0.08872262726375604
-2.5787097081734145,-1.0538858338886352
-0.5399409549060528,0.20313867380124087
0.2559677820411178,0.3165499003429857
1.2488864680563971,1.0042566616458866
2.0096870217969336,1.25933977532758
1.541556715279414,0.9536804360184822
0.6042997406330066,0.7512641211461342
-0.5651182155810931,-0.1507615725370758
-1.4272090887432165,-0.5701652916952057
0.29890197256342477,0.47023130146243086
-0.3948897134812518,0.08867399562348942
0.00283163073113335,0.31636001373845873
-0.8702740060255185,-0.1469804324919249
-1.1344267405117923,-0.20459917780243608
0.43002929736557916,0.5217413633499883
-1.981613916362266,-0.6543357792544494
-0.0927526549073181,0.07603220206334757
0.7783964399062859,0.7277780612658102
1.1097907233063058,0.9490593764990481
0.4576142740094538,0.7105209748301013
1.2730034441329663,0.868469524345745
-1.2609211425529678,-0.27732198154420806
0.26395195892104284,0.41745655218550115
1.0303759040115783,0.7966952926892495
0.03879987652916783,0.29707563832750833
-1.1908343018553287,-0.20594330011775733
-3.018901900368168,-1.3890520210675814
-1.3204678346625434,-0.5104468593344801
-1.447731988979926,-0.19269007903352833
-1.2003996333184812,-0.3572051869517444
-1.0437307679100627,-0.0028299982730093376
0.3847948054277983,0.48064076104731757
0.7955965383955307,0.7677163239245958
0.25008356573402757,0.44758351132454777
1.1457861594495253,0.9939999203082769
0.686807562085367,0.8301820744526285
0.9388453777905988,0.7471774712350389
1.3711883583207158,1.1100232375927923
1.003962859733225,0.6490057632145435
1.1076888016416992,0.7648670325310805
-0.9631423106874322,-0.3343048469493369
-0.22070096936890704,0.27776223532153976
-0.8061680264636392,-0.010969806449341049
-0.9193238869887189,-0.12840097498193576
-0.35918175601202496,0.16219119748004981
-0.1410279097343692,0.13955741549708411
-0.43161170662523396,-0.014827214693531834
-1.299666864297818,-0.38959256051561936
-0.2856494189147558,0.1277392974547389
0.8472489980434434,0.5862820800934301
1.8681393921314546,1.2984012233385034
-1.155855118510203,-0.340089778724638
0.9461698685228241,0.8157326568837158
0.3196521670508393,0.4104149158349404
0.08320189664044844,0.16894537301239382
1.2906992076080401,1.0395794348530878
0.0801823904242166,0.27583746731507364
0.4640856619054659,0.49412141084078065
-1.293893517628416,-0.4457141335988391
-0.4075931621550586,0.045806561981678005
-0.5911472485587624,-0.1722111999886582
-0.2857191305084879,0.23979998229170094
0.5325803604416122,0.5663412991213128
1.8567218791984172,1.2182132500074208
0.02515450295374322,0.2891912699734847
0.966867235781446,0.7221402904858841
0.9342918441933834,0.6629236307742495
0.6883517083051425,0.5566668916493785
-0.03455455248291961,0.4091517053320808
-0.6821738772267251,-0.16306716336809607
-3.242159312478921,-1.3974140871984366
-1.4964599222227726,-0.49188037041479415
-1.619466704997977,-0.5714625623072751
0.35389038258465266,0.49162036056087804
-1.6211833191376543,-0.4053839851336971
-0.8336202972457536,-0.1288328500463642
-1.4690502644229544,-0.5293427065400741
-0.7477233592378454,0.1219083745457791
-1.5091055273366667,-0.4311662577934054
0.6550588406186744,0.663247726575269
0.2661069407825704,0.41027206381840853
-0.22283872128791649,0.21760065002078643
-0.7439321657077752,-0.09315240454535796
0.425997106468468,0.44496478893429575
-0.17776852717189007,0.17598586925760262
-0.42564166316785784,0.16052073923284732
-0.4035960598973267,0.08151576064608876
-0.049778037374577255,0.17506368075574497
1.6382257916662468,0.981476679587717
1.4750013886739972,1.0777674775040276
1.4315164059161436,1.0627115999278132
0.06632433810770433,0.30354164424288527
-0.35751476387529924,0.1410073804131822
0.33810062019591675,0.6777260673356225
-0.8281720530195498,-0.08104068345145667
-1.444887200308624,-0.5370375040631047
-1.8455527316235454,-0.783834171153373
1.4688374003291094,0.9196099221031433
-0.15629747536770255,0.2255376684822299
1.0276992035025816,0.7659495224928339
0.7638406499386949,0.6117172999012745
0.640394668444619,0.5000432157658511
0.31029316279002134,0.7241912650679982
1.0392717530593878,0.6654483732041608
-1.0676718513007857,-0.3241632187743631
-0.5167811474150854,0.06186271663091547
-0.3577600272616486,0.14290874148906624
-0.4566389222763638,0.06817986190231862
-0.9627013843572365,-0.24526621046762015
-1.4583607085450376,-0.4859124972253611
1.2549258780026171,0.7788500225435327
0.9206081276325107,0.8781612815299936
-0.16257353275467057,0.22631999710057527
1.1684321393666428,1.0034975158003172
2.172099637438941,1.3089218100706204
1.7320632173767228,1.2733412335220011
0.6758866777073037,0.8105722118640992
-0.20668479373483628,0.35507549502619595
0.8432586380267658,0.7249085097399661
1.2659695369279542,0.916307820666385
2.8497317613284525,1.8815107893519571
2.3461607806337814,1.530288235111813
1.9086610170728695,1.1757609484687528
0.8185390213998758,0.7670340627206218
-0.5474007665000412,-0.00503944873563595
-2.2454014681595473,-0.5660777136422463
-2.6306152358499526,-1.1799170812173354
-2.5694342734080164,-0.8514972966824335
-1.2482537858793774,-0.3076247486809031
-0.2654467072332266,0.07759227048244993
-1.172522185694253,-0.23330148157489267
0.0983802117685455,0.4157215255601691
-1.293522955861435,-0.37737777132781397
0.1265046620254936,0.2973268422988783
-0.48702440218230914,-0.1404738383311034
-1.8412953397080207,-0.6390923006349346
-2.7777497299790164,-0.9520649712143652
-1.603267018709433,-0.48863102706308176
-2.3663166895378236,-0.8560647889786137
0.2308830894531151,0.3639601118592762
-0.25758572461572793,0.3039069593238369
1.2843304944115348,1.0132712217871618
1.5871100822411872,1.0765800530381364
2.105655460721711,1.1710303923470564
1.7244014686497753,1.3050235180274008
-0.0416480953242333,0.17819991703033577
-0.6054599093517703,0.06196282879542807
-1.1279547911551988,-0.4539081480124708
-2.954503095220054,-1.2112316769735452
-0.8626807746677085,-0.08017120607489123
0.05562806150093935,0.15045420193847778
0.8188859639354328,0.6030512586911212
2.5647894919070646,1.5224750731043462
2.1436668905895653,1.33087910682673
0.47719794189856823,0.5909956164446186
-0.4826517643861553,0.17920956963993495
1.5898918337593968,1.2329676327667192
0.8848820917383814,0.7615534252824901
1.2884044289501935,0.9821075985645521
0.7046595857580966,0.6233023100464731
1.1093832653477915,0.9140679482864199
1.063597238794592,0.6752870240940788
1.2346861372738136,0.8937424914889015
0.5405970267369182,0.3946122547085831
0.6260651679317024,0.5426351519713309
0.8709433049693065,0.8057058031060695
0.13269697360578792,0.5026322463758912
0.35948602179710143,0.4001667181856066
-0.46125649013618875,-0.054768657712085125
-0.4437453454425603,-0.1492786491435314
-0.5951318623612241,-0.04000315002731124
-0.43661460815906755,-0.0037631654532056663
-1.8150255282261722,-0.6575733117672373
-2.822403026670084,-1.2062500958380153
-1.2270726270177972,-0.48302751371001856
-2.425837509774766,-0.8665172372007584
-1.2101772186301372,-0.18538041133950514
-0.36195067961607097,0.20804376204666652
1.1913729155976949,0.7204975129084306
1.1672404923731718,0.9688501914876592
-0.16089644127139457,0.2307239587442148
-0.5684206388471582,0.16449041923721083
-1.0881921021699115,-0.26623729488299813
-0.6922834663860977,-0.02810565838011742
-0.49302009168112054,-0.1926294806828955
-0.29655002089241667,0.2566876174494573
0.36438773010860803,0.4888153917412975
1.467982644010022,1.1212320140090073
0.0806549950653963,0.5480288926715507
0.14491147453795633,0.4815174991674944
-0.1682949590151783,0.29418985595983305
0.09843227997657117,0.2955650147171808
-0.5098039363432154,0.20998612379999257
0.4338311178523902,0.6282349304027044
-0.2394229277228515,0.10146623432139139
-0.4363660085194253,0.027830364015642393
-0.0834880120919187,0.26303383727303814
-0.45140473223530786,0.08460754556697601
0.29134717681248123,0.5839488952876721
-0.43036741547756363,0.10296696187921356
0.7200453118950136,0.6991390295067856
-0.2437792980184027,0.043178891989717805
-1.8302895264652128,-0.6608157588576223
0.28382584827072654,0.4235051178778903
-0.0751137750286009,0.21797953002820256
-0.7151797084256473,-0.09955485808744449
-0.9016338573113721,-0.39889806049869847
-1.1041573180359554,-0.1739927426651114
0.5778634434699934,0.583487379844278
-0.008625585262471147,0.17667129993062364
-0.09052657102673126,0.20581181432878243
-1.4796236150444873,-0.4491461608601194
-0.31303798642952885,-0.0016571887774651517
-1.4521505267700936,-0.4613071241431611
-1.3344404120448574,-0.2847942015972403
-1.8916828529368759,-0.48956243635441893
0.04096531262252645,0.4288875491492498
0.03398378321179617,0.32448365926633305
1.3454042018187926,0.7166793699410197
1.5322593134904734,1.1242005694871484
1.7731412329496472,1.2064767252496629
0.12199385146131048,0.3383549573617287
-0.9537997660374369,-0.15066143999937584
-1.2812471746413714,-0.2656937233264385
-0.1516620921957197,0.26276364912330197
-1.3929811396998883,-0.3642884933532527
-0.0069425416029846865,0.37075909128937273
-1.0809734056442764,-0.15073739846965284
0.0941380237698185,0.5202065428895384
-0.03216107186172276,0.153648025662202
-0.9514820087815216,-0.2696295393530992
-0.6137560805151425,-0.0018769058006306944
-0.10933406856665989,0.31335042317316764
-1.7119343948712011,-0.618726909550201
-2.6786591038852223,-0.9391523688163876
-2.412356191628869,-0.8360702726714989
-0.14508005754066877,0.002277710696586277
0.3317290940646789,0.37044518340893934
2.7471024208017565,1.6445877474368498
1.1909865700743465,0.9715627345527268
1.0029476179599004,0.6875831704942506
2.1102266549210786,1.4051565505748707
0.2778119034001154,0.29693311573512404
1.0167038172534968,0.6813888199176472
