-0.7774186546727206,-0.039556468602238715
-1.45441338747549,-0.4044499481191486
-2.648596785585548,-1.040980611788423
-1.0040361935182855,-0.18462106483911012
-0.181056449252602,0.155452116440289
1.1393729300421094,0.9401193388148497
0.9442206782303655,0.6089465723256858
-1.3525259396195912,-0.2571648133400479
-1.0006557978709305,-0.12644099855688395
-2.09955866327259,-0.7016347951879189
-1.641895290361128,-0.36890253355637165
-0.5528503263178557,0.15223358152740235
-1.3335631144341575,-0.29249331823539576
-2.7173190174721285,-1.1932216661704187
-1.8378001556341383,-0.6514497815223648
-1.5178511033446243,-0.658259357482184
-4.13339726650222,-1.696296582987639
-1.0558814597894841,-0.010558860609534204
-0.8190271497039816,-0.10648816401055926
0.9282176676450372,0.8041500729188953
1.9587330459449248,1.3934672645432664
1.4231767169005893,0.9800528323887783
1.916273794239622,1.1835361629145704
1.1561330097190063,1.0240735519919586
0.8720128695224886,0.6672115912422737
2.7399124510982813,1.472868535808936
0.5732773456247188,0.5582029066478663
1.1577424312781206,0.8163297047382662
2.070536343027999,1.4517020122284197
-0.7786924228819458,-0.14996814210327836
-1.0296551695303613,-0.22256985602475976
-0.2322779705027006,0.3295947630354834
-0.9292038626474513,-0.2604061428777975
0.45830107923605123,0.620462406165679
1.1085803438747608,0.9234182303680155
-1.187808666916002,-0.19969845373872436
-1.408415486849502,-0.40851721142528846
-1.0677587362003442,-0.23480464392079578
-1.465025896436999,-0.5717635187229284
-0.8659055713159833,-0.2521342249703748
-0.029499006995967747,0.26415695820312934
0.15719967599251947,0.49206576410422387
-0.6992248404883052,0.005109881809913036
-0.5683452589637541,-0.2386964959421467
-0.33397230017800505,0.08998809634405708
0.028765108541618623,0.48637968226002465
0.6737485322547415,0.4249941822641072
2.3646460704691394,1.4827822684930467
3.244347324559639,1.8489889923911882
0.5730388600198298,0.5292435859644253
0.26717376239251556,0.5355348815178262
0.2591506583102722,0.5232787990262138
2.4807957662386726,1.494118099369361
1.0093243320343999,0.923250508074346
1.775951848046728,1.202376291207292
1.0031217031813793,0.7645528075872817
-0.22501133265325768,0.17660042658836642
1.4137558169180586,0.9686220784627781
0.9059412809819434,0.8772076370298587
0.18641373709548348,0.3039876134367148
1.632311415826835,1.075270865682456
0.6376481829412124,0.565899140193429
0.3567409328338259,0.4878526749965119
2.3948118835441874,1.6013078514941048
2.444074823922982,1.4493664940048425
2.374230181117386,1.3465921196806774
0.0927931454673181,0.43521622878696525
0.02297489110311278,0.3591692860345893
1.195870834596449,1.014552866393358
1.0113627725079923,0.7457851928485405
0.4308998193575511,0.4056441119765833
-0.07509991832843038,0.27626598501036
-2.273204119240719,-0.7714001038867865
-1.9343906669478355,-0.5603309150300118
-0.686795811502551,0.029904645489478132
0.16123564693004566,0.46456651566912466
0.7666001176526742,0.7074838935456471
0.7184041258988809,0.6273751371269622
-0.69410498560634,-0.02340628519975367
-1.4401738251866123,-0.4073335721581749
-1.9032378709504263,-0.8254479743776894
-1.7519504545032052,-0.5137358499163057
-2.294968929694942,-0.8926600729513122
0.24295563726474745,0.29947363103081426
1.139269192561019,0.7877715238998878
1.4531058369214642,0.9248254747514439
2.838336034770477,1.5740247777239835
1.2204851244749024,1.0848459948991738
0.5006830932960333,0.47100823550988186
-0.9409279196337539,-0.2370733368743997
-1.9881134182611755,-0.8476456723814908
-2.9050164181344913,-0.9316976359823618
0.2390821588765064,0.27523464786430485
2.9510662665382217,1.9470641066592471
1.1941806635112393,0.8673474935692962
-0.987976841405196,-0.1781213166384108
-0.5657466872887302,0.20719225679713557
-0.506697623712495,0.1836778758054153
0.7355138076661932,0.5884805687346292
1.3451265088335358,0.9692676181972614
1.4799760409730687,1.0843045449279995
1.5783195439800501,1.1510232191373677
-0.10241923379024209,0.3951166867769883
-0.22046590408063405,0.17912767541131816
-0.8995839440172991,-0.20507020362685763
0.35991500140583665,0.3894037509197634
0.5200202026965757,0.6515263974241366
-0.6933696454184577,-0.17967670001846403
-0.7444013605590605,-0.1380980039930696
0.00765145794402966,0.11252926820346115
1.9591360231818014,1.3197599433349174
0.78896592508894,0.7876479277500569
0.6148355035145223,0.7367581282757564
1.5359741807441738,1.0591148865082007
2.096120125253873,1.2885092580784607
1.821013392887504,1.125315179475904
0.9585439897667818,0.8234358936481798
0.5036336571155382,0.6601282500331407
1.1462221396194614,0.9984770020305168
1.781957518261414,1.2072005468950846
-0.93344372527481,-0.31108220455328855
-0.46974878201828424,-0.048023212924958064
-0.6629395101040642,-0.062272524591433544
-1.5293242137774485,-0.28512029317383825
-0.1270044574632736,0.31589200656394767
-1.0406889323057584,-0.1479283404800535
-1.3914592337638114,-0.49728484571256887
-2.816508480309877,-0.9936964546651145
0.6789126435060386,0.7311165867798078
1.51028234025507,1.323482264895982
0.31829923519580205,0.4174793609922848
1.0029778346981533,0.7408693352025966
-0.05925725967721163,0.24168831143017666
2.079965577580822,1.3443222321558506
-0.0507066288455158,0.3154348981174072
-0.6476319857343927,-0.14833216546668143
-0.4416392270823551,-0.10666710561128268
-2.373885212163884,-1.1580571221801848
-0.7824447557166406,-0.013899414158368803
-1.1347155763664971,-0.31868494182136864
-0.6987222160482929,0.08309141662926081
-0.3614324206748871,0.2547049361069704
0.27807846512709855,0.3853330060750922
-0.6204008707238071,-0.15883484109225635
-1.3404815073864857,-0.42478090964909565
-1.1966509225945006,-0.1637527584357761
0.4431217145115047,0.654183841706337
-1.3914075202780603,-0.12150930416222827
-3.0245466507741945,-0.9430966540048538
0.5905713459310897,0.658587461343918
0.7091913786321911,0.6717859944154545
0.0040768825629333705,0.5353614501216661
-0.8118113444200945,-0.035654579482638046
0.1893990193945133,0.41594755034640574
0.7831306503175255,0.6484413535586446
0.6392557519789649,0.6655773463846468
0.09939427897494507,0.1807805721439263
0.8188620420016368,0.774934641086099
0.5117736677184223,0.5735228649183044
0.45135502024471147,0.5499420005337871
2.481227772094503,1.731740386453942
1.1419086777706586,0.89320961521262
1.5079723168191999,1.0665937041803357
1.1972303581067292,0.9004290080255433
1.1178861250029644,0.763355317558184
1.1382934693698128,0.5955438976469395
-0.44968451204436233,0.22366233859213655
0.4843386613431316,0.592566292917646
1.2498582967182144,0.8982193848423234
1.7541923035796905,1.1464459319629972
2.498193622445772,1.5098964526422758
1.1536554150458889,0.9282699761976547
0.2591874533390369,0.5547608814440216
-0.694904788334598,-0.13673497674383933
0.1808123460663108,0.29986504665786345
0.6568864328684286,0.735714347785776
0.260519773144197,0.5206062825507696
1.3323078493419442,0.9453767410151448
1.0277665351539313,0.8802908699770491
2.514979177180152,1.5197647031490265
1.9429401301376683,1.3415774130299813
0.9992171891312579,1.0004375101682124
-0.8164278553182697,-0.09265911433972429
-1.047114696036758,-0.2436909774594901
-0.1906747391698279,0.18065513381288578
-1.3493173619510714,-0.39623594604701434
-2.1331582003448366,-0.7968793615797072
-0.5235787104509866,-0.026419740291310376
-1.6618973836239022,-0.7429641295563446
-1.6170572578600981,-0.5864147695250277
-0.7108843828530734,-0.0769136942921727
-2.0165181422173957,-0.6049976339220706
-2.0752711537816797,-0.79851952715908
-0.026494912166536544,0.3337576245241678
-1.7752468645541675,-0.581204235842035
-1.8756385953823838,-0.6056989405221519
-0.019505084262454675,0.2402723974181486
0.6479007024879508,0.671584147318324
0.6197428179635269,0.7030878260393463
0.5800364867339661,0.5284598456413946
0.42867005513501133,0.7100779810506631
1.0219111601998332,0.5838385679738203
0.7212382159395248,0.732038382024805
0.27893467948081774,0.5387293405778814
-0.40765398320746,-0.011984905133739648
-1.234402253638303,-0.5318313233716351
-1.148504718521882,-0.4153246085929999
0.25337776349035745,0.5912691518968689
1.8209019661228303,1.1767186689105722
1.0197877970692284,0.802206080445179
0.47264364277887927,0.48235817499748157
0.2562206033730996,0.4141503152780094
-0.10305862226207446,0.07243169574338809
-0.7894113711739286,0.010388030046574445
0.37887441980460335,0.34265352021350304
-1.1924888944069147,-0.14456814621429376
-0.9912378052788886,-0.2850077705525786
-1.2943612286165744,-0.3922549235653964
0.810003509974677,0.6670185002058746
0.4209116892858545,0.572548197156575
0.58146175423413,0.5317295994172093
0.4723980071105015,0.4133838279518766
0.6299787331433637,0.7811391368221541
-0.43173665635457703,-0.03699233545714635
-0.2979270775465937,0.0729371595938941
0.07679787119804954,0.25350757182655614
-1.0260894624537071,-0.3055555084201056
-1.3491061350396159,-0.22859728355695083
-0.6604279835955568,-0.07777439872451113
-2.7101721301927464,-1.0036626580551995
-2.2490775597211523,-0.9066967326417952
-1.4762650969117463,-0.40730962501341
0.11943540601127178,0.28768658315566775
-0.3252603953499743,0.287278314790289
-0.9315655605330794,-0.11974220436530816
-1.2498635808173248,-0.37534808137322884
-1.6988164784055733,-0.5832839846848267
0.6635878222170686,0.7116791215461611
1.663564395284857,1.2662693635437685
1.6543996807175496,1.103830732797944
1.6111636141199668,0.987093901101836
1.5369121618757,1.219918077423071
1.6304590960973835,0.8979516893529739
1.4609255427616314,0.8450935326542307
1.1756736717255394,0.8435676453371734
1.599199124006412,1.3510189101568422
3.1165837129091774,1.8815963152341242
0.3781137481331459,0.39445729137993885
1.2048984872431945,0.632089489754619
0.9496582272503726,0.7661586764476908
1.3460468424095562,1.0091400448322987
1.3402992900582178,1.1318134289869888
0.4167650504286312,0.5205218318886377
0.895300666113757,0.5448358968655522
2.1737920067579877,1.395160581375243
0.1443124690777542,0.45968088766529214
1.167324470657625,0.8411874359994344
1.429621838565013,1.0491703175701743
1.3090102096542147,0.9795732089607769
0.8769462426143422,0.8060262124472595
0.38883248689585265,0.4351094953907364
1.4919378337682863,1.13520863098071
0.73198603778869,0.7859998450750767
1.8409200181901748,1.2224731173492653
1.055224425362265,0.7625598857462063
2.6225913829702967,1.5753650558796877
2.02225804325879,1.2797490888749266
0.7628369447745369,0.6696661962161213
1.3475731745903297,1.038727969365331
-2.651367744087293,-1.1741895329661667
-3.1045412089192004,-1.3422784685457891
-2.1411154527891703,-0.6765451740905468
-2.885031880954977,-1.0699945830769475
-0.7261241600622517,-0.12075722372539086
0.28908683339402264,0.5890356090394901
0.8921969790572987,0.728989969673022
0.02650242604734321,0.3302074516420346
-1.035423312884726,-0.32614841816751766
-0.12811982707917702,0.3179621793756946
0.2563889256042219,0.38602702395687577
1.8657800912122329,1.2287884336382295
1.4508789981795176,1.0742422008308625
2.785688085307881,1.5387456573006966
2.8810127986935585,1.7948403919114584
0.7697498377298144,0.5469070643969876
0.26284368538331876,0.5588940613320694
-0.005180111437277535,0.22006582758728485
-0.1311808476675819,0.18967221015079247
0.20318109117234157,0.2904135881639141
1.148689682070068,0.8411427612816463
-0.5270096304664676,0.1447667767025584
0.5531599349408441,0.6933615062627085
-0.12960195316929757,0.3519629958625894
-0.012449294058380647,0.25963802847462614
-0.5866217308731725,0.04699437175047829
-0.7654534087661934,-0.07989360166669388
-0.4210979388007575,0.18206472119464007
-0.32774139833357463,0.05120875325967897
-0.38031659547087976,0.19837588815219798
0.05552820650837598,0.3327414008914605
0.878741345104091,0.6629558351146025
0.9689398163776419,0.9639875485319819
0.2643247089184978,0.5422042197345522
1.2950648774883249,0.8822396442438807
0.8036230578739858,0.576402387226348
1.4519886510100877,1.0301768739143589
1.337899108190977,1.018576383397961
2.5142430108531926,1.585185802380863
1.2010178428568494,0.950222286531622
2.534970891941288,1.6606976386446508
1.6608895215168071,1.1951242085922658
1.2341051253353452,0.9551466846168164
2.019914726220654,1.4006539062583194
2.1914393787042363,1.2410113130164557
1.5421146647480555,1.0599643412658333
0.9989473325213267,0.9501791618565621
0.7633033554105906,0.8522361915998564
1.5661146590005655,1.0637580157989046
-0.5683578034917203,0.10620103442365081
-1.3797248593203402,-0.6481536183271328
-1.7184946940795718,-0.5484130513077105
-1.1785189793477828,-0.40204986373291135
1.130031454326909,0.916526913972143
-0.5127841366231354,0.047776985308583354
-2.6033173385624573,-0.9415260193022877
-3.1626621153985144,-1.3237419645587685
-3.193100920908,-1.387385692663715
0.09572012254968931,0.3367921363756274
0.7291892370877816,0.6583769490477396
2.424504873755512,1.5650202534189726
0.6129493890776472,0.6578496433173247
1.1393395531009542,0.878684837767219
-0.10945732494937455,0.3236372995708324
0.7806422575568349,0.8062712582816848
-2.0503131941066,-0.7408009086343998
0.7921270793217374,0.6099607774091366
-0.1098175401394701,0.13270135178945086
-1.5357157378820514,-0.3747012233910888
-1.0125807402893117,-0.3149107972094064
-0.44574887964381465,0.13738401247993218
-1.9468710469118442,-0.688420957195322
-0.01068325379517332,0.1978946786752508
-1.0464822456407656,-0.38769236436950605
-0.6678874167532003,-0.18313128863610645
-0.7397633105067707,0.015941203398348702
0.915409194840257,0.6742524286501703
0.9329647241638922,0.8681046293517316
0.3616451067469035,0.6018126702497146
1.3215927476242797,1.0325871912986817
-1.877478201969453,-0.5129085454220532
-1.987285625186065,-0.6274397348127341
0.24139509110807467,0.30005469680325336
-0.45403574042988226,0.13842027494926795
-0.4047508119702013,0.21202402460293457
0.8131574059144225,0.7047356676983548
1.7876022324568135,1.2515552307198117
2.024004318212091,1.3637840603867026
-0.0899580771243127,0.181340396603619
0.0469557453100978,0.09343886866345005
1.6825794804236647,1.0943994449794323
1.1130792880933305,0.9550697163567446
1.2263876107888192,0.8478779356421904
0.923722466071293,0.8022620216631856
2.0294143833377585,1.3428638325526805
2.470340244162612,1.6249839595108995
0.8054767121715266,0.6010076082899977
0.6189968432042623,0.6368038333697879
-1.1676651056474279,-0.24947283042783855
0.06121332172307137,0.3053324711583362
0.9286987377843285,0.9490362429013142
0.7912522327233665,0.731292710822819
2.1823118707502323,1.3264612326026755
3.1590905285838344,1.9887129734078524
0.40511493420092803,0.5179489856659452
0.013650414412487766,0.3803036405226888
-0.5615702548724542,-0.0383842810041907
-1.852805704137241,-0.8204830819349928
-3.169299288640877,-1.2729813231879166
-2.6285456771643227,-1.1179866378309373
-1.938784217552165,-0.7454696840845223
-1.3048860419700707,-0.3800644546870138
-0.8347834238225882,0.07016698369573698
-0.6031502916616488,-0.18539244289365284
-0.17743628335194694,0.17631487589658623
-0.7559398676353843,0.0540964541047263
-1.861601506706525,-0.5290333322745597
-2.3224008383978187,-0.7000587377955717
-0.8559506645315236,0.1212546402943459
0.2826638605329763,0.35061351054251777
0.5911843838297894,0.6362119114737015
0.7471803272618471,0.8686605437516051
1.6702961919343766,1.1445545102339438
1.0834353133378676,0.9134713631122474
1.3065026635501855,0.9889838445181697
0.9178176683937023,0.8246557770878931
1.4034324159759173,0.8140384899175357
0.8862593079477948,0.7336382455583702
2.316624755901609,1.628888040555971
1.4610679270467297,0.9369775936290825
1.2777002805570719,0.9160599795476284
0.5638792071271774,0.5483173612427626
0.16234760490723799,0.4749943470975935
0.07283983233237014,0.16963810878234625
0.8381128324358585,0.8367627445685845
1.88617860724797,1.3545730601755057
-0.1870083284220072,0.23981421195726205
-0.26299247235376294,0.2996558836513469
-1.4802411303885759,-0.33640751648860817
-2.1668066804292963,-0.675364800721951
-2.393858576717549,-0.7985589152326202
-1.0523328638857874,-0.05825696661587659
-0.9063195535317377,0.06749107139588312
-0.2670112579099869,0.19893503921246813
1.3733377433948022,0.9372709102872759
0.969367364164737,0.7949915978334847
-0.13081233932406544,0.140015938077854
-0.19052567925072805,0.18111522393151783
-1.0083148166258804,-0.3325699318032833
-1.7493356277870729,-0.6338380794279892
-1.567922271330144,-0.49967084546311974
0.11460762661797164,0.3208978435793891
-0.2095022364147449,0.2412340555056274
0.5486269137205385,0.6001286105934083
0.1455556586516782,0.37125195017488904
-1.107517892434848,-0.022132042810306868
0.00810037649034534,0.37699276671753645
1.779819979291025,1.2311265292931326
1.4342443836082728,1.0574609549822167
-0.0843283564949,0.10448073018079379
-0.983378156470001,-0.33072337312151556
0.12957260369719126,0.2224532672760868
1.0997516530119666,0.6538842125950375
1.2677603230376202,0.7193328937285639
1.3826096421979912,0.959963950064235
1.4956712728203874,1.0845652246825483
0.3828121798386861,0.4602241548599175
0.8274790735524808,0.4655564695036868
-0.5780483125878872,-0.12096825182935148
-0.8940269325403098,0.03129709713371967
0.5850009052587084,0.5802671411264596
-1.1080733565462515,-0.2753100273263494
-0.8513527805754152,0.20925796670816127
-0.2844848750704979,0.02761079270134717
-0.9850041705763344,-0.002374652910912378
0.878915491578143,0.7211674557684591
-1.2239776255607198,-0.42877576720473015
0.7188526422443329,0.5971004042853706
1.9195029866108948,1.2412505085813548
1.8589604757192224,1.275964993473497
2.5110057589916828,1.58680337567731
1.2035888527300356,0.8773248781848592
2.175599349973933,1.423710137852165
0.9779116044459453,0.9110347992915914
0.21421876190095812,0.3469207322778397
0.7260838068835307,0.5529838490227947
-0.18647817472824646,0.22472928031474482
-0.2626512508564869,0.23996317031010478
1.1046803050310396,0.558397558385202
-0.004372640765163527,0.24829509770769692
-1.3591476360623056,-0.41723221860091386
0.04342831318294371,0.2730710989940006
0.8236659192540424,0.5244044924127064
2.6268480816386823,1.6543514276097515
0.268139437377662,0.5193987998135398
0.4973614508160751,0.5595478215146936
0.7050673201696624,0.6228303203368596
0.5892231865753994,0.48091527174493764
2.4142067890331362,1.5899088411895563
1.1869450569177962,0.7396763346819579
3.2891733520847986,1.953518346212168
0.1617793417547544,0.3656186994190638
1.0235892711391015,0.9016212884114017
0.11562226230797834,0.42808619234248124
-0.10545568414393781,0.3779499258847401
-0.4331747744907357,0.2857348680483487
0.6322572798723212,0.5082103683734231
1.0415260176724608,0.8453312658052948
1.7258602599611865,1.1397077962537425
2.1573543696477206,1.3583415045865648
1.813315491176077,1.2191182476674536
0.686657148521409,0.625147612341218
0.8031027837203966,0.8476255508926898
-0.49801724323819896,-0.155681113647388
-1.9512068503161735,-0.6241538973041283
-1.5974322456839638,-0.5754529416695833
0.8429933735579831,0.557184387530548
0.03615123120302044,0.3023086087461327
-0.6276420136257899,-0.0434729674271065
-0.08936919205423632,0.224229215986532
-1.017886579216456,0.03771109168438694
0.0762521860034967,0.3405319946345459
0.19094817854850443,0.4556708277831207
-1.2368956068935049,-0.3620725528240275
-1.2411506336991398,-0.3856918468570023
-0.3738662307550187,-0.03378188591072476
-0.12816603534783821,0.18332675831531128
0.17540884538950924,0.2994700930850214
0.36544546674228134,0.45047429754950874
1.4416186147698364,1.0400845765863116
1.7731267158694148,1.1895381058342098
-1.5351885122453064,-0.544951250746892
-0.18468931997614113,0.11657346484645145
-1.0631724921517591,-0.23105768104713537
-3.3401869720928103,-1.4623642930942293
-1.930690620989051,-0.5835662058526169
-0.8969515800959705,0.18947222501660266
-0.1345367759078323,0.09321758033328612
-1.0488906173693366,-0.028548491181245028
0.525282686725202,0.4987652191362572
0.6930335262082171,0.5461459360912825
1.7924752902268746,1.3175629783684852
0.9707888836946149,0.7857304777982964
1.4915022239046278,1.0447291437886221
0.7225074535834514,0.7062859010281312
1.3959400780741342,1.1570580413175688
0.3309819560501137,0.4501702326729346
1.267289963322991,0.9961368906622822
-0.8871183240811014,-0.048457493692550146
-0.9981021159578541,-0.08024379597117885
-0.5817561141312191,-0.11290714953982306
1.2367704166754918,0.9670058620640992
-0.19206905036726352,0.3462402958000097
-0.8916549532823534,-0.1237140676154319
-0.6241342779918021,-0.00883185528405477
-0.27092065574393354,0.24186270293086076
-1.4424387230365245,-0.31909068541012825
-0.9980969886564875,-0.08975802626218207
1.2794338900479905,1.040029626903607
0.6754732592890353,0.5883587339459088
2.0409560950033114,1.3372493365651956
-0.7158787179654864,0.054487636051139876
1.4219304300833653,0.9857203330607759
2.4646425963560152,1.4391272403326325
1.2696701125015004,0.9664904302187073
1.579392250501356,1.1510574796056436
0.2345631050319198,0.2674654149303022
0.12074818331418505,0.46621270508980056
-0.6492054257321205,-0.10191284377224115
-1.8297664749969709,-0.49010145557582896
-0.8535305189156843,-0.23040932984017998
1.5149884318268036,1.0858011602071358
-0.8171947954169144,-0.1704547804643658
0.36619229364676387,0.4808587564647462
0.7439260968940253,0.553734485525811
-0.02668403011532372,0.007957770709862144
0.6136951745254274,0.5031885981974495
1.2053171672376854,0.8223243832416938
0.6551342801375137,0.7067156277481889
1.468944576665068,0.8424830805615022
1.7070702273618266,1.1771161833669253
-0.9755700111305565,-0.15040830436025404
-0.002895038947888784,0.24108308829123004
-1.8413634177638996,-0.6502940880836234
-0.1899866961212654,0.10977468730240099
-0.22928827208403568,0.3689878737055252
-0.031095281708043765,0.2281129506740583
1.0955521259717167,0.8475127874958728
-0.008688658819662964,0.35927492199924055
-0.10105259308523082,0.25330769888201754
-0.5777109307246885,0.2532863150709051
-2.122645041629735,-0.6821847784899708
-0.9251662711300969,-0.2623343189087289
0.6219676481647449,0.4969710857844866
1.1734240323674494,0.7855782427776344
0.18718923412889743,0.25322303515181466
-0.9443962634655777,-0.07566252595411822
-1.4565919245010674,-0.4431787510054611
-0.04452621045140348,0.25415592658052105
0.1049462922174543,0.4159303767440755
0.25164409177187563,0.5024604844123318
0.5050457073895942,0.35562274638606317
-1.175322362730816,-0.22807682929833747
-1.0956638245796262,-0.25437997180648797
-0.5591954050985001,-0.09669953268813458
-0.621443173959253,-0.05080577226692104
-1.3459881078139568,-0.2542764594657855
-0.7492121805822695,0.017009321588359855
0.260333549361071,0.3766098662181173
2.011789233722072,1.1622653381288295
1.4035515011315765,1.1749309558519159
1.1191956939996834,1.1220655392000274
0.7175275151525418,0.619097671978352
0.005208344453735525,0.20848947208418522
1.123670042601244,0.6619578599085468
1.3442610160824513,0.9862350261606677
-1.3305609637365072,-0.19347674983877033
-1.0264620795181063,-0.3329225798234694
-1.4169281618816112,-0.42799729527649455
-0.5176972344278268,0.041684898122707696
-0.5646171432006806,-0.04021688557431104
-0.04171180700439947,0.2479987061663291
1.2008456190671728,0.8846365349342659
0.36552225676670524,0.45971545487359233
0.8260412260956788,0.676036978108569
2.1681777195854046,1.4527291389590056
2.0768684344581754,1.306037788966963
1.416986392883742,0.9908628541165798
-0.1772886816333229,0.40935880009515946
0.21876986380728117,0.31566982309323494
0.9861139271369632,0.8232528791110875
-1.116600528906335,-0.15796755590687578
-0.5536348049831806,-0.16475377456000975
-1.045749673976631,-0.17131535030990436
-1.3830572132937855,-0.5343167913525882
-0.2880244736665978,0.3560967152526196
0.5665038413125161,0.5049258979060178
-0.7206811055948034,-0.04362495386190056
-1.2204104729714689,-0.2734361215303572
-1.754562649436292,-0.5205250592069914
-1.5390877646865944,-0.39415469643652135
-0.13409668799118557,0.21791243709440591
0.7112109515719048,0.775516497836011
3.181068081672165,1.7081007034901414
2.9379188040639224,1.7962035601754651
2.0670823333200556,1.3348412183766492
2.5250887115180243,1.492239848279536
1.474972825479412,1.1852908737855736
0.42150042833279155,0.5517009064617824
1.5154275864798983,1.074806513223834
0.19628867937958072,0.4108505305790995
0.13500214591632548,0.35202771858186915
1.2607051627792687,0.7825023946878413
0.7449996284548055,0.6800314756796138
-1.2056075260105563,-0.40729410998246507
-0.6932138034881954,-0.1614863575476225
-0.037220506274344034,0.3374449578621408
0.39635009130625865,0.32915436565308076
2.897039548666541,1.8026232168439487
-0.23295629682052166,0.32624309563033926
0.4730833374946165,0.4305293872136534
1.2890228225819877,0.7738656674895087
2.2361863102962385,1.3696715557328054
0.49906476831018864,0.6468042919179446
0.2484032015257119,0.39791040963641205
-2.080944200654251,-0.7358105309507992
0.7269009003587619,0.6549646863099786
2.554168152286409,1.5719185086054008
1.6807756111537404,1.188772796029657
0.8160481256470108,0.7470346515368144
1.5696860750359471,1.1262998489615252
2.0880584753937708,1.2570277645437828
-0.9435834480223488,-0.1304771822753762
-0.28045931152493514,0.37649383154777294
-0.1354529006145538,0.23203484008716893
0.2189975192061954,0.39291042180340036
0.8414163165526813,0.9393956386867159
0.3700254733190311,0.4341621533962599
0.9527542185419096,0.6618771381800433
-0.3759637842261101,0.23611748738749747
-1.7872441941280781,-0.5110722702256675
-0.816690540971277,-0.07547219498765334
-1.090532680455322,-0.2876037841852447
-0.9028187560280629,-0.21153338163837773
0.8822270429234099,0.8697104953152177
0.746539646883161,0.7157507921271318
0.7829746994744312,0.5944525995285154
0.031545367431036975,0.42704507064701813
0.9963140700214437,0.7848487221585319
0.059314474622701896,0.22583514509068525
-0.6789612490694754,0.06755682496761903
-0.6135047188456295,0.03382005313394183
-0.3764598807876919,0.10116699042456642
-0.6612409138001336,-0.05911739777240471
-0.7273183540944514,0.08986220121957053
-0.9439347934025304,-0.2406652205008198
-1.4761616621720164,-0.44713119914729194
-1.4598574989497857,-0.5552757138777974
-0.37780888784126276,0.11874931049877595
-1.334402025906589,-0.3653714793458998
-0.48187048572638563,0.06556326297300921
-1.4274642049424053,-0.43580001057606654
-1.0184697547856765,-0.30401471730904484
-0.4437811896077623,0.09929982305200555
0.892202422001209,0.8136802139313636
1.679347263119842,1.161036762360869
0.38709057191767415,0.5434225151432449
2.595034096383981,1.578231903362642
-0.4414447597379574,0.10082231127596819
1.9607235959792768,1.3436012590228317
0.5548752551188582,0.6727368517472457
-0.2671736140563432,0.3475827564310422
-0.6706949466888046,0.0035089237925756897
0.6042739925834748,0.6171452954596294
-0.23797897659025458,0.1419550731074039
-1.5144557439141815,-0.4388772907075347
-2.5915303880994514,-1.0614777059544243
-3.140772372656204,-1.1958162333143114
-2.5756740450577613,-0.9055386510660315
-2.4625379568660106,-1.0733787758070767
-0.5829834298793334,-0.11558336922330546
0.015796405092136756,0.2598404111310397
1.045541745101352,0.8288156916804703
1.7267688559676229,1.0700292405752148
0.7698134711222973,0.5680623467801222
-1.451274813428922,-0.5395302784932803
-0.5003542532406025,0.07096249402134508
-1.3413832865989979,-0.3662993478153326
-1.255551754495039,-0.20625320170358818
-3.7233566385536787,-1.4984212526039968
-0.4235993643933349,0.07208697080955176
-1.2886492999972874,-0.4015616598354132
-0.9977096414226666,-0.27099725338972014
-1.2913996984357523,-0.492133540302907
-1.1033161779577596,-0.40884697657746816
-0.9996578137985997,-0.2571450328602081
-1.4367127433958093,-0.24057991970479503
-0.5840875997742778,0.10015564496805705
0.13585351549151725,0.30935289907194574
1.8990911823717003,1.0516463012043034
0.44328174389204056,0.43359163724805855
-0.2773015197297209,0.11971778382880843
0.6610088350058907,0.6340255519216439
0.3256792931184787,0.5347484037024108
0.6328815033626511,0.6544597121017438
0.855348872750358,0.6531599076851746
-0.27431212547721606,0.021497866865473864
-1.282841091702118,-0.2798183450086982
0.647910388461299,0.6534382877878923
0.7539825633497339,0.7904781961115939
1.8050625121766255,1.1026353759523726
-0.3279554472865589,0.15014751414615898
0.5816690356327854,0.6841087883093485
0.9341144805014396,0.7378689441354263
0.049752981586554945,0.3177503490751647
2.437637730146371,1.5399461861484494
1.4731375326656366,1.1610673714713757
-0.38450047171698665,0.20470620061395195
-0.3779092554392301,0.11033784102569502
0.711900083857032,0.8835833090875116
1.5732172224372416,0.9186315690553467
2.048812841529096,1.251845256846454
0.33151118556535086,0.445599195256702
-1.1618514812017473,-0.4054345207077966
-2.002170442487011,-0.6188494305157152
0.30255052174367725,0.5362356509908984
0.3824063751052684,0.3994065379273005
-0.1667721575764125,0.20873448573137726
-0.9460346539111378,-0.1993410877160072
-0.8839429607618424,-0.22272610713337188
-0.2135758646038881,0.2629503755873761
0.9975506326780881,0.8044366855631816
0.06540255119083205,0.28431768288232856
-0.42791531012816253,0.08926854379698072
-0.5042760767949441,-0.06778033742158585
-2.2507247957032104,-0.6655131325017944
-0.3690197518406757,0.1691038360990084
0.2661206472256771,0.43675530821603287
1.2151991729101148,0.8046685342745752
-0.642110203159637,0.025039625347174847
-0.9798078350232237,-0.08617364383125294
-1.6987787494876085,-0.6519564540855093
-1.3149329636733964,-0.581706924117835
0.14175882781205962,0.31519921771098214
0.6743736585768412,0.5070934835485635
-1.0181910385049502,-0.20449858816850597
-0.35341223894376184,0.19940834832293813
1.1844749303756876,0.8869370990755718
0.34206744224024277,0.17705803510813167
0.004903369035703986,0.2629407245554229
-0.5579459907058942,0.06656851774940409
-0.2009828377941304,0.28352572896656913
-1.344681199464076,-0.5511915505630393
-1.348113226313935,-0.29625919277145224
-2.6803933690491406,-1.037178567030597
-0.7960521329957271,-0.09832923209084901
0.6927987909436718,0.7303895673748387
1.5937554727071608,0.9942712305821015
1.3460689115789837,0.9889640228637724
1.1954328610964162,0.8356381487386638
0.25097259297530694,0.4757854212153305
1.8422019299968737,1.245956656561615
1.3683867734073578,1.005529169018749
-1.3266862389556149,-0.3038514550181974
-1.097859626268671,-0.16019915877101035
-0.7612731096419222,-0.0703054166762867
0.8573105761320677,0.7103962904908865
1.2617708337231996,1.0077494757760364
0.6528413813203251,0.6685088187437832
-0.28081413876047523,0.21707415501576374
0.3004203230099218,0.5138071714883554
1.6400657489529606,1.1830148111170264
1.6938526883992144,1.4037342677397389
1.675556747355084,1.1018169788128165
0.361550602199074,0.49831261382714465
-0.5788824367407635,0.044198388158253527
0.34990435308152745,0.5530265677380384
-0.5208174983723016,0.14064202343922053
-2.1145386373822332,-0.6016707652811468
-0.4330624279411446,0.11244969203796017
0.9766067426794023,0.8304883200220927
2.02667209801957,1.3662471155875917
2.2287110985626786,1.2116523941455364
1.4452420810752484,1.1933930624170341
0.1021514860111784,0.36891412866463946
0.22424817326618782,0.3517748929372495
0.7360202027472276,0.8378103349667737
1.2134410033487633,0.8776391877097596
1.196704247198395,0.9759193596711491
1.9585465662075003,1.10838953390266
0.9551013336098634,0.8493573316031977
0.481875556067472,0.782104654502603
-1.1189368586857702,-0.054855417211253144
-0.22087476524125205,0.16643711067429173
-0.03796909931605824,0.31819921997305
2.2477836027648905,1.4266781203868937
-1.769378367362599,-0.6733022952922829
-1.8241751787547373,-0.6229076984688909
1.0679135640430253,0.7491418555381264
-0.41208869527189795,0.1350628041360203
0.2426710022550977,0.52283339381048
-0.6199803112063483,-0.14490119313354383
-2.63162407041108,-1.2116769557997569
0.024118401525151656,0.22967446451991014
-0.05408211464229152,0.2708161561170155
0.11754304480256975,0.5485533667343739
1.3679126801681056,1.0669154461984716
2.28329733734489,1.4282276156754745
-0.2894124284637347,0.265449918706609
0.963757802972895,0.80921352121872
-0.8787142685621073,-0.2575413585039728
-3.1632956120048568,-1.2184833566937383
-1.495959524132625,-0.2994549497666794
0.24054964727298456,0.3531282314042275
1.955985505607739,1.3137631209175933
2.3716996676250837,1.356707804807876
2.0190799202968037,1.5284966029407223
1.6542611148457844,1.2683619583790746
0.42269473199192176,0.49102686805943707
1.6155071536605239,0.9471754645150539
0.9296732799835054,0.7228931400905817
1.621677969072802,1.0569021899923035
-0.10592684173252409,0.05965374866838197
0.27688106524307077,0.553978803495767
-0.2509197978270236,0.15339766866732826
1.2146323120082987,0.8218910597731937
-0.4171333180881339,0.0985043687483863
-0.672832014267248,-0.10992850243876261
-1.33821064065575,-0.321618793158433
-1.1351764751822002,-0.31531317765478073
-1.0148995786203432,-0.24879117517523433
-1.1721992505972054,-0.42393513493193014
1.3584267436048483,0.9507669670921177
1.7328441633153329,1.0721466392602017
1.2630965627277044,0.9969938759259629
0.6407977070649199,0.5652200339855574
0.9866948213977982,0.7262499056372781
0.5128735318905775,0.5300857589489795
1.2438935885694984,0.8503347105785246
2.386534043715341,1.5409642295427546
1.9344652747951399,1.2352008424461294
0.9266498739238611,0.7252496493073186
-0.4232703148929742,0.07360086862535947
-1.3427977618421711,-0.3076035766124182
-2.6630659585806424,-0.9335325875851688
-1.0251458704223453,-0.2900094889537281
0.4509641279616271,0.43984278768350965
1.8875503544893604,1.0959596507651246
2.096165667945641,1.1104005598760516
1.5794351445327663,1.0585003990559498
0.94547570092017,0.721832786428793
1.1925827065286323,0.79703323656804
-0.2934350462995666,0.1145536572673616
1.3086334975616725,0.8535394296552821
0.03553390602954054,0.3329394643569526
0.1760418122278773,0.35239142277162433
0.4203896899566849,0.7638087281616686
-0.3771200552975005,0.10919641050435797
-0.0039105665424569724,0.08952434542462415
0.3308350414250084,0.40161957675069293
-0.8658751696324154,-0.3515812768976906
-1.457152442861339,-0.3129084919478571
-0.29826386783594905,0.08104417029140108
1.0413225547173441,0.7675024010564687
1.2912495795949068,0.9723302490881801
1.1191996871735612,0.8228592442012244
-0.457437701941374,0.15410506530956597
-0.43370964322231564,0.052476126025208264
0.42964998352014994,0.4747350413498632
0.18901295711281219,0.4242769624646551
0.7794582937503872,0.788973229903287
0.6903331483223446,0.5468452658073659
1.32093211921429,1.1095760715032
0.7461358414013212,0.7362590244173082
1.1176036122601782,0.7250415694653845
0.1949642302932384,0.2427081354888497
0.37250330848706936,0.5919007479513108
-0.11753476554082398,0.21115800968463425
1.1811127605415448,0.8882918565722604
-0.031223055475739003,0.1825167749328348
0.045254924377306965,0.23355486809227693
1.4700094596364728,1.073442063813418
2.140851159274901,1.2813097606709882
1.3974535066021945,1.0642917143473698
0.11808575696061496,0.2273715955442291
-1.9645235024160264,-0.7167199747901924
-1.3595302638365232,-0.34757899146362853
0.17215123273571853,0.6202215437068859
2.154642544723646,1.429069761000248
2.899832783403931,1.6901690971588152
2.244246140511617,1.4771186553820461
-0.4805366520134664,0.2000784013169873
-1.625924041269616,-0.5231411934127378
0.3156283584126034,0.42673716304381193
-0.9732842019915049,-0.200725382293592
-1.9298018497476872,-0.5037836505464077
-2.357698103415751,-0.9644964329003038
-1.5542158314814039,-0.3346103436325457
0.9334832026524554,0.7722660530152784
1.5620219684181966,1.0241131237155567
0.5803435933679657,0.5131404710327595
1.1381189721662688,0.9710200264210259
-0.5702113386475983,-0.06153339505009138
-0.007568964955781521,0.2522383669628908
1.2236442642564453,0.8997083103657859
1.6316719155225008,1.2389734433870692
-0.4627259073286254,0.22518300960393361
-1.942013530086679,-0.5537021447053248
0.3606403461756138,0.5368806249290377
1.1400611922416983,1.0613577564315695
-0.17947134071452786,0.25752969819941246
-0.6631084386292465,0.03173696634201274
-0.4458339747123302,0.11466776122045029
-1.2662964440049358,-0.3707142081000785
-0.3594207966713444,0.24925023057078305
-0.829221754833238,-0.08463012514764097
1.0343760829762083,0.9830619781238209
1.1584716095806584,0.876316163034891
0.6349228705256988,0.6073128652036115
0.19784863960121352,0.45666713794124675
-0.47234589232884494,0.10689140414556594
1.3284606703146717,0.9372903925757373
1.9999782216371296,0.996885492883447
0.2560293586796277,0.15915777089484345
-1.209070672429267,-0.36081127872762186
-1.0728771112917137,-0.033309080114933304
-0.8487508609728336,-0.30759152363335496
0.057168096795401246,0.34322827663094607
0.4782827017706829,0.5335433145965993
-1.0845356712659295,-0.11018298646619204
-1.9651201234994777,-0.8216450916644455
-1.59469381619605,-0.6363689006290665
-1.9616491640297045,-0.5263222013972291
-2.2634140548439134,-0.8390575544258027
1.1141387186551261,0.8373178225802275
1.8899394605434274,1.1393922945094277
2.2889594908510045,1.5026545954764083
2.067330363248949,1.3101157922121576
0.681941357515744,0.6814853590950808
0.45966380282086194,0.5485902409202302
1.4513096065216637,0.9329836166866017
0.5703329428162769,0.5539343516080046
-1.1965121358991548,-0.17235276827580218
-0.6151268856763368,0.1280281797615522
-0.682403930981321,-0.17855804242690923
-0.6417514447192028,0.024982022012390366
0.7137010421814055,0.5741789374868957
1.0475204562183582,0.788288841733388
0.033706618935610444,0.1867888067639925
-0.47989044992210417,0.15435291463035133
-0.4983605498568571,-0.049856592053131935
-0.9814213268578776,-0.1842400507410548
-0.6161711799222298,-0.09667718212050655
-0.9954944016978082,-0.3409557414825979
0.8638940042688422,0.7762517208624757
0.5292549246568767,0.4377382753577782
1.878406223175035,1.3737420636995432
1.681219158484668,1.2154213905634377
2.0497998856169293,1.4515755316146666
1.985475780417436,1.2483926647319026
0.5729260829430166,0.5011580004690747
0.7530902124263306,0.605636686367057
0.5067293789791127,0.4611746643040188
-0.9813780702384952,-0.28162740247750423
-0.9525592422342775,-0.1320657105778984
-0.6503973081835381,-0.25549457647375096
-0.73106744281267,-0.21066644868125856
-0.9408594476012875,-0.18883409775719975
1.493467547652454,0.9570392483316688
2.9495850896623397,1.772520712212589
0.9772177609631145,0.7013385143715187
1.137705170823371,0.8302069241411981
-0.09086874103915887,0.36228898224996997
1.029747167430931,0.902169568065008
0.18783421839766423,0.382418465339351
0.8935289898750408,0.7519900287707568
-0.21081982295695234,0.29066899694139653
0.9448828727787977,0.8847524210705922
1.1137652534951972,0.6641232820795109
0.6593663270678987,0.38205484899614883
-1.71516919214107,-0.5620958276906156
-1.7326483715513472,-0.5242105069849733
-0.22730754343354054,0.28814060165340805
1.812644761528577,1.2458143287542194
1.5155678352655255,0.8742474994967018
0.6103138073923439,0.5103571020926095
0.5126922324634973,0.5612615880741096
-0.7941470635719472,-0.08770770390698578
-1.3031438902253512,-0.24057033967153163
0.5761411237332242,0.5225275078104057
-0.8622688090511412,-0.0362518306405447
