-0.9455079984826014,-0.2937016754270012
-0.8121875541028789,0.10353604586251591
-1.4977855240923361,-0.6260690006115017
0.9181148897378223,0.6390131559606417
1.9030168761134876,1.3090296513694575
0.8941604764528022,0.9692283784771003
0.24410591995568243,0.4987695785189031
-0.07151219547862403,0.2356558450135642
0.3025457478179798,0.3512279327603629
-1.0753345415566895,-0.053554230537238456
-0.7750138206554212,-0.043686871760765106
-0.5299093967804334,-0.06074103108385534
0.1972757436807514,0.24158387885518476
0.42039217731846945,0.554888402793129
-0.7012659387435041,-0.048500823401871965
-0.2304928112646436,0.2998546731624234
-1.831463751745937,-0.502199268589349
-1.5089605722544446,-0.4671385886337481
-1.9187962942636059,-0.6947025175656856
-1.7291447656504901,-0.5890193803094491
0.08718685892097766,0.27159612301371405
0.19590930110134885,0.3731638745530443
-0.11849072463194371,0.2141866545958762
0.6902588461661321,0.5607598264429388
0.7951313105735092,0.5408775224343941
1.3393206845435257,0.8090167066932236
1.413871455399907,0.9109947172158861
0.3568802273350271,0.5898150401824351
0.15332987074866414,0.45967186236688246
0.022160130559951696,0.12692566744017603
0.983474056220978,0.8721717012487318
2.5768137756797476,1.4768923970520844
1.3416544769000613,0.9027929020496184
1.2850315162572687,0.9375060440328976
-0.556601195622987,-0.0012770238973322766
-1.6219907460598124,-0.6959005865643599
0.057405427813542964,0.20438381374693038
-0.4174886258890935,-0.03191579650407429
-1.7081248305419003,-0.681286549273897
-2.4184051807525155,-1.0895310112677363
-1.5833937467220622,-0.5034401992837166
-2.741686124926126,-1.2598610901539962
0.23291947221923648,0.4207639576069688
0.2688217971250435,0.3868016182104075
3.156729881990489,1.959450139718343
-0.011039211299878948,0.40805357290749045
1.3493608140862667,0.9864444932316474
1.2038684526642103,0.8226295386154837
1.472125990191755,1.0211560721837785
1.1834434241459857,0.7980090926508699
1.3728764476857176,0.9525764791143779
1.11956207038718,0.7606123875709292
2.583428008093309,1.5368967757804557
1.3712125298185152,0.8129621900148343
1.3242432070403019,0.8933644742156229
1.014677599656928,0.7928050462221643
-0.31171009466833743,0.11111738404184217
0.34932749015863707,0.5148879184444244
-1.0052759619496188,-0.390749517315318
-0.5390111573807721,-0.02886007934010673
-2.0236007832704477,-0.5865505364331217
-0.1926545640828855,0.11677227356786632
-0.09137317429263157,0.3529177773429271
0.12118347031234183,0.4693462102627938
1.5028606192694922,1.0349965173358642
1.4655788267751757,1.0888134350011043
0.42615830150628653,0.4273447498974585
1.9729817413046007,1.289258881758154
3.1055786146026967,1.7747263190478788
1.4253657964019517,1.2041921833536342
1.800068895662199,1.2286101586938594
-0.5972497795373617,-0.235047590042691
-1.0596852515020991,-0.1846860551328432
-0.1818870153923423,0.10887852539874548
-0.10390168899059682,0.12476480629555382
0.7829969709149207,0.530908606131871
-0.26152739019256055,-0.007962627961459579
-2.1637525168474365,-0.5679236266653106
0.603499038593706,0.5839751478175983
2.31249974797994,1.4948119588651654
0.950259759119469,0.8562506582433267
1.3343318121936687,1.0957890454455523
0.7440770156573113,0.5787661909137665
-0.28847021860728994,0.014084898110465677
-0.4985321616193885,0.120407661325311
0.8879632817081934,0.6632839193512636
1.6240064698033063,1.1226860033698416
1.6630965119469878,1.0570419857380107
0.30058726377732503,0.4003900076238334
0.16564606639561089,0.44463164508293873
1.55737960605818,1.002910785173891
2.425679161961805,1.523358740262104
1.9422145415696663,1.2431465789762621
1.405864813448736,0.9512378871556877
-0.6360765276132223,-0.0737078231745445
-0.5212034027662211,0.10006879533976198
-0.9559035479836606,-0.278084508063834
-1.6659431672918048,-0.5766849971924117
-1.9265282949229396,-0.5766801915488394
-0.6811253310444533,-0.009770014672767391
-0.475368317909046,0.03474874192213861
-1.8848978503728067,-0.5862297524205118
-2.778654582222283,-1.1007662183870734
-1.8797490769956593,-0.5591152055906309
-0.7202484059735725,0.2655104029741054
-2.5798593665820153,-0.829235748912103
-0.13718628947764433,0.16424362312037621
-1.6071344943976835,-0.5149487963921348
-1.1842904433415957,-0.2246905507430628
-2.0131108883924096,-0.588289461892388
-1.4907535725927632,-0.42907834654594973
-0.9804053504668878,-0.2587722047699939
-0.6354345318545785,0.037673420660116634
-1.3230058614487898,-0.3917123414590921
-2.305722969051649,-0.8489278947905178
-1.4212875460726504,-0.5318324010428699
-0.43271757394923727,0.11129144957546928
-0.9019735172391949,-0.12047339637432429
-0.3167958379051268,-0.0036976350313253914
-0.30139736338966444,0.05243906834110945
-0.43050141239828266,-0.011457784575878566
-0.0015430330264350478,0.1787020115416625
2.231208192364633,1.4518626789797449
-0.3060326016350665,0.23338270563292135
-0.47500099052285005,0.08467963863082585
-2.2395162957342687,-0.8238022938447652
-0.7496345480631954,0.045740477542972516
-1.191935659179025,-0.35735281286829956
0.4909003760272702,0.4484162127845945
-0.3271561224320347,0.13265982644418572
-0.13542663895735532,0.27407567183101833
-1.2319526150150846,-0.27348973986799974
-0.22417547769988566,0.23926426917496835
-0.4781538633491573,0.052259244836847
-0.35652755334455793,0.21329752253196144
-2.5584403174696178,-1.0121142417977256
-3.043873202468143,-1.2578916417572539
-1.5720621022329249,-0.3876244649169808
0.16870556873951048,0.5300140552253407
-0.7813010855713005,0.009696233315826641
-3.068908416221725,-1.1502677302165627
-1.7907719606896482,-0.6302910070763836
-2.7781587160408283,-1.0442902711059754
-0.5841254368908783,-0.06489748489234008
-2.119301807259731,-0.6652565528390327
-0.3749889503060515,0.07293436528233796
0.9453159698686449,0.9395296836945974
0.7542694874385841,0.6761058862484738
-0.892295075810296,-0.08329421226651705
-0.7601599787561653,-0.04583007184967146
-0.4781009429883225,0.13076214446815598
-1.9450439369105699,-0.8580781431184485
-0.5686603056934864,-0.055309973348589614
-1.693600170627847,-0.6795254079658904
-0.2659362939974358,0.30252374486453915
-0.4377019926691622,0.16483782447905787
-1.4898293314682922,-0.5064304872443319
-1.9345028915049602,-0.7926052166383354
-1.7283813950048916,-0.47236569029600955
-0.7148056964144854,-0.22201227962588335
0.2824970948671165,0.34659789266147034
0.5240491582641793,0.6874489320293553
-0.45230705777662106,0.2139455383273907
1.2383718993496786,0.9492931723956609
-0.16295777106662512,0.2443659354641466
0.7048376085446664,0.7887047647541833
1.0248040909516596,0.7748602741024877
-0.021836846093536755,0.34697204537702386
-0.6098210016005644,0.16546656579985358
-2.114704971527252,-0.6487875233243404
-2.615673769607521,-1.0078742987973632
-1.931540945884188,-0.6958979362150945
-0.010960205975387716,0.20079520605397747
-1.0910253231998022,-0.18587302940842354
0.34682471136430904,0.45615302840261185
1.3241575882260046,1.0066665781887676
-0.8379017192702488,0.034275824961305545
0.15020354878858266,0.35416160885720627
0.14416655636386583,0.4941166783278801
1.4318417260871645,1.0711703335427711
1.881373792817166,1.1347753335985917
0.1451293414714453,0.20232581037718428
0.611560296493728,0.6194273991756818
0.5046308176697937,0.6306713691586454
0.62770693036993,0.4827985914994053
-0.17696263988655558,0.04206834171580881
-1.7638178296469131,-0.5780874128633928
2.1401018614269454,1.2714992537740217
0.6898183013703774,0.5984014787542223
-0.8968541777355244,-0.14996576755468916
-1.1971781174302187,-0.3893707173570542
-1.9299555920082285,-0.4720263633161409
-1.9494327036225192,-0.7284378906474632
-1.761951164939256,-0.6726437528746793
-0.2468887990516182,0.0770549057706252
-1.3676084656278502,-0.523781700365004
-0.8208621584588981,-0.2600760219499126
2.3557759287098667,1.4959950521927317
-0.03718488630909844,0.2603104509253519
-0.5302585555268357,0.1652166276828879
-0.3783166534026384,0.21715073448034908
1.1109035230621092,0.922323635020027
-1.1847858148991715,-0.3245678802950657
0.7913234842853529,0.7143374869326486
0.8586673087878723,0.7095312115239866
-0.27633968131207065,0.18150186290537043
-0.6134442516369993,-0.0402495134629841
-0.8284133913786533,-0.10690089888367377
-0.15476211740531187,0.3396215208239697
-1.342857360738272,-0.4039158080517644
-1.8303823636897032,-0.6214471976121869
-2.5707590145689485,-0.9372754612632231
-1.8519811003998452,-0.6771016298277234
-1.576146989668033,-0.4035433109626797
0.0768596586604191,0.44772205275650145
-0.4405776161677509,-0.04611211780265417
-1.7230943610079088,-0.3179343464380786
-1.4969096991201072,-0.6878041108611412
-2.073085802933494,-0.7135485712083542
-0.7499758564265375,-0.18462352008435606
-2.7856583067119844,-1.124140924618485
-0.29027402525883295,0.20482678780450364
-0.12927622391515822,0.03852697122989229
-0.05283601244357494,0.2774826201974815
1.0015712091411881,0.7405658640235709
1.4434913187104301,0.7747610376102007
0.10715130230663528,0.04895840679187319
0.3765880247002373,0.4798764201806371
0.345403252224795,0.5048080623115083
0.052690899039397276,0.33348651717506694
-0.46571474425027626,-0.059593031986180295
1.4675106147807193,0.9129866343125846
0.7219845918664148,0.5821041290803342
1.111070246240216,0.8873416977358194
1.4471304099775764,1.0308895077751599
2.1189971627380166,1.291871190973282
2.0092373155757697,1.1740787694344659
1.3879048061838812,0.909589828408867
3.099502289063146,1.810424252922287
1.0712955225496565,0.8298328013697543
0.2115736534454189,0.39449132717974955
0.47112264469520293,0.5050572055870751
-0.1333667557593548,0.126636165531348
-1.5151093109151554,-0.5067427493725905
-1.4170559124900493,-0.3518071958192528
-1.9064641092767656,-0.7461720622120613
-1.6428866850865123,-0.45872353205630595
-0.41984038748403874,0.13389496727733086
-0.5603322050770188,-0.06522040586074304
-3.3219190183376206,-1.3986235373804274
-1.5338852411728654,-0.3724970029862465
-0.8799527454154413,-0.3049105467179425
0.3072645624137008,0.5257375696244879
2.3016135314741804,1.594505046987402
2.283344518327028,1.3201408769591185
3.044751586212631,1.8345863381924763
-0.1791922585147696,0.1960993137411847
0.1271473705952141,0.42945005207189707
-0.3917511616084629,-0.23149833836102895
-0.7285133131382905,0.041448396890971864
-0.8746830913722276,-0.2695410891835549
-0.5501544194999214,-0.028167267373022886
-0.7789087396127092,-0.024901134017556226
-1.5842370019558545,-0.4255004200489624
-0.783694197561014,-0.08440613466053822
-1.8005896008765365,-0.5895462655525594
-0.16582818635457508,0.42434823865593013
-0.45618025590322125,0.12066205977281078
-2.3775786362742384,-0.9169735738745664
-2.7927574541491893,-0.996463331495377
-2.043895708814538,-0.6053427834188041
-1.0984275653766582,-0.09437186364961422
-2.6695801296776893,-1.0877183599745277
-2.772758751407851,-1.105827956229561
-1.5511730932941268,-0.5898805651703999
0.5759084176560902,0.5094341182565543
0.8201695575441266,0.49927593246048696
1.9448162429921247,1.341381022765173
-0.3287453007139214,0.05451146523665448
2.349188366701678,1.3863504807882627
2.118127953415702,1.3179639601375597
2.106978117677677,1.439794035971043
1.6137222569359684,1.045384818200821
0.4682010357394851,0.7337447751567984
-0.7918527816867202,-0.17629644918760864
0.6410233416369885,0.6563684987671805
0.5045701323603189,0.6285784671063958
0.8614505282048244,0.7252651551026048
0.933826801920315,0.6224597617988037
1.9825367613308997,1.1856300983246542
1.5886261404979791,1.1081759865973446
0.5466514462945555,0.5951838395823701
0.2820618110658193,0.4517310659466231
-0.6738619801261068,-0.12809406730143186
-0.2855614742020696,0.0803872163506878
0.15878350085421444,0.24654404313375722
-0.6362423374875775,0.05440208864244815
0.27512502304974296,0.3695371991648344
-0.23994167322541182,0.03713795781298296
1.0837799123489102,0.8428558378970679
1.4933457012333098,0.9967160613371925
1.2515817835595566,0.8940660183516227
2.0093557128132167,1.388968555065761
0.43108767392354974,0.5710901877712107
-0.6051826404700449,0.12626774177859232
-1.7519033132001138,-0.6423046569670596
-1.1840791580172285,-0.21970072825980042
-0.6376309389535005,0.023329274070640338
-0.4237717019702348,0.16680613531322275
-0.6044056152221221,-0.05757636065888573
-1.880018567957789,-0.5779752987759155
-1.3181628188598535,-0.538697477544604
-0.9128588514534984,-0.11654593134367207
0.8840038124791995,0.8940154476312174
1.9045505708067443,1.166078338198277
2.1437631544760403,1.3418308876904819
0.39344159563155834,0.687888359998243
0.5093232143052024,0.4760536776599038
0.26120038625794717,0.40077910020766677
0.6079244103023747,0.613730789735275
0.4797676289100831,0.5558355620418504
1.9399640780171985,1.426481272395415
0.09718567257928656,0.40958366265065826
-0.5178394395360414,-0.10845720786435689
-2.185538503953236,-0.8267073479804745
-1.791408203471922,-0.6338526484737032
-1.6736329740620433,-0.5209716971498354
0.5927965000280213,0.5865850610833605
1.107903129245439,0.8342957130142593
0.20972631235786254,0.2937485821115603
0.6500251042056373,0.6099811036422892
0.730827770455791,0.7343672438344031
1.2330783259845104,1.1094147921446194
0.3625298993139632,0.3460005316533994
0.5225740102841911,0.5683278475533152
-0.22181571979440468,0.1876110895646641
-0.7118842325002065,-0.07067164642583171
-1.0573562502943554,-0.2301472884677434
-1.0065709349776246,-0.3262983338219597
-0.5317606976506566,-0.03132913657670515
-0.11801537937221829,0.528355206004836
0.11029175662563703,0.17536716322337026
0.07584135583931734,0.23987111396738028
-0.15733321368708103,0.27408986520825057
0.6681411339087794,0.6061207294523264
0.2667483086823131,0.4746855375446088
0.6490877571265041,0.7138687331631384
-0.5361928142238106,0.2547739401681623
0.6335720367989401,0.5843126409759495
0.0030740862457571128,0.32809064924253556
1.646369644694949,1.1300735559219441
0.8196475678890767,0.6467564797469647
1.6597900350443462,1.0753762521117962
-0.3746894209290168,0.11275291865103003
0.7045688352593085,0.6959945376484931
0.7000214685067165,0.7372415028068668
0.19750027555800637,0.4630475772046349
0.3247414938294054,0.5545865727980293
1.0086816464821846,0.5164628144689684
-0.5008290195895069,0.022841414416397535
-1.9011058116950836,-0.662692322745869
-1.0989939588528574,-0.2567495097968586
-0.15165571794877797,0.290799992665473
-0.479486926661558,0.015914288095218283
-1.294008790669719,-0.31301906817638864
1.634007571571165,1.11017300718021
1.0305694905866316,0.8837054002981353
1.258352021033102,0.9387009325817325
0.3827911950886945,0.4791104350585463
-0.7696526762606014,-0.1277431584444177
-0.03349491137595306,0.1214353478703393
0.13660870566023298,0.3662476848321386
-1.1030405726395967,-0.4363695983542839
-0.6983040750174091,-0.04763593033872677
1.0168311185044663,0.84958734987961
0.01326845822240652,0.27211948753146664
-0.3529342683599313,0.1811007226383562
-0.9630584910667641,-0.23000155667728228
-1.2230249799028188,-0.38148476628481237
-2.145116445455157,-0.7112332275267975
-0.5946706780071283,-0.06386792067957019
-1.9359978518441006,-0.7064307405891928
-0.041113988144938496,0.25441337429316857
-0.2940680040563496,0.28267280980542286
-0.5518635538671501,-0.08630295514877477
-0.9409228470316234,-0.1290304183968506
-0.7286356197934464,0.005833349636903656
-0.5932426846705536,-0.012413384313639812
0.4927547147717761,0.6375060738946429
0.8079425229198007,0.5136265739042836
0.3839369011937142,0.3789574217564308
0.514468008725198,0.45387006286720877
0.20561788721810076,0.4601487915897161
-0.31399593001461024,0.2471920121186798
-1.0124350098664514,-0.1156034125532259
-0.7656617800531819,-0.19053101265544214
-2.0756972794832773,-0.6530877999361463
-0.5840349465806326,-0.05962175928220613
0.7993439004741067,0.7568780402565015
2.835858219429116,1.9611758527775351
0.7245770932335968,0.4974124084896575
-0.1023697623411145,0.3017829919063809
-0.06101863535387546,0.13831835496804354
-0.2648303036293411,0.07374041382706253
-0.5318672756812426,0.07314561460829683
0.7909084882205085,0.5331992668373302
0.7171656285513262,0.5915224177529586
1.0330285156071715,0.9101416725362326
0.24159940651865663,0.4148782217719751
0.23877826355455162,0.48852362207149386
1.357981518231805,0.8682790478611715
1.228464709992925,0.8173068590971986
1.6224490559463072,0.9388418114749363
1.3995930919280068,0.9689480545494057
1.2265171446497571,0.7733420708135018
1.1317840589627473,0.9788471412262817
3.1043712341865235,1.5805323199442556
1.2079530706431365,0.9819803596927172
-1.0061970134389004,-0.2587969947630507
-2.1575554754942754,-0.7747051218549359
-0.8604382671643298,-0.25922636055471737
-0.2609024541999031,0.3523464767141322
-0.05204806184308927,0.24636263917950652
-1.065860284583349,-0.23300692020992309
0.07960509463343945,0.0802916473095796
-0.3653734763144659,0.10387752670299218
1.346892012261268,1.0423398860308457
0.9758683873809815,0.8033476520446973
0.7946035830569433,0.6871404204346888
-0.1210235145362425,0.21639536923822217
0.5578242810894616,0.5721677086337765
1.894678257641591,1.2974258858870673
0.7707945742154101,0.5153389402868396
1.2892124066547122,1.0482710018488308
1.1700409251967168,0.8809314985075536
0.9695236713156937,0.7855951656286797
-0.024382096585879642,0.22577860531742006
1.0218510419804103,0.6605522349964776
-0.3567239943627031,0.085578187131618
-0.8962147213533449,0.014346788739326932
-2.6640777295419196,-1.2094366234384548
-1.076108272402259,-0.013300592571465403
-0.9128416386002522,-0.15872302539029265
-0.11469218323571995,0.27945489481956637
-0.3645488985664064,-0.0030453500331245192
0.6941175471276717,0.5376107474658752
0.8223987469746348,0.6662597720646164
1.423326021805802,0.9699879806726205
-1.0429860925533236,-0.23574478553504521
-1.2111052711821562,-0.34219419728228373
-0.5909170750961208,0.11660118322758285
1.5358289589049463,1.0646926983352294
-0.5238027213755064,-0.056203969534942944
0.2851875609110798,0.5922718559439183
-0.11489712644089523,0.1770211538521092
-0.7923598230784452,-0.29222251853228515
-1.1022342701091434,-0.16354406093037493
-0.8416730143264495,0.04524311858849009
-1.9202327163062904,-0.676457229038504
-1.8059162299016362,-0.6608157448767776
-1.7196269859619004,-0.5200991060947293
-1.6420606675083453,-0.48010371013927794
-0.09513097272427984,0.09502133967497589
0.22642523841345116,0.24846555279993354
0.9787540799692585,0.7526660512047592
-0.34083823475092623,0.04493077990532346
-0.49008063402288793,0.18975817261909694
0.16823734180453842,0.434573233761472
1.344231910309435,0.9245348311112298
1.6094192279144406,1.0771989253529102
-0.3431695741171077,0.06851379175857683
-0.798879546884532,-0.0024710534110530397
-0.2399670269137144,0.23208038689821586
-1.3606793363409542,-0.49826059830111513
-2.6630006870960403,-1.1392470995202528
-1.624165227464723,-0.45764950356410145
-1.0878122973628839,-0.24529222871617706
-1.0337207742357488,-0.33166581308139753
-0.7545859760547853,-0.0494412469042456
-2.426356413924059,-0.7935845135438135
-0.5350197343435056,0.0732293530110052
-1.8304936054853482,-0.5115657521564438
-2.2291259501430076,-0.7933350446655825
-0.880826532324529,-0.1678627351357923
-0.2532671211864325,0.1775491455887568
-2.4335773653978676,-0.8194841416074444
-0.8997697834673252,-0.11955238092195297
-3.074028371337228,-1.2136188816270304
-2.687440475170642,-0.9915429979020567
-0.5840465770799035,-0.15495000307560364
0.920409256756651,0.8200365724981916
2.2935484256139613,1.2512630058579093
0.7710164565462994,0.6086404823999336
-0.7902565811515033,0.04497239903774028
-0.03511330591795003,0.2570707200089678
1.2386646914187012,0.8645359249461176
0.30307387934807895,0.40318731197217594
-0.4046160167531027,0.11324957898031136
-0.3354750749588446,0.3244346275056698
-0.1267360107276635,0.32366209590221773
-0.39213403749913167,0.051336315691912535
-1.1042906431619692,-0.08051055712554031
-1.7790736160244813,-0.7391356592578237
-0.42150307853933444,-0.20372209425515841
-2.4172451205511445,-0.995121725705577
-0.033665209657942397,0.4133038729912928
0.3028916247608994,0.4680914610964791
-0.5239839897957932,-0.13514083403204816
-1.29727109809431,-0.19754012520359623
-0.6083574472136408,0.007885055523153408
-1.9655910278954443,-0.731858910418836
-1.5138767843619858,-0.2942964397291588
-0.9558127920204277,-0.16972508521543803
-0.24443332824499087,0.16367712446226598
-0.09664836690965589,0.35481454567432735
-0.4951368996461809,0.19596006713464267
0.5217446686389351,0.5126058073131753
1.01739968659609,0.6571067616573176
0.04666214707128746,0.21459636493693796
-0.11924724779612185,0.34269488541200266
-0.32675374517328715,0.21684030045587882
-1.6777329360710538,-0.6366936529046616
-2.1169909537688274,-0.6905040605252871
-1.3920768885696606,-0.5740092647817195
-0.6155080279289976,-0.07670284623362782
0.38645879058923205,0.552222855974071
1.9121474890527783,1.3205549550266138
-0.928318213911238,-0.17592825728523456
0.30577534017670205,0.5676697412840553
0.8018475897930283,0.8204775697336268
0.0905257435519281,0.39595428234598073
-1.600376387985664,-0.700847196819204
-0.34135309833797023,0.13589199662555457
-1.1586279785539457,-0.31661175565035626
-2.8744191227325286,-0.9701869799158893
-0.592055830881406,-0.28977179874639253
-0.8666762223047684,-0.14147901958158984
-1.7218408575682433,-0.4795976661028973
-2.000178573137477,-0.7655118966820169
-2.458072863244189,-0.9579771110961542
-1.9977784155088274,-0.9666382979802977
-1.0089836848357727,-0.23060587125408133
-1.3099076809071888,-0.5251834464628464
-3.1739611232441742,-1.0796783223931645
-2.176175219870871,-0.6881922576511781
-1.7954714022853184,-0.5449797945910086
-0.5328651494128516,-0.02058317544467471
-1.7164592490530362,-0.39773073095217104
-0.23514785391097437,0.3692487126832008
0.30820551878651864,0.4035713245502912
0.31241418843045693,0.4882489750449484
-0.2343914923426152,0.2609049243464676
0.11243813140431766,0.3763788115231067
1.4738975706537532,1.0516911635313988
0.5111431234574999,0.6090184075313959
2.331665543264295,1.3657438814119094
1.0678005453133883,0.846714523898518
-1.447339776835414,-0.520252810095126
-1.8768109189197841,-0.731599674098179
-1.7808714452173504,-0.681887421462397
-0.684881384779675,-0.15344763715557377
-3.729659325749417,-1.7912790694769194
-2.8588191921524873,-1.1667393017966987
-0.42115907232791994,0.23416336608961255
-1.1410220263647237,-0.15902358400344707
-0.8978014885137794,-0.17673810482881355
-1.4292425709700016,-0.48635870553924265
-0.6443218533184898,0.1679318299308429
-0.6790577137364684,-0.07908033534472268
-1.03920702642611,-0.22061633441674705
-2.3657638648099706,-0.705260644868245
-2.111738712503305,-0.6907089489978777
-1.5756514217409887,-0.496798126751829
-0.14341919900598343,0.3564507293375392
-0.1927457262358707,0.059972037320596
-1.7528915182335307,-0.5614779481979854
-0.33460667653013276,0.007151827718582721
0.3626851445202967,0.4941770747411017
0.9193716517990973,0.7294902785247942
0.7628251776106718,0.6354136788307045
-0.12439489997201858,0.35438183116954713
-2.5608787038525858,-0.940647632508379
-0.5642905204678048,-0.12649137368270688
0.23758138207409962,0.47123767412100703
0.28993572427480735,0.4633152142208868
-0.22325895148429759,0.29360815779771476
-2.493891690144012,-0.9049688102961764
-3.1994520492950564,-1.3501521305047923
-2.451470239883627,-0.9254360124304135
-1.2826063720246148,-0.368512608167063
-0.8121593918961417,-0.1362279493407564
-1.0802531305170024,-0.22233238948848102
-0.27557754655799793,0.19110064689428113
-0.8180111063628243,-0.01641456936313898
-0.11946937604052044,0.196514949699628
-0.5972732589737751,-0.09241655453143732
-1.3783820161073752,-0.2437636667443762
-1.0560816717682415,-0.27078004016222146
-1.327544813136393,-0.2270918993566276
-0.45180586528290345,-0.02700383544679652
0.12947322940272254,0.4450987335500136
-0.7781272593403606,-0.21537788632601504
-1.850992423712082,-0.6689051351090638
-2.2011002545267315,-0.8115497512852281
-3.589614466929164,-1.3615204233138578
-3.051130026050518,-1.0589063322918877
-0.7902208790312995,-0.055695123249706505
-0.47665094482346804,0.007853471299857362
1.4349719649863648,0.9264341105340869
0.886793933608638,0.8019031298195085
0.7077653988893623,0.5602676025692694
0.8692235697006232,0.7665769781890671
1.5928196015521796,1.0828245122879365
2.0635833395419807,1.2759422709765984
0.7016328879784492,0.5816847407526063
1.0860760182338396,0.8501071894393334
0.5261665510509608,0.43939667238990365
-0.8397366055284674,-0.04789257605679574
-0.876129354230718,-0.33605135318387136
-1.3191545542699754,-0.40530653164696406
0.2972977791712573,0.48610358107841256
-0.0975030759883847,0.09463567890867702
0.7798042310213045,0.8485264404321516
3.130818563945787,1.824740241371115
1.2536768179066726,1.0236528236814766
-0.13391693189873988,0.23674148914828566
0.5765697893107993,0.6284455839589868
0.23878496294699342,0.5086099622880581
0.24954868096307575,0.4386984505842902
-1.0270268517170373,-0.08807026838128082
-0.225909633244601,0.4133432050441711
-0.18289843921354682,0.15754110862175497
0.13173877746725615,0.38997087348712955
-0.24620236703667486,0.17402989164165952
-0.22675805619247072,0.3796268682046559
1.3073517048395997,0.9733197637196126
1.3347721697221182,0.9963237173267896
0.12853020525608516,0.2857928403552034
-1.3747035355232313,-0.2743381087263268
-1.1591119443954088,-0.33390367005594174
-2.5125258802522747,-0.831101887591946
-0.9006636013620167,-0.22361378507282165
0.9035787577086751,0.6965335754277294
1.1663708956494632,0.8085644128799044
0.027797176218665398,0.3204267584974981
-0.2149027797154495,0.060885141657615494
1.225055216715754,0.7502889558456778
0.7276911456345325,0.7967836490025701
-0.8670649507527696,-0.09138326171546948
-0.13629883616976368,0.20533579908523097
-0.5351892724359488,0.07223684758852059
-0.8545226991000657,-0.23821403650524337
0.08420830590537176,0.10637823415199596
0.443491490501997,0.41358514259188034
-0.6461638453503559,-0.0966997423773882
0.6521078767124837,0.5449296401688744
0.27550544238116587,0.48634445899718176
1.3875238220448831,0.9807356123669305
0.944159372806592,0.8020377366639296
0.48963057945764693,0.651371848887284
0.2975680679006595,0.5511998856098308
0.1933149203557612,0.6285530488243611
-0.7044890268973003,0.10716959852474855
-1.287339871782573,-0.4520210482467248
0.3298424283315785,0.43420564239105747
1.2320285897792962,0.9869630656948247
0.17810857254669699,0.35698530933429934
1.489668335288189,1.101310440356941
1.1688805329652805,0.8521367420680699
1.1760098913717183,1.0045972383579542
0.8314448860093802,0.8297146024529284
0.8497020831987351,0.843055558466239
0.37548260647326703,0.44364652403205473
-0.5293556256411074,0.08275430096172923
0.7801345483500963,0.855353648712418
0.6485473081538508,0.6878445162116872
1.0411764231305947,0.7816305491897092
2.133088951658853,1.4280938421473877
0.4675093912442162,0.5903163001088543
0.5503935371012507,0.6059331090988865
1.2207612732004645,0.8732938194146818
1.2837339768682494,0.7483888823316653
2.8752599288261194,1.6532956633003093
1.3056133002446804,1.044888119236783
2.6155013941539322,1.6838435273603787
2.1151544446938506,1.5250602703411529
0.6453143970234285,0.5024108455322678
-0.7805978050502226,-0.17140918300459113
0.6805797338499249,0.7562911961963388
0.2719025932174486,0.38671379513782145
-0.831399841622076,-0.2547332884110092
-0.05684991998742772,0.15680950881471867
0.5912831966793757,0.45750633547445096
-0.3651974290523824,-0.03718562992968971
0.3627593748708025,0.3326998874875222
-2.004593112804631,-0.7311241373734066
-1.7959923898310675,-0.6233320990051553
-0.6148653641337705,-0.11765247420666937
-0.5257544274828624,0.24635402148225852
-1.1494670413964432,-0.28025421494193187
0.10340929350505679,0.38152024786488414
-0.3642273048843039,-0.008685237291361197
-1.720828720586068,-0.3458011804670216
-0.1340786443467905,0.41273742596365864
1.540418101979743,1.1199060969027101
0.4415294751488441,0.4346527162262429
0.17968187477716832,0.5074115999033603
0.7708783624389591,0.7743982174929975
0.9451124791841607,0.8217490839844701
0.36074203076995376,0.28024408254053923
1.4570535602988448,1.0458343901710723
0.18966597913719552,0.5628652115695182
1.0654334215099857,0.9341932280935235
0.43120474263381503,0.540608235545442
1.6202652852794701,0.8725385591366708
-0.055354246210166824,0.28818912910897787
0.5941298511116726,0.5390127807575135
-0.23737716972991652,0.24226155140476505
-0.4148939521411197,0.047579893042634214
-1.3565251785091736,-0.39357511543247153
-1.7990901005965254,-0.4704552352603216
-1.1340218243424391,-0.13579772457716507
-4.0734543636072615,-1.7562568519869926
-1.137342300209541,-0.14595178388124885
-2.7192944518640996,-1.1718014320044556
-0.10982605708857829,0.2843785522335248
0.5240498414884144,0.5246046389046771
0.009492818594713848,0.297613821050005
1.9779759417007854,1.3785102867263033
2.2193995574831815,1.1992977078337197
3.0410383507107808,1.8171386319587735
1.3011083101093726,0.9476565345208727
1.3080996967391982,0.9300599015194384
1.376886714553216,1.1829879643794778
0.7887531705137755,0.5699965429098476
0.32971667873741295,0.5981815329983757
2.9058725982895135,1.8480232090951376
2.2693796396016217,1.3649492764719944
0.18940518672607054,0.5609139070889626
0.4839610790915275,0.6415866789050021
0.18358856822644615,0.45615327492447827
-0.8587798163720785,-0.10534057957679377
-1.3043379732988432,-0.3761796622170459
-1.6055085620736074,-0.5590167061265429
-1.3243904556774608,-0.28616937375953255
-1.3378252910364334,-0.14655611605210944
-0.9340935175163523,-0.3517813430867105
0.09794880272491324,0.23651895641849235
-0.23596833771378806,0.12352092574477383
0.4761689499393338,0.5126200238294956
-0.01295026176026648,0.2808577972222206
-1.252603146485135,-0.23320283731999236
-0.737392108038019,0.04621719827726038
-2.415922381412857,-0.7945166681896391
-0.6083017308072842,-0.13921472741390542
-1.135994861596708,-0.23501078570933737
-1.1188683274927582,-0.1631922479159531
0.0960227053366326,0.41979626452468466
-0.19856012495651415,0.23315508838574592
0.24278773762107875,0.4597145028995261
0.06099327772335894,0.38527156279377783
1.5070490036477577,1.0922315797464188
3.200817757556143,1.7658305570709227
2.688440539688938,1.6543331298623352
2.318427750704908,1.2556230915184057
1.536489704578996,1.1445153437673512
0.028099250543894727,0.40495974747083935
0.15935456137256787,0.2665060974934331
1.0514460257294722,0.7912457419566288
1.880949537467845,1.302358568095456
0.4508604172638988,0.5025252533712683
1.3946977071258693,0.9943171983597682
1.3068079730955984,0.8683939940644654
2.759955626505118,1.6013066863137637
-0.1849776956137703,0.3619881209547797
0.23823966897806184,0.4014144508957244
-1.968231681859967,-0.7138747002459914
0.8459903630407666,0.5992868125210036
0.5468291699708532,0.6687840807557313
0.41048647531042787,0.3205623064422398
3.3773726102569492,1.8393814553384646
1.3903509327412997,0.9783237325210552
1.2152277835245258,1.0252330563933474
0.8735690730498378,0.6178395552648116
1.5484939986643367,1.0985219800742614
-1.0206786383589168,-0.07622099855127426
0.44670147523306836,0.3435427511989342
2.62170606218857,1.420179223188537
2.270874435068094,1.4598740974610767
1.0229605469218912,0.8509119691485892
1.3589910694338851,1.0171113372269114
1.3597291825941609,0.9519712868410238
2.4371645752975617,1.5888298425143625
0.24173456576154062,0.2396541550641043
1.0749006243150283,0.5759905853930858
-0.11144418850855187,0.1808410556412402
0.5014704788472182,0.6574304103365642
-1.092844036763002,-0.30818831517153766
-1.4831439706963065,-0.6222750277638429
0.8069243504103081,0.749293497751747
-0.3402717484021738,0.13884871611348132
-0.4076280698067606,0.11300658940718938
-1.4045296915595524,-0.23974332077096142
-0.708564016488943,-0.012917777742592854
-0.5728026170495968,0.08759030503159666
-0.7813227323007453,-0.1431762163157323
-1.9522665119081735,-0.7038188942159287
-1.8048075008608948,-0.6411675324992079
-2.8813692139140334,-1.281393421199528
-1.0015221116339355,-0.1735657358624778
-1.1409417154237522,-0.2520969422205892
0.23449819093759905,0.41018826634728733
-0.5374444417183434,0.10625514850921285
-0.061929204602707844,0.11413169733618131
1.3876236048570008,1.0369432040643538
1.9634809104366404,1.389640740514504
2.23291468040419,1.3939664826503801
2.8862445947570445,1.7674145468438174
0.5754280424086345,0.6366052131602395
-0.8547718759007226,-0.003330305026496963
-0.38749715650260813,0.061626312381659464
-2.2565470315395517,-0.806114622536206
-0.07061134468955688,0.297507276743004
-0.6772562826336,0.09060711772345026
-1.8350872376585081,-0.7126637057601626
0.5383790401505424,0.42308132151982447
0.6350590257614079,0.5908007756202981
0.5641505322382537,0.5339157230285062
-0.27681292006999314,0.31662134480127685
-0.4687139915487459,0.06298566580734062
-0.06016582786887387,0.19842944290815467
-0.972913369305164,-0.14637199164273174
-1.8307032700895443,-0.5485391974697017
-1.1077485767248356,-0.4119788220310141
0.48808744365524825,0.6882699695689253
-0.24550169683479323,0.14999931613171125
-1.4351846398269068,-0.4942545097640833
-1.2194647888829357,-0.14988592113460997
-1.8879711498418743,-0.49580618440635493
-1.2381918758828028,-0.4265554237059492
-1.119684274289967,-0.2864511125722939
-1.4487069636797056,-0.4566275600844674
-2.4206903234086568,-0.9373933535741832
-0.984966686905683,-0.056293562805075525
-0.5092312919931019,-0.045761146672104666
-1.012975991720439,-0.21321136192966628
-2.230054548364358,-0.735816636490344
-1.9712875628054862,-0.6575690520363116
-1.714048102008535,-0.4702284834318188
-2.468837840106625,-0.7914255276304045
0.47102599675613566,0.5160787203584889
-0.45007010556486765,-0.04790084460480935
0.8214802363282916,0.6317482865984103
0.5971172437016394,0.7638246302336447
1.1713148003585627,0.9266607231973712
0.17062392198441234,0.4042892158140538
0.6853003315421584,0.6493609388873199
1.4189230278720646,1.0806625405429937
2.193950920056006,1.463227602512113
1.042056061822726,0.8160779524206074
-0.7627068872486449,-0.010745058810643873
-1.5482979945320858,-0.42406250113816657
-2.0625674321324508,-0.6335183934777844
-0.5254008105161274,0.0637008302786971
2.233519667724123,1.5516524820196038
0.7987607238241996,0.7248402507345832
0.9436376269727865,0.747211629147568
1.3063194375841527,0.8451589457442389
-1.784194532234102,-0.7148034920695732
-0.5045267751132717,0.06102899955160135
0.4810827301495815,0.4266608997641327
-0.5386625151387145,0.003532663804230538
-0.5901643196178104,-0.057375850863415206
-2.1433029793827885,-0.8675652560844285
-0.4938783053561234,0.08653830826264894
0.02852401006921107,0.23037119582588023
-0.65282385275794,0.059903197708667644
0.6023184991421426,0.7330664184518557
-0.543422966244563,-0.0662915706093074
1.0153837131090915,0.7010370744327064
-1.0278932218492076,-0.448437399093224
0.502698891261506,0.391513364033909
2.1823260292629096,1.3181773632230909
1.879300379926797,1.191857760573687
0.04041462901909543,0.3061722158419482
1.3351328257687385,1.0162942464415792
0.5405479519485357,0.5811571478836808
1.0223362369213744,0.5848574064327965
-0.7363487516507626,0.004622855143666629
-1.6043125263444704,-0.46125683207554247
-0.8521990847810355,-0.29662845967869417
-0.21249985542501026,0.09556888422605703
-0.8011785639604937,-0.15610806322091952
-0.8508269608698295,-0.006784619086743854
-1.5646047411584152,-0.627313090165617
-1.5078340297889894,-0.3777939155988087
0.9533423614112468,0.8280779124078322
1.2314244258510967,0.8107916221399244
0.32646948808773824,0.41097418178000616
-0.46070166029245124,0.13475879227276732
0.10618736288006114,0.5288609986073152
-0.2177357717589204,0.24658951653762826
1.1002317287012189,0.9918713201376572
1.3276853680335239,0.9862892499963833
-0.26535263114754803,0.4245926487569911
0.5815502460378047,0.5157511313696083
0.34409160853079535,0.490575940618883
0.31090700676402033,0.5337246080334515
2.3622649383911294,1.4638039284446094
0.9806656315028306,0.7319870295725436
-0.19093932102113542,0.14388772139652406
-0.56808399568182,0.08439893758549114
-1.2449685921897489,-0.33003874837152275
-0.34248781453192456,0.2387391188787362
-0.5261105389615596,0.02823765790583248
0.2794888008401372,0.3281748551437488
-0.3535615944938507,0.05579048042295749
-0.5274584436412694,0.09874165952151057
-0.46878705575416096,0.11513144166155938
-0.7186736975222335,-0.05011149105444028
-0.9526966913209458,-0.1700836024270244
-1.4439795353887255,-0.4261317599631222
-1.235455276567643,-0.46706089402212325
-2.0471351277835232,-0.9025474749968039
-0.9706504742094539,-0.1796811012991515
-0.5713616607920982,-0.05677429714078723
-0.6736927517908036,0.1071040655909469
-0.930624928411667,-0.1735848249331061
-2.2000932911673328,-0.8632967371422237
-1.5354845067313665,-0.48804914797572924
-1.752676509968447,-0.4822186588048812
-0.49403530431283416,-0.02363522194507779
-0.7565481463995103,-0.2744611163575933
-0.7304449206795716,-0.14946624126108748
0.3417617997790201,0.4536654871844282
-1.2705978376221578,-0.29386093620293624
-1.3571411834642548,-0.4082135673282994
-0.5465497655972584,-0.06305494493576233
0.6320601469623625,0.5590299410983427
1.6643123719514459,1.1000219748777358
1.0428422087312674,0.6697941623298906
1.5830661040471725,1.1107662080309466
0.4551718244891103,0.5024441313169503
-0.41727337392640607,-0.017580058146132616
-1.8080930484494198,-0.6489433809793709
-0.9536055849234245,-0.043727316760781926
-0.9709714048100807,-0.12296736991719755
-1.1098724247217968,-0.1999938642252995
-0.7554805920809311,0.1343214350960336
-0.5465171159871026,0.13474270731412347
0.8323067398094705,0.7186351628731082
0.38349708518301634,0.41553335540100983
1.4177340652614956,1.186550073335649
-0.7483181828352429,-0.016395128723869445
-2.3416946935661285,-0.9134390687231939
-0.5064871535404206,-0.028515389282857656
-1.5669750888898732,-0.4335711042282281
-1.1599859745329604,-0.2646346585700358
0.22803285620830838,0.5769156221806536
1.1105588591806779,0.7708674464939897
1.5720492125928693,1.1583476286344994
0.5528788040388721,0.5397212871156842
1.9596717872994684,1.476213564838201
-0.08797940880406685,0.3621736431011114
-1.8096889840972097,-0.5807539050465288
-2.4666691366681066,-0.8872631012393158
-1.022002665023004,-0.26788952186893267
-3.530470342035823,-1.5133959488304212
-0.12399287236426448,0.27263068713815747
-0.3667666316654876,0.13465378776625436
-1.2957725437638057,-0.43029206908545103
-1.7323943350524291,-0.43680226958697904
0.0925053453570035,0.2773542954487485
-1.163383393814567,-0.22073244756645
0.6654128328547709,0.6310790991911613
2.6191118275016,1.43528589222608
1.5464515194986677,0.9939990043375806
1.7726684896354206,1.1884045270096755
-0.548373205651469,-0.0472568360608242
1.2407821999226059,1.0276206230633143
2.6810441590926795,1.707648306941187
-1.015849575027422,-0.31519180413208125
-0.28883917589676034,0.27111784420715784
0.3362040882740243,0.4447121534110432
0.218740774459814,0.5846816562609294
1.1066572134698753,0.9226312633802605
-0.3714161744420287,0.2556245905737625
-0.5356834481238582,-0.030697326279244888
0.3888821351439499,0.4723773621493397
-0.3807536248404347,0.2204836787458788
-1.9620444310422331,-0.5353634282072467
-0.60623063477352,-0.06687675405713174
0.06366824068358468,0.36417321136201825
0.46977168944130876,0.33041530876848235
0.3390590457679119,0.3879884318127036
0.24264559295817467,0.5636144313190614
-0.7908242008511992,-0.1354642937815783
-1.8468726755115945,-0.6832736726778756
-1.5178152871294674,-0.27217361709482324
-0.2317001668375156,0.2199554726756598
