0.27853363890574556,0.40613396841829297
1.7018610608620461,1.107557924329916
2.5960275470439025,1.5335803470573806
2.1784615636971187,1.310553416099659
1.1928532292896874,0.6553885767512619
-1.075868695243707,-0.251017974370057
-0.2501684668420837,0.22506932268062446
-1.0331397379480656,-0.36193388778052116
-0.14116719733687366,0.1871277797084852
1.0422576122692186,0.738849833273286
0.7244072425930586,0.6151870025149515
-0.8798257894610456,-0.3358954299544684
-1.979438071484354,-0.6227531309725207
0.5862033441463901,0.6892279205416305
1.1803856661770666,0.6626334248183011
2.214299481097795,1.4662322934128669
1.617710136644969,1.0665736807889068
1.7144872889775442,1.1715190966370728
1.2515198472357432,0.8988505281340567
1.7578963172303852,1.2135878232386859
1.9669283937633741,1.3316668774797438
1.637701183035962,1.197980893589653
-0.2096344482555843,0.08492203183653708
-0.2392047859336221,0.18050673556816788
-0.750647394764919,0.011028748186024381
0.7431917786754242,0.5096165981425637
-0.5872016260447133,-0.015632846109688497
-0.6341399518636402,0.013378663807761204
-0.5753378442456396,0.08740375318826707
-0.5502077488276554,0.0157494950690946
0.04826460015614009,0.45447406965297843
0.09865409475956355,0.35461111865887585
1.2691275636811579,0.9801203252622782
0.8560350549464328,0.8992458181886507
1.5982800618174027,1.1523276091648427
1.5646103722303635,0.923800472965687
1.0115367697940922,0.7852113495095078
1.068834175556253,0.8129147964119376
1.1451576480585604,0.8407718841850182
0.9136000157585596,0.7095365267266863
2.1855996365451515,1.3638643302941589
-0.8971320584068254,0.09034711341958654
-1.797531872316191,-0.5397155154487404
1.0027655134846376,0.8570485515609074
0.1465713524072314,0.585799526156497
0.6845274679782678,0.7625479726548046
1.0011362261527303,0.8850404603788297
1.3185678144407973,0.9452236879199309
1.1154823401654204,0.966427593227951
0.7446621017013205,0.7232211937404268
1.9814754509480843,1.2877839902399704
3.560059176581663,2.1403042114112156
1.7699646381177607,1.115280202604807
0.9433002197632416,0.6708952145981413
0.9736752497830712,0.8039680441550473
0.9126383242614453,0.7353922739133899
0.4014655490394477,0.5470415302062736
-1.9348855729389969,-0.6380436525832939
-1.3885883580570957,-0.3832006179732792
0.2851998920573947,0.6059582933824286
-0.14505045862178284,0.2425868013449684
-0.32770045547831506,0.0616805204511445
0.10855600837805257,0.5004510924957556
0.3969215087863069,0.46659275120882776
0.21899872405810772,0.405024202623132
-0.4318605810109226,0.1615595697446025
-0.9339786395602365,-0.38201673476611653
-0.6460347621099232,-0.08612686341627716
-3.5275625035821108,-1.5753466347104772
-2.348807300445193,-0.927474779674455
-2.5807746612471147,-1.0466342146063807
-2.528652691152617,-0.9174082005240088
-1.3395178476894436,-0.3354083379276584
0.28213306985198483,0.20764630059641093
0.41410183358057184,0.4905691677389229
-0.8554930806326015,-0.06336457596940694
-0.19841339352486032,0.35859053637555793
-0.05019529301027015,0.38426534566123327
0.350661672379664,0.32300439279247584
0.8781214447212196,0.8590479243780075
0.7574968590770376,0.703365280706274
2.4496656123902385,1.5818000599516513
1.9688476386801503,1.4579901682417222
1.6420884482952394,1.062446897802864
2.3827522963630545,1.5280077288887157
2.74714765209547,1.6585066056057884
-0.12977766741599206,0.1799160646055823
1.3030819237923124,0.9528632068483998
2.405532645626567,1.3856805653042819
3.285206980709243,1.8366524089371106
0.10484450491847142,0.3376653030450358
-0.9885386167210197,-0.18203136740105577
0.19597173980038984,0.2970573934131223
-0.10041123627633936,0.22906344508962737
0.3754450967909686,0.3577088199669612
1.0056992381772254,0.7581829870300135
2.757191892854202,1.7672593925430262
1.5560806115209858,1.0595842752343074
-0.7074991298578401,-0.006452332438795054
0.9246130328619372,0.6297787773161408
1.0045879777622888,0.7652355589961031
0.2200655902814297,0.2009294918126633
0.28951243056448117,0.3884363474158547
-0.2831179193338138,0.3072372235137443
0.032646896889741706,0.12158388774339901
-0.215744581454079,0.2064984845564534
-1.0126603230108706,-0.26164724872511014
-1.089012811863982,-0.12696400161499877
1.2724797614281458,0.7399556417378663
1.9353712858694312,1.2862040170750704
1.5125273148770293,1.0150629753270306
1.9171600934657178,1.3504554436254947
1.9920762917512644,1.2953222700268658
1.2971296865547663,0.8423128321745827
1.633144929679037,1.0195607959638744
2.571653719971068,1.5861140068509874
0.35193089223788343,0.5398419576720954
-0.67503137677009,-0.05784531017060801
-0.445058623071805,0.1091432096439587
0.4300132887959969,0.4181542269468615
0.17554609065079385,0.3338750916332888
-1.322567690057809,-0.3700046075027413
-1.484657380495734,-0.4522195192948369
-0.922422530928965,-0.12246354709343957
-0.7233835028676261,-0.0995024893459488
-0.22829844346743472,0.1420322074537838
-0.7611994467151318,-0.07251714814524043
-2.5659458291744768,-0.9940071588304771
-1.6604112240850915,-0.5882653673908115
-2.4266693048864187,-0.7832707223552269
-3.158841047319971,-1.3015724011589878
-1.8232061052268786,-0.7063716054022171
-0.5648854216343925,-0.07555921645712224
-1.1498496051980405,-0.27827060461470643
-0.7527442472474067,0.1352524620705604
-0.9495441307818541,-0.2919499940682161
-0.4645659633020663,-0.015231527812738913
-0.366783859257934,0.1915807016408279
-0.2191480420197627,0.2246318153666612
0.21154219424648724,0.4081170671821753
0.10367496290836355,0.2837737787061555
2.236482335730008,1.5205331366162695
1.9854375346591835,1.1161197564351208
1.6049329893065922,1.1593640428460255
0.7382524298981856,0.4938744361108011
1.2770726057304,0.960305005310254
1.7406801504901255,1.1526781871972198
1.1417194642233484,0.9900554743613075
1.819455588641019,1.0996309454655175
0.8529152805304638,0.7450253127965349
1.3703548463142123,0.8739551251524348
0.09719608744088104,0.2932916604867203
-0.46978487735988783,0.10385084547391524
-1.922845156878089,-0.6167057237345027
-1.9411085434073807,-0.5803048275281726
-1.4576919529936603,-0.3646148761434579
-1.1679878148545033,-0.2814723663336273
-0.8001940939081906,0.0533709967570109
-0.7497767954703924,-0.01924442258438038
-2.3636770439384094,-0.7286096682325053
-1.9606846171563106,-0.7437115578588996
-2.117968031899149,-0.7477816749511729
-1.2185446243572404,-0.06576220179624986
-2.3917737221419695,-0.7599166623621291
-0.6351008799262069,0.09221671052550902
0.05570401400144109,0.2563356961727991
-0.9303599305480179,-0.30377094939701066
-0.18318486963411607,0.18379360767406888
-1.3319074435321945,-0.43055580972671026
-0.9054327812827081,-0.024934693392765828
-2.01528991793913,-0.8035366434538382
-1.0523444382973837,-0.20749574599846612
-0.3788982126047796,0.23904957228080867
-0.5968504774811265,0.23235471719568318
-1.3675122709321865,-0.41479846331151404
-1.6627227767538049,-0.576005608185288
-1.3556477246257295,-0.2486050297504362
-2.255417124547672,-0.9212014188909265
-1.6882830905702981,-0.42402096443754955
-1.1712544663081377,-0.22056361933230273
-0.8487731425201736,-0.23529300469137715
-0.6830277397415483,-0.15680668355563054
-1.4957078050534403,-0.4454181873307672
-1.5914924400627908,-0.4389911746371791
-2.6639070544921237,-1.07365440638487
-0.7048967894911341,-0.1429113550942502
0.1390279780724123,0.3973600995825636
-0.2836832279013398,0.25519388064235315
1.1820673730574767,0.9582431744549356
1.0872413075465723,0.7564216970894694
1.507694846702468,0.9047548354623
1.578815880685519,1.0922304066899384
-0.43959843562745404,-0.07362475161550114
0.5865635392587311,0.5104520490565267
-0.08579589886075811,0.30228509790545877
-1.797397307324287,-0.6678274528053845
-0.5281008450541845,0.03571741196250933
-0.6246902630629038,-0.11564960676919872
-1.3490411319245563,-0.3153929935961
-0.8365036789864224,-0.082186245792125
0.18178876368841146,0.4448314802518093
1.005771789986737,0.7136508540954962
1.6547435394525174,1.1089492085517856
2.085608669883502,1.4197075375552553
0.8879178131106904,0.6591007236653721
1.3315243544316906,0.9334154565021814
-0.24050169590158166,0.2860789981861759
-2.080517681804128,-0.6680784284741889
-0.698321412761264,-0.10680655775525827
-0.9936688499789126,-0.20147219553413886
-1.0450238600076571,-0.10223777029110392
-0.409472965684324,0.060309528945167286
0.016833567211367917,0.29836900551369805
0.8621264820662013,0.7630868689958525
0.290124379183044,0.4043529215968863
-0.21135958733624255,0.30183654860457465
0.05307252240802282,0.3720273931189838
-1.0013911682765988,-0.32019074146648374
-0.17699619514596354,0.218562321811329
0.21817926556673622,0.26488251492095616
-0.08139505501180921,0.37625861006908295
0.6209633651634274,0.5066723582656228
1.2209062471904453,1.0052588643273308
0.03401045633130395,0.2960198187879278
-0.07186400084452735,0.0875646457049902
0.7533590175364041,0.7246892746489857
1.4854172252978568,1.0548104641338034
-1.5030817715717701,-0.5441629609126627
-0.5609630046358205,0.0057497748178221425
1.331257273191921,0.9395725848291793
1.6377349138148758,1.179229449277097
1.324354039530989,0.95406549364748
0.4544003994100599,0.4155538606997369
-0.828235855005099,-0.04974998575531438
-0.03079956065813305,0.34786225051151304
0.7649220463777165,0.5865799201026576
1.6545073426789583,1.016549551200355
1.6367369832934626,0.9873880965300686
1.439122424186367,1.1256345011952726
-0.06487684057797549,0.17931897321191034
-2.0323378306971134,-0.5484340332577343
-0.7394415938922032,0.11292180550048583
-0.9101135368723412,-0.2463783495817813
-2.5113209494465245,-1.116522282487841
-1.9372210529113738,-0.6520535515791014
-2.7585489652737873,-1.04421096717511
-0.38412988821579896,0.06076187662470021
1.0933504878331854,0.8827038381271586
2.5428155989996846,1.4488407909702985
0.48803657658716426,0.5384194349729412
2.789209110611996,1.6269384148998727
0.674297570977848,0.5763658234574569
0.0842230469361468,0.3082228119481217
0.11192339930226622,0.4459387282321433
-0.5995753084066283,0.1130731130894433
-0.3579386612889056,0.22369418821654397
-0.55132716083808,0.030145204645257783
0.02421486658294536,0.40658033708551755
-0.028943318934574743,0.3774850250313033
0.22689218583694098,0.3941282201863284
-0.3213258769820998,0.1109726018799799
1.4976480992095629,0.9640565478342022
1.9495257800595387,1.266316196244118
-0.41708020604234997,0.1645858104471909
-0.3372619217799477,0.10927942998887574
-0.07030837981567545,0.08682059818918794
0.6515994391374771,0.5072986989473582
0.8147489860333589,0.7344550410961364
1.020970457908243,0.8036736788430836
3.200969177691613,1.8380219970932516
0.805145070347492,0.8553422624010287
1.963945254481823,1.235550608480804
1.9142905530674308,1.479624295628358
2.5414686334210845,1.7096926327763304
0.6680974805780718,0.5745094566462954
-0.05429908748319079,0.3230368445155269
-0.14308518717571483,0.34310313024874045
-1.199365192338726,-0.22714133614093038
1.1056645315293154,0.9588788925319244
1.9368012841571882,1.3670890059750174
0.9312097020637915,0.7010832611847846
-0.23067325758268398,0.16487518481612545
-0.049150446831340566,0.22351879741404468
0.5963667015447874,0.6615391612411131
-0.6393655611108293,-0.11255386785839251
-0.9064698790286946,-0.09709957309427114
-1.5464729910534207,-0.38078494416032727
0.5145821257709803,0.661303478059432
0.9341372348151638,0.8090110641229868
0.09953610185067507,0.33263886911794105
0.40215629564572275,0.5821674156083554
-2.1982168832802778,-0.7890207399860044
-0.7148515678935732,-0.0032422255756691665
0.5960699029998995,0.5443279989866144
1.4306107951466545,0.8877505456023047
1.2814831343266357,1.135725599041442
1.2618787047996434,0.9310794191558266
1.427264218046342,1.040002682018462
0.9619937143484695,0.6790459664449855
0.6495454889741284,0.6088895824809587
0.5076614541670107,0.4450554348971745
2.071854580499167,1.3194186859147599
-0.7822439808882706,-0.07684252821232551
-0.4864790977371598,0.14026563538105333
0.08089739826491665,0.3095578948055494
-1.882291546331245,-0.6362019508568038
-1.7577653581836707,-0.6603843925809554
-1.0874181426405847,-0.016516002415344178
0.7455300230017315,0.8250961291645126
0.24139959310185183,0.40265572630557206
-0.3029644473419054,0.31463308172356697
0.3517208541269333,0.49594215813292286
-0.39010989249723443,-0.08141444501422743
-0.17995988126918835,0.2550177859346747
1.7121603133596,1.240958667986166
0.1352941961444153,0.4839266000862757
-0.6980022181441827,-0.27574842249312853
-0.7614932746681157,0.08596417373354881
0.053947352565170914,0.3162603748550375
1.2704266870439955,1.0684998776073367
-0.7209009124020236,-0.06238847147581715
-0.44827116610370604,0.04645070884642602
-1.321222712763685,-0.35017572435308947
0.6283668684339508,0.49344553282644915
0.6402279091233954,0.8088279497994669
-0.8969624213114411,-0.16758220410942887
0.38710179384117493,0.4241895349937362
0.7831300903916172,0.7347396325274951
0.9789453067017407,0.7746270633753222
2.7678683653165614,1.7336469891171469
0.453037881558777,0.5272825278757155
1.235925024355696,0.8204010095085021
0.37447767035251445,0.4728746708288443
0.7136134280226063,0.6016973277156092
1.2525960026790446,1.0349731316637596
1.2963265743351182,0.9315204512713986
1.3303147581214496,0.944287838489536
1.9666458423711957,1.329603600750326
0.24892257830768783,0.40106146183653524
-0.7026453857959589,-0.15699164845055258
-0.36043741831776327,0.19004215152603407
-0.8502720160988937,-0.10722604254720623
-1.7090559257540254,-0.5819309404564565
-3.784766117759025,-1.6112962879100285
0.9702442147072352,0.777779895312762
1.5007925400666677,1.0857733024877787
-0.37873118610249223,0.07231194891498802
0.6406143810623823,0.674480677128692
1.5417654585052334,1.0973526594125524
1.715058691435378,1.2297676619326534
2.2267431872004826,1.4419557484547352
1.1814215353095925,0.9896584133820514
-0.3904617663710912,0.13211218165726712
-0.5990884827419453,0.04801150509554618
-2.508193665822352,-0.8680709022550306
-1.2868323779137574,-0.32498768997994687
-0.7659748482133488,0.032166907991401775
-1.475132537085758,-0.3599720613037437
-1.2084702876080586,-0.5117540674016927
-1.5930431927507729,-0.4513816758404306
-0.023956987390064688,0.2691547250964197
1.2856462023462614,0.844568951176179
0.790172324671144,0.6459131080365511
1.0216730094801993,0.6849003772199068
0.5478669594809484,0.709558580434047
1.3075180292185349,0.718412239923395
2.1583530271566245,1.3838847300530774
0.9290043795642478,0.8100053068979096
0.7281565937900863,0.6055975252332754
0.16531101679256638,0.49074477017862317
-0.506991289265158,0.02543823494383681
1.026588933351276,0.9665275139303298
0.06624603711809929,0.4511448951131224
1.075188932881635,0.8790143490023736
1.4227933581369772,1.0255974775383252
0.7001668742023629,0.4745396990029356
0.20890164197094757,0.3979393559999178
1.3061041805144322,1.0048887640831872
0.8159841931799281,0.6482665645253912
0.41158562681759914,0.37694352589566954
-1.6212764579340926,-0.5884417008024279
-0.8516789129897697,0.05938526736983338
-1.1398947090045715,-0.3853156957783308
-0.5808315935647022,-0.09349669743377155
1.1726417874833173,0.9333255384244097
0.9292266947220289,0.7009880571277968
1.1410344928510292,0.8505016126160776
0.7037472783493832,0.5815422214956086
1.0836894801123949,0.9010408815378297
1.4902206675074012,1.0998991021741646
1.414253673795591,0.938818964876056
1.119058471070353,0.8035954859763876
1.3108063200401021,1.0984739336702682
1.1287821436002579,0.8117118739145085
0.23446292334707208,0.42145393259231134
-1.8677606579908022,-0.676329073466188
-0.43177447042507333,0.06194301478140135
-0.8378767278520074,-0.24692259028238617
0.2353882383146283,0.4392658407779082
0.860925330913136,0.8510349400294523
0.7330418155795697,0.7220152393358237
-0.8984259278311145,-0.046622603310715785
-1.1224732689862216,-0.34476809868660907
-0.9146293442677488,-0.17924873134059924
0.7768984575363986,0.7435481668992431
0.8950873842388817,0.6638019675994656
-0.020672034921117244,0.23631213956718358
-1.1982085241220415,-0.3102579158601129
-2.0619733820498825,-0.7702684193799794
-0.2595285854111037,0.1361105112540718
-1.0692118590777886,-0.2009263078434838
0.5827016354836037,0.6001560457182685
-0.61904386476104,-0.04494684176914281
-0.3892311307025192,0.02054794886475589
-0.5216996303542142,0.003906511011224668
-1.537358859782304,-0.3752646539265718
-0.1582606599476697,0.20427725891159662
0.5368764589491388,0.3566246464908416
0.45265763994885816,0.5218590436083539
2.0496650795993854,1.3755083332911158
0.6242617148199985,0.6936252718309972
1.278962021282274,0.8828604187257947
2.128710299745161,1.4231615409190475
1.4743927986480418,1.0999796230798051
0.37390991242883,0.49478609394196055
-0.9286338405962145,-0.22549691724697615
0.37713173441647985,0.62590018392029
1.8829757923399637,1.2829876655334953
0.8539670767810885,0.7992669660533935
-1.0739558590939553,-0.2551903126423733
-0.7836647750170611,-0.29931350912735916
-0.8757671352206511,-0.38773754095952195
-0.9525878300554136,-0.3289370420049999
-3.1542662942306894,-1.3146730811591807
-2.0768779511892026,-0.6244185306430323
-0.4199922966986228,0.21476957615224046
-0.8428423669310534,-0.11356976246339687
-0.26551840892672257,0.3935376630953216
0.7771384847868337,0.7237068417562428
0.4813836484133444,0.49381424342112085
0.6098216088388762,0.6821834024102658
1.623472105113441,1.027412382096062
0.10957861160619287,0.3906043692210974
-1.26345921644687,-0.28948965418521355
-2.410751095931327,-1.021470251348213
-3.1509598842708684,-1.1956429383811296
-1.2965251831568958,-0.20604967220922055
-2.464651047963671,-0.9050871092153332
-0.6226872800724669,-0.0202733058335255
-0.8866436208479307,-0.2612292742052991
-0.7835243522742443,-0.0006990673441767264
-1.0601208532710449,-0.46959116070310625
-1.7145796024757747,-0.6130752779837553
-0.3108699508543905,0.06987404915908614
-0.6491779624464817,-0.05674742965139309
-0.31954299857224744,0.12623549044497082
-1.3276055198646275,-0.27621932655760334
-0.31845078406533467,-0.028831369204453422
0.7718009387664927,0.707233756955489
2.0007463582020577,1.323499978202431
1.2842705010176099,1.0749409135911998
2.606556222456539,1.7664506460718712
1.8582446849041114,1.4006421281404835
1.665509367263462,1.3249051526807496
2.3958046166136744,1.4159593364700591
2.96718653227887,2.0586910077566247
1.052255941677856,0.8739135881441884
-0.31749727888693613,0.1330542474227891
-1.0060431796570284,-0.24576036922971425
-0.7473301855664911,-0.10838210507715526
-0.25803559092963585,0.2322380603669149
-0.5494482562274187,0.09514791939485355
-1.6687286344070802,-0.635840223628135
0.8564568843834071,0.6435700301864153
2.1577015337654317,1.586530753478335
0.4236113445895644,0.4720449296480363
0.41636519157901214,0.5591208215025179
1.2064202083472784,0.9190843822536142
0.4757153656116261,0.38042888770357286
2.176520602903283,1.466498277192573
-0.21970627332305104,0.2139150396772186
0.2431080232866754,0.5146084175124461
0.05113854779392743,0.27283432878015396
1.1990831346592152,0.8230661770410066
1.2034880484099082,0.9444437319156954
-0.026282475575780673,0.43114973800892475
-0.18716166407165497,0.230833560302232
-0.14520685182671972,0.20183041863105045
-0.041975012663511974,0.33920478702163803
1.1269653816485639,1.0016167104118772
1.67540080147876,1.1081056434776506
1.0808064662110215,0.9549044652519364
1.3894862481116124,0.9789378699899919
0.1754622412837249,0.5916189699992881
0.7594057371980023,0.6426496631893582
0.5436590102972115,0.5964511534274971
-0.12301491686498844,0.15985157002731215
0.4540018225187852,0.5979668329968527
0.08158858844896755,0.5846100729831908
-0.7102242608315001,-0.17210822418227717
-0.35010069107828506,0.09127976796477735
1.2610598453053021,1.1001215956023636
-1.094970012937944,-0.1142364187155955
-0.9571573021498738,-0.18924712078267963
1.4546959200630347,0.874150784292167
1.0881474305070964,0.7036801676554193
0.9451085479614809,0.9123433838941936
0.747230948101907,0.7961585646071191
2.973577188961102,1.8026172490346848
0.1916123418670157,0.4928287016731604
0.7325736788874564,0.8360532448641974
0.2162103836773645,0.25020189725285624
1.3160350411476642,0.8964395086718733
1.6804240914164783,1.1619254021476992
1.5999396079395536,1.079469660765537
1.5381234898096876,1.1902159195202953
1.6569988579998958,1.1300616384222208
2.717351832004486,1.7691873732102759
2.442800290591225,1.7207279131201214
1.150531807613714,0.8598962266221171
1.8278922922380576,1.3211494075484065
1.4429025552678532,1.2483867647328604
0.7848712520247428,0.6104767326081002
0.7542387522712908,0.7144958832826902
1.0602150126486336,1.0404605956686819
0.3480921604774792,0.3250511198159035
0.2686066435913901,0.397939717873891
0.03491789697905523,0.5969225229947874
0.1954697039613154,0.39452539728821145
-0.16394910535404894,0.19380978031287932
-0.1980461612883352,0.38007687961640885
0.00808428989045512,0.37345270677511516
0.4451623529557965,0.7206805685036095
0.6174796246292277,0.5759420783935224
0.7471677710477873,0.5634755408224326
-0.33331358290714275,0.019893042827356294
-0.45472480837350726,0.07809224664569991
-0.7306574337630448,-0.03472466305359056
-0.30089243565239565,0.0450460642679642
-0.8955716567943757,-0.08437600373747135
-1.4833803131122405,-0.43362070796238683
-0.515171124514973,0.35129563162918054
0.8661990419195401,0.6854170481460461
-1.3468520679114437,-0.2515937805568077
-0.2978815621396317,0.1436575375331418
-1.5008772223051796,-0.47333713535027533
-1.3925690527892682,-0.4015474185761712
-0.18230416877287348,0.0709808806023477
-0.5503064866916663,0.0030624731283574076
-0.10833422086814187,0.15823686683266483
-0.34309867810335215,0.07942235153979303
-1.6082957190146838,-0.5758473813054049
-1.0044361501234356,-0.17138526721264824
-0.532615065530931,0.17953495835507496
0.37995836475866235,0.40819703064678653
0.3842543681907404,0.5573266189648731
-0.9591880804806763,-0.0815958610345589
-0.16043878517121812,0.1354151829220661
-1.3376659677689566,-0.4033176823619707
-0.819034655145867,-0.039573585770074166
0.286380320580788,0.4602400746701801
0.16194499514895028,0.4758414307520837
3.0301383970196327,1.7785755977043645
1.6533088917007488,1.092853886027124
-0.26023041575669503,0.3362645574719574
1.0438807003419168,0.7930005082758613
1.4437688879475679,1.009413396926611
1.5353820360558763,1.067981471755174
1.0760413372205082,0.8341923320397008
0.13692770632295626,0.4920007222740191
0.7084743778725415,0.6331006520824131
3.5612741242030435,2.1668287044597023
3.4074595632283615,1.9987683720524028
-0.0055225257563498165,0.23416485351994182
-1.3570460653345022,-0.24845298562519735
1.5852680153275482,1.4037352099362743
1.0778660030402512,0.8389440479438786
1.4123351759948353,0.9503811417597517
1.34996508621257,1.00381817420693
1.5068858000412124,1.1305591779971154
1.618012699050265,1.2555532795374147
0.4766011088134149,0.5411519603040645
0.46882884729130836,0.5003680726032499
1.8881702962660003,1.3007839682146998
1.0856992260337648,0.829849738050442
3.5796440287991165,1.9655112646027884
1.0515661224466946,0.9388475238414105
1.0235697097808738,0.777721776062467
0.9345121811196672,0.5689589199124911
-0.5505384158965824,-0.016921488433558084
0.8816523724933695,0.5872969871353745
0.6703261856481266,0.6409641256528106
2.5225451925120153,1.6840431017765578
0.9053773381430368,0.9161990327265238
0.9660499533089978,0.7652574505079953
0.6353361291764923,0.4658759932130807
1.8478198184956458,1.3278787549610356
-0.7368100199608154,-0.13425149403015313
-1.2803580295276233,-0.23744983682211218
-0.06842300560591019,0.17157970257504884
-1.4959876408262478,-0.4976658864584632
-1.3390326276811453,-0.2798728469197774
-1.6933090855763908,-0.5859464771967949
-0.882884558800932,-0.2061182708836426
0.2469533531856961,0.4491884028179087
0.167937759712679,0.31550078877834664
-1.0616315320954235,-0.24696778441571499
-2.2585617779721683,-0.7171851087518832
-0.6538908977211108,-0.03348139983338396
0.7167363093320787,0.6279215846959854
0.636509176633094,0.6716125854283544
0.8001773515551405,0.87806037505497
2.0436518449437884,1.393683189234499
0.9713655790589697,0.8143656078496201
-0.006530383479633417,0.4122184837221999
-0.5403919574888869,-0.2073873854668828
0.6366572983801296,0.4737356037912308
0.03307745064958334,0.3111138883840937
0.48070647096179697,0.5855889855548572
0.10326798865069786,0.37804887769327067
-1.0148306068761304,-0.1223142868146102
-1.4093264074506293,-0.3754509358232392
0.15028427066958883,0.5617882913736798
-1.2529218752042033,-0.32845107898066983
-0.4491534528459695,0.34846167969911324
-0.6593739929835896,-0.12520289858017353
0.8627359991414782,0.7043775958432563
1.1271796981193392,0.7863127839517998
0.7264649933002392,0.7815599810765387
-1.039233683458947,-0.24014755058435033
0.18670814651732526,0.2993386477801939
-0.7796550804614641,0.04871766703242669
-2.2806190968899234,-0.8159911295772801
-1.1754473496221145,-0.3551393003921991
-2.0632292588476218,-0.5794034074723202
-0.4888801151463552,0.08773524495096416
-0.11451747531095291,0.21009242823024615
-0.2608588683499933,0.26953525350928687
1.2643623215209596,0.8971942698731961
0.3644418850296458,0.5891859078672254
1.0137708819542894,0.9348317012358999
1.1297221230080106,0.7941551198060882
-0.525158587058704,-0.10389102240691905
-0.012257106180680377,0.32974879615827013
-0.21818490809876567,0.2776030337076073
-1.5340702782536364,-0.6686512627866841
-0.505999763359698,-0.09901256911690678
-2.306967379116118,-0.9535051521861608
-1.3866757130384886,-0.5083342145507002
1.4696414846420796,0.8289477170762981
0.8663314318187247,0.6368582474503373
-1.8827195165893742,-0.6775639147493834
0.12277418073574808,0.32073757902959277
0.4084120349580907,0.5414168356476906
0.13390736236966072,0.4486952754658438
-0.2522090157053552,0.03965625224189959
0.11114865507221966,0.4315756641437542
1.4218079625059818,1.0281864640348677
1.171265175449598,0.8203170525307982
-0.5607139591662765,0.11170211616720455
1.5363851071304184,0.8987751066707106
0.8730204098212837,0.7835805093435265
-0.7050244596448465,-0.07789215591653668
0.13436196970198688,0.5048081892960119
0.2154664347212495,0.5307129883420032
-0.03639210230352777,0.24097472998553093
0.13969499243303674,0.5170710179292093
0.43047448404012145,0.502584805286623
0.6676269627495834,0.6398716692586923
0.29583230733253535,0.41094628725304067
0.36843666227500316,0.5712885497639006
1.4429125417048247,1.0899427341868884
1.8146416971410646,1.1620735965038649
-0.23662922374153839,0.24401009164815016
-0.09413123444963964,0.33929995496487664
-0.4406218916840503,0.07415733557654722
-0.8750430741305738,-0.1397401148996232
-0.2876995970608174,0.19821503796151113
-0.08895394582565516,0.24866878016832542
-0.3104376899273617,0.21467927451772426
-0.2787403601519683,0.12007356457849332
0.7178518199628998,0.7488589224901924
1.4191582925868853,1.0138230882107095
-0.5228242446176046,0.09693822388161828
-2.237836457975604,-0.820109738646699
-0.8728311803095035,-0.14794523643232343
-1.6799739806057425,-0.6789287812633847
-0.8309909866939401,-0.20645410433514555
-2.537532086901641,-1.0191726944317925
-0.9421139943260244,-0.31493383088087
-0.016105503466058102,0.4114193674187875
-1.1550409661806513,-0.35021342159751234
-1.3749089668815748,-0.3779513625625536
-0.5440033267941848,0.007413839545566556
-0.7220502915114801,-0.16664066007527653
0.04912862809181184,0.10506724430763104
1.715280622993418,1.12609330178139
2.1906960063339422,1.5414783051233927
1.246519870680529,1.007278061098315
-1.5264417086848117,-0.6136910504110991
0.1034442918415921,0.4890406552889116
1.0732981343578551,0.8028608189675445
0.8722560196215092,0.7448362491518046
0.52089718126104,0.47244473163440415
-0.45381231280969747,0.06701537434060208
-0.6016758113264248,0.020134868693945002
-1.095874567405792,-0.200576022184047
-0.6388912000032232,-0.029766900500333864
-0.9510913815393968,-0.2661611675620249
0.19651866907150073,0.36427097887150434
-1.2594759237877213,-0.1345315737012491
-0.9745896980673072,-0.2100255022398359
-1.8560800648324194,-0.5472417943797602
-1.4001097381212975,-0.28135790131958244
0.5621943988132816,0.5317345302233232
2.378091295453615,1.5343927913327782
0.9259523880822407,0.45787471009482816
1.3055199563267386,0.8793023390354144
1.6886520233385744,1.1520407104738102
-0.24553704014558875,0.19126367793788773
-1.3108426781688434,-0.33927919877053164
-0.7306137684530736,-0.003466070144268904
-1.4151831549538538,-0.3638586003737635
-1.694652797500611,-0.5930181938679202
-1.696468854102205,-0.651019241382876
1.2367416610677597,0.8718289757785316
1.1352113948163092,0.9120794094603694
1.4135118413181047,0.9267924307934194
-0.16545942053233897,0.39372770762027137
0.45953526910284337,0.6148828539733748
0.9493976472573125,0.9225517652502868
-0.41151745501226666,0.03421801316578914
-0.06923126468283003,0.1280559417210258
-0.4815014197247448,-0.06049508848122326
-0.6400546660596785,0.02037070001923974
-1.2279124556534744,-0.29265544688117023
-0.2071506570028,0.2147299920387868
2.331772587980881,1.4887338955372083
2.027812691071094,1.3091186264614745
0.8207144384914038,0.6342177183450447
1.4075885157316277,0.9699640134956516
0.18423508750472095,0.3708165885292159
0.9080610385517178,0.7080855485418566
0.8979734470648557,0.7428555731442997
0.8010683710343125,0.7786145832920003
0.4166731756173552,0.4562431544191803
1.870588479805387,1.203960108787414
1.0019733278361138,0.977095199383897
-0.18364151725825595,0.06869780107839074
1.018753800303648,0.6844953894246392
2.5932099347493542,1.6912817436687053
2.03148633642278,1.3996791267428423
2.7953372045460667,1.5939721311112631
0.5713438243234795,0.6836666706461799
3.904064165108065,2.1643323150298044
1.4916949741568077,0.7203774823544413
2.092702168076461,1.3682066929313814
1.0150499435402953,0.732323453567357
0.4177082636230614,0.6614529727669547
1.821795757924487,1.3044050159509029
2.7892116263081768,1.688586670825972
3.5292777805831785,2.0888936364355724
1.8252980209204916,1.2045629434890037
1.4146300907267926,0.8510734489646316
2.7256651292599763,1.866104853553929
1.9210182626440546,1.3891522768762425
2.2395346663256603,1.3431502573765266
1.7088105709188273,1.1083491591381125
1.460252725118329,0.9905975869844171
1.8106045587029123,1.3773396159254927
0.35522598950799855,0.593049787452723
0.26044327495675434,0.4743961298224046
-0.33763546632428604,0.050485866570932764
-2.116147282913805,-0.6795911755441144
-0.9960769328174974,-0.215585115444216
-0.7049355166487228,-0.11461996652180381
-0.8839847879091287,-0.3442258981763998
-1.2640452594934488,-0.5667600548208277
-1.6730143585212611,-0.6085607503566581
-2.2693619429372553,-0.78496167835566
-0.6951537690539603,-0.013780513472798704
-1.2239733808991966,-0.25160739432889767
-1.1210893737946597,-0.3338763357503653
-0.8605953685871335,-0.05997390321036124
-0.40725502753253356,0.04296843707212144
-0.926807520011957,0.06662617457396708
1.3831241001397665,0.7651909047547891
0.5033831695465082,0.44260192251746894
2.732914554834049,1.693134445181017
1.9438292168578641,1.280828166782637
2.127118510142921,1.3902844622269408
2.1960230092055193,1.4244367927747756
0.9725340930481965,0.789231712385699
1.346610394883819,0.9899046705232596
0.9624269820991949,0.7220198291285006
0.9084583722330759,0.6383067565125333
-0.1945170639714432,0.37195044071522
-1.426962053894296,-0.49104502836504504
-0.32262485164640986,0.10187442722014058
-0.9719197902502441,-0.32289808161602307
0.09917655101553757,0.6151221945789461
-0.0942242252136915,0.20253016939430177
-0.7075594078458869,-0.19165581282410063
-0.6959113787507993,0.00817152562310796
0.009342804053918186,0.31736200380489477
-1.2877850569236802,-0.38387297254162245
0.4991557833901137,0.6289649287743957
-0.71932871510672,-0.11995805413899499
-1.992036156776908,-0.7245533272331819
-1.2207021537774416,-0.393877461009413
0.07814419665267769,0.40307604818981485
-0.09117532643328578,0.36428688169217405
-0.8979951349880082,-0.1251560102148933
1.7236098100379886,1.1889712154946226
1.5688454493737907,1.1674103828611475
0.7521606461666895,0.6546450526196496
-0.819417622332504,-0.06823909135776725
0.18539368798492784,0.4539231433240481
0.9243069963589926,0.7572253670804063
-0.27106700435240916,0.08221323661474966
-1.8989298669800758,-0.5771733504528286
0.01196094454775376,0.4141972599742555
-0.3336934456321544,0.22576289621159373
-1.7782335421623894,-0.5069396815721061
-1.0399034934678595,-0.12766533790381418
0.336924201855595,0.5827845740501025
1.2625316753070899,0.9763005928976858
-0.8426012621064475,-0.18032425625160306
-0.7462434771121016,-0.2103221143927259
1.772837377943056,1.1912458309457328
0.5664140924330217,0.6067016210810943
0.37175513027170903,0.523230768729301
-1.4114587446047588,-0.6684010901961311
-0.08555336465762964,0.19223273368376043
-0.6128480136879235,0.14147827670802887
-0.7391006333384547,-0.13095691907542945
0.14220583428436717,0.3783550060495859
0.24997334775889352,0.4165228488183867
1.237411672496247,0.8026011474258387
-0.43314530305307164,0.0959995224301037
0.061958035836420844,0.17335126202803428
-0.31175701657194604,0.13119183788451405
-1.6776747432550008,-0.666557572457822
-0.24816631974301673,0.23060472459580464
2.189167979337775,1.454177192367517
2.1936535211963264,1.4512330244114584
2.753165381004159,1.5896044728547878
0.14414242787875464,0.3004073095937445
0.37421053396825166,0.6981742712981261
-0.7378608449490317,-0.13522311108277518
0.25132824180236124,0.6210097994389637
-1.329433931228414,-0.3509968362959969
-1.455276917680565,-0.5420318490815991
-1.3709558431114135,-0.2860730534188718
0.3845703991236469,0.3576681988961373
1.5927862252645628,1.181544860984087
1.4012377601103787,0.9431480630467319
1.3135872686731294,1.0778792949927558
0.7967062013675775,0.6618417714748209
0.35694600748652644,0.5368134439986623
0.1076117262094172,0.2593619514376063
0.441280486916659,0.3712341651726804
0.9451357230511223,0.7327026357929303
-0.3854714651393971,-0.07833549710090146
-0.3204400929231433,0.09555292578281913
0.9643278098587567,0.8438340280330947
0.36868134560741495,0.42697674835446037
1.4820894602493615,1.0275301802066072
0.4956262328637916,0.4519824459794547
-0.8815730655764551,-0.11147072089554623
0.4174558757516875,0.4511979112842034
0.8945929024785881,0.8448939745734712
0.7315774686250777,0.562756396113631
-0.7379828253977759,-0.12719905058553055
-1.8928849853255216,-0.4289158886530301
-2.4338097596589723,-1.0258607412356147
-1.3895891984597006,-0.2164191695662744
-1.2933331137170536,-0.3425918278678796
-1.6894238553727985,-0.45812970503963346
1.305837171173949,0.8750279336938839
0.989249784756644,0.6621870194086973
1.4790518990547261,1.1727256323075217
1.4848574864594821,1.1684375501425144
3.1389145708168815,1.8068995786233741
2.690527848863021,1.634255963616049
1.2426078140701389,0.830084953542473
1.74574617115681,1.086229137363278
1.5052583052261537,0.8614390389576417
0.049521310009705055,0.1975174387003909
-0.5863591791538738,0.004868859317017932
0.39893999318088813,0.45120800596466815
0.3738758137701795,0.5245118404135214
-0.6509187541331579,-0.08457479505584595
2.0432271609973256,1.4774194999958046
0.6913259025997704,0.5154141748179442
0.38823463048623663,0.642776171611665
-1.779124879323963,-0.5028883349441962
-1.222871083193207,-0.3366229991670494
-1.1523558087402521,-0.28763464415437495
-1.2155889195660523,-0.2705199429727398
-0.09276319386896503,0.18906313288119866
0.8117840067977552,0.697279737454083
1.1303967960549217,0.955711372188464
0.39633230977367684,0.49256558649505117
-2.0148574579699057,-0.6519904852777106
-1.086624309227146,-0.11582784010083674
-0.9673396804497378,-0.3457444521463807
0.21465961192545868,0.18027411763331372
0.3802496804497305,0.5222284428843124
-1.3000999680858811,-0.36075490432475654
-2.7949218518313743,-1.098076067533483
-2.596520530066316,-0.8839461403067242
0.33427181044023313,0.5075802470747388
1.638476124288338,0.9498852181778996
-0.7120107152463289,-0.09551390582378452
-0.8682865855099255,-0.07532074300850293
-0.43037558585478536,0.21092760980088254
-0.7526744701599482,-0.005574197653287094
1.3646662216047512,0.8669758803794945
-1.166720937640811,-0.3463775746729527
0.3546692734469601,0.5860487806674349
-0.479028668852947,-0.0765502395168281
-1.1893559988267035,-0.26610521680016963
-0.017676626728079348,0.3050072254754888
-0.044908363989253734,0.2731624136321266
0.051854631771453864,0.3733143753614989
0.20141776572665038,0.423328367805111
2.3479972113958976,1.3829082808004953
1.400644637977307,0.957789074930068
1.5470629806773541,1.1516706060405635
1.807414470053018,1.3950254430488453
1.0795455864610088,0.8784787180777325
0.4979731615924566,0.4831574949611186
0.7912869094115287,0.5572482932808961
1.3193069485753548,1.0082096795760074
0.07456411730579648,0.35380481732211777
-0.3243843290082965,0.28987026131566757
0.35059115646452355,0.455475820855757
-0.2573587425037374,-0.040547501709693096
-1.2923069975010004,-0.3159273116559461
-1.3776855619497312,-0.45135162537898843
-1.8784554875134578,-0.6061281145290143
-2.749299242154861,-1.0763150572858795
-2.3565443465439038,-0.9096224517033067
0.3227529489973102,0.4342477372080926
1.1644543566012269,0.7934088736194801
2.5445346851681974,1.620341052467027
1.1036640768853194,0.8374796297525801
1.847462949996646,1.3892546533387584
2.9200453326355116,1.7421800343982339
1.262384431209663,0.9600738912450787
0.659288449211882,0.5851812514802479
-0.5350270914570344,0.014845470124014926
-0.2862524517957735,0.11356610297714491
-0.3279496109649497,-0.016241227235923084
-0.8441188178934005,-0.20885079466118478
-0.013122388708059596,0.3784306473207088
1.0413761319813863,0.7388393898435286
1.0943560295482673,0.9313680940143879
-0.8855066089667891,-0.21387553579187846
1.1527663455921058,0.8030242819724912
1.0156280506644686,0.9503253051983082
0.4579160103408765,0.5733894562596725
0.5673350372524407,0.4288274873133032
1.2874077453450248,0.9107236716061285
2.5190565206853854,1.5447934180961744
0.2007844612323414,0.49370826431393317
-0.7636616691767473,0.030759750455036483
-0.7169592807961307,-0.11160868425145617
-0.7954373498312768,-0.05274215894919881
-1.230525538441988,-0.39453708862136994
-1.5673229124357628,-0.538363628388693
-1.7087330723393555,-0.36503242545901976
0.3897743881193736,0.560363225393185
0.3222796939616173,0.49752574752747514
0.7485701408545211,0.4870097211215221
-0.3831135569308599,0.046988568685595686
-0.5240786901862016,0.10067494168793605
-0.7873674721256458,0.11908994154880057
-1.0534324551880956,-0.28919954464264236
-0.9894597389638732,-0.2960353092455552
-0.42490358742389356,0.12375269176052742
-0.4947686906482429,-0.0934843941169887
0.710197562187111,0.7344058636026938
1.5012851737601083,1.0464328307674677
1.963157521085316,1.2360840439143352
0.0038476378787843935,0.3514077711698079
1.343668934134046,1.10359326932073
0.9845214674154628,0.8002856846701666
2.293389214388446,1.3750199839792936
-0.03225824315545611,0.36836571627306924
1.7076717512551673,1.0693092482757351
0.7948246472393506,0.7818363713300898
0.9135592537791453,0.9238406010900289
0.6957949007676778,0.767559494787765
-0.0400966129213427,0.3376198968893983
1.206783387626902,0.7427106507168673
-0.6538570268333541,-0.05945816302286768
-0.41741776282012283,0.10448686979505233
0.38686451016714113,0.4557745145289709
