0.6431754641390567,0.8435259868272285
1.2251581001364809,1.0020771117355571
1.509460021094328,1.1172624938999134
2.3515923228549385,1.3036132935015747
2.6793107852131213,1.627890360614836
0.4442348364012014,0.5099536065058661
-0.9778272546384856,-0.2132988143794865
-1.03806200129892,-0.04963750758725244
0.770710387253926,0.9166414645383819
0.6089883958131341,0.5464327830816358
-1.5416500418821777,-0.33770860899435795
-2.1176329409302372,-0.7688872343363587
-0.8063451982714334,-0.08130099685016266
-0.9490402352283005,-0.16907548829412788
-0.2241072486323612,0.15112103605946708
-0.07957896651267368,0.1939091162345723
0.7758208466063273,0.8916904975617242
1.1437224398295387,0.8184302449919226
0.6698639117088298,0.7516676327073237
0.4420170767411401,0.3236383889551352
-1.651438052565422,-0.4543313396506263
-1.586272578767443,-0.6649103526972363
-0.6425663858902703,-0.015602537427273973
-0.7980604436818768,-0.1265308560285698
-0.2549027912271982,-0.00979430848231888
-0.9337506535877338,-0.16879647858549693
-1.5473487657495308,-0.40141039764461905
-2.912040391933018,-1.1599509997262636
0.08727932372927638,0.2290680147319047
-1.539000287086841,-0.33341868420316345
-0.580312807630107,-0.042142243839343264
1.311137810603276,0.9542425272149393
-0.0030996217176271212,0.2060968272704145
0.40366020965832144,0.46689681486726553
0.8129003906966359,0.6602786310894626
-0.543147490377309,0.06667816344690344
1.5317457414053006,1.063852446247121
1.8098371405985367,1.1234886177411776
0.19166584133594178,0.40552268459982543
-0.2969353394572216,0.25293070926300737
0.5273340931406978,0.625591702688931
2.456887647570352,1.4185194737840785
0.9119422116940058,0.7019682294806082
1.922416759357314,1.1248705671961234
1.4191884684186438,1.0149031441718435
-0.09051553376167043,0.3029716113576506
-0.3890950907598615,0.06282268705358178
-3.1842295806906495,-1.211769158240801
-0.18389230808212598,0.35892271955801824
-0.38927067548144834,0.1150504310796846
1.2428252623033613,0.9293999874100058
0.12071663141721056,0.4764505525155658
0.9064813715013057,0.7246352228708851
2.427439103298994,1.470364121326562
0.26162184039020997,0.5199618389877522
-0.32265789471786244,0.2312875202937542
1.4590885327567613,1.1606181664324646
0.38638119786197456,0.6045256374451093
0.4872439576915709,0.6039807179363826
2.307235263408415,1.5237166720164896
2.467509858306057,1.5236610432272146
0.5694496157409595,0.590455239092855
-0.7267586304680975,-0.07276334037359204
0.17134313268546297,0.4619330500515163
1.9699898283417456,1.2480606323129249
1.4684608461122044,1.0574031438614144
-0.46297659630280397,-0.04923125677240095
-0.35616807075610885,0.10828741659275823
0.4099388408532772,0.36503329599882006
-0.370132681039981,0.18537713611626647
-1.0190195249076404,-0.20718262334528995
-0.958621781437967,-0.1329470196550973
-0.33356989842154167,-0.08236000085036499
-0.57765805680618,-0.13931837576961126
-0.03562596772342119,0.15125971708093586
0.22617377885737847,0.24578302383608153
-0.6694413234564329,-0.1437719929401839
-1.7594560463140598,-0.43174365047697405
0.9224183221147351,0.6641786891189135
0.26879213389551326,0.47450778937116866
1.5024802804959096,1.089756447884901
1.6060017206273454,1.179240168587965
-0.5168930619018102,0.1980593896258336
-1.1752419372376366,-0.37873133613095666
-1.6171062521697601,-0.4283207598797728
-0.3243962343389897,0.1377734115772803
-0.8970508004789142,-0.1610652138516011
-0.9255485898663603,-0.040471424437351494
-2.7152114515536456,-1.0953499904039221
-0.5408409290747423,0.02608737654035924
-0.18322041296995156,0.27224518524417074
-0.3406835979132661,0.21581937133984902
0.8663709261503021,0.7238315998835264
1.1784949331941386,0.9173060684559557
1.6607154200188483,1.0953258536995234
1.5883656875127778,1.0482237024397076
0.996042470245254,1.0566806966985958
0.7026025104280267,0.7883439102492265
1.0841750176983582,0.9637476822435452
0.8329951699788498,0.7501413640875858
1.4258517028538562,1.1513495057464203
0.6861449766819727,0.6747426367148889
0.49398862674886845,0.442024834931372
-0.4409853582247207,0.03157658901940513
0.9137807130424025,0.6734006833091966
1.2376616744831501,0.9299937801268737
1.3107051151904554,1.0276913260976284
-0.8079022063769095,-0.17832303863205884
-1.4799094280658065,-0.32654665535796107
0.4517245723437743,0.45335511859176403
-2.039200542938549,-0.5540738061238983
-1.6510438025865906,-0.5120032235103713
0.3094268324997693,0.36024176019945625
1.3808514795009066,0.9912033977787079
0.8081561128781889,0.46888541413721585
-0.09123531840574783,0.33988121454687475
-0.4901899747815449,0.16184761077553145
-2.2848872396070368,-0.7207725980714665
-0.5550862907238845,-0.041174541372849885
-1.2100795653814935,-0.24905422345314532
-1.0773960690483837,-0.1856707584761181
-2.4446269073680797,-0.7829105856602807
-1.1770479396955233,-0.3040904994091574
-0.5279283058737579,0.07785741452409062
-0.6977185013263756,-0.000448540189772223
0.22428413749107612,0.46361856168994264
1.2219186783066898,0.7940801920775091
3.1740051713807595,1.965836583223818
0.9265587291646501,0.6836032946055954
2.4983310991225007,1.4227543003767118
1.1595341313348932,0.849342998616414
1.2203942250660074,1.0381787414968235
0.6023545535723474,0.7558377747187165
1.1470523354767037,0.8252070867008424
-0.5180438950473678,-0.007461780642653723
-1.470884845694095,-0.5451860409478139
-1.765015335321117,-0.5758846021794972
1.2617952347889174,0.9190414090592369
0.7022639173659915,0.5152190401202092
1.6698630200255364,1.2026660976773251
2.0344076750626465,1.350163060228976
1.7587094512257555,1.1572050949577415
0.23169081471752295,0.41761586233051595
0.6842384908608654,0.5678439399944668
1.5387953688956233,1.2232597810049213
2.45369646312142,1.5079926981607654
1.6210758474938347,1.03003452287856
1.3567875779240275,0.8092926555336131
1.292990315296323,0.9583708148528148
0.4949417172842483,0.48329068453020296
2.1613058288912725,1.45004547123529
1.178158652207125,0.9499375645453237
0.0727767191586901,0.40333260503498614
-1.0379157205903764,-0.1711356227365333
-0.5629576169631094,0.18532988168910214
-0.8945734661128087,-0.1587053911055918
-1.5112084708655755,-0.48292805774180314
-1.90488241546092,-0.7569296067733707
-1.10441082827441,-0.34916051490853117
0.05793429090431801,0.37092649963679303
-0.7310010407562223,-0.027927816247110347
0.9370865225872276,0.7261875182083236
-0.6829497594294321,0.02047264578882746
-0.7455324315819399,-0.18485569541768437
-2.019381058846547,-0.7834661934104278
-0.8252095220558473,-0.1404071869548613
-0.6703816703903804,-0.13903850709571802
1.0303570436549263,0.6692961907197734
1.431509795673994,0.9691025456375968
0.6851422167055657,0.5781694194904408
-0.3503914071369373,0.07220631497784184
-2.1105179340757183,-0.8115311715924814
1.690648637190854,0.8753544034153105
1.0795900863821362,0.9030775103647646
-0.2995943502388537,0.12629608509671572
-1.6177885436791237,-0.5477510473096531
-0.4343377306008719,0.012841604525469091
0.5032806676413111,0.4181510153742417
-0.2343479177677707,0.2689968550158792
-0.9391749131547644,-0.18224808343255292
-1.0968157182268632,-0.43245738075181983
-1.8745871496510182,-0.6715161073704196
-0.5981056778299312,-0.10079047132573354
-0.02574576841576781,0.3323863500167872
0.8989228084944068,0.8327142417169358
1.2505604351621447,0.930690097485953
2.767453267844553,1.593180961852696
2.33461160475333,1.5111870139394787
1.3259763216948042,1.0483135642107264
2.777300179626558,1.8834085183434581
1.8424879349204641,1.2362649972988966
0.6722257015446396,0.8829246789513903
-0.23610476622698562,0.1131325025268148
-0.5679376921036502,0.011118691885169757
-1.889403554649752,-0.7384888738013734
-2.0344352842214226,-0.7165450357497835
-0.3950248519170284,0.14037908074669603
-0.0851331892967514,0.1921556828438521
0.8709100876607401,0.5618219564725874
-0.42050653470432875,0.009452657362212347
0.009615257957399148,0.4388889553982759
0.39807493442799224,0.384009739752297
1.2398035326466,0.9171173174124632
0.26530969261997694,0.40258950490425943
2.3413378449392925,1.6340167742180867
1.539869991865288,1.1213441113191118
1.1182191386128517,0.771313213369948
0.8652169587481537,0.7197540726671102
1.2345761175086731,0.9352877407363951
2.0521161862249437,1.4829353944644352
4.861274837189756,2.672795283964386
0.9201361694196857,0.7377261139654917
2.513305465687269,1.6319922717273951
0.08858578217636026,0.5023188759871114
0.29725958709433353,0.4258866289501115
0.08108886657607611,0.5411283592408388
1.7974275442108087,1.3202591085520692
1.2278876957458529,0.7751834145025891
1.158883386418188,0.7423479901441451
0.8701151835947217,0.6824801247140975
-0.44814466078046034,0.006179860901360093
-0.03373623633900569,0.4761096568735318
1.0359541890880173,0.8659990127700621
1.4760671992839058,0.9705216608455449
1.1974338771590993,0.8244451196226015
0.7771258680130253,0.6243350902702083
0.9303902297883841,0.713237163386273
1.583837719843367,1.0106707723554194
1.1979746838964518,0.9501353431261326
2.09823816733354,1.224628059202926
1.1561995683582975,0.8623187592869004
1.3718302926678754,1.0102126045283548
0.8267989349276212,0.7323332331416532
0.021061277462597117,0.2280409131114256
0.8179050017891355,0.7370094217158066
1.1344215830663513,0.7709630669907069
0.3679762440454675,0.5149298121147361
-0.23019330172609292,0.11228416119421496
-1.048685193336063,-0.20934123446240052
-1.8012981361646543,-0.8251707972295492
-1.2803964549125972,-0.21605838149614487
-1.5925939823740678,-0.5162651459065187
-0.4642187735391704,0.1695399558746002
-0.13135031901200656,0.18533579955301807
0.5111504639915138,0.5795023503296359
-0.8229519574659397,-0.10277912559163349
0.4264320468134317,0.5024691259793634
-0.12128501638293132,0.08504318305116268
-0.3570371745222397,-0.014908388608927459
-0.29598485345664577,0.401819670929324
-1.0303101959893926,-0.18111887422926815
-0.6550029874976496,0.0759895695132228
-0.4221769814472404,-0.007418063021317617
-1.4873363142888412,-0.42787034745683306
-2.2760697108910835,-0.896126262576661
-2.5024078120865325,-0.9275251900188991
-2.819283867592162,-1.2735883564917398
-1.1044809996394118,-0.15937708225804845
1.3838897076841887,0.8837700183773662
0.3828715330685942,0.5945939254107893
0.22661999526934826,0.3466838481098181
0.7215582014212466,0.3877126527308565
-0.023986850662868653,0.1852218617128724
0.9164827115847008,0.8139681498617676
3.3664858121292935,1.8819975380449336
1.9744595471349626,1.2506108962422848
1.0669922413335038,0.8187502098263905
2.1950137051568577,1.3755953993013785
0.19625563339496632,0.40560647703524977
-0.2672772682255793,0.07401407006317226
-1.6860684873248255,-0.46439957350792915
-1.0187840096754575,-0.1973484718765003
-2.180386657694765,-0.8186693490806999
-1.342944480093873,-0.4046804838099842
0.2823519757097015,0.6418411171259386
0.9344380193653578,0.5072737492645757
1.6652320118973873,1.426442492966513
1.885669338206427,1.3910071255584917
2.1539866978249984,1.3848216663245538
0.7879233795102282,0.7935200618050358
-0.2616907869750773,0.2853223672978531
-0.20376782641171204,0.22553592473881026
-2.288066475584422,-1.0576386068648842
-1.7956711120073396,-0.6825607763172715
-2.6825621592017113,-0.8904217506174198
-0.012807159208700902,0.3582061667256127
0.21470673383871436,0.41785191433963204
-2.0043302751522845,-0.5073952680946832
-0.5839547055533926,0.13394395052082808
-1.4941683970869,-0.5545149466420808
-1.8670131431709507,-0.7718424434197417
-2.128103236330221,-0.7003723492632409
-1.2418754374445786,-0.44799869806869674
-0.005435834600487244,0.31817509589712895
0.2358492065089866,0.462467558928794
0.8014353367105327,0.6803281384093145
1.0571790738314593,0.8542497880974346
1.0097474928709582,0.7157054070363804
0.9207809939560953,0.7698865988795025
0.08267228380513092,0.36734706107288984
0.696482245404773,0.6690035658644422
1.0159520411349052,0.7028737519218384
-0.0693170892430659,0.1828588049410665
-0.8263885891489451,-0.12839136304009813
-0.5791619822907771,0.1400274979851602
-1.5190394303807202,-0.6300707949189667
-0.5860273575422319,0.011834390705442073
-1.7128633879923936,-0.4595271795801383
-2.0032407791020312,-0.6694423840104569
-0.38547104306236635,0.23121149559829818
0.4321314436656144,0.6859602134555625
-0.0893682676178193,0.4449280391964424
-0.18820872334561178,0.24808826379596316
1.2893255212584342,1.0671448606389198
1.5872882704815938,1.0770696263751083
2.0685230953986538,1.3547672112760822
-0.1311455090880469,0.37360659781342204
0.5028731978500725,0.5071675685592301
0.5116400634770656,0.568619314577375
0.7556862995590655,0.6608443862377126
-0.8525971403226463,0.009403739421294327
-0.08158613077824994,0.0046030078686198905
0.09157413655742813,0.3957817583773008
0.09111274130810722,0.28891998290244186
-0.773480938793,-0.0259157044108818
-0.8755113912287102,-0.1661851520251798
-0.37219025574590797,0.11191967377248961
-0.711556961521949,0.0551136794123606
0.8242832026489227,0.5935038754311558
-2.7849639898432716,-0.9571512056703803
-1.7214461828013508,-0.47358371246235664
-0.6275352881691578,0.11458063147915037
-1.107639347450624,-0.39027316121307737
-0.2908015388408114,0.21008781507727575
0.9708599859377538,0.7179261599581482
1.3550319728150995,0.9700559508017533
0.2520726265964498,0.6077266129858401
-0.7655882287551738,-0.12994034476426886
-2.106990852866699,-0.7638540119163898
0.04350673407989869,0.23225408145835608
0.05441922952555907,0.40337987497341
-0.502702598733813,0.12374049248741169
0.39350818141355354,0.4322316668036605
1.6785207748524165,1.3150883242030225
0.3563204105287767,0.45038682093960575
1.1830289360469375,1.0110652527076756
1.8847632253333004,1.368789943082153
0.6059900297822012,0.6408912722025508
-0.5004426319704528,0.011352967075246773
0.145357719289114,0.31366879493464145
-1.1724221890252022,-0.20208345503896302
-0.26849602254513394,0.2529347803879361
-0.5043484653690102,0.1388227280897446
0.581332366384419,0.4708641645226005
0.13295494888644932,0.4341850687392369
1.6379203946155727,1.0157817512129583
0.1013727370446249,0.4134423985002081
0.25276063815450567,0.44061665218936724
0.3647516569666423,0.33514786645770694
2.644806951580591,1.625289866001161
2.1257221635211536,1.3244936324387495
1.8326563295851914,1.2823348039140816
1.9180961424017986,1.2435290935212397
1.4821008716955668,1.0391796183457407
1.1139439233925563,0.9821668893927553
1.198805811792615,0.7905167146727616
1.2019706391231044,0.8124586761947287
1.3136778586138913,0.9158060353031299
0.46418976994694056,0.4987276207950385
-0.2410998898055262,0.23632362538934082
-2.622739383820219,-1.0447850594281534
-2.5601725241016404,-0.9389933751558962
-0.8305928149102642,-0.0413696197496632
-0.6473251685993239,-0.08102125811194962
-0.44807928861975743,0.16223764192178364
0.06548961076338583,0.24952135231989592
-0.797544207571792,-0.12382124967787504
-0.738853499122667,-0.04593119092511638
-1.700404635413685,-0.4871789365161845
-0.5075654623760169,0.1036734955503966
-0.4539336234955415,0.08745982981582308
-1.8990675431673916,-0.6559448411359727
-1.5083556489122127,-0.48203705376569506
-0.3968320869571531,0.06547009330701106
-1.2024456840337672,-0.35403604665308314
-0.6568741967945809,-0.06574376872083712
0.3674464734680969,0.6069411273521225
0.03749328762737997,0.32628331035243796
-0.7431874878038951,-0.0766345829982064
0.7343990886288496,0.8361139299504945
1.4370152523197786,0.9945493219673699
0.4236960708683053,0.664831891609577
0.06806975022004613,0.3310494879615948
1.438663228959544,1.0540190550214525
1.328412662029422,1.0313723302523339
0.8122950024871658,0.8365226798915192
1.6307880250768494,0.9819938041347832
-0.6302721329191192,0.12372536086839639
-0.5698850746497864,0.04159598742832016
0.7256465455493049,0.6829740515136876
-0.685796067943164,-0.10126660621431169
-2.527080122738016,-0.9393172825666241
-2.7032531539992295,-0.9491333257517943
-1.3325690921296283,-0.41311247073785146
-2.373342092883211,-0.8514878040577625
-1.9050610425614878,-0.5455092183143386
-1.0511635819569083,-0.2286543309911262
-1.0926711681344212,-0.3317054775382381
-0.9318891599321834,-0.06899488213000007
0.07835499503012178,0.3612704788919442
1.1249759605860357,0.946415083076537
-0.3961232787815905,-0.09486340756307923
-0.5862777580321987,0.1586511307705039
-0.4644534993144428,0.17337315714622428
-1.7920488544496989,-0.5400364431055065
-0.28307690634198335,0.09292806854180896
-0.777934631263216,-0.13599481987685813
0.2855239911342303,0.5702150153687444
0.6346202925186937,0.6166050193347358
0.7260724919586787,0.7145530953792354
-0.3598531976199729,-0.07320381088791625
0.5219661255605403,0.5283765049156862
0.6111214985467699,0.7622056154285568
0.3984141062489746,0.4449840119953164
0.6654325417097019,0.6762470645368287
0.611208305369226,0.6791831544197598
0.3396184688881462,0.4126155161366335
-1.5976406896080086,-0.47771901346807394
-0.7926876648447452,-0.19910950816051948
-0.4579193211950154,0.04341359648561987
-0.3767083805609341,-0.030682294171624325
-1.0667760754943922,-0.36595557843588566
-2.0099286207568006,-0.559696521529981
-3.1776638547434812,-1.290359240260487
-2.458465167656984,-0.803486551450982
-1.2434257213143878,-0.3291228484906997
-0.6031008784625933,-0.12579836191704546
0.543555194627879,0.7175422681879491
1.228157420656456,0.7898252645429953
1.0730635235023698,0.7532888903266207
0.02676622988551347,0.3888679150315425
-0.1541353788026067,0.1366192798996356
-2.025713822428331,-0.8350842736518894
-3.265248344927638,-1.4056560040977575
-1.2275808565013437,-0.3047062087048255
0.15089938792594837,0.24961670215077467
-0.6947356890076287,-0.07575952897514565
-0.8803335918862822,-0.06772517083599067
-0.13698963570402722,0.29312193272998477
-0.1622537136851176,0.11997147940431932
0.49644566314065863,0.28586365742678804
0.7983578541095401,0.8504915495417489
0.0657926525574476,0.2704597402827821
-0.7036471419493648,0.11450164615074784
-2.1071823054366874,-0.6898527854172207
-2.3414685745695794,-0.9147332315327166
-0.0677320860051791,0.14540818990939003
-1.4687883963487172,-0.3575605632734292
-2.588183212327884,-1.1062201698673755
-0.7293921006546642,-0.19573567333600972
-0.6101795968769641,0.157013741463344
1.3269624273952862,1.0112314368975341
1.7239528953003673,1.0580523692439716
0.2932554101173397,0.4381635396563761
-0.07435938740061937,0.3365437851731253
-0.60763837500261,0.0463685392910331
0.6543076492026926,0.49973535769674343
1.3313634280357505,0.9048752927957375
-0.19458077314043631,0.3508895321847305
-0.6302353206376807,-0.14234294258108535
-0.07947023769218503,0.069972447465081
-1.0050367226356351,-0.17385243807327905
-1.703244239113424,-0.6406375937707064
-0.07745514506332385,0.1675675083490913
0.8012013164610321,0.5522660094923991
1.014572781767247,0.7302186951778676
-0.04605390433128631,0.10456300213896894
1.6275738422931054,1.0746655001065804
-0.5213252981982366,0.0027177893372190357
0.012608992530372731,0.2673578719919354
-0.6207457485031824,-0.08619087584613247
-2.243203713701763,-0.7974374729276381
-2.1756017947492783,-0.8660854588370924
-1.4561082381239265,-0.34956438070796947
-0.08017121791327575,0.46426863939969854
-1.382067343954563,-0.032170578812252104
-2.7393164969827706,-0.8791127448463167
-1.0798403908574747,-0.298000607534622
-0.3955148772866879,0.1427016867725971
-0.552238511379546,0.10734228762843145
-0.690912486836344,-0.049987525149885186
-1.1636784931301234,-0.23355409281200767
0.9066402954046382,0.7189697920016768
1.6644011394829745,1.0704556783257784
3.841597099879162,2.4324492505106097
0.9851261901819546,0.984139627389507
0.12407370126200923,0.4461217635795923
1.1541391720695664,0.6930824382096266
-0.04379509856740027,0.15459395350357236
-1.0736317984145458,-0.31877015821522886
-0.3243415930190726,0.21954785257792608
0.6174362142757855,0.7103243030249158
0.662288660214322,0.5407513775010152
1.8426679527019454,1.2729455922761572
0.030600892470525,0.3242596297748725
-0.2554049834480187,0.22592494255753526
0.9862527472426834,0.8260883499168017
0.5807842325615271,0.5785133705573288
1.5260744181867454,0.9802993182523738
1.6979496426558476,1.167250028931731
1.4818897283108945,1.0287128811607438
1.2762065168075747,0.8987435151306855
0.25466736339900886,0.45473107230406834
0.0621113242105463,0.26474759312387497
0.027669021218260946,0.47488624055970075
-0.6979554588666032,-0.13866297901320357
-1.7202405361119013,-0.6650371859473618
0.5220050267145873,0.47157316506541214
-1.7980183911004137,-0.41461907555521377
-1.506240764585485,-0.431464969310598
-2.544865214237679,-1.004278775537655
-1.7527411234712775,-0.532942655595488
-1.3093278724754636,-0.29160445040983046
-0.4990203458291387,-0.039211101018742714
0.9683448157098724,0.7081760141954067
0.6498860679427131,0.7603527531292893
0.3986368326346991,0.4503391735839066
0.07236494943042299,0.3506681262958692
1.4867743680041283,0.9416122954299179
1.2082123138293568,0.87509742626781
0.9035255865488194,0.7679675158142494
-0.851376084935873,0.04396035634943182
0.395651818067977,0.6679490934780062
1.2527378072573274,1.0174227023756353
2.5791254763859164,1.6322716209316885
0.7631478481503293,0.6133760863093747
-0.4699988879521695,0.13433642757844821
0.8974217101418713,0.7279640358582057
0.7883316136381473,0.7164525123848634
0.3615072036841117,0.43851101178509316
-0.35974785410062254,0.2022755506914121
-0.9628462842008152,-0.13070089523601325
0.04154361650254246,0.19882703037250088
0.7593527311268671,0.6966076735548882
2.5514577216992036,1.5281827820817098
1.712570945097318,1.153920424723611
1.815082330223301,1.180995487536721
0.8134796401869626,0.6515698888857192
1.7963744821810992,1.243060416059132
0.9391275878492656,0.8166275788478204
0.9722299073634659,0.9066028838174808
0.0146362082432413,0.4186036548433823
1.9668136815057222,1.3177157839143225
-0.24039027090301657,0.020652571427590194
-2.0843448830549103,-0.7419212969133181
-0.5911655245316653,0.13810041220192312
1.1404597042335687,0.894501906567841
-0.3502542521141627,0.09894835280329495
-0.26249026226424066,0.1714444766007026
0.07980800100012653,0.3278877439077883
-1.7434024860866286,-0.46140172552291
-0.21266169478306063,-0.06651637318593573
-2.155856626245028,-0.7721011405005374
-0.9329925877307239,-0.13494644175236026
-1.4832878970749581,-0.5855433523460475
-0.7684021631552116,-0.05669724513313369
-0.5449356321552123,-0.29159087608346806
-1.1656096147984902,-0.3309349317083912
-0.2458877763784736,0.21026895860128608
0.0033567943031606595,0.3206069611186705
0.37610150925342495,0.4810974698708606
-1.1502475358426023,-0.16897849249729074
-0.16981711238067976,0.15051391374659817
0.12284506646561638,0.33739427595484206
-1.069496971067955,-0.3201925791303196
-2.4156905361761862,-0.7692914138702376
-1.8321341835409162,-0.6069823193020528
-1.8167374204283027,-0.5115987665361598
0.14562041130621806,0.43506316240304366
-0.05869884209773435,0.3094781712634288
-0.6393599272139132,0.1444300963360327
-1.8803766154176493,-0.780528397190419
-0.07107408431662421,0.20217302826971212
-1.2244268026693046,-0.3543280049144076
-0.7093723854241962,0.04778321947090815
0.13948780414628148,0.4127464472191371
-0.43751292704104505,0.002368495048392552
-1.2844884339608922,-0.34113713212722646
-0.28128828539981277,0.12664861474416883
-1.7673117507068188,-0.6702650575588485
-2.8173228457882202,-1.0848296949794196
-0.5650956174442543,0.19944489743979826
-1.4046858748233553,-0.5703652189247685
-0.03778168198732157,0.3187042514140774
-1.241838420949918,-0.39062365719473796
-1.8329817955906895,-0.5869827331427147
-0.7444073949302965,-0.12350994554051609
0.11102440246509215,0.4130907701467766
0.8717244270863234,0.6085575952425353
-0.5917920548297939,0.0037400036702491687
-0.34547641239290655,0.2093401633419473
-2.294059650587541,-0.7935380122775758
-1.192936452308042,-0.2681302304007233
-1.6550362264592113,-0.5743014764253103
-3.048246493998321,-1.1888356921532266
-1.3557776192993107,-0.2977988495802266
-0.8896840836681283,-0.2513192675498113
-1.4102867910301922,-0.37923696913115496
-1.7093762782065542,-0.6246387829580888
-2.5120744340932646,-1.11782960828057
-1.5298994936850296,-0.4723482903330334
-0.6982892366791524,-0.17179603223388615
0.0436439822423661,0.21739995507377138
-0.81918908530187,-0.21186046708728135
-0.19515181966383732,0.2066981686589291
-0.3601554000697252,0.18851956384434218
-0.0870327821683779,0.4324273104821762
0.5898010868260979,0.5250192075371183
1.9026855317378237,1.1374077717279842
1.3801824570781493,1.0227698417779445
1.5944192740204954,1.0380544322887078
1.1067867133908025,0.7814570576624195
-0.5369940479237307,0.0842474228108232
-1.683562522462248,-0.6381838431047411
-1.2381058607392925,-0.4487880845761805
-0.4128363971953783,0.19517523265768386
-0.5358336376576985,-0.02047809874010153
0.20566325238325078,0.519831499460687
-0.6521666975282816,0.0295703254816728
-0.8276830995658446,-0.15785758347406492
-1.187520498163017,-0.28522822411959015
-0.7044903653181371,-0.09195021964626279
-1.4928312561888792,-0.6372746127085519
-1.1692515940628152,-0.2386302428947678
-2.2507045704849746,-0.7077439082267647
0.18316860359103382,0.42355455806033215
0.3492638932244566,0.4059993405398261
3.1040761192183384,1.7186468205454806
1.3413355580596826,0.8814888125054773
1.0842498142051968,0.7125736158720399
0.9111495094353455,0.6874809503365777
-0.3610458252413262,0.028184709315147993
1.0084449996321516,0.8507521379839544
0.7124712274108426,0.6367495003463464
0.9392634269976832,0.6634190812142401
1.62770458599267,0.9579769626111216
1.8636908780735193,1.2835173218925648
0.8250313517894077,0.8141387250527157
1.2928803940944995,0.9597890073447308
0.8377923315059566,0.7453436893578338
0.4583392698058156,0.45515824681504613
0.8265282043636406,0.7217307187254683
1.345329672133385,1.1642311570302397
0.2848192385597972,0.5015168578421559
-1.5246199920316912,-0.4595102862307793
-1.3741655903256738,-0.3780228609402049
-1.4327443674300815,-0.39381250807120927
-2.084176514314753,-0.9127182783907478
-0.05919696271782571,0.3490212924659149
1.7307204148233868,0.953856011727426
-0.6517537506502542,-0.10332101384312549
-2.0279047211105237,-0.570121115152265
-3.0303023390485864,-1.4534665695412934
-2.618459286324634,-0.982035816012298
-0.7729195135453526,-0.20593015696847172
-2.081090248948221,-0.7201764416263092
-0.94112278041724,-0.11931562179478533
0.378873707180303,0.518657668182499
1.2587924903958239,0.7376879984429312
1.706028961775008,1.2590126292881363
1.5456876038811862,1.1976779338344534
2.148382058331849,1.2810958890002375
1.4949715519725577,1.1623384900365985
1.611365172902369,1.0570035353763192
1.0796283213000442,0.9307780497093959
0.5701400182386147,0.612565257968245
0.9106103665866735,0.5701196899895065
2.2976309562958654,1.4934082907335093
1.8786064986756639,1.327400670961257
1.4220815601507435,1.1316604310757317
-0.3533601235403131,0.17381548267813562
-1.1516037220288466,-0.2336328598478875
-3.014962399741861,-1.0811460989982211
-2.4378297710641395,-1.0314600215716396
-2.349029571965149,-0.7407249787069362
-0.4173462273516588,0.024778440826484352
-0.5135626007361943,-0.07420365608742277
-1.0701608482486358,-0.34652578297709713
-2.040893532037352,-0.8398833057711813
-2.18060709577569,-0.8929104727616057
-2.0409918449202142,-0.7940344061864975
-0.7742202450814062,0.10732598369043062
-0.44970014060006974,0.11608468696657925
-0.5952394945750014,-0.016452524401026583
0.6756883146426205,0.5583724004887679
-0.20872128907220688,0.16329197173575113
-1.0206020692828182,-0.315418198857739
-2.5920925017301837,-0.8991582410156185
-0.7132111673742161,-0.10784242481595793
-1.3022365496750092,-0.23509507137700184
-0.3430430065752308,-0.007168103279626831
0.10720291710125268,0.572496056756078
0.7527538408260476,0.5450545364179316
1.097792809616137,0.8035267692761614
-0.46838377278160503,-0.09698157962691206
-1.8687628320237908,-0.5510828221620044
-0.9539890528812339,-0.23810883060266294
-0.759129917100129,-0.1166923007996096
-0.8005145701538567,-0.07207667848021727
-0.7359503939590166,-0.008340454726651014
0.5775351516095389,0.4819098624486551
0.7018460123751167,0.5134265167690297
-0.25966602800585437,0.1950274444196427
-1.1901471288669838,-0.26810035393613796
-0.5100340659212694,-0.07009382478128738
-1.0532761756912474,-0.09420721845412769
-0.282813434062396,0.22351964207296648
-1.1377170250792337,-0.26282189230444003
-0.3801842476564424,0.23927364563927334
-0.9182291052770609,-0.14793379061025305
-2.3251391874262666,-0.9548803400902262
-2.3795480932623896,-0.7234390053934621
-0.6238262224305036,0.12574357472186284
-0.24365005024522618,0.325187918271695
-0.5917204427606737,0.11166688926231576
0.7961826647489543,0.7943266327955307
0.6318700202618409,0.5536542939066948
1.5692472348993434,1.1612421750675073
1.1290447369521155,0.8091669193167836
-1.1059448333174537,-0.31474618668592186
-1.7139372032594793,-0.5964911914471815
-2.953562313214324,-1.1928967427153652
-2.3950227786862115,-0.9143592352747154
-1.763822557917875,-0.5119845669570031
-1.373322219622699,-0.2889485684083322
0.23458218827205635,0.5140971120831903
0.4305475618488894,0.47281132009207266
1.0399269309398023,0.8588902992567793
-0.8033330103349313,0.07901648050031876
-0.2521703245068642,0.2447883708919712
1.6420718746606866,1.055289313991257
0.637566163375911,0.668704025085563
-0.2317626730698007,0.2453296177909277
-0.8822711466917237,-0.17281894487015118
-1.038615859856327,-0.3303346773173152
-0.7270066214228081,0.024760429858594446
-0.013071104951822954,0.1192053207339746
-1.254396988124251,-0.40623016770593207
0.43955378718883864,0.43223069359553296
-1.375371741224327,-0.20057300327084301
-1.9547062906368051,-0.913774865077134
-0.21609000170083015,0.2906765320892244
-1.4813811256902043,-0.532336975211787
-1.0552839787973285,-0.0971445439441471
-0.9965240701048924,-0.15996424367225232
-3.044019482318154,-1.1982977056266697
-0.6165239649887979,-0.06631555437743253
-3.375136078946095,-1.4292236391014728
0.33852927791852117,0.29136962777055575
-0.7331703751201815,-0.01536618454785392
-0.39277777644443923,0.12461944454239388
-0.18105005483665523,0.190007968600498
-1.2700115513505508,-0.2738248512167422
-1.6967155220865517,-0.5051627743220004
-0.26253868921604817,0.08308458519044687
-0.022624018145601776,0.22108861592213785
0.9139367930782288,0.8857040128165958
-0.0116109707664519,0.4101328901932167
2.002186138253862,1.3891578127274133
0.05340209414291874,0.1017200723224197
-0.5181361010267339,0.1685474002248058
-1.674670052952929,-0.45927104980082
-0.4461981849453972,0.08568647521611296
-1.049700329437734,-0.24271064058117534
-0.6660750524143563,-0.022666413840888383
-0.28382851935782505,0.23669315657823353
0.10102042774942632,0.2511343877951894
0.18285966473296522,0.5268774075876148
-0.8327970385084716,-0.24011536734107497
-1.1422036767808388,-0.24465845687593804
-2.4172569440548766,-0.9864086810731731
-1.4553873170019958,-0.36476486641395145
0.015559715859698953,0.2091114821463104
-0.3756374091965035,0.09984068278041883
-0.7531233883461566,-0.08613693308204025
-0.6439200735891266,0.06137675956372354
-0.3653928454032688,0.0755757340243668
-0.9982265024960375,-0.07401438959185835
1.021882156402123,0.8342634307250316
0.7599365314456275,0.6949659541008836
0.1371337224094502,0.3947317011266747
-0.5065245899819556,0.11776260218971832
-0.14764222418660683,0.34541497821443523
-0.73426568105156,-0.18421677132319902
-1.4980220818493661,-0.4601945043398015
-0.4508426691936567,0.25498730520120066
-1.4518931046236019,-0.5279843477478452
1.2212834868818807,0.9141038757563817
0.9056689879644741,0.8170280849759107
0.21059402515805126,0.4169809333351377
0.6598054004167789,0.6211542296550656
0.5868247406343843,0.6907142035240261
1.0146603503844782,0.7426424433324895
1.7971571362642198,1.172452959688269
0.13586261869150085,0.4343160060190596
-0.558911613092097,0.19153253272763598
-1.3162166902432317,-0.41261642652178676
-0.5382528526421828,0.061024656804289715
-2.5030038027196317,-1.03595045447509
-1.8641050105617438,-0.6710072690225345
-2.405972758434107,-0.9098332139613063
-1.5880480522985585,-0.493289832468169
-0.7088068462288907,-0.04450989227413766
-0.027432302651202667,0.24702179187417125
0.10273181462542033,0.4122774489834748
-0.3307452784301233,0.25778716530476653
0.48684002333834697,0.47005972886441444
1.0577861415992371,0.8417072006862143
-1.5125262043138075,-0.41927295117619995
0.13810931348147004,0.49449723607751783
1.1031079506880193,0.8827709317040346
0.4988062125565111,0.572778111666242
-0.38010682362907894,0.2204793979742816
-2.233597394207771,-0.9626776752826823
-0.341113061424304,0.1526407410915283
-0.43984642962250076,0.07144144823598696
0.40801034742489656,0.43793110136427016
0.3790188123273281,0.3146325586115083
0.6755592837336323,0.7604287876175787
1.38401695576697,0.9821987464875255
0.7308517379850623,0.665626636261142
0.33218196474859296,0.6013840202510252
1.4105356454271467,0.9199788634525787
0.03404680377673708,0.4028777385991079
2.3547321547984748,1.5156763353524227
0.09640381539062326,0.4520794400566071
-0.28575045938770416,0.06867272677378645
0.8078947783558101,0.6995186679141684
0.11423495448140697,0.3962943697919559
1.7067228469906246,1.1805568737221286
0.7786825936910524,0.7406176364370562
1.578956921405797,1.0019817979016896
-0.21796115332381993,0.09006218891845336
-0.014951491569669434,0.29530853482064856
-0.6710974534907125,-0.07042153139482168
-0.8798089446771267,-0.1466257069697262
-0.07544532033202589,0.2649185810925078
-0.6154890888842613,-0.03433520570915369
-1.0970350675044231,-0.21670672205062136
0.6076503359628623,0.6286212604001202
0.817498682926755,0.8255116368561862
2.819598551228691,1.8140167283682782
1.6233831518772683,0.8994807922285413
2.2274031658586004,1.4568500194823362
2.042403566121444,1.4363153703029947
-0.23354039807724813,0.1643557367213137
-1.1591379736672438,-0.46307978998260085
-0.2787913887774962,0.17279233654514775
-1.5067222771861573,-0.4194861540275633
-2.226521117760827,-0.7818102827801441
-1.2822699322357534,-0.32978593726752997
-0.5081201476208742,0.03359563365287147
-0.4496613693102418,0.023936012539051484
0.3136714355534342,0.6148523842437775
2.2881040986886223,1.5144175224881595
3.191041543192518,2.074489822865913
1.534330326876308,1.0417708827980654
1.9228027472369464,1.1850162309766965
1.0931710242293637,0.8339450074484464
0.632248592758273,0.7245419357917776
2.31209555688928,1.4621736045065772
1.090737891223263,0.8620183866389787
1.782721849368191,1.0580742710344857
0.4845125714376112,0.6323989568031793
0.5619652557464807,0.5203314883509461
-0.6331325351180029,0.09224864975302649
-0.2901832367362175,0.12586080991876322
-1.57860636052793,-0.5287332366030943
-1.3884651497284306,-0.43146065670471323
-0.658254479757864,-0.18047702253098874
-1.0204260453141467,-0.2835013967667983
-0.6369672237202251,0.013837539678180862
-1.8471617234886852,-0.6286055996371532
-1.212316890515596,-0.05049587181338133
-0.32238222044316356,0.11540225741404926
-1.2695446485893278,-0.2892358860168996
-0.2828751973584327,0.02133523863314432
0.9604278294963213,0.9062141197045281
1.9454737871725536,1.2422098440477185
1.913139828818954,1.3269341007427171
0.9509545303356188,0.9296960436889546
0.8811807657671992,0.6866022523270755
2.3021671894922706,1.295548630991388
1.165846792432874,0.9987753691909079
0.7069744913849529,0.5261991344072091
0.5925401671645201,0.5909708951592854
-0.22723233160131195,0.04526867577323848
-0.30883572707477397,0.19579592512375982
0.8292643648637903,0.6905467822545241
2.083493480550948,1.2343621119180708
0.07035774587041965,0.3935336433379023
-0.49158044997888334,0.13014030077088298
-0.9712232188295769,-0.2914663526350819
-0.5321710953590326,-0.15994674205503756
1.813625864113566,1.338738064723982
-0.040174498421332805,0.22797682073394507
-0.6270447316639216,-0.03169712425823874
-0.9600239808823814,-0.0045517089873139405
-1.4184456872697024,-0.2966114170169435
-1.7026861982293457,-0.46882407119413866
-1.9180255580375336,-0.6213881553274627
-0.8823212642829336,-0.12195646961835024
-1.4468510699323018,-0.518517254748554
-1.795429002222504,-0.6070504577228399
1.5136628051484646,1.049051140344963
-0.09873506604953908,0.35304823585304596
-2.4149929641471544,-0.9372781804045336
0.29473140607603354,0.6450726661249958
0.14579797630572514,0.18479651489215843
0.26752746832399654,0.4348912884713157
-0.864958622667348,-0.1599356234094581
-0.22724544261625823,0.18405187095693948
-0.4378112111735697,-0.13677050939405191
-1.4746240592871895,-0.3864444218385695
-0.7730072635436284,-0.13705570749665397
-0.7356744993908149,-0.07793912053831753
-0.5807194169686144,-0.017279122169542506
-1.3229958295695958,-0.5208128199237245
-1.3331600491096653,-0.41571084392612245
-0.7377883141329087,0.1596903858914845
-2.4782550080746444,-0.9621095271345275
-0.9044903773838524,-0.06481912397380579
-0.6524732560648168,0.042241549651613586
0.022272414498194504,0.35499954973243525
-0.7295073133937845,-0.05075676301933228
-1.6799053708970588,-0.41614247635214435
-0.8158975071382254,-0.13460426415810056
-0.9928359689673009,-0.15651220247767517
-1.0646740962590915,-0.15612974151621065
-1.5593140089210649,-0.3395615506046813
-1.8611475745651387,-0.6136227018083843
-3.2093790124278665,-1.0584730684335957
-1.7315210039199023,-0.5687243443833315
-0.4471404360474214,0.13371226340870634
-0.8523357846853229,-0.1945531959487316
-1.9339838194647578,-0.6711088884528456
-2.2602017218161015,-0.7746360569980882
-1.3235389702510434,-0.4111178224467698
-0.5874765247412188,0.1822118047643929
-1.4550925386348712,-0.5764489820041243
0.6877705491711508,0.6478170906677446
2.157655437208019,1.5612612488642583
1.8991224825860993,1.226911388625575
-1.3418705026391733,-0.32766776997313923
0.3274591690351982,0.3680128378944425
-0.9661624476222176,-0.22397630295454596
-2.0744312711341926,-0.7580875522818874
-1.3098314432786762,-0.3342548304981817
0.006648945924131788,0.2800875982370817
-0.5875408458927781,0.007799210939033739
-1.219252440923031,-0.3124307309497444
0.09151696908066753,0.45660544044947793
0.35263950308436876,0.3731047208555551
-0.5057390397334619,-0.2820377139173873
1.0128290503075514,0.7070971399640644
0.20831256353672245,0.29296271060787255
1.3133939419226126,0.8359844544460675
-0.4106876466735956,0.1424165544141507
0.4420950186369352,0.551041715746853
0.6977369821378587,0.7107123841578564
1.3769207344885905,1.0755420952092443
0.07833496584954125,0.49695736166568444
1.3897810638833354,0.9617342269838844
1.3847572967567143,0.7937743784644606
0.47024355311077215,0.552077691292343
0.7999116694074224,0.6457699908726997
-0.09757334374485171,0.2644002383811776
1.6632722840252239,1.0818217274277513
1.0594011387438136,0.7752056956337898
2.0743270722742695,1.3953823019642855
1.1150883265781264,0.835705373089703
2.2374786560497784,1.5392377408225602
1.7186486191055805,1.0678519387249559
1.1514910914614043,0.8377544592638472
-0.12964406694893937,0.10951018961160769
1.7832847914178076,1.157354707089533
2.2489695386185047,1.3520905339755722
0.2742274486383278,0.5291068077618575
1.2829758795685409,0.9771089964900581
2.2211874719997615,1.2633992836159011
1.1638014759539275,0.9814666752868197
0.3293024649885413,0.5284366424135146
-0.4891118739144343,0.06372229798845666
0.45664141351389537,0.3989107766014903
0.6984248240340769,0.8605647869436232
2.299577541639047,1.653079654150449
3.0456537285501213,1.8346061154188713
0.855078438260696,0.790666155823017
0.18390236604535493,0.3449987406991036
1.5579347214556665,1.0522388943185257
