-0.7755920965605425,-0.12327323321889286
-1.5291807836203817,-0.21215847689501038
-0.9991888226619902,-0.17119114853098513
-2.2579203280416906,-0.6752547543877329
-0.5563432572574581,0.13271840489925257
-1.0988320964925768,-0.09013484161076879
-2.1397201034208817,-0.6770744080748975
-2.5634856061932334,-0.9801801825544197
-1.5334429636822198,-0.5415906161647005
-0.23778631174687048,0.04576216879453865
0.10186961295245883,0.2752154465369934
-1.6244430046568887,-0.5936048416431335
1.1349783204825796,0.7786063310640302
3.382112159544321,1.930852168608721
1.410630269590502,0.9322066018038555
1.2044192498506527,1.0373818262941978
1.653129670872555,0.9832747173620899
1.1784719558663577,0.7043073413439965
-0.4306012970850577,0.19010422427811133
0.4000971020694364,0.39138695498295034
0.6523397919214762,0.7289682607729912
0.4658339042855498,0.5704127709847707
1.0277129712809199,0.7744156597456748
-0.6049969298929034,-0.06865085759197036
-2.682426495238895,-1.1264162819964723
0.1975592992233317,0.3378736710096565
-1.0114313728418522,-0.20210308096645851
-0.8123781388412651,-0.07745071893149073
0.18786174797706912,0.3754519161687502
0.684130203635057,0.6148531562335521
-0.0985811098475462,0.1861674965704884
-0.36794447768752325,-0.031357224004704726
-0.044159890083248,0.35908904719379314
-0.4801665181299833,0.04342161778783321
0.06336232103881884,0.2685162018762613
-1.0501961132813051,-0.3587041945581305
-1.0701065102140017,-0.39654007315176487
-0.18532876057440406,0.2924837125764804
0.07781372702666678,0.33778309190257516
-0.15645832221262673,0.1635262114147547
1.3696976460519454,1.1403596798081355
0.45822138675623303,0.29503194572309493
1.9665766751356877,1.2711382015964385
1.2618310440487468,0.7513111350358437
1.8468775873222718,1.1075402216804282
0.48860996053560446,0.617184928785821
-0.6317138231994175,0.12775048758259008
-1.9545992516718962,-0.7588354828630586
0.4540044683050246,0.6075619208980334
1.4647804584645894,0.9822208367609517
0.3040919264068397,0.5790947304334828
-0.03455984250699429,0.3617189247388659
0.46561918164752875,0.3207997103373891
1.1183588006026772,0.7766413208434904
-0.36239895864763105,0.1189297023833555
-1.0361275540062391,-0.19008096963591525
-2.056159959694309,-0.9052563204799713
-2.459806794906409,-1.0389487280763743
-0.47808101970957806,0.16405000372587286
-0.7125351218770137,-0.17930958596688304
0.810074025084533,0.5756859885623065
2.1957370024400205,1.273679649824379
0.8268026737154675,0.7122066030778267
1.072518776787319,0.8668922532187867
-0.5450355952313786,-0.03132918426881577
-2.0130011325968216,-0.5963777879243415
-0.8495657075533167,-0.2032703539013589
-0.9706520614068632,-0.17340008824578942
-1.2548261043432927,-0.28719502362015487
-0.36511463588469373,0.041583499627897536
-1.3340715976422757,-0.3866475108130295
-0.8066865204343721,-0.11428801623539268
0.2423046191550008,0.5125058065254834
-1.3258363476382278,-0.39079140521300776
-2.1932343794256437,-0.7132859216270573
-0.6490835443068328,0.03634958501431257
-1.2814684393162716,-0.38606776034159634
-1.0792978374935576,-0.34499129922299737
-1.1203562627840291,-0.28773323877609847
-1.2104262103893741,-0.35641070720418944
0.03600178350622785,0.2414307643982574
-0.7070252372158188,0.054342092959915586
-1.251506609713529,-0.429889324875123
-0.6619554512768108,-0.041226733650211025
-1.2282863277211422,-0.434579724066624
-0.9039153800143669,-0.04955893290603533
-0.9756513362032996,-0.25771173555557136
-0.9251735773389745,-0.1997648831837599
1.8515299223380968,1.3153917584599115
2.267662194812948,1.3677522175240449
2.4910352544786925,1.7364842032060566
1.4524390986366804,0.7355171577328212
0.7791347111344292,0.6072222451521982
-0.36559523670824035,-0.015437735767979438
-1.6032449623683844,-0.5131447772104007
-0.12151011439266268,0.3040280509024735
0.6874538733862099,0.8055975799008016
2.3990675361704086,1.582113638763639
0.7345042476061848,0.5841471851646716
-0.35061203795183216,0.14678782072643726
-1.1877974470233532,-0.22895348232415877
0.04835092996204038,0.3787486437315094
0.5322335186993157,0.5223717491965912
1.5706923608738221,1.19995662325886
1.7697555046249613,1.0842487869307733
2.3142672193254565,1.3535595314057256
0.6281577266184118,0.6685024616346686
-0.3342686231948635,0.19018894349790536
0.2568194652892735,0.23705856099040878
0.8311704750481239,0.7819678906048128
-0.4513805550747124,0.11231152493203704
-1.801597984270964,-0.5115253284815999
-2.5461356611042025,-1.0026529099752997
-1.1943446703951948,-0.23845505985724733
-0.8392575779364717,-0.036538005650476144
0.9530457263213454,0.7603987013007564
-0.7182629823812116,-0.06490084472453192
0.8532639542272881,0.8266097672247399
0.7426756216312596,0.6193916522450894
1.903209682689734,1.1578246379979042
-0.6966865238264459,-0.1890904958981139
0.08368842657779274,0.4232056151203328
1.3771079096953363,1.0900287673018816
1.4390158238694073,1.038592410366504
1.4120045982633018,1.143751693234047
1.044565268933349,0.9127186254148972
1.0997080220157684,0.8530754617131031
3.5042422953181593,2.1069774400660553
0.8400804447550693,0.7005368347779747
1.2770187740729513,0.7498094696006498
-1.0071261300437997,-0.2677514531492288
-1.4562145141989213,-0.24727011525945136
-0.46312762850200195,0.04088842899967592
-1.462669349670966,-0.525938260722664
-2.1899243602096727,-0.7362731553509732
-0.33435719663128116,-0.0066040856689000005
-1.5777267073034476,-0.25705464715670623
-0.8877830547209381,-0.23862163221204846
-0.5750924952651957,0.06724816683373958
-1.2921713770688008,-0.25989047955303857
-0.4433388359508905,0.10892318675151325
-1.0007186208662509,-0.1822531177310052
-1.3394764727166257,-0.47914995103991126
-0.7569307300758091,-0.048667723455756
-1.2911261076820169,-0.3281490944499585
-1.6508844621807945,-0.4585930736155515
-1.1603948092204694,-0.0826875803472095
-2.1031726884507225,-0.5804428376891325
-1.5570980434765072,-0.47569283971282716
-1.6734959274504992,-0.44312433019893827
-1.4551499172764262,-0.38319704391927223
-0.08890212565349032,0.12072847134169182
0.8090560479340151,0.7756222867777604
0.7059049284321365,0.8564528660272575
0.784812138670186,0.6479957513043553
0.8355341489090526,0.752699318757216
-1.2791499963283472,-0.3210235558870158
-0.22062148811991045,0.37091657568971415
-1.732046374321767,-0.5651509555238993
-0.9063153963237311,-0.0677359556584089
-0.8770497426009598,-0.18083083807697123
-0.1071413877337496,0.32556123315856134
0.26780632176326385,0.39152722255291106
0.4932280424153564,0.6180908620863969
0.5972887214661993,0.49223262015423525
0.008000222077746755,0.312262060841678
-0.21446627429051243,0.1855397361981152
-0.5388341685543626,-0.008858922115408709
-1.4719972565983435,-0.45930273552667594
-1.4624053296373454,-0.24929920820047446
-1.933970635248484,-0.6934504073197039
0.4479220694409618,0.4636119705158519
1.4511154442310232,1.1385191879860683
2.366133586687904,1.4387019008580377
0.47321754016923334,0.5191590402512718
-0.05548690187041777,0.24973395831428494
-0.5124130820878158,0.16382115449055829
-0.3799522833575533,0.1187384731666798
0.6799092196803869,0.7578075537261451
0.30969246571102077,0.5621132674874199
-0.1470806220377474,0.13509843516153683
0.6422153671871935,0.5329750323940957
0.8806287853527419,0.6925704962750033
-0.21263438440958438,0.17838112799916295
0.3542704236953452,0.6078106413307659
1.494736738180226,0.9943677885790276
2.57648133899321,1.641703153829103
2.095093513899644,1.1308192321891541
1.3882818110280275,0.8961446073699675
1.1879142966808693,0.857152525360125
0.5617980374104137,0.5117997384672314
0.6156326530125679,0.5294233008464884
1.5018186578502153,1.0650872227601196
1.0175564081959791,0.8386683327109573
1.4045300596683359,1.0236717777575493
1.4364779396966374,0.9164712382433213
0.41721171537273605,0.5459921223893338
1.3693557886773724,1.0539300160678802
-0.173401186027904,0.19832453670020628
-0.38312603921220956,0.13588296275849163
0.7712500086237584,0.6489252001214848
1.1914007003325366,0.862411579966756
-0.032749331110240254,0.3957341380558447
0.19296401059173643,0.35760561403301716
-0.9982626528205388,-0.24325316709962524
0.39039693787245355,0.31435492374336904
2.416233941278201,1.4147665187084377
1.4559752886836146,0.9868214767580468
2.436822665051066,1.6650092808731383
2.4783535450939578,1.3363945712877037
0.9967765557543147,0.6747586031571147
-0.5304287342022331,0.18667954058839603
-0.1271452214762933,0.27009998563258747
-2.5851704821329515,-0.8182705733140047
-3.3577871090975915,-1.4287461402392359
-2.1745493074272777,-0.9066145702336035
-0.32911145574999945,-0.034164387472628704
-1.4525637268624148,-0.48478656243611284
-2.212572488988219,-0.8239460041901271
-2.091353301224927,-0.7349495883136397
-0.5860844732031134,-0.006967747235700362
-1.396744534316448,-0.5140825850509378
-1.564119776546119,-0.6536792843297508
-0.46870841807542496,0.15924409658710453
-0.1474296852353273,0.1196126123469548
-1.9473891619373427,-0.5567539653802008
-0.5877271773429183,0.01722247075232783
0.3780827888563588,0.5228899999338914
0.5591538452642325,0.603271821542676
0.36851644958474333,0.5276044436014375
0.6908192955214476,0.6089976402307133
2.4803998043246,1.2353541564439723
1.8000021868994627,1.0628628185987545
2.4873132402932283,1.6997552387421622
0.1041477714039507,0.4635016171735858
-1.3351726749571695,-0.4422321157893175
-1.7407167491390232,-0.490943013781878
-2.619708546049038,-0.9860055645683475
-1.8044872985368825,-0.5591687853811742
0.2622428701713171,0.4408192010538236
1.1946055841590788,1.0474884095760755
1.5067987777970664,1.1307802727182
0.2013252742357775,0.34806362996761026
-0.24990897155467007,0.221232596377843
0.4489312845673653,0.4019724299764548
-0.29459682257322634,0.1097895984593612
-1.1694151517938032,-0.4780578128264288
0.9367427426052004,0.6458652684992732
0.413438149779177,0.39179791963023297
-0.3765833370855281,0.1429534743136955
-1.4175152388722845,-0.4303385894896108
-2.8998378205814084,-1.0432162981190154
-3.45657356989063,-1.353433878221676
-1.433961297590408,-0.2760501363133012
-1.0499827500343362,-0.3084092944344519
-2.456582549158986,-1.0379697694516896
-1.795488677096706,-0.6183885444946898
-1.417819429576603,-0.507116318547565
-0.9225280225985998,-0.09582668538117152
0.5480339291408167,0.5834157445618894
1.6330425271887345,1.1456116581687212
1.427837560609899,0.9860984713838868
0.729719296370616,0.6485412498404091
0.14943500869227433,0.4462156886109225
-0.004743562764730702,0.29673105770602515
2.1734073214244662,1.5149900964421201
0.9259506083300507,0.8342790327217172
2.2496951383352735,1.5085302307004733
-0.1409936808657426,0.2945673871312335
0.6335284038373465,0.7136126503937053
0.6419330889503766,0.6957042736339872
-0.7547477164215853,-0.04994928403284167
-0.5253780220465905,0.1124727716385738
0.7080024146376025,0.7511659146814995
2.291443628285455,1.4935657819484747
1.4565522199825658,1.0682050348258594
1.4378401434029473,0.9603564622689307
1.9533609475901306,1.3202652223411377
1.1938251602503092,1.0245226468587303
1.9635233643222443,1.252024807648838
0.9011944255116514,0.8656764234517382
2.2394969213289735,1.4116739810988976
0.2921103886435813,0.5265371823814178
0.2029346850523001,0.31981970582017366
0.13432837574636436,0.4313371129167277
0.8143940317831212,0.6232648077563763
0.43850416808280757,0.5163185477962178
-0.01109748278063305,0.3498336889659124
-0.8354443760833542,-0.1463844236691989
-1.4896887902814515,-0.5000421901287047
-2.9124152878578506,-1.3204512162228348
0.6649334708583892,0.5822522727466568
1.5106101909082135,0.9612363369294588
-0.08103655207828209,0.26180017847707787
0.36381489226843255,0.45719726341708566
0.45133336166223226,0.679199414239684
1.2984610096299851,1.1533532515045146
0.8416925232569731,0.7845436317078844
0.6726498505627906,0.6178399501129115
3.374242969880816,1.9917283726114476
0.3384573115222663,0.5812215292088705
0.5931116306493684,0.7034414562448328
0.14146876145074977,0.3628235908715819
-0.9470053726508301,-0.21273411882754395
-0.20799330550605455,0.185336159927469
-1.3953656671449763,-0.5619521629492172
-1.0832217523001755,-0.2617511958471009
-0.20680075926998764,0.25071774895055154
0.6913260177896927,0.6361972795988368
-0.25880254288515636,0.2626322911906154
-1.762092476226063,-0.398788273614586
1.0324019458214946,0.8228019611534165
-0.42331017814048355,0.1916223439247261
0.7429893003321821,0.5562355890035319
0.0712853540861983,0.33028865526228074
0.4149678293338608,0.4812242401034056
-0.8576393135773622,-0.10634985077145766
0.28704446458968846,0.4671137087986965
-0.7629643241981309,-0.17593070511233153
-1.8402619657755883,-0.5328240615455019
-0.3895542082974689,0.12022011467930388
-2.525359186553246,-0.8308309673499962
-3.153207453525318,-1.191600088556089
-2.5820023878496663,-0.7999769101891377
-2.8753216307320173,-1.0255551145802564
-2.7723411507682396,-1.2074305921492243
0.3252968395691409,0.622178803155182
1.7346346313510368,1.2656077818008307
1.558702001911975,1.1510693068168993
1.4800951169040144,0.8211924647820684
-0.12103326212834686,0.24450007818763592
0.19588529804339672,0.5511126769539891
-1.7974451604294144,-0.7022534330954717
-0.45074212298250005,0.18749555523358613
0.1845355776932382,0.409873172124399
-1.5899960176400185,-0.6795010653822856
-1.4641713515534094,-0.4863934942949531
-1.0858398660097475,-0.29555519049711876
-1.247741786406479,-0.47805329203200686
-0.06049608124985395,0.3427934525131873
1.2838848444900222,0.8809825204933938
0.6730938735455468,0.6547955442956973
0.17612835599895926,0.43088796319441725
-1.3321335000903678,-0.3155968346625555
-1.3199219505047124,-0.3509317149063727
-2.5253835540456753,-0.8760557842270806
-0.31853976029013875,0.25325328521365637
0.9649398709206825,0.8683464928113122
1.8454636876884538,1.3460237404156832
-0.3136296611402891,0.11862375531831278
-0.43810519461460906,0.019385937491617808
0.4447173761231857,0.5065184010604681
-1.1093354516201268,-0.18968751742285886
-0.21772990791446079,0.19158326325584107
0.27797098279286925,0.3762210117471935
0.7000298203253575,0.6382241957959502
0.3480811621117611,0.3882998823517031
0.31620202076978027,0.35402830304889726
1.3763422308218007,1.0431498559212051
0.47535895520648835,0.44660740886089784
-0.09414687320496762,0.15294046443655201
-1.6972887184577599,-0.5615728666036706
-0.605981837161256,-0.10898819397762484
-1.3074003255008062,-0.2740793042922859
-1.0932835268074372,-0.32586870454628375
-3.784070067802675,-1.5227761350699442
0.32939559746531866,0.5797358111939618
0.7111345545707024,0.7158022543099551
-0.06384539295034886,0.23605691798140868
-1.5958599903684239,-0.5285472932976898
-0.4561432329607542,0.22473653751144085
0.030232584663636874,0.30903857130830015
2.2441153318758182,1.3912365284040498
2.2572857123109054,1.330451064832158
0.45719525550991613,0.6176144636380925
0.5843167194998422,0.7316975659882734
-0.7256557284652407,0.06348486375278162
-0.2888461190541796,0.10715088745138293
-0.2384963671144067,0.14292703397189266
1.201405754648694,0.9621070324389556
1.9281826067622179,1.4072931363201993
0.7728031486080997,0.6105264116925662
0.9429875761891591,0.8904027709543348
0.7983548248101994,0.6025598099454824
-0.7330162575694629,-0.07447430929290992
-1.552006679499396,-0.31635037636847047
-1.9951260891469467,-0.7616393749472764
-2.0926483852979256,-0.6344692317669925
-2.7004285247318407,-0.9763953477797327
-1.8631785216548997,-0.632948860642062
-1.8060531181524935,-0.5327781676247194
-0.8552423682664929,-0.09016381477765056
-1.7772451544166803,-0.6269294962510384
0.006624811756226423,0.23612229621812908
1.8329926049451293,1.156825935999913
-0.13217293953262343,0.14845240548586033
-0.40440463484065486,0.09243735448306167
-0.5892867060379402,0.09628890609061312
-0.7485297824663278,-0.16436080182520196
-1.1927610872097247,-0.40538875517274636
1.258317872520316,0.8814046636269429
0.7040684051027988,0.6156236067859141
-0.03633364634352232,0.32231238963241804
0.14350402332284234,0.30312838410310555
0.9280676035854829,0.822338530564782
0.5491102713780254,0.4789530248945394
2.570420305647044,1.5571198001616084
1.007127991044977,0.629969985688437
0.39446159989152846,0.3360901959634959
0.3721960647343746,0.5988716546292647
0.6466680034187757,0.5357848229806913
1.593966555897945,1.24584583783955
2.7001414357886713,1.622737548578156
1.3436371229492459,0.931922254078122
0.6763809670852392,0.8088406753299865
-0.8847075692623048,-0.21990755037062842
-0.9316555215861689,-0.21958747827846672
-0.6805133532161483,0.14512677756212058
-1.8005802313133965,-0.5767661480530866
-1.2186619981025997,-0.20454185796733138
-2.455468960727823,-0.9568797667899298
0.13682757024616055,0.33225638705237753
-0.07290968079497329,0.26678032291243003
-0.010179393827250444,0.23183662753578943
-1.2242344546497705,-0.3234245691014153
-0.38669467640744565,0.15159083536490553
-0.8400299210535063,-0.029735376295307717
-1.894695874157449,-0.516591412581997
-2.062413634249774,-0.7992509883189027
-0.21042651118043532,0.32759583623378935
0.14921188270831245,0.404801670080966
-0.6906938808094318,-0.11149783743852974
-1.4608372917379262,-0.5859541840258511
-1.951215271463584,-0.7218414368707763
-0.9694985097741664,-0.24919097993211206
-0.7151107067122492,-0.1155878822712296
-0.16745111167089027,0.23531736939516837
-1.6897795627727736,-0.7651735437929619
0.8070064402795805,0.7713568522070152
0.23077929178113865,0.2789383758933969
1.4565682120486383,1.0172498651862398
0.5299593484289746,0.48297199128329127
-0.16461633977897083,0.3354007499019162
0.42282994877955177,0.6553750074595845
1.1460281306361713,0.7926968391502731
0.5527138640128598,0.6859661028222783
-0.8924057483976429,-0.15854549780877575
-1.4631019979058517,-0.36679072619125086
-1.3821857124430685,-0.5093858950556931
-0.4411186257166485,0.025647966325913957
-0.1650540313927173,0.22091505668041
0.04977041493042056,0.3099548652496778
-1.8477501034419308,-0.5549556970586609
-1.9249995817966783,-0.8073652834024104
-1.992958529719414,-0.7316725338419026
-1.3488026023156503,-0.622514621274476
-1.347568419302657,-0.29277162051777533
0.09296047262206175,0.4714312750559123
-1.7615022916133425,-0.6258087179339511
-1.8286959793845856,-0.45651012902075017
-2.7594305754123916,-0.8795908912210841
-0.5456967327996978,-0.04024440693186307
-0.5799213822765119,0.0959240185543172
-0.11955106255902792,0.12535111086438216
0.8557742048208243,0.638857117067871
0.6914778831723138,0.7579551292041661
-0.7677394866176106,-0.12180564670354042
-1.2902911773338825,-0.1480940983661267
-0.43775034515896416,0.2589848707802389
0.7201457955018298,0.5039451070304682
1.7733368547069088,1.0409265921797053
1.8377779194082753,1.192075871997152
-0.45678714822109323,0.1284415863283711
-0.25868095996400675,0.325436632792041
0.48845502413244957,0.5987833084271291
0.0021629215890274778,0.40792978206418484
0.7124950480837439,0.630442103447767
0.7586310603235523,0.5931851590243898
0.12252095036172728,0.22644281207678105
0.3218105984947327,0.3605993529646857
1.5424226794658822,1.086979091047761
0.35474385458486934,0.4892509286126471
0.07773749044387995,0.35130503960572973
-0.0714851661019005,0.24479934283695143
-0.7979969705301624,-0.0010733849789036631
-0.22789907611268861,0.06839681359636932
-1.8678781536779325,-0.5694758824876032
-1.3714910466334105,-0.6365467992752961
0.10858003241124281,0.21208002127602277
-1.7375132174314865,-0.47268035266180997
-2.2640301948659918,-0.912166169928218
-1.254425622153096,-0.3889382440622247
-0.7409368421071014,-0.10958260942771852
-0.888174835988744,-0.23658391106911397
0.30126078930608335,0.43744549939316923
-0.43720960397618125,0.11475139843576335
-1.4698145449330504,-0.35375453668522644
-1.1566264480471973,-0.18257531650355752
-0.3508523856034451,-0.04522675559311495
0.7532044899692582,0.5954976057383357
0.6288633190624962,0.7246499800373132
0.22852769502265807,0.4296537284374377
1.018495341288053,0.8627406031126941
-0.7384191016062371,-0.21467111850404466
-0.8895507856167737,-0.2713977557292959
0.6485920544665157,0.6434270396345524
0.7521288726988823,0.6349772628676963
0.30185050766710175,0.3741358742517138
0.9652802212350453,0.7754741186243848
1.201338231739458,1.0539006073080692
0.4462328479309505,0.4942504265251857
2.1140548338990017,1.1750030043271869
0.002042164487860987,0.36248023484549946
0.08357643838044634,0.30508794621403673
0.5836181250086088,0.7121655801671022
-0.0036623979268235463,0.2586640727856536
0.12671307231640197,0.3221466948286935
-0.3497187017778364,0.2067733995560929
0.5389214628772667,0.6144409264688302
-0.09022026905554814,0.19661397254092797
0.03218011236572832,0.39071578572862664
-1.1081097236386448,-0.15381375513409812
-2.5377374589632877,-0.9997222137139187
-2.923147952352118,-1.1590487523815067
-1.7669126513101654,-0.6132268725096849
-1.745118182603763,-0.6873597975490403
-0.9513437546387223,-0.1997057212532352
-1.795308026049192,-0.5371797306021228
-0.8966722537488427,-0.14096193181283412
-1.5897865249618213,-0.46346916417592715
-2.3982074347534814,-0.6867482344500802
-0.450277485514595,0.15126140457036902
0.05183765014882402,0.5642903915896799
-0.10967705031785621,0.105189290778577
-0.8232231816542485,0.07974699836078614
-1.421310259285616,-0.3761293064481439
-1.369487096249371,-0.309388830912676
0.4858920038391883,0.6414863831250099
-0.4463332196721419,0.13178762565721192
-0.8148452033143585,-0.18626261539098388
-1.0072399257329334,-0.3040504455289169
0.8825203629412914,0.6767730176774712
0.65435559749094,0.7273252089532859
0.7099794183061614,0.5687047916061319
2.850693818452207,1.6316695661867857
3.00039179865882,1.676517237675463
-0.4279441399297259,0.15424717806164587
-0.6365208982178453,0.04526285702056218
0.47208981225398183,0.49619407681538213
0.5641306987079323,0.5833903899361781
-1.0872275096544728,-0.28420591077272606
-2.5710745464673845,-1.053108794638145
-1.8293751594420289,-0.6177632471012826
-0.6634563914156617,-0.1477666774049558
-1.7730059037566885,-0.6164006217971274
-0.15578872138411215,0.13984979530169575
-1.1873847916902465,-0.22227114359160288
-0.3508061836190127,0.13169289967081432
1.0208259381353582,0.9367506690271781
1.4230730608509,0.9078106980179499
0.8469098933492089,0.7201399397449205
-0.6121716334870597,0.000773450893804057
-0.1326533483915976,0.19615805127353575
0.696386175254967,0.5990395503134742
1.201814381650824,0.8963574663013132
0.5410649365491407,0.5644521233760672
0.014180322235832488,0.43537854689972566
0.21252448506660648,0.3333732740744086
1.0519695372148314,1.0138538489813476
-0.1162839561616612,0.20160767940400334
-1.484586180808747,-0.6284014723756414
-2.2355210287570486,-0.7974446699781034
-2.29374495053536,-1.0103673778472761
-0.4322002256265641,0.012215236523965695
0.9517772075123967,0.7401317049608088
0.7695939508063139,0.7518536787875828
1.0679243247551429,0.8309238522615301
-0.9791032197129893,-0.14982688462545002
0.06280953865212968,0.3101713358704847
-0.2829632832647228,0.20811651655740612
-1.4594126640412683,-0.3417039791951053
-2.1567900051197033,-0.7072495574949453
-2.747139621215529,-1.100024236430107
-2.0559677786191615,-0.6675664456153839
0.8150545267985156,0.4887570335665785
0.15716151932838607,0.539287396026456
1.068238492915295,0.7896724354051636
1.898651168318696,1.1383502592474715
1.2307508449546658,0.9370549402354325
0.28976569681767483,0.47812259866383744
1.8084237003618306,1.1862892589145362
0.7436790791196188,0.739430864312694
0.5442034869581606,0.44302282617078914
-1.1333753156112603,-0.3767075002591594
-0.6610040554005472,0.006210221980224258
-0.46767495944383747,0.2723563164704603
-0.392339314127618,0.07002858441847681
0.5466416882432392,0.6894254499770193
0.13891858144938113,0.45432217482033677
0.028723308997899336,0.24413110805502175
-1.795431961255511,-0.629422418203223
-2.3300487376646086,-0.7005521477687018
-1.458307212568494,-0.45146411610950266
0.1673828179817285,0.3314400291509408
0.9646217300021307,0.7899326163465799
-0.4388249342189162,0.07775360693440542
0.4693551350036173,0.673303220624709
1.412376546192444,1.1268271614508139
1.855189763318609,1.4129204461809182
0.05426594259393336,0.27053539894274015
0.16976969883951026,0.46981422491713737
-0.7424212764699071,-0.2049299224035321
-0.7347966913419228,-0.05297768196526212
-1.230246719734438,-0.3981361328483837
-0.2601958723305392,0.23797727965285423
-0.7341175020805374,-0.10567111388095807
-0.3622686781219441,0.19976178622795931
0.391297046081997,0.5724919552253591
1.2665026809705502,0.810614948515842
1.5368073607295618,1.1807481734035454
-0.5556743833397408,0.09671691816908089
-0.37089382788145464,0.042460009479721575
-0.7269377948061989,-0.08587758071956003
0.1112825816304216,0.4333612845792866
-0.04000571643244795,0.2982236578305875
0.053077343974695365,0.2401701582660421
-0.10609700215609227,0.20231233070666815
1.870409899208874,1.2723672976384233
1.4990749303627386,1.1394085334569537
0.7301468790408281,0.41076115685313735
0.7593935263988384,0.757146008179406
-0.4635641034866682,0.06347268291787056
-0.24988456438666903,0.31122483537993273
0.8182535931352279,0.7933898848996304
0.23609360321553602,0.3357183232628814
0.2493819431586055,0.5181499238434396
-1.0514652151231616,-0.23898595708933867
0.3427846030903048,0.4929297595673569
0.25509310617737513,0.3951152336707138
1.2886155754666766,1.0215140043048854
0.5358010671415399,0.45586761279126686
0.9049163582598264,0.9182416233722658
2.0030216533856633,1.3524935640075055
1.4393096311900906,1.0435433720380578
1.3764079986056272,1.063431087476818
-2.212491014925894,-0.8635548245701383
-2.081797845968522,-0.6854996993686597
-1.495131919380511,-0.5844333985791805
-1.4934696914487828,-0.4188967372638648
1.6351668245566109,1.0335635180673837
1.7834479888152641,1.3162410266753217
0.5830483304085232,0.6663380895511699
0.8479590928122009,0.6575197756347972
-0.7590440013691149,0.1763926333191016
0.579513270054622,0.6389542101110081
-0.530528283003282,-0.06934510461210987
0.22409597152289412,0.1382719770365604
0.4849045615009575,0.41492439046123647
-0.7398899090084634,-0.11392332637204577
-1.442441242239898,-0.2905840106616594
0.19611303871211183,0.2829203145448618
-0.11879184115734709,0.21529967010144768
-0.41891412252996424,0.006856729904424763
-0.8977123547340167,0.016114207986797136
0.2337402906574626,0.35400740991642443
0.9867206935852479,0.7569476788667132
1.1112218641609477,0.7934972047605462
2.6317690264364737,1.5583049963036977
1.7471564028162532,1.0638014511896488
2.4513234296224624,1.505241348247015
0.7027392253378189,0.7052264374552
1.1838573136360946,0.9838209128023803
0.984948447291526,0.8951174237317938
1.675050794691047,1.1897213959741761
-0.6547248246231647,-0.056621993912907106
0.7295047388529803,0.7132665410851603
1.1886547381517565,1.043211347678273
0.5978266876463483,0.5399814596300511
1.263633638906243,1.013266560646102
1.0783728123428031,0.8081793840365407
-0.5691153164274317,-0.013074020870911193
-0.5988189109325934,0.03500275432961104
1.4438644637128935,1.1601113940660919
-0.5328523419705766,-0.12626681726478473
-0.8400219155186162,-0.03308381818152721
-2.2653878206857803,-0.8139518358373203
-1.2781691740019967,-0.2630135579803745
-0.09722871070146155,0.20779079253527533
-0.8441191457555102,-0.1706629803649656
1.267882904557037,1.0310198831734596
0.21272654657979306,0.5395013434796443
0.08217280291324719,0.1489799582591298
1.8155885501635514,1.3947048028907603
2.3249819313637916,1.3594464343273
0.5621022511532449,0.5702263925665797
-0.0014352475504868512,0.06997777012030237
0.21269941879685472,0.45731682758596803
0.8809157201675534,0.8276740891684821
-0.8217173717491719,0.004136783533248423
-0.9165400082260877,-0.05827901119359556
-0.48125712135786547,0.09878805190353962
-0.11103526248192852,0.31847080612175604
-1.0977281071196663,-0.16814296234012777
-0.6171073775081468,0.02119411130522242
-2.16753656734989,-0.7786431151868909
-1.0654201829525223,-0.06646639681128999
-0.27152907501776824,0.08612653165961856
-0.27498867115421244,0.2580258145998736
-1.341669476204261,-0.34012806446835275
-1.0278061739875497,-0.1453740104437351
-0.08197461753050328,0.23454881494269209
-1.6222900651034382,-0.5412302726702035
-2.129714793060691,-0.8984687050223653
-0.9033561360950676,-0.3387769670020917
1.1011775057040578,0.9990439013872057
-0.6658279995890771,-0.09752742552475577
-1.6258409938304341,-0.6801621266353054
-0.3339864460269919,0.3672092879316801
0.41053050839990574,0.5998785965070168
-0.2910163018458539,0.27015034223891654
-0.03778831036686672,0.2521408306787165
0.6496547064539787,0.67816468886441
-0.1674711793963154,0.24242009317379787
0.18891824610559452,0.6866642342910421
-1.0377342381060672,-0.2581667652864536
-2.441764156002352,-0.9007556317878012
-1.1123559431469936,-0.16887640394789555
-1.7277331922751706,-0.5753314426265473
-1.5889512603199127,-0.35873246900794364
-1.0738597595471433,-0.14786700220108567
-0.17323702509973615,0.22929674559172403
0.29511250586615634,0.4899039911986841
1.6366238294851543,1.1889775568263026
1.7602577112753406,0.9854716111015814
0.5404369571367031,0.4635786207805239
0.05031596697625884,0.4664899288495324
-0.20298412722875517,0.28760765381069764
-2.0489609558904616,-0.663494427547185
1.2746063409578205,0.8674627628004336
-2.043753168795939,-0.8253281437285669
-1.03161062224616,-0.1633931923229973
-1.855165797353202,-0.6658509841589911
1.3638386843415609,1.0033008354275212
-0.4860806980865833,0.10239241850671812
1.3837181674424448,1.147175294165065
0.9400332523069035,0.7794149476017062
2.2558629166472914,1.311375630826288
1.623548273705066,1.0002301762530867
0.6303708804211945,0.7132988875255629
-0.49789389240333903,0.045335599556747985
-1.5109620001514914,-0.41523502814442315
0.106148047521609,0.3449621538893713
-0.12413827933057972,0.28353891968619527
0.17522402554678163,0.39177461301424393
-0.47778656688897836,0.04428191352066809
-1.015588712936251,-0.34491338471964605
-1.3272195876748385,-0.40292985875517723
1.7656385948872177,1.199120381644543
0.29855402285401555,0.3935076273105029
0.49182518811231735,0.4669806280303637
1.238506965101195,0.859664095212736
1.606620678123007,1.2340670461965941
1.2123147648975605,0.9017696498658192
3.176936425333044,1.8961623188844998
-1.3671826909823208,-0.44975772843573436
-1.1078514962715913,-0.11807365464265215
-1.3271849969063814,-0.29837706240183937
-0.6936510088605551,0.10595715059304345
-0.4458224776301554,0.0369652170977071
-1.3507062890074364,-0.41032363601359206
-0.8775622486935567,-0.16709723990610134
-0.08817131179139537,0.35407457575031803
-0.04575440180210563,0.1675798533467373
-0.16652744039299897,0.17246073736033912
-0.08884668193968796,0.3213910217421916
-0.04477317160981077,0.1189844047630711
0.18428521309153348,0.4514022563415354
-0.6650825444964357,-0.09640340294544596
0.2224173218742045,0.21241634508847126
0.9149654607089454,0.632698722716492
0.9442843843770754,0.7675334723864182
1.8576828012986328,1.3042892590602018
0.44720916656601684,0.4276467979295273
2.847206795460005,1.8457677536473915
1.890203605916608,1.187246908009545
2.3556029651513324,1.4165947470181188
3.109030200132925,1.831722819686467
1.6715620478772975,1.1896505140167275
1.7033128676989167,1.0694944607384411
1.8744733445415895,1.2926264140211379
1.6966111082606077,1.1019925023527177
1.254637774953424,0.948533797441001
2.1824870496522877,1.4095756332916154
1.5653260109692682,1.1035772469811589
0.19807026691501461,0.21215019641499258
1.6790652112020321,1.127289407277208
0.9799293234074496,0.749750811274692
0.07915121702947014,0.3901652420560657
-0.7110374389165636,-0.11568324223473558
-0.682412325099616,0.0011898078202021573
1.0767255312322117,0.8278819435899231
1.0624114579808972,1.0230924328134376
1.0659214412977733,0.7989195600350392
0.7219162162245978,0.563167114194419
-0.1165010941291138,0.1641188701749834
-0.020469835651999474,0.11182763412283597
0.002608239405598043,0.24142575135642744
-0.6325129666018187,-0.07832990080493984
-0.9362987786473633,-0.21690726737259935
-1.086615446395006,0.0037187400070408105
-0.8724135826338569,-0.17330745873858344
-0.06151532334044818,0.30601340472119426
-0.347540031686356,-0.04722690736737195
-0.14503734991768918,0.2911978837469783
-1.1886665320235448,-0.2194893427430661
-0.3655127677548139,0.13305397354719067
0.2776716654553,0.48267380385511566
0.2806250272120633,0.5660498638114603
-0.18839860728560132,0.21489800982924412
0.22668734529572138,0.5193768914460746
1.3043783782923688,0.8779760067880621
-0.46914464571511805,0.15628191411490677
-1.198355714958704,-0.37341301423085355
-2.3557373901546104,-0.9143946148722947
0.43994899519150543,0.5493942710859775
3.082481560348242,1.9259530144313715
-0.7094309397970362,0.16073180083495525
-0.6120051715953023,-0.043840514340135694
-0.44354795127563085,0.02176748657728725
-0.08741048290302816,0.2348071368423456
0.35439483136310107,0.7197633707094038
-1.3141473387650067,-0.295610082480972
-2.0185935955657617,-0.6841392211168906
-2.72412994519918,-1.0468308071806485
-0.5790974832614196,0.11732414920390406
0.3265656261995581,0.3271906820329762
0.12982744716131978,0.35874657403159504
-0.1937203610169238,0.19612884598437721
-0.4257601920360997,0.12194703947127071
-0.21039373302621484,0.20744445447602788
0.42580968709165057,0.4600040221360179
2.1316672677948265,1.3711510584377613
1.6306664264526067,1.1081174482788443
0.17717132127379043,0.267382787468026
0.6195115578304565,0.6589049714324167
1.1813240253261883,0.852170720298713
0.8786559163649837,0.7569490333103231
1.8532186622646063,1.1989128968719702
0.7535597270610869,0.8741488475626342
0.6875014841496674,0.8428204168472984
1.5127335394602972,1.1348397509669388
1.5796489330342023,1.1146234513742437
0.37282421673750854,0.4900366667441771
-0.03832692676249905,0.21901093064856744
0.17231049366880752,0.40165320790848275
-0.4268933300826696,0.04121702961156354
-0.5719869881837154,-0.08203371562212314
2.2949091071774896,1.4917439454352661
1.0381879354362227,0.8073803097532603
2.8366088463958445,1.679789428010244
0.81923960942154,0.6204753549189768
1.1063204415207248,0.950172130317903
2.1128195535528267,1.391069659062089
2.1055631892386177,1.3230504813120185
1.9751702508994131,1.2318317847432267
1.2273560757027169,0.6736452048015127
2.8370510057154275,1.6719408159836666
2.198732674749544,1.4522800612973776
1.067329675264421,0.8841718352235508
0.31240425834447705,0.5280929522487019
1.1031243351528666,0.8348649244429264
1.5209303465658979,1.0570551455277029
1.1587533441573485,0.8839909424636506
0.6436491878396345,0.7130665132891266
0.11871666058746866,0.2931894578285068
-0.7999219131552073,-0.1650987201630405
-0.40129890861911666,0.006236319737556964
-0.24476397635344455,0.0918188368793718
0.6390972413740823,0.6294750787752738
-0.46497959806025946,0.08295559915711494
-0.4708788983922572,-0.07671733033597083
-1.0110473037024899,-0.17132108811278296
-0.240180227064272,0.3208425151082073
1.0156506572126112,0.6762038543143359
0.5404374295149577,0.5850713533564996
1.8122641117135263,1.2082270449622645
-0.636977655243532,-0.107827508683514
-1.113999320681952,-0.2785845657327687
-1.82007761637916,-0.6599927830575747
-1.5345369270312539,-0.4994518529047952
-1.6294009933915379,-0.4780114398052512
-1.6928735653615905,-0.3389580847787843
0.770558004058453,0.5212954590637247
0.8826422044689815,0.833975700565381
2.0246656866059545,1.1905784228557086
0.37516450733587414,0.5514880136085502
-0.27828326561692146,0.044454280497382564
0.5437431897332197,0.5423620669808545
-0.4430337477426721,0.1657245878121162
-0.2681871968203568,0.31181929803453556
0.8978338279497005,0.7989761510775517
-0.04157338102788821,0.33050603261967243
1.9256554973481124,1.328471968691402
1.3780095778288082,1.0838520342240814
1.7268005057328253,1.1661856506507131
0.5216713603976578,0.6115404470101025
-0.8653470031404709,-0.256677071321384
-0.8610454110977865,-0.1216039005841815
-1.449860165789258,-0.5809214761988777
-1.1445229161300488,-0.1971382825402863
-0.6781131260156428,-0.17946607213601606
-1.9724389164546952,-0.9043138334090288
0.7236002382199211,0.7412731028690925
0.9910482334649958,0.788436439120017
1.2244446003167164,1.0397924535964251
1.7445045362385825,1.2385355004017475
1.8637777244807605,1.212107929500511
1.9858377839365962,1.1649490474451942
1.7992041626416801,1.137058482756603
1.1495615126398804,0.8994479541566957
1.6894597999736582,1.0756064541813726
3.6578528612735477,2.175758550949066
0.497494870612325,0.4556360141975939
1.004828369481052,0.7508843884536442
1.9094752198803069,1.3605729243906337
0.5671811125834536,0.7228408089307147
0.5430081621940794,0.4179965189503577
0.016365820353715366,0.27826237515697344
-0.13014276730971075,0.2925261022598514
-0.2803203339693594,0.23520217238293079
-0.2142846155102061,0.038017928123398465
-0.9051366159400683,-0.2325829757780133
-1.4263645243461944,-0.5185207884468097
-1.4636443018000143,-0.6563862628666944
-2.137834565917838,-0.7242662637340472
2.197624615074056,1.4365322604380235
0.8855318678633183,0.5990929243217092
2.1501573784373864,1.5030817531017089
2.4769085361657757,1.5854717138671914
0.18847894901600926,0.4204290764751633
0.5145290825757498,0.5973821594311436
0.19054023618746796,0.4044131931571786
1.9346238097097703,1.4000753744466414
1.818419747710258,1.2674165093044638
2.1991796457176624,1.386454914789877
0.10194617392825589,0.38072624593741317
-0.7307669756712234,-0.04560919484646417
-1.4840826931271278,-0.3329785029604259
-0.4084653932222577,0.12640260919697574
-0.5602539517031577,-0.06264841520123182
-3.488968192569537,-1.5538066876772585
-0.29817990748207623,0.23530914846897727
-0.8150708158466395,-0.23905712395275927
0.42406293182737054,0.3759123605343304
0.055873407978357825,0.466526230969185
-1.1184576462895826,-0.2991094611388351
-0.8798810155491268,-0.034473031697528675
-1.1355652669054046,-0.32225615805043534
-0.6724765002488577,-0.06770219746658906
-0.809658001714835,-0.2558419892353334
1.1833736193570412,1.0286391152181382
0.8829354240191413,0.6536430013848716
4.009526787432607,2.155445847287407
1.1063934431677045,0.9584715686748992
-0.3742098308086734,-0.09985241406589054
-0.9023673171623026,-0.1611699210884147
-1.997563230797604,-0.65541541317733
0.11426367119411296,0.25616545631946236
0.9782657515281442,0.8498561981845221
1.8437706399147467,1.2076965967971502
-1.717410208763919,-0.6849975425727908
-0.1072568462335114,0.017513635799424082
0.626275999755063,0.5423949788874163
2.295701016892661,1.474230146751832
0.656970852497604,0.6424320188148075
-1.6142505846204096,-0.5785327703266762
-1.287016749187605,-0.337554877439144
-1.2751233541511153,-0.13155607085515725
-1.9652421767799135,-0.6985385778460748
0.5041491785611041,0.45456091191791403
1.1654915714641796,0.9667734290620518
-0.6031410790455755,-0.059606450476225314
0.3156886445086775,0.4608535673637635
-0.16355663376825064,0.27834721048198663
-2.415337309231102,-0.8619484217453921
-1.8529387237165085,-0.7748272188910819
-1.3204303303795795,-0.29706314204718076
-0.7541405048744795,-0.30370985688510266
-1.4583110021213463,-0.2644068751471367
-1.1690401070986194,-0.09902665912611427
1.5316523226202334,0.921087096436875
1.4378845126349438,1.0429476789518888
0.6292899363691703,0.6805301906532858
-0.25001925418288595,0.21669918116627263
-0.041386437706124185,0.19619845383400691
0.241944393848871,0.43419159739291024
0.26800375413275535,0.48453330320739335
0.627303733715421,0.6476083573555057
1.672881239679691,1.2661951182166609
2.673684650153361,1.5586973739673986
