1.4158114213602653,1.0740082644084188
2.0499494828875835,1.4726956937307087
1.735690806874115,1.2174935560622402
0.05958764917754811,0.25062848265177373
-0.4775551411993264,-0.04085626902629197
-0.06675353823242292,0.1457415159809466
1.477028419875204,1.076319231438751
0.8337309550782384,0.7233336987071367
1.5609843966501737,1.0218017771465981
0.060553106777077925,0.48864956070248267
0.8314107954223552,0.7701454092209553
2.5920013414475997,1.6556910710092179
0.11081325791594576,0.3793417141390947
1.0706220572635263,0.6689625229712358
2.623363582937746,1.656039749866628
1.340875572114729,1.068966707241082
1.5316260580099326,1.10607526591044
1.1034517448928798,1.0197320475774978
0.995830553260452,1.0193155807117698
1.6151334775004995,1.2591041896224164
-0.17408001176650156,0.18998717566731324
-0.978733897935676,-0.22862136528613636
-2.324557933202062,-0.6416962698068925
-0.5720023228091822,-0.04029757899506982
1.1021339186944674,0.8086894159659658
0.04111333190069122,0.39018187600640797
1.244124074164427,0.9259132908881121
0.30952433745722485,0.5204979443238908
-1.065950861910838,-0.29388760736519093
-0.6357075036122013,0.03619623723592175
-0.056187935238055986,0.29379298748917554
0.7753506595745054,0.8018178241396181
-0.07415256525371927,0.4290160975355237
0.07813724337931187,0.3474258596514576
0.8379027932872868,0.7838403629995263
0.26605913906968365,0.32259092571621556
0.11193706118085991,0.2901324960366413
0.31136262518478336,0.46922951520819123
1.7676556890282815,1.0456171281936562
0.7438087578797677,0.8192894336177433
1.1736109072705987,0.7966378834714201
2.675592394572138,1.706444085254931
2.7660358347516683,1.7010743738398348
0.9824272514538488,0.6810259703611975
2.6627866473439266,1.6562842830810953
0.16431559489355196,0.3607988371819905
1.125092363973717,1.0496201444663416
-0.9597595297767622,-0.28897662835298554
0.2997614144407468,0.586151761575914
-0.2956619533093364,0.03453237096684578
-1.0067029938964502,-0.08017309430716278
-3.152103177752711,-1.0981316734400675
-0.902919966966551,-0.047157762457315
0.6003426854723147,0.7262399343921131
-0.9336962346686455,-0.15877016927767393
-0.07544827014575373,0.37593262460989796
0.3736270830753481,0.6108954062375451
1.9026638678499326,1.1980373022883377
0.7847189191851274,0.7833642893812807
-1.1407873237399913,-0.16248926026233956
-3.0580781731137376,-1.2933321195175895
-1.3766144414319026,-0.37975554588107324
-2.3071046620783107,-0.8955362818414062
-0.9014839334324918,-0.2718168838773363
-0.4918858140574681,0.032360300507389306
-0.8495369823914158,-0.28079360120940955
-0.6789491463184557,-0.009645988916679931
-0.15289320235742038,0.3597589145245611
-1.1713826244585155,-0.14738407777367288
-1.1108727177194553,-0.24220963443073168
0.15804524677228227,0.44785779235995593
-0.08297193048393306,0.12723505594291823
-1.3596979433433716,-0.21938349781164826
-1.611786353323105,-0.5931090063230691
-0.11552792488246943,0.31675447503852794
0.2563903823927523,0.5215400375099297
0.21018910709235877,0.20436629376837745
0.6857087905924666,0.6469550461431707
1.2467744792777822,0.9831775922149444
-2.3395467542760797,-0.8377343793387504
-1.7219450967479824,-0.7764955907848841
-0.5068715154351591,0.11505084245738395
-0.5421104533730197,0.15456022621859217
0.11700568130237132,0.37009561128487456
0.34919955611586323,0.3848319524515726
1.0099527722344346,1.030476288439191
0.6413580066467395,0.4367370907529067
2.5645356484844486,1.4905918808056284
0.38795157420603477,0.6076407146956941
2.166175699092993,1.5156461300049013
2.022783730264596,1.2842333636722274
-0.3751012468191359,0.14480498524648674
0.43364192792420836,0.6860109696487826
0.2110712599886384,0.48802324607394654
0.7162406016578532,0.5249368565475276
-0.012035060575886325,0.2752751388365235
-1.7089312459572081,-0.5956017502536127
-1.791662392799537,-0.6734637402881672
-0.14586488648109486,0.21204722786395339
-1.1030362324376495,-0.3137139043139575
-1.4329133939647056,-0.22545392159471878
-2.242537445347361,-0.5786263685836341
-0.6755845018084266,-0.10955957005206587
-0.6057126151572747,0.13964142147100816
0.2881271073860733,0.3976500544007724
-0.38304049730918954,0.09517126471219203
-1.0827437769313002,-0.12759551743442243
-0.9746198324807939,-0.058871564320231495
-2.7147112868536682,-1.0730656354701513
-0.7932548567515865,-0.2140424460252615
-1.419157551249583,-0.5991795407494429
-2.1724738220453674,-0.7487678245528046
-0.2471959383619109,0.1213809994397679
0.6021704927829258,0.4280845104483564
-0.22868133088637832,0.1313745022426755
-0.9500942590842703,-0.07781884048252483
-1.9294452767198504,-0.653674939856364
-0.08490539382466777,0.16247728696925604
-0.17818411234462106,0.14931067689272562
-1.5167871221863805,-0.3268372839402107
-0.4645617234241086,0.04780749362091656
-1.0837017359788303,-0.13868035705594928
-0.5942983180535302,-0.20019871504383618
-0.975029174898423,-0.3865698019481782
-1.5763979879849033,-0.5019736956422397
-1.9668881505832139,-0.7122401459928226
-0.29769233953229324,0.09321678072706438
0.7718272614386004,0.7086617062474075
0.19659623157976647,0.467403606546043
0.13521759597222768,0.41514626757013245
0.6798453882559568,0.6545173542990451
1.0319785521920337,0.8423254268410965
0.1947528749197821,0.47955517477274573
0.6648829821061937,0.7597689387143556
0.7812895241410893,0.5893496111969503
1.2847598892188876,0.787808031436411
1.6522753919742361,1.0871644620916296
1.2284106369444243,0.8566036851758759
1.57633755039363,1.1345687179943318
1.3803890727884043,0.9439095882391376
0.8575510611745242,0.6214859649733111
0.5634988852057894,0.5041517573294915
-0.18447220075281112,0.30125212987771366
0.6656024608490474,0.6713734882779018
0.4823004658787619,0.5433824992291805
1.7486958863471957,1.1568914548351372
2.0459594714705354,1.362640049393507
2.815889768199532,1.621637460650472
0.3199673975873635,0.5232171717508697
0.22041287317655373,0.3532020153838578
0.939089679142002,0.8133820139585257
1.0390555811613615,0.8845798060275626
1.9141343842883711,1.3616882802646904
1.0294186163772931,0.8322425669742776
1.4308623360405175,1.0881981928015463
-0.5835614026050819,-0.030779240547745723
0.9992642922053313,0.6845764160396697
-0.23100943722902922,0.26869894460533283
0.2380148361115404,0.5740747273577916
1.475518878261288,1.0590525925178995
0.1349108708487463,0.19786315333888851
-0.8875221945479148,-0.1191007083548181
1.372796291658816,1.0151900043961446
2.253207756771356,1.4813300828063658
1.6794476532599716,1.175654317814782
-1.0387680940331439,-0.2369678008860739
-0.34662029972548747,0.2896457160296607
-1.1027582136332437,-0.254832276388554
-0.3742128529593414,-0.002571626129916793
-0.564576943347733,-0.09271487771992176
0.7020698785880397,0.6440041989766185
0.8632460107589786,0.8383286834642807
0.5647551564407944,0.6184647862502873
0.6620116374688421,0.6202703749270068
-0.932403609273421,-0.15017201577590172
-1.4145506513309658,-0.3811990268490622
-0.4077050933065528,0.18454707355895128
1.1975513618962126,0.8818920341605407
1.2540699169939216,0.9377698164181496
2.19939886669364,1.3188631159036996
1.923612185224409,1.2675620298562231
2.7000971849354585,1.5063102632100658
1.718857300205261,1.228333173143942
0.16311844039376966,0.3458733300190443
-0.27748366756084325,0.3124223574500711
0.12778847100232715,0.37709476582708795
0.6410557720617648,0.7830681358659071
2.0648625043734157,1.5261353964138509
0.6025068755003048,0.686993823384839
0.7550820429119587,0.669192154254804
1.1583147026491807,0.8659691452643858
0.7985113717646021,0.6488961016894987
-1.3864282176444958,-0.346527361245458
-0.09140770926621067,0.23193741445819355
-0.35051751317910046,0.11372038755665649
-0.23545068514112666,0.12481185927051205
1.0777227090596828,0.7778935239076319
1.4220132020741718,1.142491689316013
-0.5737204552248558,-0.0309178060309001
-0.4703268540901056,0.10724101847400729
0.3147610228673247,0.4472874111939328
0.895532353588633,0.7251907290703635
2.343682130385283,1.359151983275072
-0.21109227858572388,0.4187797157858619
0.4876088787919195,0.45661278731903276
-0.2981623273596771,0.08145430729240548
-1.1218160368239802,-0.30755329177471713
0.6639589551233568,0.6776759238149915
0.613479238804754,0.7030740794032371
0.38976220825783614,0.6715690471087405
2.254951624919591,1.3430497851215049
2.352667441585946,1.6743101358904675
2.110694263602952,1.2199112523982503
0.9398676766433147,0.8641304185173779
0.12281659788013988,0.3500652510770412
-1.1284305551942828,-0.14167922143373457
0.3191007261938337,0.3275272175245223
-0.2572440492623214,0.3361623006492612
-0.3765715300467284,0.10756359757198294
-1.6984365876832295,-0.36806940648240627
-1.0573296526479512,-0.06267201569111286
-0.34820712423112377,0.2524431000847642
-0.6769687723648303,0.005795337076348217
0.5727530725839485,0.5672158834904365
0.321174074481392,0.4493510211734744
1.736076249737188,1.2453407245232988
1.2682700298616538,0.9198304166170642
0.8494144638339745,0.7264216855568605
-1.4674756653190069,-0.26614134107273335
-2.704197937171995,-1.1889718174941128
-0.7478641885423222,-0.140328674545949
1.6919631036662652,1.1186715467241561
2.110794114364721,1.3315702551260884
1.570316959830926,1.156826330261253
2.524520938107773,1.6761648974206604
1.6316327858871518,1.1220293537820376
2.0361032838439255,1.2207324084611828
-0.4664133408737463,0.00881979028448647
0.6559211621934411,0.5712983694560321
1.6126789394614567,1.058003964389829
-0.7186044367802162,-0.1668762331541884
-0.3273277892862918,0.1187171091016424
-0.6847929661432839,0.06549299099376095
-1.6075427681183148,-0.4539164333516471
-1.8740218867574905,-0.6337943098139763
-0.8364657691063174,-0.026222898679074014
0.07686349754378652,0.22417479949101315
1.96592471057101,1.1668184818727674
-0.6844467014120579,0.05600632985062309
-0.648073262460436,0.04528210312028791
0.25265764762447596,0.35952289982629354
0.573842161719864,0.5613124799496738
2.2741570112395855,1.4211030114195538
1.7241394299460686,1.2018884605566695
0.6793755082280735,0.59802205766848
1.106359097071869,0.861821895049066
0.9671671026791955,0.7940628647720138
0.27211225635740505,0.37879942534344924
0.78904559598852,0.5959514346774382
-0.08192051194385175,0.20779665596461408
0.9934711177911233,0.7936382645782624
1.7598390857029778,1.2030803700379407
3.0020988919630573,1.8497245489824612
3.9806173204466155,2.4041494543794903
1.49784870588733,0.9758134792848797
0.9004487439540004,0.7166821174884654
0.849341563617331,0.872074582845118
-0.15879770028150875,0.21241144290764225
-0.8047495577675156,-0.05458154073312404
-1.289034846507442,-0.44249693782156124
-0.7459814131773841,0.03650511824124733
-0.003426016366010476,0.314696895910283
1.5339827586341563,1.0487464667335138
1.0004196357622028,0.5843117340870022
-0.8313011763706579,-0.3142033568076151
-1.848969680122441,-0.6673609878601866
-2.072274912405739,-0.703769992205695
-2.0426709189642507,-0.8106438927941674
1.1132683251670177,0.9713828256186764
2.1319723175102796,1.0345815453373
1.7841335037287211,1.2663699719541877
1.0231408714518975,0.9379123395145325
0.6458716870282742,0.4920085392992193
-1.2716814359892352,-0.43209228454941756
-1.2227235321837495,-0.4038899151499804
-1.6521668808552814,-0.5304499093905752
0.0559457047848857,0.4722794356171922
0.5023499056623051,0.49027365209521717
2.1572191389521573,1.2892999690999598
2.1123997971678943,1.3062019997085095
1.119867882861093,0.7774672009021781
0.8215167974369327,0.7552466173157197
1.0625076452018074,0.70865485942071
1.0782094888957812,0.8841555210845297
-0.6396975742312215,-0.067247864040901
0.9887756975565568,0.7907617241567915
1.9818383930656194,1.3341422794553088
0.1650608760466945,0.14470885690855498
0.3992174387782357,0.5218721635496092
1.7066233954582013,1.2163451189987315
2.1012119504537106,1.374223059941931
0.5149779156133852,0.5874531706973637
1.048454854783288,0.6740903579427601
0.045421612166757996,0.3390967379958183
0.5655337516325124,0.7438288594069151
0.01959336633144243,0.019683837958973716
0.2625998021320293,0.3642604049843255
1.622618692762378,1.213053810170566
0.8389049140070001,0.6786709618867156
2.417554496681057,1.6927544144981486
-1.1320493439772414,-0.273548006264092
-3.093250802682785,-1.2485552203961656
-1.2730746429638895,-0.3000347497447926
-1.1637174455300276,-0.2094939961579385
0.14877219539525088,0.4032119769146818
-1.054826333402554,-0.2095081846312448
-1.6640706475292455,-0.6109317568615287
-0.38458861520330456,-0.02818939959695907
-2.35562051106284,-1.0195007264271991
-1.4495045629902565,-0.4424341037623524
-1.0372835394242599,-0.3457052299695873
-0.02717726898436701,0.35930577771511946
-1.5829770632192384,-0.5020959779407764
-0.1428828342634081,0.20642458860281865
-0.6582679940558294,0.1622941525254083
-1.0988450326555856,-0.30098402197874563
-0.24098580604198427,0.12885444139586621
-2.4713444677553076,-1.1976339488502101
-2.3405986449271423,-0.875844172868798
-1.106447092208078,-0.24097578859303712
-1.5652316226964587,-0.4425667463363972
0.8486819151608918,0.7210707053254658
-0.07830939859702846,0.3783039974882576
0.15195908149440862,0.23470143674152216
-0.5029038281334877,0.08797208251004959
-1.1180129124860736,-0.25691892976632924
-1.8197763719860496,-0.7075476977194359
-3.2691799321272876,-1.2823215114302216
-0.4400736250818482,-0.019495671020007807
1.700919849343917,1.0349347819385335
-0.06204827919180245,0.3866523197242934
1.5789984967153634,1.0666046578500943
-0.12863813030551507,0.3844647236307611
-2.306234706737656,-0.635214541656758
0.9395355401564167,0.7284661284615912
-0.3738817433599748,-0.025805984063757448
-1.3966438047615146,-0.33529575716302645
-0.3325750655939542,0.25134189309117183
-0.960869326882277,-0.2308862614641521
0.6131206710587772,0.47259449748368243
-0.05137181592722728,0.23047707564555198
1.5060241365678533,1.0776653521644228
-0.40693171881231804,-0.08199415086170728
0.2644353687782462,0.3790096127425054
1.0006368138496815,0.929384464361757
-0.13252830985564068,0.40111291976608876
-0.4413306534968377,0.00452349598681942
0.23407845926855375,0.4029904691631031
-0.042172881690659025,0.4157755954590658
-0.7024166799566747,-0.0812203462573041
1.2411620956831761,0.9324995217050343
1.248435522579848,1.0120202985423608
-0.9771123421561914,-0.014249067628703704
-2.105135483065023,-0.836983131795295
0.2509015434640063,0.3606361861457457
0.7730815119507747,0.6712724900853095
-0.046249339480023965,0.3181719727009126
2.099889502503937,1.2008477901260153
1.7580786787830334,1.067216784123016
-0.5741706015921457,0.07938690251510232
0.5861896847500415,0.7235240806519352
0.9036977268496955,0.7064406689374828
1.581483483676097,0.9320439118609618
1.7705786483881196,1.2357417716652546
0.052948430038920025,0.2660404188354427
-0.46252308478578213,-0.12356288099725102
-1.0286291097617397,-0.1439636534218317
0.06255168541316813,0.48908036892458595
-0.2726986311221587,0.12375039031764222
0.06951338679377544,0.41026263880437497
0.571881402594889,0.5194409493268369
-0.19821846466973791,0.12737637229918639
0.09923247674485408,0.2336577748696732
0.408612492696138,0.5627576808552809
-0.2622147859817215,0.35735607243915635
0.4211259399306396,0.5610091126584963
-0.8771238779008426,-0.12803858848677088
-1.2470835220571639,-0.45750434294317177
-1.4119136770664729,-0.34852206864259927
-2.1471000247243666,-0.8565085891856116
-0.981063391105581,-0.2516696004212172
-0.6196713108039558,0.025482106744704157
0.7343908355562553,0.7647803120905594
1.5312799813582854,1.0895139586249774
-0.22502789000315382,0.1847926995109893
-1.5417596556833297,-0.5444111304450827
-2.719781531068824,-1.0329069532243862
-1.0227796397461968,-0.28547854318312793
-0.7444182292216821,0.0011313472978483757
0.17549900388417805,0.444949940984094
0.8779221192894572,0.896949289605816
0.0028016085649007483,0.20665384937849218
0.6669315342163961,0.5298730090149055
0.194207128163642,0.2159105128715114
0.6372187260546032,0.6942245413800124
0.21149709546433332,0.29231164173948193
1.114857226203836,0.7162541724808663
0.7747893044020695,0.5889383833754769
-0.2602039603740377,0.15804532918551134
-0.37195804510111247,0.09873439277148784
0.7948707984458916,0.6637447150045658
0.5017735972912887,0.3200715906461084
1.275960855303947,0.9575321337662713
-0.16452342483950289,0.3228413982876165
1.5014213906336544,1.2008757225342106
0.9439879578313157,0.580662006156386
-0.21306491515721881,0.10220319369467817
-1.659674600503899,-0.431851345184744
-1.201649247301871,-0.14888877118862914
-2.5849264570853165,-0.9156140840260416
-3.2453985863386086,-1.128204177858602
-0.9204112618891116,-0.09622526475348188
0.07661766598821196,0.3751116036235421
0.9006035307445293,0.8103112510257706
1.5902210917798887,1.016822035127473
2.038958950290586,1.1989508330180751
0.7369173698410825,0.5930679356348382
-0.9776930863199922,-0.18633669981146506
-2.8542655207004617,-1.0872265572192479
-1.0711597680700762,-0.3246636243454159
-0.6233412674759937,-0.0379256069742501
0.5503751364630477,0.4982848547927019
0.5249987843509878,0.5435957383555264
0.3912939218496344,0.5398272013890064
0.5409758997953362,0.49844199679937395
0.5029159426157351,0.42924603091754293
0.5677518109991887,0.5462921167334911
1.239202892204331,0.9254256301856579
1.666217185667639,1.0991715660538686
-0.5706699690598742,-0.05169355257176293
-0.06434939935191542,0.20264383594052465
-1.1132269447892167,-0.22564466556985383
-0.6687003251563933,0.03844983190194033
-0.3954007330259585,0.1647598470087308
-2.060695511000082,-0.6800840219056653
0.13075224802320862,0.31247076071421087
-0.47416225533184153,0.2287076029653131
-1.3503791493414372,-0.35825296955373837
-1.1949007904148603,-0.37628483395047146
-0.7180057099582522,0.004129553967316665
-1.2796122221500976,-0.2027302274108695
-3.5966279049919505,-1.4670177577432775
0.450955020636967,0.6860955278854199
-1.860588919508304,-0.5506896963177191
-0.10478014307229133,0.2636989336532701
-1.3567768767934199,-0.286105402747108
-0.5387922876440641,0.08239354137726815
-0.8706558047464261,-0.06576700393701736
-1.7341417828468364,-0.6068515795816938
-1.3009640694248068,-0.2450183371978965
-0.3547152531844435,0.20520072598814393
0.8647753715198194,0.8154126179941649
0.6423722185763738,0.6164792867318165
-0.040481451927397716,0.17345757456816518
-0.08465545284695236,0.3740644162541462
-0.7849272779412262,-0.050298406819268414
-2.264260455990163,-0.8765953334618329
-1.093610498993275,-0.21347824772584864
-0.8967641037553407,-0.3193954236456433
0.3613350546224601,0.33005792387153043
0.264560206348164,0.44847324617762274
0.9691507921076177,0.8476351423849794
1.3169255552709167,0.9703396005999039
2.1911233460162687,1.3562767156588684
2.200842531811337,1.3249627588373005
1.7512049311584394,1.05588692908143
0.6998048785498927,0.7055867882319917
0.2996122627505547,0.3948598081565757
-1.7996522466442388,-0.7876353362657407
-0.43761189247962196,0.18264341931803593
-0.89769461188449,-0.24095931162186224
-1.5638461078354702,-0.3559165832557305
-0.56036991567108,-0.013938407788819114
-1.7058039472258288,-0.6119402425964076
0.7925158315555125,0.5539307793491208
2.2413913211905774,1.5169576870707255
-0.3045514167769927,0.11668965214565333
0.3872813019577428,0.4679699008931234
1.8710303590104327,1.2574911175721022
1.8212649804019343,1.1997461848975324
2.458091311913962,1.565120732424326
0.5686750602794786,0.7175875498880744
0.629042305464298,0.6226830961141335
0.43310399664094784,0.5670676188304753
0.2667224780450682,0.37068336429917703
0.37918736917348833,0.4998957707541336
0.8596556112907591,0.8663956019823688
1.3192593530867196,0.8463392411228254
-0.10963563652596842,0.30696443060593537
0.12534354291236288,0.3388444746286185
1.276692921380136,1.0634275346719124
0.6104072717392832,0.6308706394844578
0.7386601364651874,0.7212974707631006
1.9748869229295325,1.286820032253189
1.1910950578355608,1.0021881732376285
0.803117117690374,0.6562847171127066
1.2869615263399798,1.092163618918498
0.2480266428612341,0.4902204614464606
1.0782090138265963,0.8586298540427364
1.5567865156228078,1.0050675945787801
-1.2216182742208597,-0.49358584939288574
-1.169439001394324,-0.3091918830738103
-1.2098537368096587,-0.496858224827078
-2.711233489692944,-1.0463865970823987
-1.905092164612588,-0.6928054676580425
-1.111464907325826,-0.14285317021487848
0.8669320706208767,0.7194965213641324
0.06015194962671189,0.32136508693788746
-0.31640574830760365,0.22428664988565836
-0.13001437496947987,0.20369497772754053
-2.5607211582094624,-0.8986614119917895
-0.1927195674925153,0.23343080444679304
-1.4262489980495403,-0.4006981178424896
-2.4103625324437705,-0.8723067788419794
-2.2563392365762223,-0.8411190638463835
1.1205837310984128,0.9077159865920524
0.5777789634161199,0.5792544038936698
0.16989793413240428,0.3534501313458215
0.993836132962092,0.6972060394356996
1.4556608114480363,1.1039309111122761
1.3787899414688858,1.0050109785396555
2.6468318776688347,1.7064511754481129
-1.9648601418570935,-0.5536271940797046
1.6188207231574396,1.050265991232345
0.40790319574108236,0.8259868411347461
-1.0008888285993784,-0.2536709766749169
-0.9283317205632718,-0.21157677123263663
-0.7015084253752775,-0.03328185246835533
-0.13921015178536533,0.2167939769480467
0.028919144172795508,0.06715790213586037
-0.5997718740409977,0.050487535656938934
0.5756179230629933,0.9239795567805029
1.4004636652527722,0.9707552616847106
1.3239935639117348,1.122869408376766
1.8649481315029923,1.306221194657827
1.2152456768955013,0.8514128915534458
0.2864048165571442,0.43339193847704616
0.2125435263009513,0.4290213540454949
0.2415985307450294,0.2604753638340259
1.1928839730103151,0.8884871972755982
0.6509061139962685,0.5891006811685556
1.1492557057366557,0.7850027919191963
-0.2976448100663245,0.25883361981809283
-0.9962050391920444,-0.21219172270764708
0.040712089687271025,0.14343877024010526
0.13260568973992376,0.29388889443476657
-1.8579705193894065,-0.593384010084695
1.1696936319228992,0.7515234338279202
1.1561959572871539,0.9517572818595699
1.232315228032753,0.8603555019602259
0.831834741040228,0.7861780763314159
-0.770109030279691,-0.04623879600680744
0.6218859778078359,0.46646218182867216
1.3649822156251197,0.8113332946765052
-1.561573889676485,-0.4223577235756084
0.7231119760685636,0.5169231579514945
-0.7611553727083852,-0.20331321341870834
0.06973076399219236,0.2545730708167944
0.3424471229703786,0.5271156030687681
1.121454766360447,0.8430382773741671
1.9937448149509192,1.1471935612182442
1.17736877639253,0.8292025239518047
1.247916021199291,0.9144408912153681
1.0024499556489805,0.4692594669009167
-1.0019821575818253,-0.14476361087571293
1.5058506794265558,1.132634672396649
1.4725769563167248,1.1007392846079413
0.690177429240663,0.7942391310631589
2.7592173423305573,1.6645570488817574
-0.30877446728099156,0.17295856350178354
0.5553569469900701,0.5467518787878296
-0.5424669092801567,0.07943702344996402
-2.670304057554196,-1.1874090240463366
-0.7319623300049908,0.005097211777692609
0.09708597066247493,0.3397878004076182
1.6389940627212503,1.0742297779752594
2.1460858325381533,1.3580615299544232
1.9243702315526847,1.2895254894564208
1.0234852232111642,0.8792801196669214
2.0200600041508903,1.162427610909791
2.08481861719254,1.287938484238929
2.4422547410739437,1.5219881722244208
0.404760632777196,0.47714056887028256
2.1212145456317244,1.402208009265901
2.792307213419324,1.6455816604427982
-0.8577792678256297,-0.29222647755588665
-0.1516660780633622,0.027642637589738284
0.7571820155525688,0.7701941181991014
2.2360187313178463,1.4401686890563585
1.3146790138348852,0.9994272985475281
2.194357413746915,1.374190649659171
0.9544436843055942,0.8889237961705202
1.2625386455026208,0.9801003883641669
1.2370296413237076,1.0977655928757464
0.9133971073694106,0.7763153139259904
1.2897763103086135,0.8907426925002263
0.5155993101757088,0.4389736891049899
1.2663531843236595,0.7392334511170529
0.5089943030944792,0.4856165307712259
0.575121056981374,0.5891393168944139
1.0021989580109452,0.7636523331263338
0.3986615430951229,0.43406468718643326
1.074243470612544,0.9357875917447761
2.41708700924296,1.4346181543326748
2.235230707503988,1.3784883245869421
0.5813993105196893,0.45781672580150173
0.8775753643151843,0.7843294050329577
0.11883224885697574,0.29366418161396585
0.8800285370186134,0.6456965555134804
-0.6295276743191776,0.028701327204894045
-0.25177020445308756,-0.08335614610063566
-0.43981461032895186,0.2814367440840902
0.09460491848253244,0.36030598353171345
0.5824043716786141,0.6038769840624311
-0.13119857524168888,0.17062028053584755
-0.41608232855325666,0.16668003263914893
-1.11824305848524,-0.3566448505465932
-1.3872920772731663,-0.42231235598434885
-1.385395750655579,-0.2884865148906087
-0.8458549213347022,-0.04995203238884596
-0.07499045846839059,0.14580891107610233
-0.662591631350111,-0.00903685458054812
-1.7121379889281938,-0.7690383034779396
-1.5799887233150174,-0.5154163864605409
-1.3057987236700943,-0.48444389430009793
-0.7690899463035409,0.06567940688472326
0.5572688840364111,0.5884959290317052
0.6493386331935667,0.5267416319550121
0.24591002428847947,0.275889311200899
-0.8452422288170006,-0.17333342199821186
1.5706955899791213,1.2390234459834488
1.498793188480355,1.084279493927222
1.7476900995353324,1.0966442885339247
0.7709128168766434,0.7080328879892301
1.3420326003480427,0.9255496830843077
0.6175215090775659,0.5844060359501764
-0.862628384847718,-0.06384593304543469
-0.10833122826570973,0.4615410062162031
0.5261444596617949,0.6413934942882172
0.9566906309283894,0.8151005167762727
1.6132469246780303,1.1890362577349078
0.7649673183850252,0.6684294518117341
2.819903331006483,1.7796441642277656
0.3275713850540787,0.40631428882357734
0.8412710297467147,0.6942131833825582
0.9598283374070241,0.7912135828329483
3.5706290724662644,2.1222540540215586
0.7631703086481502,0.5559034424113631
0.012375628896254098,0.2022396311094808
0.8168518859842789,0.6976216234400209
0.6091406218182038,0.6581280703417604
-1.0974866605334501,-0.23338611023014252
-1.2493329686877268,-0.5307497971598156
-0.5275170437859563,0.2646219319429376
-0.20349209962211018,0.2101194499371877
-0.30208517423779757,0.10980148424675384
-0.7087577931602975,-0.02834036390283886
-2.0870817915883806,-0.7164697694174783
-0.5226777955309982,-0.06486212358188741
0.6028769310305442,0.5243403570044745
1.4185732663173174,0.8948945486755655
0.7736326311006962,0.630167124649371
1.0799862211085554,0.8957084598610501
1.417632589283988,0.9161365458309442
3.7286580069083617,2.119631258156188
-0.18595908669518058,0.2952095644924449
0.20820383503768433,0.2524241044731428
0.3415966982178711,0.40810406607315
-0.3000452300737359,0.144045919368017
-0.7258832835184583,0.018209047138106713
-0.6094915753367277,-0.14141204870781462
0.7193649275740431,0.6489310922813329
-0.0544989083354116,0.26413249030849106
-2.449342687885553,-1.0373162132650287
0.0633021175255628,0.30151972642620567
2.1274020822302484,1.3507502696904736
-0.04227775129231093,0.2850057551024492
2.3992162686868905,1.4885016365469725
0.3743232829409471,0.3955475281871984
0.8273286585725167,0.7240264920694617
-0.8166643235891191,-0.0848655058061239
-0.7604423673488835,-0.11738189345472609
-0.4510504886117359,0.048540790079917955
0.28750404516486894,0.38733820825291343
1.32036987614349,0.9083053855524073
1.034325104587198,0.8367101287959385
-0.28433593112101907,0.3383257045871473
-0.6836281184542241,-0.054702458084897855
-1.2519256711625277,-0.3046128075805379
-0.9645479188964059,-0.24091803050665625
-0.7338515803681833,-0.08843702723120783
0.730911424935892,0.6294268704580327
0.7336297095459937,0.763425343847684
-1.0459812646182338,-0.1947819755743082
0.3434232779311488,0.4333244349039189
1.4720126789304286,1.0555326659269078
4.000053065904584,2.190878920695807
1.007612106150411,0.9398464797135077
-1.1496460704305713,-0.3000886342616598
-1.6457246936691465,-0.4617282922926802
-2.385136056363435,-0.9564470652433088
-1.1761774292034666,-0.24959423753521912
-0.24814177575877805,0.20629041371446385
-1.7351420094153016,-0.5133104511595353
-0.06634084773836524,0.3548392561310436
-0.7738063460217991,-0.1162184455061106
-0.49405569831615015,0.12423994695695106
0.2994634519447014,0.6417257429307105
-0.36234262932839445,0.08498003518797467
0.622161934512119,0.5983625755181513
1.2785139112500015,1.0084696323941684
1.5642771851944084,1.046907298398146
2.026804255285724,1.2789837271967823
2.7338729620876325,1.7744640842038644
0.9466286485832545,0.8290435325416363
0.9848701162902836,0.8606493435165175
0.7733109402963982,0.7635992918023323
0.21584107760546967,0.34851070453909355
1.133603901288426,0.8658777530026761
0.6601749123687071,0.6242194882908915
-0.5968002616308724,-0.10836299624771505
0.8545562686232729,0.7447358186932816
0.6848762634758087,0.5082453659466468
-0.333330151459316,0.1631359117745447
-0.9941791671623701,-0.2738624867410814
-2.911811803763941,-1.075259394699174
0.5363019174743209,0.4858000071641936
0.36800479720699814,0.3285027652475161
0.09867904868946709,0.3211650110056646
-0.9073370098802103,0.14804886699141778
0.8568418590092508,0.6013966938692203
0.9385736030436935,0.7808779459831559
0.47074514390560146,0.45870549205303146
-0.8140445675470511,-0.22952303255766632
-1.8969383822401018,-0.448126014920668
-1.4129461510755335,-0.36622626080133963
0.5719736887192802,0.6098049606626302
-1.06305756799665,-0.2405818907050802
0.23702608582550455,0.33779860898570596
-0.8307483798474433,0.009449371362454273
-0.41396886501750046,0.0033987980857370925
1.078818143771167,0.7709037958396017
-0.8150147854762181,-0.08101154536667174
0.9971593360746677,0.663346594402437
0.28897571011094575,0.45015574165370115
0.969356292307266,0.5770209440648751
1.6907432815523733,1.1793020589709147
0.5593081951092209,0.6561496203496657
-0.851210309113489,-0.24315998437121944
-1.7601242084334388,-0.5920526388627733
-0.0868254886315254,0.17706269739898634
-0.852762546628036,-0.061665880833063264
-1.5012332873763725,-0.5157633271943629
0.10388380695079957,0.28624477755364147
-0.7775056881996985,-0.05279552096157715
0.13279593878114493,0.42766184272103036
-0.24687861883437281,0.30787155638172126
1.0835871953539384,0.966593010559611
1.1501376622954638,0.8438673019525379
0.3829386729794309,0.4522500426402381
-0.1415637402883237,0.3059668686733771
-1.4041383981270297,-0.3362505322721344
-1.3535671740418251,-0.431308213874758
-1.6206468888131371,-0.41119425395581266
1.3440764931103528,0.9381222137487033
2.010558254266678,1.239096477761708
1.3035430583466208,0.9738022121575779
2.4249432154562744,1.50744836004273
0.41843265768716775,0.598061571163433
-0.6289794398789579,-0.010295683086493626
0.9690159773035248,0.8305280543394655
0.8068878158913594,0.6022675579464627
2.028097778495759,1.3678109787346058
2.1703954616255787,1.5337719340141351
1.6508651517229471,1.0890075539368462
2.0669251234428034,1.377692020720648
2.0708160795671113,1.2860397601711469
0.855243138373746,0.6910745883365162
-0.618796586684895,-0.14488949194866185
1.3997374830554143,1.0857368790000401
0.23333717465022863,0.43704325788712034
-0.10584519285933275,0.2612240643969383
1.7197428179000271,1.210585057214688
1.882459485968626,1.2374937357458022
1.9805346380825326,1.4398215280757136
0.4738903476090133,0.30388620338919126
-0.7716226922599652,0.028593200982793582
-0.7563222767796733,0.026170539534940016
-0.2627160523719293,0.16555397269442512
0.44569829410727047,0.7079392150405449
1.7416429516219336,1.2753636398350718
-0.5005802303031244,0.09096516042734597
0.3311838846499189,0.6098323869269713
0.18929369541331503,0.3817955706689173
0.29812889896525085,0.5275470865440033
1.0887740127467591,0.7024512706074684
1.9232220659359767,1.2279815300394765
1.427680162374522,0.9349285223086383
1.7878607744627952,1.1508403603999038
1.2736006472313577,0.9117098369289425
1.9901608211963242,1.2276814892311447
-0.21093140619645978,0.4832040287352194
-0.6207976522985046,0.07603196912864824
-1.2279862619319886,-0.2585208508597906
-1.5916536216952437,-0.4310824851476926
-0.7637375799118901,-0.03685365164132902
-0.9380409500753157,-0.15386413531419496
-0.8252554186584947,-0.09266152297849828
-1.6219579707037681,-0.6434235208492615
0.5756799557867052,0.4944362770765362
0.22552561777168145,0.30577647385246387
-0.7959850482812222,-0.31661226269186166
0.6683647307813924,0.5837388686500243
1.8700901898326197,1.2047258235435763
1.9981450659007147,1.3090133439720024
1.6960477921700128,1.218056346910596
0.036547136501340116,0.4375782005626647
0.9585625739324541,0.7181739627949663
2.1174014607184093,1.2816345356667262
1.622386429530071,1.011434384635998
1.129684552054615,0.8521832444749875
1.0222418572067933,0.9157285901367226
1.5380252253325608,1.187672433858895
0.4324972474019967,0.6727974758047454
0.7153554998666569,0.7297769818435791
1.5353104792470882,0.8824453893258196
1.689114343214005,1.2271269449137638
0.5515398718919721,0.6187709869262545
0.7739512058147124,0.677238301407021
0.48111548904233414,0.4765697874265048
0.015064786671447727,0.27808737974681597
-1.2982862922167904,-0.2805252513771065
-1.4209196307687055,-0.5643441132618282
-1.0893820561975933,-0.3023317760896307
-1.0406753795195367,-0.2843611891758241
-0.22247887757536655,0.11855115867529581
-0.7711201155720169,0.08272291316586783
-1.4562283127782323,-0.5130800367239894
1.189025813747754,0.7838992410611523
1.1388406073097763,1.03618086911211
2.042512257566808,1.3303680810346898
0.8456397740511994,0.7298038087892622
1.3124128527496,0.9387383582305736
1.6141858417935198,1.0994958700963395
3.311509791992926,2.0605613666536557
-0.756114264732693,0.08354435860151183
-1.4646675065957164,-0.6333690636055782
0.3214137834866907,0.3706072052247976
-1.471394312504601,-0.3644316271917948
1.5329478675564794,1.1310511530549339
-0.09683946485407291,0.06912354216147062
-1.221087575965898,-0.3332259853913
0.46370769095220377,0.49087239385149306
0.19857331630788222,0.4636882134737831
-0.16497545750272594,0.3780339033727544
0.3657265010659507,0.31417402400692857
1.3804661807693006,1.0430467380495747
2.04723634052142,1.3925461835626811
1.2543038924679346,1.091631997201882
1.0103769676724599,0.783126650777648
0.771790510147556,0.5545248224222769
-0.4183916549031548,0.2153794009315007
0.7050602281854381,0.7729902358249604
1.5969311032378766,1.1201818104811077
-0.5884927215387812,0.027784763650123494
-0.526869793144106,-0.05705444247736011
0.8393874250684632,0.6835985225120736
3.652234701725007,1.899406147533592
2.2782110340549973,1.3870811703346921
-1.0266102664399872,-0.20130454241142978
-0.9461826370037099,-0.15924724772232648
0.2256506358625785,0.6515026680900865
1.4409695467423902,1.0112200355344334
-0.706983242208875,-0.052734238893448665
-0.8518001608227862,-0.3053996579336016
-1.4273173131033072,-0.32603280236446286
-1.489018631973019,-0.5638407949866979
-1.545958893184602,-0.21229629719830195
-0.2521312838713188,0.09200556049370878
-0.8384617677668667,-0.054704481074344266
-1.6867757688796328,-0.42094441560788415
-0.38949436103475543,0.09594440120118777
0.22989582805151237,0.5807358861407197
-0.3627995844063886,0.02623608465399696
1.5047726383048716,1.1113403445155787
1.647660496095656,1.1763365557601153
-0.9483965435635249,-0.1890784218533148
-3.229272634048151,-1.2985554338624359
-2.501062327739362,-1.1040379464960666
-0.282252769219262,0.14713242421135794
0.8707816312942993,0.7966099414853484
0.43259577598166277,0.701375617665817
1.7766895030068979,0.9695831553360117
1.1834452220838225,0.8986879514909275
1.196716710060372,0.9172821832562246
0.6552731966341236,0.6673510306400142
1.091823970070436,0.8298543881085252
1.384513126420849,1.0814169185178515
0.4037842730452561,0.49034572379077507
1.5477023558154839,1.048837105333943
2.3765493114823046,1.637398938361725
2.8487155730834433,1.7915346077050422
2.2973043958874575,1.5124885883264216
2.284128893190004,1.3416251705514364
1.176722631996825,0.9101634221682651
1.2841876505273535,0.9502153769634191
0.807970026115753,0.7554596371631538
-0.7949525205208349,-0.24190954630873007
-0.17991491879029237,0.053916003547937075
0.003147066456002351,0.2218753058114708
-1.6097269954056233,-0.5066575114042793
-0.2611124594349731,0.08220520446586188
-0.5249592439307624,-0.028938843367119035
-0.3109239894563333,0.22501282243802478
-1.2754858303629972,-0.35171034257151945
-1.366575463010099,-0.3319396205770962
-1.9221000129386314,-0.6327409322299997
-1.693299619121416,-0.42809030518210905
-0.42781544004948513,0.20729970856956603
-0.900632290988099,-0.08040178285661122
-1.366825995671371,-0.33448183207060606
-0.3407177246593096,0.13326620797936606
2.436313045548486,1.463941121185092
2.0422954236574196,1.439861030336363
0.4410829058494268,0.31438529226630985
1.3227088947112042,1.083914137014375
2.0102614133099888,1.3090014334206543
-0.7792827016136885,-0.18879371780137377
0.3777750837132846,0.5817116167831156
-0.4588702915290183,0.0365344776980022
-2.899630405698903,-1.2588869839015189
-2.1624786954336663,-0.8062526444741327
-0.565705220306528,-0.21790022532076264
-2.1466497035755303,-0.7925966094717338
-0.713564352034792,-0.22486733065022865
-1.306257012428418,-0.29764785655483333
0.2307652778540702,0.5332898787180996
-0.3054159075967684,0.14031089947166242
1.0847919586424197,0.6832656619004802
0.09659993902481279,0.23546065550425177
-2.21763654188031,-0.8126484297129161
0.10992003475102474,0.3748825912293327
0.543039190028262,0.5069722873437309
0.514473436061083,0.5893156227351934
-0.2884367502186036,0.22942452008619202
-0.32534583723969523,0.24097241443130527
-1.0030950996482038,-0.28900113465469807
-1.062343967374383,-0.21851842759162454
-0.870073167549941,-0.18612918634881687
-0.6866997170806226,-0.18738615652332433
-0.8492406051933373,-0.20714145316978586
-0.017403093611802145,0.3019129880081906
-0.0171669170994355,0.26854577171267247
-0.05746121341539981,0.0050344021223582835
-1.3309400840235222,-0.3674929844165669
0.22051824511527407,0.3233555937708593
0.5547360974255006,0.5032009941790471
0.5741560575176786,0.6294762663801788
-0.6037400193405535,0.01595949581221241
-1.2480822059437924,-0.378856367702897
-0.640726594574432,0.0594408449320144
2.732726319858064,1.7070918632473011
0.9507356655411745,0.8633050120802103
-0.7451573634801811,-0.1919745014807585
-0.7333122829969696,0.0620082136382705
0.14192917616887546,0.5750555697403148
0.4691563860243455,0.5389139908682333
0.14774387460321842,0.3495281488663956
-0.21107739094607667,0.15497618668748295
0.943995444840588,0.575990888427553
0.7747094261539004,0.6310907936017227
-0.7416422078552457,-0.24605536706961165
-0.9898339294535035,-0.18452644410371682
-0.47125123219964854,0.36099255665339613
-0.9255589310955963,-0.31162789720944595
-0.7528593801415029,-0.07681648270815884
-2.3673680071294307,-0.9017144001813768
-1.5683513791177166,-0.3518907109324232
-1.4604387301635717,-0.39263632471270515
-0.11525126676842512,0.3496359617266773
-0.15468259957503083,0.20429512441375522
0.07337085738707802,0.34427530727423705
1.7335616728295182,1.1616567535558118
1.4582573489349118,1.025386899200034
0.5360303884131633,0.4689013283026793
-0.26238855008133233,0.1872432744756005
-0.8922943325000205,-0.12130020382134629
-0.600503571348932,-0.02859789675024893
-0.29615550632393883,0.18179235274580102
-0.5289052430753277,-0.021786604973730472
