-0.464158646765017,0.11947261786800936
-1.268833708852204,-0.3232403962742634
-1.3307466590079562,-0.3909718335498808
-1.555912599044576,-0.4090608534333171
-1.3502624674922035,-0.4975886495243079
-1.3979929185478082,-0.31673424335458317
-1.009454113213532,-0.1278512744605879
0.23668114923116967,0.27409294622709407
-0.4143626359146093,0.033978366664027315
0.5688478763231218,0.519847109700824
-0.04040403285452154,0.3512929673333636
-0.04902517401305395,0.42372858822447745
0.3871511333976991,0.4047476227905125
-2.0552131239246423,-0.7267661068671788
-1.9754377638137148,-0.519017052184719
-0.7950008163657513,-0.015250014686592261
-0.7210257779980633,-0.15447546460695116
0.8781684017035251,0.7155942564639433
0.9181671066490509,0.6731659995361403
2.6831211345717043,1.6174105572695112
2.9464411857303263,1.7236664280366107
-0.1005299079067723,0.13257133995158094
0.7054565826208957,0.6952473721724342
-0.12715195285068448,0.26314584012920217
-1.1827175632977676,-0.20189059611134216
-1.3356910867587564,-0.3428362923445416
-0.37461769593869276,0.052164113133093735
0.6799640591891688,0.5599304296090033
-1.3234207148249024,-0.21710939710867558
-0.373770344749799,0.1736745910875525
1.0093706551597108,0.8413742633564456
1.6691757190470053,0.9899718793588513
0.6810897214989595,0.6133518151325112
0.31109970185639174,0.6089587228425242
0.212117744027805,0.574925799102765
0.8233027162627378,0.6100410650953066
0.6027356509576407,0.5027405324559182
0.7781968736581976,0.8490305056692812
-0.8493432433400744,-0.1909369748192038
1.0275833733764477,0.8551770853646571
0.8628247825952198,0.7176940705452236
0.03799153490706875,0.37579136531314244
-0.3687248175755753,0.3680046108827814
-1.5373354425844499,-0.4464199152062741
-0.9567316317343507,-0.1693996319862055
-1.7372427355311082,-0.6849064797757032
-1.702028296282379,-0.21027502861060898
-1.0302654209806619,-0.021827182440450843
-1.8073175502682886,-0.641805303751889
-2.5092120138987806,-0.7955115672299228
-2.132342710932832,-0.8842580760294717
-1.2272131151445669,-0.37792313328976335
-2.5525572150959457,-1.0845043783520294
-2.851494956071547,-1.072389367061736
-0.8602907911528876,-0.26737344257415596
-1.4347344259722348,-0.4415029469663665
-0.48903014600882455,0.16532214032594478
-0.528110769224141,-0.14611283738663755
-1.4511933408085682,-0.5796181612288591
-0.8129695375583819,0.039373419424140216
-0.5583878505440251,0.07546437394563545
-0.18009203808680702,0.2040939356186936
-1.2383529338495287,-0.2614265352936427
-0.8570487683416129,-0.30492475790919626
-0.8417374391221178,-0.1469086852614042
-0.847022740663719,0.07068971387552273
0.7590946728906904,0.7321473421623709
0.1394303994217364,0.5163228791950927
-0.47345788733184396,0.13880242954606706
-0.40512187541483613,0.116854438255133
-0.8423234940462186,-0.08473625642649255
-0.8957995525251808,-0.20046977512845884
-0.22858960437000608,0.02227501658584438
-0.2894419699607618,-0.02410308056307417
0.6562533880926791,0.582866068511524
1.5881394457508073,1.03379477389832
0.9940585764036256,0.7080600283507908
1.532140695992518,1.1232734641163666
1.2338461962684444,0.9981131798115912
0.33173615868116846,0.5251515494359704
-1.2374703078488596,-0.546510104392641
0.5600839601038214,0.6034598694072965
1.5488115689171176,0.9444037064563713
0.8044457495160808,0.6313579931675017
0.4453214023590212,0.6380267112479642
-1.0061673376568598,-0.32551609679997345
-0.9697777817152553,-0.1854264223738485
-2.120345709262981,-0.7738945646646235
-1.481196935513402,-0.3624324446972344
0.6582945251130035,0.6615679515379788
-0.05405570554876449,0.2780001850554605
0.061816465651107357,0.4559699063967704
-0.37264096860966855,0.11687107510899408
-1.3194257755145733,-0.45772217802125453
-2.8056749033301847,-1.043050836242846
-0.9750295431904595,-0.29260912607329886
0.29416154783935433,0.46429311664344375
-0.1531111840534788,0.19005496624021284
-1.5669719341091495,-0.22944888488530846
-1.0211405019389286,-0.1439588289587766
-0.350726863358667,-0.11065595330292899
1.0557091028513215,0.8147937393906494
0.2935788683304287,0.4522477545369141
1.8560696442262274,1.1753062751185384
0.5279229189735604,0.5514511762786408
1.721236608353195,1.181139291349366
0.7303720040857169,0.605399050761013
-0.8176665095982473,-0.06147573966494775
-0.4994722198865615,0.08630129316013602
0.8581565755120224,0.6876704023312061
-1.0780476280495241,-0.1736288392319026
-1.0382298116408846,-0.02979212546264834
-0.9906067296583226,-0.09699073263722492
-0.260036831760563,0.24640470930845892
-2.6276075939436745,-0.9769490094471558
-1.1027206336840711,-0.30165629526021936
-2.9246685747259447,-1.1566913889660908
-1.5484836930319474,-0.49063360804050205
0.06432011678459604,0.1919931712573639
2.6808277577289448,1.798008382864059
0.3782773420244424,0.6228543385638301
1.2894654920062107,0.9447870790407329
-0.0799056344784067,0.3780884466780629
-0.3649561793166423,0.2705322169551139
-0.7707591082176404,-0.06734323750841462
-1.7099195606006494,-0.3578021364157978
-2.470678973631057,-0.9182598170574645
-0.530184664255632,-0.10476811429275779
-0.7674050011098207,-0.32220925963243163
0.4726801267493953,0.6387793437978435
-0.6781983374985192,-0.26034005747169014
0.008362836154628295,0.15490882255701888
1.7264437665422803,1.143710261809132
0.9721785921501087,0.9260912454254392
1.6874898989068496,1.220038151364821
0.1390378213455823,0.337404953614216
-1.1367599215368358,-0.33857508770125766
-0.289281728304861,0.047264066127180426
1.879118793079255,1.1999185853586876
-0.032363981161208644,0.2740648908174861
-1.5788862689782033,-0.5126156849788045
0.1789656725742641,0.3986363393058462
2.0556929319266897,1.216907922948651
2.279977364474438,1.4812564992682051
1.0003728104510028,0.9043403025765158
-0.37504576468950235,0.08101879778280731
-1.2658642186059255,-0.34228848283697677
-2.6026383296891247,-0.9114510051254507
0.021168504558437773,0.2991088435760543
-0.1801634682792682,0.3721146941966528
1.048510124263028,0.8939774838031903
1.2881449162855172,0.9324853796006307
1.0285473158359228,0.9554260180928067
1.271022366241416,1.037200233607375
1.9617568688428522,1.4213688364857944
2.154528425403874,1.5147223050781813
1.2161494614591735,0.9593532260858852
-0.08461558132957647,0.2619177163010218
0.005860090796966505,0.38737267989892904
-0.7771608898230313,-0.06882815840852212
-0.6029446279570336,-0.22933500146699318
-0.29352900218956535,0.29238920109710154
0.023486881161962847,0.41778978015901275
0.2724834255120407,0.5322188429412756
1.5916814832819843,1.1655137462654106
1.6310225796129494,1.0902028349652568
2.655629503170215,1.6776637180842908
0.746388292891359,0.719814058704007
0.7352757246230722,0.6405681225178225
0.4252446054489012,0.6304812663533229
2.3479514609707404,1.4780384898520569
1.7744836578597,1.2245643907525612
1.3509367397494452,1.105495905189625
2.146028277470027,1.4350028419641232
2.2533123188766613,1.437378870604487
0.6770062211008696,0.6907410258184944
0.8259245649656975,0.6812989141800114
1.0322926460816315,0.6435660374980448
1.1664438776390729,0.7851609076098673
1.5433255523386673,1.1248255664284645
-0.2671088664529776,0.16357834191816234
-0.17708773933655725,0.29648521215419127
-2.1335290187575917,-0.7123084545220572
-2.2344013180099,-0.6936979721733451
0.4022363517818148,0.3381914968844748
-0.013520298613102943,0.20197255602564823
0.7228550957881617,0.6068530766124991
1.8082892057744508,1.1515673207502406
0.08823897790478308,0.20551925185004744
0.1271223624512962,0.2806675732669068
-1.1601624528628196,-0.4328891611151465
-1.661861746608493,-0.466787007258258
-0.412568455294814,0.3124837517167025
-0.08373246719271371,0.18861522085539267
-0.57735253599676,-0.004445527570516413
0.2720540150474725,0.4487777582880292
-0.047589019629463436,0.1413668804976061
0.1941683350936303,0.5235408519815062
1.0056324866589268,0.831312259019396
1.2008935832929206,0.9092697852054689
2.46193025871173,1.6169662139328953
2.626406617530808,1.5766669910159108
2.8803116192732987,1.4995621970365318
2.4880493595630115,1.4618155560381532
0.7457985142880565,0.897723833617802
1.966200067927919,1.2280383502249483
1.4756876433083006,0.9502155017074334
0.30536640035039775,0.369846316725777
1.450831865481082,1.0222452466789533
0.8564225192364554,0.6969449168103591
1.1814513125237653,0.9125909702001879
0.20960776267519066,0.46858788583271843
-0.12718002956207242,0.34980043080093365
-0.8346577350517772,-0.07747446194097923
0.035680075342656714,0.23900438791404643
1.16269442322672,0.9631330637009475
-0.517803386788467,0.04858124786509859
-0.6229566067419132,0.12185346551167214
-0.5712190188137322,0.01732982906140878
-2.306334169319533,-0.7417022358748185
-1.0291462412885453,-0.12157261937404196
-1.8396979174829227,-0.5736858372139219
0.2264670563090343,0.33728643448471385
0.5633421560950509,0.26204583819785043
-0.6038862668971758,-0.2847389514858127
-2.0675260723473996,-0.8526404038642459
-0.11824302876991055,0.05357739900141198
1.5313353850333842,0.9948995840856129
0.8169807483858884,0.8029512187581648
1.5030917635159942,0.9006734883918706
2.234404397963371,1.540198763434604
1.634899681655107,1.1306235989256048
0.8324439789852742,0.657427125125841
0.8671853463930989,0.7522335020284945
0.5160083799732259,0.6928196798178583
1.3045423732562067,1.0907966157279403
1.1193210800149298,0.9233820016001723
0.6586594459012826,0.4915110610865045
-0.9290298729677485,0.024190509801423288
-0.2589964204946208,0.25903783337624536
-0.48969755933134457,0.06057417869485734
-1.1134677023794972,-0.24362803959970242
0.6000828774990198,0.3264439366668866
-0.33869536259224287,0.17686147836064908
0.8560398706366289,0.6797406739756967
1.3931166480414172,1.0055464555901725
1.377714039664708,0.9980156524307422
1.2669343455494433,1.0821827221200457
1.6922078844541977,1.2753062295107367
0.7361325089817528,0.7334428613736244
-0.4551268599614836,0.16368358281492384
-0.7606465451045678,-0.0422280610475147
-0.7651027408367194,0.0894048242747062
0.09673090425180886,0.4591990200042436
0.07128805719242082,0.11643852159174037
0.31183019687735913,0.6220160453215788
-1.1004400767851243,-0.2460552885711213
-3.1747689374012222,-1.4265386276594672
-2.116858679172514,-0.7033195650487761
0.6953235416069501,0.8376415243258377
0.9403014609393037,0.6505426770335376
1.4509307019613782,0.9685556505431487
1.3746252794186056,1.2118586659870854
0.9235085084401852,0.5726525319060345
0.7153879379994177,0.673267323224983
0.9789435894269091,0.8576183217247669
0.20199422350824314,0.29212431482021856
-0.38406737357016185,0.1271293755090517
-1.1322601653336255,-0.38915150486615147
-2.240333750424203,-0.7354928668022787
-2.6570360465464002,-1.0996437026892756
-1.2116010950060627,-0.30976049021230073
-2.940734373656083,-1.1146073674531427
-3.031970344617857,-1.2923467439422176
-1.5088871242754553,-0.2813786197342394
-2.773881653083544,-1.0936384360861102
-1.2115939835825473,-0.35329993575962737
-1.441552603132393,-0.27249552357570317
-0.9082647231855061,-0.1685522954674284
-0.5615508724644842,0.05363066885715971
-1.8449920949939815,-0.6374297652816858
-1.4487637874881834,-0.663933059003542
-1.8986503662539804,-0.8176103213612929
0.15008356446478865,0.4652627183503967
0.0039325853080033335,0.35688289632871517
-1.0638800826450945,-0.14018723430143504
-0.9395017661900016,-0.15965092890974814
0.23828543868479124,0.3658648597485777
1.089493034924382,0.7636890476103411
1.453818241701856,1.0338972217905218
-0.3417273469917904,0.10783550536417974
0.9482226235391744,0.6705727308164259
-0.4907299929168235,0.27229305084320343
-0.7811482548330306,-0.18721635157525188
-1.1231141377806078,-0.26767499409241857
-1.1603064943427057,-0.4157811734680942
-1.3226987114649191,-0.32251743076838646
1.1332048870956604,0.7992436415573747
1.7068714843538566,1.138939462717632
1.4693218400038572,1.2011148696726732
-0.526108281669826,0.012572716447765902
0.05967934244081102,0.19823473317737136
0.8535903905771961,0.7359581956772767
2.6159884806510134,1.6571449431745156
1.1057441103462737,0.8458762321515196
1.7746875403885833,1.1259676625770316
-0.43431268328842454,0.19998308460507735
-0.1195755232045056,0.23482635052347925
0.5520448520378565,0.6447899038689463
2.495972875360383,1.7447267169733698
0.024709262741929194,0.30794182322547897
1.0427037918414161,0.830292406564577
1.1331751242129444,0.9498718633792218
1.467263211695628,0.9290808991079226
0.1620059464102559,0.36704475395300745
1.1133298261532023,0.7634858524426038
-0.6171975511021361,-0.05473224394361866
-0.7721756674848096,-0.05924432044852051
0.7846151330113665,0.5109276962413114
1.7082041184074248,1.1151724100124158
1.4888923037055353,1.0980347445320473
1.045715457174651,1.029104504569915
0.7312882491955162,0.682519411385635
0.461729323908797,0.48955119110580225
-0.07376788763543152,0.20289907441302946
-0.8055813177741147,-0.25194118687459144
-0.9200684512783646,-0.17004873054562014
-3.6307639346417155,-1.5554669773811933
-0.8346597155244021,-0.11063191430093733
-1.378400144190163,-0.38171562175988
0.29044648368983184,0.34754533325824344
-0.0758413133440895,0.3562028554074269
0.7133447144701083,0.6628623307899804
0.5715574614988773,0.5320625979758311
-0.38976162081617627,0.15471094071323932
0.15244267119934785,0.45628830838566037
-1.7735476194957283,-0.6814469360263872
-0.6786293126509872,-0.010722826341431305
-1.017373855857981,-0.16078181258239863
0.5998258321437265,0.5565685524860108
1.007233052203835,0.7517176501253873
-0.08026441883642987,0.306360699010212
-0.7365357052209747,-0.1023093002962489
-0.9110390510656319,-0.22065624719851157
0.25871881932749674,0.4993982057805677
0.8078456182090861,0.7299368532413244
0.5114924303281497,0.6682641444185636
1.1996059619974755,0.9797970456977724
1.0433115740580419,0.8579052464786513
1.427085007511463,1.0395224507544811
0.18026081885636847,0.529457018308459
-2.1645791265073626,-0.7525754228800974
0.15839385969707065,0.4034665554029829
-0.9769409526192239,-0.19775626712331376
-1.4592691603426746,-0.39727002625144786
-1.5782035022752843,-0.6286545191248659
-1.0091698092304315,-0.09489292910122876
0.04532544119065718,0.3519383905521571
-0.43100475697314705,0.15619201387783735
1.2000930730406438,0.8701148415883557
0.20357573930107165,0.29957840892335375
1.0990580420988998,0.7838991450893698
1.6149767410295408,1.0290820518613657
0.8822818584573744,0.638372135627993
2.483440627122194,1.4745975159291382
0.19535130550401358,0.44573801441419925
0.7912561937413954,0.7998999327566059
0.7384512532678251,0.6512446651016303
1.2898740780797175,0.9835928811388407
1.7454651759867694,1.1545190105837944
1.0908915880156402,0.7240055725664859
1.0464262241855464,0.5895460638657357
0.3739571669255007,0.6299641835108982
0.6867258377555805,0.5859917347690065
-0.80892824598407,-0.24392973260872233
-0.2679738274667403,0.2681084924571082
0.38737587262053197,0.20509746686822733
2.379250274540073,1.6112464409578737
1.4088033172142578,1.0390842480643245
-0.18838083256616256,0.20029161661752792
-0.47392885164890874,0.06531048595886507
-0.32716146348320185,0.22542263606140267
-1.839634426250253,-0.49189858616887727
-1.8632849903847337,-0.46344361120538535
-1.131845031706841,-0.5430502825495026
0.22923792424138367,0.366762922025188
0.12088243324485887,0.37538016433492555
0.4252987853699793,0.553244785455218
-0.15233583381881316,0.26336922906754995
-0.9780792140996523,-0.21653978514817582
-1.3024589743339798,-0.50023662940664
0.5480934802495981,0.5505454803281267
1.245952851022365,0.8222359373544206
1.2729683879641225,1.045988497209935
1.146085865059986,0.9703041612547484
0.08613840727361055,0.42492518391105116
-2.019691429518417,-0.7567337185479105
-0.7574392109528078,-0.004285554684685916
-1.3161043699766966,-0.37186274425667015
-0.2913946832459635,0.032443122402582944
-1.4645022760004807,-0.28235312149895186
-1.0219220768428463,-0.3087495925341493
-0.858829305882636,-0.16087203604392034
-1.8679458014762536,-0.5316960567124758
0.251677083192527,0.4363076485825345
0.6800523431656569,0.673272533793885
-0.2138986669158348,0.11687682274807301
-0.2888355015224298,0.23892213990377595
0.36772943541007913,0.44885218398196997
0.4803614111102187,0.5926271171869876
-0.18719553679582568,0.27853345655156936
-0.8057952359581142,-0.2031079551325809
-0.5373064413177099,-0.026441317060586236
-0.5427902201119521,-0.03964133947044167
1.5160611908157513,1.0624127671270098
0.6865920753938706,0.5613807011898584
-0.43618702416552824,0.1702119885413046
-0.7225125814769366,0.0018764828867266214
0.1896411053806043,0.3007500488788477
-1.4356186769328259,-0.3513864437831471
-1.3098030273984589,-0.45278694059033325
-1.4752388999536254,-0.43530321132203614
1.3207307725668396,1.0413429128754115
1.580344648684791,0.9624358008239541
0.8148585358152638,0.7443433722635956
-0.5608223121002469,-0.055753878132881435
0.9752461216593578,0.9159294766742971
2.501679633679176,1.6616245643015974
0.940496119008443,0.9324233860633072
-0.12389953305887857,0.18452449011811864
-0.09995427870019258,0.30997583143805196
-0.6403510194428893,-0.015607065205265416
-1.696004687266706,-0.4942124974123062
0.562803523696233,0.6638969963377138
1.35813111455648,0.9134303467884519
0.050879970084540926,0.3190616644659754
0.49334951509748504,0.5549688136349136
1.0357007093846287,0.7119079342159669
2.4770334480290113,1.4694294887197958
1.5992432735420503,1.2261055598572923
0.1840794862661631,0.3044673100117854
0.9505610752009057,0.7645203241356037
1.4513794010882628,1.1072084049282516
0.9326818983464497,0.7931145572269294
0.8450464661045421,0.6396494759526282
2.839998961858165,1.9524733474150069
0.15863337655823617,0.44471244502369883
0.043118526014810934,0.2680688356877654
0.26174760255277846,0.28435731986787677
0.4149410388788276,0.4113333770138217
0.22688143408692654,0.2773904123026096
1.2770029242169394,0.8992281287628946
1.7191598625538633,0.9538112111882117
1.0412432311290674,0.6656919946810812
0.19933013031434677,0.5223473449162901
0.4786336419310616,0.41548582737980366
1.9496167453833495,1.3128578327724554
2.36413206781925,1.5487490064399905
1.7267958767396165,1.1803481201732942
1.0898883545930618,0.8788886487298044
0.4604881331848414,0.5147074052477337
-1.3251871726532414,-0.30712610753805014
-1.2622410490219327,-0.2529127953481616
-1.005136971554957,-0.15283430181822516
-1.7259983003352866,-0.727277622578388
-2.325764727194322,-0.9014742510203838
-1.6077930866626333,-0.4876202032907685
-0.7005789769997627,-0.1575369466159139
-1.1689180842517541,-0.4835030412036046
-1.2789630008379569,-0.36209086014247255
-0.4552837598660948,0.13558035550349662
-1.3371021374438747,-0.5453585089931212
-1.4842388827100454,-0.44390442570188304
-0.11809794705528842,0.284074700302952
0.16729149766735163,0.46417849227192753
0.5901081467226897,0.591013448920527
-0.07327324195551765,0.21439453560037525
0.1977605309054924,0.3566039803442317
-0.38801680682575707,0.059844987639139924
-1.836227715389982,-0.443735263395262
-1.563119136957028,-0.42706652591594624
-0.08489329754525854,0.5145094901517806
-1.2387068843414946,-0.3075344582391952
-0.8160126673436402,-0.16305975649707266
1.0505863321306899,0.79843327014349
0.14200544589235387,0.35872192014229365
0.6225049337462647,0.7539645908158764
-0.05945133243623213,0.21505464353571035
0.6238963496766247,0.8051168757468594
0.9610620568428563,0.8038963473553281
0.6520263835163536,0.5201255276707482
0.21867347172959084,0.3486978868132964
-0.24914448598224156,0.16230069085601156
1.167144716572972,0.8926065972401023
-1.908081721659423,-0.6163990204272403
-0.4063524213988736,0.14652458126101914
0.9673234713918801,0.6689246083287174
-0.053276505118314166,0.21552769795208468
-1.7318346306381172,-0.610984386167741
-1.2502004241858433,-0.47312234020402827
-2.185322538119408,-0.8179915962768244
-1.2933947524485798,-0.4120997553444963
-1.0569618199382504,-0.27146716649056224
-1.343118260934546,-0.3198361290797678
-1.6228854163142343,-0.3335379474808847
-1.4085855583529967,-0.23197260643415757
-0.032703465258245634,0.18643911750643224
0.30787065449249307,0.5085121840567313
1.4052657092555,0.8997534872135146
0.9114338191256205,0.7811951286179061
0.6422148719543875,0.5735018527422256
0.7650578637494341,0.7733319564464377
0.0814750754493373,0.3695604153398415
0.7500997153754744,0.6375473026001884
1.212522665920833,1.0108692107340729
1.1554601200301728,0.9301599005627987
-0.6304770105737036,-0.02676065590542543
-0.10559402856645772,0.17450889112390577
0.9293484059393784,0.6782863261555306
0.6551065457005122,0.4074802059603767
-0.5730681153473393,0.16454906526871996
-0.6688688293312146,-0.033967414412806894
-0.6310980148756177,0.2986449514973324
-2.0800442702682926,-0.8270287426130775
-1.3577083580447034,-0.42800003850440815
0.4812142225117204,0.522980451391888
-1.2598903357584914,-0.45963308577140116
1.5651084879383674,1.143377414976543
1.1270785902773448,0.6945425597977376
1.2400428496849916,0.8423275924396029
0.7079691491564021,0.6604416282104894
0.8268551829957029,0.663915055462178
-0.20453654130621113,0.2840475412337241
-0.865186837221184,-0.2642430392635022
-1.1532961515975115,-0.3546058498704164
0.22777887340047798,0.4044235774476392
1.7843647772431264,1.2985502592634832
1.494028953084902,0.9424510358465674
-0.5683463728502676,0.11244793080865267
-1.309697415021469,-0.5047723544169935
0.6030944993334985,0.7052730450379208
1.4917603368314105,1.2010988042134652
1.1190769374799283,0.7961799415748244
-0.6429313130462795,-0.09443244099242497
-0.7195262935493858,0.0031678125223455894
-1.7329291361887948,-0.5639808347301055
0.750790894001014,0.6500842549509883
1.1543229762051788,0.9415052284086447
1.7166189258758755,1.2614919633095871
0.14152849966404402,0.5223509213559481
-0.7838412995587032,-0.01164489810510752
-0.6738341892985212,-0.004796642982510493
-0.511709804981363,0.04975305946306041
-0.19910587934859708,0.277266809047765
0.7197157991941269,0.662414716243376
0.48739203203225434,0.4642120852777997
0.6083141367657555,0.7213796224143176
-0.2037168446326113,0.2319241246822935
-1.8390053892557623,-0.8905881106068663
-0.8301782690805063,-0.22519398575351146
-1.1036724064467327,-0.1806737756701167
-0.3429509128469849,0.07656711085814251
0.7109517440631399,0.8137832388746029
0.7190080349003225,0.5644889787508846
-1.2523338086827973,-0.14418782416692957
-1.819695363699132,-0.5446230897272614
-1.1555991332747957,-0.08231171437982715
-1.708115843092601,-0.39962010813556414
-0.6269301519733503,0.13289857784785633
-1.799168257141361,-0.6043537849640237
-0.8164648601880773,-0.06462487024155239
-0.3978921502004045,0.0014496772993329021
-0.5490760439474437,0.13836368730369225
-0.2010793714653511,0.15125878103890988
-0.23813890861220585,0.2158526602502746
-1.5831159716033651,-0.4265712345832473
-0.6223740301536564,-0.056416402150627945
-0.5672046770684802,0.1653515281494881
-1.0308992299384239,-0.15500355124694987
-0.4279068535604527,-0.09608185752318549
-0.9481683273663695,-0.051035689506565285
-1.1757812764818651,-0.4679690200516583
-2.1320713850907556,-0.5331645639911408
-1.9286831916840632,-0.5782203426580341
-2.6088646443607084,-0.8491313870051066
-0.8115105988314015,-0.14722267838042918
-1.3036565848547972,-0.4001454114322678
-0.9750175883974722,-0.18237037519395963
-3.2930100153397732,-1.328796715611833
-2.0040882609717077,-0.844938130350465
-1.2214228956777493,-0.570376792512109
-1.2222578293572317,-0.4833224243707843
1.7198170052229518,1.0591309750332696
0.7368695578911217,0.5222683056020552
1.2063561770777347,0.715855016595058
0.8274711276679322,0.6935941176844188
-0.5822518174286433,0.0679980053965043
-0.965825146648084,-0.365621474184485
-1.4334663289473126,-0.3618889382664273
-1.3569014185300186,-0.38020909080171267
-1.4593620064919812,-0.43321455950841425
-2.651293441557355,-1.2583013825388842
-0.7982636536679528,-0.08605398267678427
-0.6788681882049891,-0.06486706228761693
-0.9749260679797868,-0.11878517140686096
-0.8423555466792204,-0.08692739772660635
0.7195343384956544,0.6948475666297649
1.4277696465685281,0.9827786783361098
0.902681277884759,0.7500082681199867
1.2654038585490928,0.9932627111474458
0.3580315796668059,0.5391124473910242
-0.2663709314573168,0.21498640905595381
-0.9132424305443554,-0.08465212200529756
-1.0708063871112257,-0.07716319207255776
-1.4717052913211597,-0.45811006016469685
-1.5343411619835967,-0.6800728897154038
-0.38505428939718067,-0.04248906865335425
-1.1974228993147817,-0.3450279954553973
0.37245524033332056,0.45950763149282964
0.6420696890549278,0.6402870611599393
1.0386087744487196,0.8617798350108178
2.6081979628097116,1.783171971621169
2.9652173676806535,1.7769710434896273
0.5982444376785295,0.43025859093084085
1.2499263004155663,0.7671213487544922
0.6955942493149059,0.5861567972071572
0.5737733209638829,0.6854314230491191
-0.17438996527467676,0.3028941605860067
-0.20331052810562011,0.29752890664374515
-0.24082308972659783,0.1803477317330155
-1.3906098649286118,-0.30855003819924365
-1.3836808895253538,-0.3612236425072129
-1.1131349786527902,-0.2425952084644631
-1.0954339494258432,-0.3053482977254853
-0.4801213607991549,0.06055055529481204
0.37464431415626925,0.3652049589943349
0.8097467806468068,0.6585249015867449
0.7016647298169476,0.5326372233054703
-0.3556190398403881,0.17356978856764288
-0.8835785173224587,-0.37250654399292915
-0.897696284065495,-0.060806358226059024
-1.69206619955976,-0.6346401750604974
-0.6475224790778474,-0.24276569271490095
0.19360151377330104,0.3462562752094534
-1.0743288515108969,-0.17350498226696132
-0.49206257376787194,0.11719693186343567
-1.8181729162620184,-0.7154726838928454
-2.146885647736676,-0.8513961175985034
-1.309336906891895,-0.4190524818949857
-2.497033300879546,-1.0052010496728865
-2.89399448192659,-0.7670877226401298
-1.6474223268460835,-0.5665067073003416
-1.4499441126585184,-0.3678194770987121
-2.9491341506210818,-1.0855220550122655
-1.980683433521105,-0.6413478031771584
1.1014256085808978,0.7588771339071799
-0.37353964993094135,0.0759830901556795
0.6300276576089334,0.5047612018115925
-0.681269509399209,-0.03638759765495883
0.372627217208796,0.37443763617679
1.4819451896589622,1.0023327556615196
2.8628749200245975,1.7812280199800081
-0.32912833203291614,0.18836037854288284
0.5868512221855614,0.5169297753810085
1.925922586027018,1.339010133942869
0.40156918357997384,0.5434346550322043
0.3844672015977938,0.44254041558175095
-0.7683150816743638,-0.14254304392500008
-1.1462970002031354,-0.3756019815325334
-1.1685774453070583,-0.3043310171708748
-0.8247657635066213,-0.1531484589601224
-1.1971713190638784,-0.3171928355608661
0.6093539981000625,0.6927278187409655
0.17850090870245666,0.4589316057157131
0.0981175773250916,0.3533884465943093
-0.5712557090623052,0.0805968037617387
-0.2173582227427926,0.24120081740385046
-0.4235979481535511,0.10987180570184632
0.33292778934011347,0.48387423768387683
0.2668779374781469,0.5192724752413151
0.11398051322057542,0.3674806886195176
0.002724857384577589,0.33625306089897306
-2.7400041827675823,-0.8994919706986801
-2.8108865937723166,-1.1308583276829132
-2.0085727950702346,-0.718755974231506
-1.6278469845383878,-0.48601373424717986
-0.8342932788420158,-0.07565243492682804
-0.5235310056641574,0.05505511489247027
0.45756993079941544,0.44168247512212266
1.2555118148812687,0.7776808198559138
-0.06361859233416522,0.08295266516532968
1.4853219173668122,1.1013416215663856
0.4579419672959103,0.44616439497830324
0.6648273585610356,0.7751515250243912
0.3130102811012417,0.3433300983840728
1.325185747017565,0.8749183940442573
0.9855660553272245,0.7076666060057578
-0.07853609303927256,0.11543535000163677
-0.15332367877106884,0.1404809175952631
0.05946053672631213,0.5608162355635096
1.3952358722445397,1.0103800165402967
1.9665871368926413,1.2448586590186848
0.5968233754537127,0.5339895937556569
-0.9834906431984469,-0.3003253845581032
-1.308708824724402,-0.34800598214630046
-0.007020494958392631,0.1754235971054937
0.8741880424344658,0.7424072969941546
2.70110628746229,1.580179919129369
0.3462629836403345,0.36483393589827784
1.3285294519767026,0.9413855872508144
1.3707918212421073,0.9401681555871386
1.1074810087373936,0.8535846751756814
0.0020779622908339013,0.29784301351845455
0.2098377397680454,0.29250641808022065
-0.20794172906100955,0.10741646146260875
-0.12079740126058772,0.2932062755926487
0.46570405041936447,0.44607390274176684
-1.127181777144067,-0.0975453865672487
-1.242132806759959,-0.1147218225464392
-2.4480530600634394,-0.8736404631197923
-1.1735023959783135,-0.18831493394940868
0.4703979777004621,0.43318426899909895
1.3817297961591442,0.9282223538666907
1.1929292391950717,0.9219166442770818
0.39726237258657554,0.5316454963095326
1.0957913866332687,0.518022999989854
1.629476280141315,1.1609722825991209
0.2630327675441606,0.39278213234972537
0.05671598361648722,0.32409653991937654
0.4064790632904914,0.5420168711073521
2.296020889266927,1.3924771958427207
1.6784634177485924,1.2447147334199458
1.808916265047901,1.1356149776691609
-0.6507493502610087,0.10469191048439977
0.7184097761578401,0.6789558192695402
-0.25157025221538265,0.038720259593774536
-0.4148476958412184,0.02860596460674361
-0.4842068150646779,0.0074985516753381595
-1.874311511648078,-0.7083702886862415
-0.5876032058213255,-0.03399446044837247
-0.8283286862282121,-0.0646201018220452
0.04038843166799222,0.4563953365140573
-0.6915153739786863,-0.1627336089688218
-2.5580223304681833,-0.7970295355503898
-0.7903439387575547,-0.012264067157341185
1.003362233902962,0.6086500361227434
1.030101709066293,0.7175026512858361
-0.8507729913419201,-0.2749219733572623
-1.2275119608967502,-0.41289607872270256
-1.6448493052305388,-0.5983134060222781
-0.4080919414271196,0.11478738436183133
-1.3663453822414982,-0.5567501359284814
-1.7287204669193494,-0.35335402486601863
-0.8161332405842654,-0.1693964373441127
-0.8684285772786339,0.027806226403513018
1.4437940536107936,0.8661957419258794
2.8927919225437027,1.6772078579104295
1.8800886871162674,1.2689592530244136
1.5656482191661305,0.8976302827426077
2.1864979976538814,1.423862212632219
-0.38436431382345404,0.046783975088876995
-0.8822265479683048,0.10427129633826415
-1.1662529670692128,-0.4955935760807009
-0.6280662630666789,-0.051904382773069524
-0.2435367968498866,0.20869377953215254
-0.014503965543139319,0.20372581748249202
0.7729064447436332,0.6307319858604965
-0.9947369461098527,-0.1876090873660357
-1.822973220501011,-0.4676503312128828
-0.8426977790793732,-0.19151287417931717
-1.961210295419281,-0.6760786555017045
-1.5591149589942686,-0.6723566070421703
-1.8483617897051272,-0.6200348666396888
0.604674417035757,0.4690374180640951
0.8851207558568013,0.7094706086515147
1.0055793433777143,0.8724879119103119
0.2494756501842864,0.4540755722111244
-0.7424903000362755,-0.025892490723916806
0.45619894035318853,0.513354503344602
0.04523675765745799,0.485099619007201
-0.3854290729622983,0.06994822141249271
1.1344372336923834,0.7399624802722198
-0.2488557470763122,0.0144871531626371
0.13744002087704013,0.3210267932250073
0.04348034990979055,0.3721085588022017
0.23410108000953242,0.4804727050550732
-0.11680924254126093,0.21658857204664017
0.3852356120206669,0.5123196082320646
-0.2157581330311562,0.21349015209945288
-2.3706196754186486,-0.7516106093525783
-1.3147003774135917,-0.39428382671521506
-1.1467326904296185,-0.20745621367482925
-0.6596878615823992,-0.04039530429017904
-0.5049524690456642,-0.07496240272066484
-1.3820616299467934,-0.519191700407408
-1.1649060347724185,-0.42898738161305416
-0.8376304472483139,-0.307078850901874
-0.373468708371491,0.11372625064283948
-1.4260565377859833,-0.31292486641224243
-0.23175015733845916,0.1918934514630613
-1.3129233794724628,-0.3971708734537675
-1.8977892114095358,-0.5584773776449776
-1.9172073438216208,-0.6137042430908934
0.5127793275748058,0.562334037420154
0.7948442433361684,0.5284312131141862
-0.19901306179232514,0.17511012295036235
0.3352397954340791,0.36863106261514605
0.2961257451999564,0.35982182286164377
-0.34937951559127706,0.027240803161051944
0.20699325908645855,0.35063353032509303
1.262766845116847,1.0005480477555082
1.2991792412704393,0.8673350503337235
1.4134391284756649,1.2130797056998563
1.4805939357374494,0.9365859076382843
2.9538118260965867,1.78571640432213
0.8847916424082383,0.8073905384611606
-0.24929703785630097,0.08659646987846724
-0.9420736099844023,-0.19870156377498482
-1.7752633649151492,-0.5173786048759169
0.4956069390568898,0.7606498731080752
0.6214166939347676,0.6564565155849011
1.3100749927828383,0.9442436711726911
1.8760961662583098,1.014072996674482
1.9481482658898506,1.3679682871718122
-1.3748668787356182,-0.410007067581395
-1.9726077275031053,-0.7225377434869764
-1.4359781482194893,-0.43880915489615635
-0.5955006506203857,0.022734809064110004
0.0033484752749174396,0.32948617509772565
0.2849068382759668,0.4718307362936312
0.5632355655667363,0.5035780520646231
1.3244858401524753,0.812993706773514
2.303386313022184,1.3529040242529258
0.7108760429603681,0.6436876697860471
0.8346403697897256,0.8809368711538763
0.9506373032475084,0.7658912950139602
1.1621034825096572,1.029600431981314
0.7249769844608578,0.8003060946813969
1.6879915892717,1.0880333097487205
0.5063674322246469,0.49907523652005986
0.8220345921260975,0.8087678946331072
0.7418970847787651,0.7642902480877443
-0.7118030608911801,-0.06057229339487044
0.8446124310946884,0.7593055719782464
0.6339338391350359,0.5817638065054572
2.314350134053531,1.3013470505600875
1.0464999007425368,0.9708536017852789
2.31615514887775,1.4875415170178812
0.6829762505306024,0.7662582224889317
-0.14035461392892912,0.19784883479402604
1.019422829404243,0.7152168762828239
-0.03501601498445617,0.5162342456046065
-0.9893854495488291,-0.26402580650862834
-0.7630461189744697,-0.06692141998616866
0.5207083130025653,0.803976733730195
0.3900359254464296,0.5742252361027089
0.8566940904366673,0.6550699890589372
1.2005033745078106,0.7612996996051642
3.753491061757491,2.15782075393885
-0.15750474959451632,0.33225299204019015
-1.0933935849644256,-0.24296558385343395
-0.5175522869160474,0.1654316971114464
-0.01785410314625374,0.4663526049909258
-0.027052303802998678,0.3312603030482731
0.6161026570503744,0.5347876672980313
0.9269599682431195,0.7933231272253441
0.6627032672244476,0.6130384414728867
1.344104954866765,0.9850181122159151
1.5404290922887036,1.0934694593734697
-0.8680546305934392,-0.19797722442704963
0.3597400710476607,0.6134345370023966
1.812128173436423,1.3454040847739823
2.6844465601269043,1.6186683487900428
3.3152153468584906,1.933510812395489
-0.04752748223207415,0.2774553462173101
0.9435109588746148,0.7698780928712188
2.133927876505143,1.339445820599528
1.8482935615164495,1.3454973438889684
1.5431827434916299,1.01844243768114
2.508585509946877,1.4335865443095306
0.15681068730069114,0.41512857611199244
0.04404273924202495,0.3148597627559646
1.5407246223700066,0.9132784385932871
0.9558227732683178,0.6558320019731942
0.4287957374021002,0.6472455719627769
0.6923112479509581,0.7255939928621731
0.3302399372386054,0.2966692511262673
-0.021272914234995333,0.13514184109720873
0.4830981245400614,0.5931598902481291
2.291072316168581,1.4823889455345414
-1.8198497760295054,-0.5070491017685106
-0.4237043039893351,0.1637544818742543
-1.3248340222297312,-0.3425911084715404
-1.6813920670341138,-0.6878604624562453
-1.8823529929222704,-0.6465327074675589
-0.1953321847025552,0.035981664836431226
-1.206779797961721,-0.23380326507355187
-0.3634756158226079,0.07018813832975332
0.21734142825030034,0.22138297182502326
1.2273231942812801,0.8868878027942152
3.0456639803409846,1.8035295901151773
1.9241602922947676,1.2115390474753702
1.1281937374426365,0.9194038836157781
1.3167039012964745,0.936866251275395
0.8891069369828022,0.787720869164577
-0.4002732812715516,0.12239379692077047
-1.7317546149414742,-0.6690163025884559
-0.696304970622216,0.1232703305329422
0.8044695494256211,0.5543427575167357
0.9659969690267214,0.7292521520322474
1.4019429889292867,0.9681181584501819
1.011839854500028,0.6692182315375562
-1.3549481220272632,-0.3400620928562434
-0.655042336789343,0.14977220176124603
-0.21103300156317378,0.0934633856646754
-1.1633656965929362,-0.2642352623993147
-1.615711110986072,-0.5076810123265764
-0.42186443675415963,0.1527223705102696
-1.4024361876850202,-0.3192928118870212
-2.3234510156882546,-0.673103261652881
-1.390364987756572,-0.32485923720680965
-0.1553743497038027,0.34696080470522955
0.11257029821173506,0.2712798408824004
0.47166306747917386,0.4375910971394752
1.0332361893177597,0.6548271471892297
-0.2287730157759853,0.1785636353070181
-1.0182419273402745,-0.1387257489530001
-1.5265024810033645,-0.6007836620582128
-0.1542927643178147,0.13130998666133897
-0.3135583648879802,-0.1011864848362756
0.5944449569761816,0.5021359452322773
0.7023112913547178,0.682818712746058
1.097899649967907,0.8282164594500848
0.8783249276081396,0.8114396358998276
0.12972913550361143,0.24474185512645485
-0.024230441616893333,0.26226733745629927
-1.1872125709039807,-0.12461734684189904
1.5887182124830082,1.1132481351337866
0.13656089627957446,0.3346139630108679
-0.20767705821830795,0.1636727078715313
1.1030752539950788,1.091940988738304
-0.5801845322186031,0.011788049542030181
-1.0884657677674017,-0.29959725530235404
-0.6169630493884186,-0.010705606798549245
0.33916400261332347,0.585440869352272
-0.2587523411450525,0.24095323397354748
0.02798803241725334,0.292695403926288
-0.5403285282787644,-0.03217191937795447
-0.37464309948949365,0.26121202145733724
-0.1497506163074386,0.33994878191641664
-0.13372743864876038,0.33617714089469686
-1.310499208449065,-0.29821951970194105
-0.6741289428599062,-0.1140959229456252
0.13468183648244847,0.3011672431084462
-1.0742214351266677,-0.164861700444006
-2.062554092449848,-0.9077692543056862
-0.2827889984858589,0.26035799996043774
0.7637409932978422,0.5597464565883485
1.8058621972957738,1.212449154445831
1.4028369949527055,0.8871924118257459
0.6996157291643464,0.7989590278330205
2.6247210245321777,1.6134650313097867
0.9715705433762594,0.7070404124293581
0.7759225565002346,0.6809951356147621
1.6663074505450846,1.105678452858184
1.3339728494241023,1.173343985303938
-1.1452277353993539,-0.14236598796418143
-1.179360837371145,-0.4048952303129597
-1.2320022990683825,-0.21432729746597473
-2.0189008164745017,-0.8099235220822838
-1.5046159781633992,-0.46544563969791897
-0.6248489369360595,-0.0722068804834991
-0.7947095830058325,-0.15368403269212408
-1.641951386173949,-0.607381220315158
-0.9268770758221619,-0.2398146577619764
-0.8270992306958768,-0.11688843263783524
-0.7262810990069559,-0.06100166844400434
-1.4950729725615473,-0.4092743880082783
-0.6512705185049266,-0.07317642421826304
-0.92732991174411,-0.23797191148615132
-1.07562707723243,-0.28382357970638805
0.10525443047209238,0.2144279873387968
0.9416914932244798,0.656862976487322
1.0086704923023557,0.7058058644764685
0.5188463864914296,0.29211655782063034
1.0817356505577094,0.9394151197638135
-0.18988829324160073,0.3297951269123064
-1.0944588412187928,-0.24773521371327004
-0.6658916774159518,-0.12433040154628383
-0.002863124510403492,0.37117668701360906
0.1900137987173961,0.3358429248353858
1.3941345327970183,0.9940527669487824
0.3754751909476379,0.3314801171458745
-0.6389171195208085,-0.08590286375463188
0.43794793352498074,0.40411147256706825
0.3413487752673672,0.5832333214117779
1.6388328094818634,1.184587942533146
0.42504401927928626,0.5236976519715746
-0.5161800191138839,0.13942810322356303
-0.6103944344516911,-0.09226158201911334
