0.7950686199877988,0.4023815842075306
-0.3038793012024119,0.07827097089439376
-1.0089225352647213,-0.26267181650992455
0.6418316706170468,0.7033769336610826
1.1713086324876087,1.0453961626486212
1.985146919545107,1.262556576002281
0.6589546797247772,0.587803526514689
1.998113762879331,1.2818845444796374
2.976702964904593,1.9221773731560767
2.6078526758135174,1.3500447938761635
1.9473567819942506,1.4009184588658203
1.644418807735561,1.0159592422618875
1.6362887349165125,0.9886161846428898
3.5511820729736554,2.2454884722548205
-0.44706577957010074,0.22553688954866793
-1.493833977984666,-0.36383125080393564
-2.2622757280219603,-0.8471240710790617
0.2027619046903566,0.4174722067172006
-0.5628784558154876,-0.11060446653898184
-1.7488160123768326,-0.7682387996100402
-1.810938594951876,-0.6487523785517186
-2.9403798714325515,-1.3191123282699522
-1.3513119686569832,-0.39788767045392315
-0.7886951247965206,-0.0556492158777123
-0.3095197193554443,0.04793925779193188
-1.2045981410125952,-0.38077857240293006
-0.7437779105635165,-0.06183136200584846
0.6009869092454039,0.6707900798698776
1.1790144477020752,1.0118777837599147
0.5710591817525684,0.5941847102463376
0.8567657908645718,0.5609754678807383
1.2358803755357533,0.9956405283776479
1.1191165116780704,0.941738809129304
1.1690694894317308,0.7821533062906361
2.157570551112579,1.5786830509618535
3.542230859503926,2.177097413259736
-0.182142857955909,0.19210217542094465
-0.8466699902063958,-0.09459503227749821
-0.38730060190426163,0.08271110469134596
0.8284299593142035,0.6376251050517809
0.5794302978801102,0.46865666451696786
0.591970255438101,0.5764382511257685
1.3201082328951774,0.989919623905242
2.161204517162192,1.335126711929177
0.917209900384305,0.7596454350120816
-0.6945146077784471,-0.025899233917898126
0.10864214265702932,0.470786185049829
-0.557443186508016,-0.017219486731269912
-0.8728603127102915,-0.13370514771589256
-0.5386490488723259,-0.06982571213225894
-0.3270177889407154,0.13215054658751624
-0.3577073100578978,0.24521696199978293
-0.8939959212776324,0.20710152076282068
-0.28809383444447884,0.051156004522878856
-1.4439802112231335,-0.5247003214463306
-0.6118643312850157,0.0644074818376703
-1.3390184144637698,-0.5478243806023904
0.2073345141089692,0.6155575945047174
0.6945274920461832,0.7033956774358154
2.271063602683479,1.4747142061775693
3.1949575311062386,2.0149423956550683
0.0954962584265524,0.47759307064701084
1.026869865884736,0.7887454506275078
-0.2150594160206044,0.34271258826078277
-0.33060556550327136,0.15042210959737665
0.5898348903216843,0.7519826167246253
0.8562314577781047,0.6628350928255303
0.707264558156324,0.8424233813869496
1.375948599259537,0.9884109777612711
1.8259592126322612,1.319908562575141
0.3257551104305674,0.4199187613151061
0.9668185261388131,0.6630260610746004
0.1845463178098139,0.37329822205222235
1.9817193558068242,1.3681765141634248
-0.7959212018684985,-0.21549757005495507
-0.07960082884296649,0.25475892217296564
-0.2738613419251689,0.010120232067371004
-0.8571021308455495,0.002625909478046057
-0.37231047464362677,0.33640872767062896
-0.8429377467505959,-0.1999387063222018
-0.7504016278159297,0.12422900125318234
0.03447692924690482,0.21798605314960348
-0.5316854183756605,0.018826823670127776
-0.9750611523912878,-0.12333432643368084
-1.911256177799347,-0.6083182533772548
-0.7767144160300576,0.19096795176458603
-1.417836692270323,-0.42365671371690056
0.6700566753696174,0.6545406389315347
-0.5678784095551476,0.0453189922840424
-0.130285663702346,0.16141703630196552
0.6408796992828203,0.706262512044614
0.22309039285427357,0.4113227795065249
1.7013396530070768,1.1663547595872006
-0.2845759322307988,-0.008332298768866764
-1.1324505564867837,-0.29231909019973873
-1.54837779734629,-0.39577629510820184
-2.370149633275453,-0.9386401664949834
-2.4439898783407905,-0.940298898774867
-1.498801344335273,-0.6356203873345135
-0.3057833119558482,0.08079327268705491
-3.3914998447149376,-1.4902426954703085
-1.4850219329234404,-0.3632054769245947
-1.5725034539838283,-0.5527486452676521
-2.0420715025839664,-0.7080428305076055
-2.436152974126891,-0.7934029056694478
-0.2994866842259759,0.2234623730459929
-1.2016725402720627,-0.26134867945530404
-0.27284413308751,0.20096662388996156
1.1143123069712821,0.6315380134325613
-0.023031241384446677,0.31251572016027385
-2.134263977948334,-0.9180390431631495
-0.7309285275066028,0.012959739416311025
-0.7861475042000091,0.023543594235547666
-2.564495052508779,-0.858568656741843
-2.677419167792399,-0.93238264409678
-0.9249938834614244,-0.17639470618328182
-2.8246936581257116,-0.9469527308632437
-1.010807921741873,-0.3026389346176879
0.3157646378617448,0.45394751218398777
-0.08235320628679749,0.21856726772925142
1.0337628310944014,0.8837999193307157
0.2992364660555975,0.143722674963271
0.8893700212331977,0.6400522543208129
-0.345576505293386,0.027533851835855883
-0.25921806115261176,0.1596967809798551
1.2278149315486289,0.8222279013932634
0.29494818892810004,0.3422369582736282
-1.134081368263085,-0.1403502866341059
0.17846412024144453,0.2868156378768278
-0.5015402475505252,-0.08572907619419887
1.6942472839187652,1.0245242060681627
1.2375645851418082,1.0511549625740877
0.6994669670905839,0.7977679737479939
1.519591185479252,1.131349367238962
0.9491476846465776,0.7504800920987447
-0.2550080080266388,-0.06921947131864764
0.2681421356953643,0.36092985413023937
-0.890423991631743,-0.18266780793156817
-0.15635317809358162,0.2756286332244249
1.429128605766673,1.1191507828847804
-0.4811340165074889,0.21843504424544552
-0.18370882042505216,0.14305730925737023
-0.11849705090622242,0.22503821076329977
0.6409249427856928,0.6564323257822603
1.3078847085658647,0.9711205156824072
-0.5635108448598148,-0.026025837008819636
0.5952837221427004,0.6559106400962503
-0.32348012542968685,0.03730273304729306
1.6118438368024448,1.0398434172318367
0.26831955253406325,0.3691331891633257
2.2408099214364565,1.4763289739629062
2.5940730096351032,1.5732387981316382
0.9089097117369564,0.8022456293788465
-0.2323692282230524,0.2621419213446562
2.7892740562531317,1.8541757539843848
-0.03760461693186401,0.25727084363919167
1.081219683582667,0.9941947137048807
0.4801292047037193,0.5439647220601512
0.8644420361934414,0.7819344733668079
0.8186925407848493,0.6293865121590998
0.6345148502436303,0.5276072634193456
0.11617168164661557,0.3320698455236035
-0.7951794219066948,0.15913775278989117
1.7909174967147459,1.2729475352022912
0.6043917431706294,0.7178667317629335
1.0537983951184793,0.7782353308462756
0.5205796224794659,0.6254650618221674
-0.7893873566386109,-0.07452516692262533
-1.6800269427573764,-0.56749884438399
-1.4618631008702203,-0.3508382259001867
-1.6433860841574854,-0.5424162082122864
-0.9763970700403237,-0.2604936900397269
-0.9936662086158189,-0.2899708191391567
-0.648595775982734,-0.07495156387285548
1.4355869786358206,1.0507733562791777
1.6643817714973874,1.1755380936986308
0.05171988388122428,0.44795886836509036
-0.5283407186464719,-0.05905872734769947
-0.6207551869412757,0.19705566466864943
0.9985210534693355,0.8955823243322009
0.5930309017651917,0.5559013473375185
1.0212648953206576,0.9156477440233037
1.8455016478653292,1.0489189253651836
1.0973430492045995,0.9781108046824375
1.8699733664937035,1.0880164171942686
0.41245649227448455,0.4562284767792179
0.7628219322657748,0.6316312509021926
1.7893662926747225,1.2535693792883706
1.2799354961251286,1.1071665654522467
-0.11431029320109964,0.24652465732452347
-0.3911563258710278,0.18770139363324137
-0.9497378670950146,-0.19031630928574683
-0.10084222209724325,0.3690862172936852
1.1096009256333825,0.7966314421659184
-0.5903100777148603,0.10709086347334573
-0.661734847477035,-0.15313476074916274
-1.327808798674986,-0.3194021072442495
0.431044580386337,0.494660510245607
0.5485417588798001,0.4744782360984072
-0.287798584974549,0.20815947535003182
-0.47690719206683896,-0.07797336015868025
0.9559127260273961,0.6566940913002624
-0.8349637270406848,-0.27514004420653876
-0.9748014548880046,-0.2485332377830566
-1.2214208276964422,-0.20192212845798932
-0.18861243316866494,0.2326120346282978
1.5490975186118598,1.245655574597937
-0.2968271398121842,-0.06714931269448274
0.12408294965816041,0.3728927732196457
0.42459816170170295,0.5046209348509352
1.2220987723661199,0.7563100190302956
0.7760359031464704,0.7572173106021638
-0.15375176495821918,0.21535580112525343
0.015999672275877286,0.3713392347735296
2.1341076502325342,1.5547540708380891
0.15048697760171514,0.34252824482602795
0.9960292887070994,0.7467664786935356
0.3369180921123574,0.5165841029650894
1.0040397279469244,0.7503773306700341
0.7516383219628073,0.6404056871573538
1.7312654027995324,1.1181830685674135
2.6301461616149178,1.8149226146839985
0.9840020216921734,0.7134149990875633
-0.2877571500134761,0.1556050408763479
1.3846910146706202,0.9316979675612591
0.8559942085358543,0.8012346961692496
1.5208267803593989,0.9688861949904429
2.7289946254141517,1.5421368318931872
1.8430883988376143,1.4072303964403896
0.164389656422817,0.3003317655310638
0.1466187902735547,0.4356717958931693
-0.05485672162331104,0.2758599188301869
-2.399853376974213,-1.0164632009562002
-1.047269910380172,-0.1454391743633521
-1.5722201161767417,-0.47184060747773204
-2.1765256283629872,-0.905252832276229
-1.9506597156457217,-0.8460703406308916
-2.2014487191678134,-0.7416188789944873
0.2310564216662616,0.45320841634908626
1.9887625432203457,1.2094593568816048
0.8724564850656518,0.5062042714373618
2.6545108976714658,1.695991063681008
2.8036434124773857,1.6574662739526025
2.762213243534705,1.6091609370919866
1.8385112281433036,1.1475151951467433
1.2656622772490798,0.9142517924830106
1.9428769032035498,1.288904308410389
2.149106413527093,1.4991501918875734
1.4236198004520437,1.1098312290218737
1.0200013366776983,0.7543864977562558
-0.20558351487907922,0.3416447217810794
-1.2697449928170794,-0.20064217427862605
-1.6125463826498934,-0.5062011906440564
-1.1662490672171262,-0.2936374274828414
-1.010185043501705,0.003044201599500196
1.0207579321027702,0.8133986881601656
0.15212453454897057,0.11252954672170129
-0.9610704683155593,-0.16305375781018472
0.23711107492808037,0.4005092098308334
0.24933422591692242,0.4594366983167979
-1.8184279916192152,-0.5354083355294521
0.10237297018623281,0.2025603429789554
-1.6934239711226158,-0.5343465887954891
-2.4250808577760763,-0.9082887114408018
-3.018903148513787,-1.3209796342607685
-1.9579140614753585,-0.645514838226194
-0.26134308781007964,0.23108976243169593
2.811719191068725,1.6960294796500333
0.9628224167481827,0.86542956337782
0.5227210571915665,0.5989113396543784
3.053669298824828,1.604672648085272
1.687618295533511,1.1165217381652914
1.4199650319179196,1.0089678174232322
0.4732293851925781,0.44521833078590767
0.878762385876467,0.5811234607481448
0.436847884279052,0.5019130292100443
0.4858279709055826,0.662319563970598
-0.09453352543564242,0.2760107367585076
1.45110117737387,0.8672749150233212
0.726762850176887,0.7154334078222552
1.8928386650244295,1.0617245234721326
1.6703034131516854,1.0276261158780908
1.22398321968187,0.7581176129382972
1.5527262591978173,0.9211545706980706
0.6220784570789388,0.5219969216273884
-0.8773241961798229,-0.22397726563950338
-3.1551081418287645,-1.3158691424982871
-0.7027971270116421,-0.254662782799699
0.07501316927956714,0.3563448017950973
-0.2500047615284711,0.24227838083520917
1.232057202167335,0.9839939795616146
0.9517821273826689,0.6706887095201981
1.3954286602780308,1.1357348084380514
1.3915287015919378,0.9278288289130687
1.770197628033201,1.16479342128186
1.488257082208707,1.1568841316861782
1.032308493917439,0.9941352034350919
2.073256943475205,1.4749123709898828
0.2630481617380682,0.6412725488168125
-0.2715552890365482,0.25749637926118746
-1.0634315668286476,-0.16564858617599224
-1.5375708484633783,-0.41855667822529546
0.16691547776287063,0.4462933068289099
-0.2030283248504717,0.24919679422290467
-1.713531838357605,-0.7035850917052968
0.11312158329116428,0.14894817453383277
0.5970152974202066,0.6319466653947411
-0.5464415495413588,-0.22691170859698873
-0.4078068919579757,0.07928268882166423
0.2821758488501218,0.4413580245936447
-0.24132479878580593,0.22863743061016173
-2.9878578856723426,-1.2085502047637098
-1.8835150322445846,-0.7127974202285217
-0.8251665644970885,-0.05952178382137865
-0.4436035585104594,0.2707880418675688
-0.422893179823605,0.06010623663873174
-1.1177109011581992,-0.08796242916101496
-0.700101182165855,0.030004691306524
1.203674484405267,0.7849623500789269
-1.5714351659572783,-0.6265260048013569
-0.20048998299210818,0.10138982298052646
0.42994608457217465,0.46727068388732634
0.5756947617476641,0.5679043174919425
1.6946830051051078,1.104392510933795
1.4506409194965877,1.0523212539021694
0.6236119462675169,0.5764455332409694
-0.6799618404065559,0.07854702766275505
0.533631443347027,0.5534397396498444
1.374757045765069,0.9884551627828212
2.554708849707914,1.6614827326793942
-1.9112808674629815,-0.7760312656128255
-0.34274226595821244,0.3330451518047591
-1.5107867952742833,-0.6282668694999978
0.16894011687929167,0.2618896786589747
0.22827621671632253,0.5183102111562422
1.3898177579675806,1.1254979147429778
1.743797084562312,1.0967525646617744
-1.2424941246049308,-0.417992842530431
-0.6395671895200995,0.13256950859897376
-0.6172856876999511,-0.20626384731470687
-1.8582527273575962,-0.8803713041145937
-3.441939731971252,-1.373203272189455
-1.5299995549617922,-0.439734404291234
-1.4318800643948757,-0.44703981762089234
-0.4763525598103844,0.23035645905235427
-0.9201300231349696,-0.20682819811606074
-0.22637111812652566,0.11458089695165223
0.6422004808029262,0.3684000387702273
-1.000534569016068,-0.15548170241419387
-0.24100059080989533,0.22319578358308084
-1.003726984277946,-0.09339476022718579
-0.7093235301229727,0.05130949682054692
0.24893633294333117,0.366397716598795
0.6776558917223129,0.6837333928072132
2.341648855808098,1.5005080832554554
2.509738387859875,1.797593280353677
1.9127602266203358,1.1905077336882695
1.0030493687664446,0.7751367934264332
1.7805420753320869,1.136380918084163
1.3755073195394352,1.1714953280712066
2.4030367082703954,1.4526547141732222
0.6274460345187961,0.7673637814672686
0.6928876393712226,0.6093409628113585
0.6853976449817218,0.6845473452094306
-0.9718962180211068,-0.09513802752567846
-1.0538357409844603,-0.2760231834556002
-2.70364636900804,-0.9842085344415257
-0.6805358835719584,-0.24390428371373662
-0.315309461132044,0.1502312841177328
-1.570049155547053,-0.30067337352727275
-0.5853570797216376,0.08531533047196384
0.6215215808904033,0.5567667524443264
-0.3852137144782478,0.14886877614735378
-0.9425208969200745,-0.24071488828011178
0.21661828576484887,0.3314061393619422
-0.6245874557428521,0.05123331595542345
0.7570460202958901,0.6691551494548609
1.0682763742777253,0.7246295042582163
1.1049992358730445,0.9288106051000635
1.0548596996865873,0.8635667409971569
0.50739917763188,0.6386542816813603
0.29377219836039137,0.28656453998595605
-0.6170600685388983,0.06908043777728864
-0.16901649516056527,0.10353274111617664
-1.7196578761079588,-0.39799767924720797
-4.3060719637174225,-1.9758556255145288
-2.1282367381892495,-0.6889121089874555
-2.301703818357609,-0.9450296762075533
-1.1532675460148232,-0.2599647997430133
-0.516973353648813,-0.05228891021129728
-2.0018544612193163,-0.6318514318325827
0.35822273560021634,0.33765656764946317
0.36899664991109526,0.44132971956847056
-1.8296999508862561,-0.7631427300833347
-0.3825630045508115,0.08987937399771419
-0.7957713570071168,0.10663165536724406
0.05465006716907217,0.24552232135826682
0.060927406824178215,0.27888720309084336
1.5397118080132375,1.2126555635185892
0.2794729618321796,0.4585731018961766
-0.1810093365249854,0.36947776511082175
1.6881719660291417,1.149349157477141
2.6461584628954173,1.656969152486693
0.3160962315822279,0.41873027772308036
2.39996718668864,1.534925326782487
-0.06103529937640784,0.32832914909795524
1.1855945418418214,0.9620032143882783
-0.2089329954495921,0.17543166249254386
-0.0387398870271814,0.32302171042380523
0.06247162194315897,0.3672307386991241
-1.8468675693085337,-0.7425917189425386
-1.5990110829754371,-0.5334468953620758
-0.3424329006646146,-0.10684732165443014
0.6029584070439439,0.5787680706298134
1.3099085114500806,0.9617782537654849
-0.06699139328699144,0.4257689270665509
-1.068492681039888,-0.291024225754255
-1.5034941528163763,-0.7000614712620865
-0.7180281471403209,-0.06797814326082975
-1.2269345822632904,-0.3408754647114357
0.2077954132809834,0.30947876146596587
0.28985451114679717,0.4826223534971095
0.3032540412560385,0.4739869217960948
0.36760687163868006,0.38180121304436065
-0.47637841565766736,-0.004788291667768743
-0.8683995359048864,-0.06610603764643048
-1.5476645039514465,-0.35859903686220335
-1.9236556229619262,-0.7626971311905624
-1.1795231180242822,-0.4906184203717222
0.42290844730679966,0.5061698873392063
-1.7185013633653088,-0.6402860033742455
-0.39381006910817795,0.028917478599123872
-1.084585578434505,-0.36870139554299153
-1.5233553521831713,-0.6076848688760461
-0.9609567840897792,-0.20328487583577856
-0.23267409837956166,0.28793962678764445
0.7105383888466271,0.4815519884691646
1.9003407024599661,1.2598688090757877
0.816870768598565,0.8593169957911249
2.560882944567508,1.6601660321892167
1.5056188462575892,0.9417716782561398
2.1850324995527783,1.4252039394920322
0.3893711193415925,0.4173688244975651
-2.000670699756414,-0.9346492636982654
-0.5468292315784298,-0.031006904908088363
-0.3454001484059608,0.28172268721787114
0.8380236793036087,0.821724637707359
0.9407844602136287,0.7476782797101296
0.22745659094636228,0.5207295128504452
0.7008453436698472,0.6137304395152918
-0.4097840186188736,0.05409432238241869
0.09268497760277133,0.32983094856981715
0.5142465500313859,0.5657103825703297
-0.0406038427071273,0.218387740544721
-0.27021129869895144,0.021222494311875978
-0.5785543219691683,-0.021935668532684312
0.3437610359142308,0.5681459142441142
-0.18777738073449557,0.11020732473139866
0.9566836016141945,0.8421718195961897
1.3357142611674155,0.8404831547040421
0.8391343504442221,0.7736770389740677
1.534041301202536,0.989433544955733
0.8316554421751446,0.7914144325656619
1.13202187401746,0.9377515717320559
0.8004492549558193,0.49648227753054863
0.49656217797927593,0.6029253152035501
0.4563263067038362,0.7100465269797885
1.646819540805481,1.2089442881041208
0.6108890757257526,0.6616986941447567
1.5462095485595346,0.8635150547675031
0.7862378802055756,0.6747255744022108
1.7586743768789612,1.027566186311321
0.24400892174477673,0.4249057157945772
2.3560818341813454,1.4126331286760954
-0.8442034595398689,-0.15469048417127418
-0.49580637016500206,0.13925337445929542
-0.010077686647608664,0.14883795475856879
-1.9057063942468886,-0.6038709525970828
-0.4301993889289428,0.1834543946443544
0.6544762638026036,0.7608440073739089
1.0691616252355385,0.8793247690748189
0.06068352037632363,0.28179181858414853
-0.2674479010608389,0.3187106066306745
0.9066474559760034,0.8963588753685129
0.41668793840520246,0.4884038470298231
1.8290639198516525,1.174068251340877
2.4860245685499134,1.6149176303264794
-0.48305473202666205,0.2861222132177684
-0.030407688841787628,0.38009134266805294
-0.4627042618542141,0.21116880908716215
-0.04635655809120187,0.17763332423608968
-1.5058072181766042,-0.3784771013464798
-2.2076963676890635,-0.8436034102520895
-1.5651948671460716,-0.3347211344433604
-0.2137597645074587,0.1813014963309277
-0.481463835397682,0.01582472714191102
-0.33366270625841044,0.2181192959358107
-3.066319471022423,-1.2002673799104375
-1.6961327881706494,-0.6750973046616903
-0.7869727926806718,-0.07586291729693685
1.2537544716655122,0.8177713181455631
0.41442601821199326,0.5899836005615215
1.5327390693199237,1.0492210806479279
-0.14026011884432377,0.23239456371501582
2.1500106528352974,1.3893209300620688
0.3873488108482511,0.5929833568048115
-0.3192564170627608,0.1555744369089781
-1.0561882838524177,-0.17147216725187955
-0.46760672807768083,0.0535558022246128
-0.4621429461395588,0.11553342446060534
-0.7078544493174923,-0.09775248056228694
0.3390930604324769,0.4381092517286739
0.11357497757152554,0.3424748811691215
-0.5645179119142285,0.21470269693211602
-0.48405498799419816,-0.06349644413224
0.9451578341409207,0.813710092202099
-0.1952502812978023,0.27870429781818784
-0.24406885269247147,0.09393266732428524
-1.154557266260022,-0.2881120682114168
-1.0419409939755764,-0.38128216743908716
-0.08427989513467471,0.34812848143871156
0.593593064769095,0.6326058643080069
0.3724977939914502,0.42901312377926915
0.054558406710865315,0.33778089626940705
0.7558299379518159,0.7755332558788476
0.800760463925313,0.6879748409570827
1.274706862938954,0.9814091986266839
0.00032099565670440366,0.24799377403408185
1.3777129410292983,0.985339750101873
1.3868180044840694,0.9109627471028985
1.848510249533145,1.180346927056334
-0.33054570716870146,0.14610414816123546
-0.7103963714995821,-0.032998379194517105
0.04177482529681631,0.28187912832289314
-0.11372381582550975,0.29924065955018153
-2.2353766013235568,-0.7928206361708421
-1.9393961529824075,-0.7392215821739303
-0.9581028665115413,-0.20675428128289478
-0.2991574902299415,0.06583280920437652
1.0942559123661384,0.8324488160144741
-0.5559346452696096,-0.0472059627114358
0.8695087833420372,0.7239979676469462
0.0009908932094484513,0.2753661126445435
0.3799996326449637,0.2528503405316669
0.3886546179930142,0.5053780655047597
0.6175682018675323,0.6007587723708395
-1.36051225955238,-0.3489461615552633
-1.6357995788497828,-0.6457440008561963
-2.176255043324618,-0.6142748883800322
-0.5288920575116249,0.11055039838327663
2.293069507869778,1.2944718212902648
0.2511756048100826,0.4132914159282134
1.8022092363057463,1.3198723431959678
1.1998900494003153,0.8730787361878425
1.776319164316798,1.1801899447082065
1.6258137641931638,1.0537360988672302
1.8376512488235002,1.287523275563468
0.40535271754428936,0.44782544049986844
-1.1214827880442273,-0.30595400741551126
-2.1743162340884723,-0.750860880900088
-0.3899402428677894,0.20422650440853168
-0.4153600257938925,0.10664291385908961
0.7784133718014634,0.7586851641791683
1.1532312673495806,0.9814805363819428
0.818810501775813,0.6323086197738216
-0.056924356936801424,0.27374506560856693
-0.6348606613848725,0.014390506469209731
-0.4195450889784039,0.10410972622768751
-0.4787408131679557,0.03116826472203065
-0.5857827411639722,0.050709889110551215
0.742698721448227,0.6614139120295665
-0.20465735816855646,0.1628240128125835
-0.3777916663231741,0.10290714360584441
-0.9480474537291532,-0.33142249584338906
-0.5201051810591839,0.006588896516332987
-0.05817193416467209,0.19620010792950232
1.3175871032550923,1.191569909342488
1.7217896563029664,1.086148477970652
2.1675754113912866,1.2675756665191422
1.2044661151510105,0.9517102906297623
2.404882975527448,1.5843365788579367
2.7991250883247485,1.7599877942182665
1.7402567026535347,1.0919168997099047
0.8652076503429369,0.7886754698621657
2.2036222234030993,1.4612469874163636
2.255729259584669,1.3692101576052278
4.305763834656207,2.672368210130404
-0.1505714551760442,0.20069184968265663
-0.1326138857686918,0.5457341692689763
-0.743433310181284,-0.12334342427656603
0.5468017172312302,0.7305665588489583
1.706424766555894,1.1182779559285563
1.4943186255746264,1.029564058232519
-0.23202392368227776,0.1058095760447107
0.36547177354317145,0.3223052935293069
1.3741379956765267,0.9301096410851311
1.0574251787325406,0.573410006027921
1.4989940210377988,0.9388265978413447
1.755319399163687,1.2290053750006134
1.986349922700554,1.4597543566875613
1.4014056403906219,1.0794739216463534
2.303475726244206,1.6738002175104714
0.8531595296420315,0.7298698119458286
0.4691339667134713,0.45833152864673804
1.134542990680943,1.0126660328633867
1.523457145803237,1.0530343904431725
0.8346971935852774,0.88881915333246
1.4646118503627217,1.0580508705563445
2.147718734811253,1.2727778874467384
0.5438113453526845,0.4978764193152504
0.4890136175597435,0.7070608063030214
0.6461101725541832,0.44446478076671037
0.564028160199875,0.6003763934966636
0.5426582155217121,0.663210466528112
1.1006108616478225,0.7431980173710121
2.1774187342409554,1.4293073648998873
2.094111757812531,1.3105553493925888
1.212490492976656,0.8496288498967732
0.26983988970182526,0.447357431121371
0.837159659084512,0.9219000206836838
-0.602927824057588,0.10004431521305523
-0.5897468821561488,-0.08317481253816156
1.6360098564163352,1.090443674572441
0.7220903175130329,0.7291509013008938
0.30780126587380074,0.3650994864725821
1.6641900754771939,1.1509344934534673
2.200052138975529,1.2945203469611557
2.532812766135232,1.4957216380641352
1.5586547436092733,1.118763307468007
1.0885150723828603,0.676536895765391
0.8344234549643118,0.7486184164367772
1.6371672273688906,1.0639550651381693
2.242346899720917,1.392830129011145
1.679735725063657,1.1754275052333016
-0.4198886757934057,0.1634503364527655
-0.8358027774721162,-0.0031838171452305553
-2.9633931577957977,-1.201601802823288
-1.1790268600142852,-0.39949097371091546
-1.9652521566028072,-0.5222590926892937
-0.859877432216696,-0.003825705960384007
-1.4017622189657934,-0.311926361221654
0.34896487666001497,0.49548317635464234
-1.2184933409210152,-0.281605032157788
1.8991136696815971,1.3940359712478578
2.58081552458506,1.680777055644772
2.0735321044413353,1.205638183880271
2.0438218300337105,1.3456798587038021
2.076944916160692,1.2259637292740253
2.3235548267651263,1.6525937916832645
-0.6621042599803404,-0.07065932950839318
0.9459161151403497,0.7703053449839354
0.06821380576724734,0.38252431310592117
-2.003100870469225,-0.540622189193248
-0.5399434778922368,-0.06131829190649986
0.2432160472185798,0.3653183292825054
-0.6476194022568772,-0.17045871225140655
-0.40162114396371873,0.1359471112866263
0.20285778594971432,0.468320974564418
0.9503695319817513,0.8013379697655054
0.8743657828433241,0.7247157808160366
-0.37437013755470017,0.07505945465570117
0.4275531393481232,0.5152810846380217
-0.03837552874458061,0.2685794419519067
-1.6272717919364237,-0.5230839417775727
-0.8318640249352689,-0.04106097859143512
-2.1882884434417273,-0.9856788678300836
-0.6803997452948951,-0.2449705237973238
0.6754346513994037,0.6603606260154311
-1.057814768035523,-0.21834831626889328
-0.9416883379743942,-0.22923982231359757
-0.1631560047619286,0.26561739314676325
1.1880647167105962,1.023647933831615
-0.5924386563008066,0.1855653975372253
-0.49950630949684416,-0.11992627999991201
-1.4006440714027648,-0.30249423520566693
-2.3094700634750738,-0.8390348603575492
-1.4409212229229722,-0.3567777747245031
0.43056847253726027,0.4733995805924143
-0.7079663445551468,-0.10750982150207058
-1.1135228504608494,-0.24566166705048825
0.7092805108888921,0.7456450496382487
0.2223145819296648,0.47206278668907764
-0.32119876582541795,0.0780825951886964
2.3411008592747384,1.3249644966868879
1.8518762995848916,1.2102337746981966
-0.1644502693223313,0.1335016868573507
-0.31284884247431477,0.22731959855097061
-0.07813571417662832,0.285590331328465
2.655442669669414,1.6738513531048778
1.1682713981994208,0.8315649472430187
2.455709672371226,1.5064241144604127
1.2629848642759884,1.067555928384678
0.29237099974229697,0.4681117393523799
1.7223887483307518,1.113827911929219
1.3666947584852933,1.2117990691366243
1.4838425162165922,1.1773544447949598
-0.31555829510967925,0.18338070082248575
0.9676888300509392,0.7576701044088715
-0.9556201776071512,-0.33576041129405465
0.1684547404395873,0.48776476732936597
-0.19290033869685763,0.22977013735610083
0.5561689038934079,0.36251485916558546
-0.8917598885263683,-0.2462588642876054
-0.2569310058648333,0.2123797020388991
0.5973104563790701,0.7089341325376515
0.21448615140153438,0.35559469680077904
1.013642305264538,0.8249963656026924
1.9768183954158196,1.1297081987154645
0.2581842593562639,0.46057104823317424
-1.4078316161225657,-0.5187097334430264
-2.3523544674957,-0.9927465430232378
-0.5834587767524477,0.07739388480722979
-1.2184335922352194,-0.3189934502633717
0.05369347982240846,0.41740852200691986
1.6283236058940382,1.0982391806659744
1.5120383030005675,1.1382407709998892
0.8293345193250413,0.6376626238719204
1.4681106380175877,1.077448788016981
0.9487197118555388,0.7657474785103197
1.083431935733663,0.9002227197322341
0.7808116406722867,0.6032151925961754
-0.43995827362494166,0.05668743452787375
-0.3400154427453642,0.21533772566292875
-0.5972718450007319,0.11043075984220149
-0.10658012925932031,0.18183641487862456
-0.69520201759909,-0.022836090831783225
1.2633962770106373,0.8925185847682516
0.4919553900229618,0.6258145799943104
-0.434020994342951,0.1266224176769164
0.6557709088344139,0.6498088986424717
1.97043341686841,1.1953123596786195
1.2593002800646236,0.9958941073733435
0.24136155002312165,0.3410886250225054
-0.4479551089606141,0.12470779281315378
-0.94059253759211,-0.1550610543810425
1.6346861942700943,1.154081305009723
1.0965390825533547,0.7986263106733138
-0.10840659627168392,0.33692464506335223
-0.17117718086509726,0.32904613319746967
-0.38463737311557245,0.18700097203281554
-1.5254132070091546,-0.5324830138872696
-0.6945315547458758,0.03613304207767898
0.04841257353138062,0.3921119507411397
1.239189030067125,0.7435249575506837
1.8435975136437313,1.3999504203262838
0.9383763076967306,0.9909160953535506
1.7958894284864935,1.3062880168537045
2.3670991889254536,1.4137199358684904
1.0684668106213286,0.9934588458741379
1.8071043807749207,1.1227740564995532
-0.4167841397219443,0.05819395090526811
-0.1039988797052549,0.17701109917438795
-0.6051329295804245,-0.015454117176185965
-0.21232820678859665,0.1858893908146085
-0.30819976509637276,0.3009235584492863
-0.2198816402169538,0.027521587341445497
-1.4257774108526076,-0.39300174367758406
-0.8835560050318054,-0.2501383666990685
-0.4180190093184062,0.21380982086975264
-0.03049909101989029,0.14382665875777462
0.8435171226607514,0.7842897440687265
0.2772989049623327,0.428849223117433
-0.3308442845705142,0.1760783341056209
0.09693802955764702,0.3096510578467733
1.047525158547823,0.7029098570505132
0.37538781563662216,0.6463619249802386
-0.5397853296190351,-0.1613582684112406
-1.130934388775834,-0.32146884214927074
0.09673872827276986,0.391140800591136
0.20512365315957237,0.3806450237684658
-1.2201855272116708,-0.16738682334328592
-2.5520780177453286,-0.9677069684409583
-0.7089380620018606,-0.019961674805549105
-0.4020256198039962,0.0480072114109579
-0.9401870149583709,-0.2825954315518746
0.05068214858677067,0.358336506358839
1.92676986133435,1.2144707258998808
0.10816475780767987,0.3868795230086208
1.9740339268615386,1.28367001824582
2.384115160577913,1.3712259302600451
2.778564528627688,1.6230261519776958
0.626862244374981,0.37397048348578854
-0.5267942596859772,-0.11810872467137276
-1.931915721806753,-0.5056542776279417
-0.4525545543010643,0.05686778149912333
0.5489236522803178,0.6533847706968486
-0.0914778248665713,0.3812845939691132
-0.38757977033768787,0.056594343098234995
-1.5677819314371115,-0.5793968808611676
-0.7552762650517257,-0.027018789930109616
-0.23384958009304302,0.12178344999208873
1.4036170603592637,1.0358005231664438
-0.9681236662159539,-0.35593884984258506
-0.42980140477829704,-0.08095896124510427
-1.0037502923021142,-0.32299392490385953
-1.46908123197977,-0.5254696398826488
-0.6127640208236775,-0.03050915180685119
-1.7924320655129071,-0.5232275335690264
-0.837729805710113,-0.0992433014152039
-0.7121725924769946,-0.008027347478281405
0.2731609909815188,0.4357886930835895
0.6050573622632607,0.5653679084391978
2.5927475601688332,1.4144962113674122
1.6881436291881688,1.1312561623037916
1.9991188982791155,1.3328901104363833
-1.311299278095176,-0.3148115349121434
0.6358612076602246,0.6827875668708853
-1.3365781096305094,-0.29938734389688937
-1.4060406644166612,-0.5061563247902294
-0.6971475009265737,-0.10365260630863377
-0.03566548748366305,0.33506213606438745
-1.4659861823925546,-0.30893413091717215
0.09369561200834231,0.29630355088113386
0.5941983069712244,0.690608987763657
0.30407897329029704,0.5624380683436573
1.850687568576957,1.1906895514314404
0.5400834258457231,0.5168948390097557
-0.15334725819495343,0.18235498070301268
0.7803353522078078,0.6235921535595876
1.3491348348887386,1.022073292531727
1.189983893148235,0.9426525390161531
-0.1712683433705965,0.2649978403485738
-0.870213512855867,-0.2618956048829893
-0.054113074685701035,0.30030785966465523
0.955470848633823,0.7623873496480092
1.6897483580392496,0.9973176370111495
0.327451839400697,0.4668810053707931
-0.35023642007116795,0.199786316704412
1.096571840741519,1.0150639010450995
-0.18519564448342463,0.16092142393909653
-0.4943831434666316,0.04438274986141376
-0.2707083061664751,0.24846820583752854
-0.9888052994678516,-0.22504070323674374
-1.3092772048388275,-0.24863190621915532
0.051999722671622894,0.25868962964591796
-2.021939610218559,-0.5843092818232732
-2.3741941117058163,-0.9911458097535749
-1.6189031243168612,-0.6049507490930561
-1.9187590653101703,-0.4241880269979559
-2.0204037262413133,-0.7901778559262712
-0.6814350735103223,0.11439907581760525
-1.6902171971057607,-0.5552570323304113
-0.8980330933243842,-0.17564679549379425
-1.827128304104158,-0.7910785035331229
-2.0516380028630996,-0.9840404933617894
-0.9604769588952561,0.03323752280628134
0.13504972727600917,0.5076031439962673
0.2213824711358614,0.45114999520493165
0.06809365497822889,0.3754676512379578
-0.7834432692234908,-0.121842971916111
1.205619805054352,0.7803811138077018
1.8677338781233288,0.9881280049330096
3.3587092331841304,1.9726259405606126
1.5900581444145958,1.0299936294263896
2.4220943778762987,1.4445959344784849
1.29183614698247,1.2012088226197795
1.0946508685593848,0.8006021968782044
-0.8369889197446417,-0.2282330010713678
0.26278690028864926,0.38625887900460576
1.5553152312498257,1.0739019307391584
-0.03544775039630388,0.32931968444161197
-0.24058178606347308,0.09119838277020703
-0.007873464059333785,0.1751081685815455
1.8138777476498449,1.1054075668335686
0.08280848698570531,0.2947752974790278
-0.3272529374578715,0.010429554427813403
-0.64808513134442,0.104157767466666
0.5142350110952665,0.6536714760251358
0.8636888803695835,0.5557398502845852
0.9228689077186547,0.7909236863158022
0.26764846097381084,0.46161614943293605
-0.13718118830754522,0.3784278752568251
0.28270942896140877,0.439916529323408
1.399159605108064,0.8933573205712255
-1.3252420418526651,-0.26500126171443655
0.02200785760088353,0.22010839857099113
-0.3231236604321563,0.19929181073778407
-1.1947423110723703,-0.36390349299311814
-1.105375587890258,-0.2076177197152213
-1.6322999398540232,-0.397616445275383
-2.3603735193056257,-0.830911306164627
-3.760615950719762,-1.6228964813137832
-1.2659679778604558,-0.3641796611805678
-0.4148970885118541,0.0872688568837421
0.7086951335860545,0.5738996226987522
-0.4361076111994403,-0.02642295523271619
0.5679566987152149,0.629122416426713
0.32989370482980773,0.40767418304263225
0.9472825016478257,0.6325940975435488
1.3921139688984105,1.1263170380171732
1.3103135885143715,1.102651908544882
-0.34701892096825115,0.18493096114456922
-0.7219934121523796,-0.07953670560444068
-0.12139149020977436,0.3296265973342533
1.074747607463915,0.7171165247089125
1.0025914048735303,0.8915479539482505
-0.5225447333048094,-0.0591935655581341
-0.8507589403576308,-0.11574796665306764
-1.6921362244648799,-0.39596407256357324
-1.184099566192741,-0.16060515143579762
-1.511491720948663,-0.4849269568816013
-0.8630153660106614,-0.17101361179912158
-2.2039546827477814,-0.9147306787597365
-0.6370620025104662,-0.1405472843963983
-1.2225309933948498,-0.4590637876713357
-0.3311230571752807,0.09007512554427394
-0.7156211390498675,-0.03957179305285351
0.08386258207877806,0.19776111424059398
1.1233664936473104,0.9541343322222587
-0.4917218146528036,-0.06904736088053497
-0.4646963437036405,0.023894155152826897
-1.3090652206599933,-0.3260693531734673
-0.09619987142480702,0.39508623058945225
1.1497667411739183,0.91219750535184
0.3516525270628058,0.42364216154643913
1.1496783089234623,0.847141362222041
0.8635883810361433,0.9483040244724851
-0.44761518142345413,-0.07002930465713866
0.8242785750929886,0.6547402743303393
1.2544208244540958,0.9990114444623157
-0.20705649109350066,0.20653470592483025
-0.3608236944349734,0.16456631585115072
-0.18145342208378212,0.30616712788185374
0.28170254149247215,0.5075598614126612
0.3609148886795104,0.5527849261024609
0.47546082315494387,0.45379022129504326
0.5965869465993827,0.6188343600423711
0.1489810035581703,0.37380202881873537
0.3692743786956632,0.43243781477430254
-0.15350250139700794,0.3081676675433999
0.2750479354956358,0.41871129080881836
0.8988637981111982,0.6030958332381643
2.8223765196112067,1.726240250023238
1.7218582274342438,1.0041585448347055
1.910489753439101,1.2802134603586643
1.5746740631311535,1.0881451425867112
1.083490610405107,0.9185046104336592
0.6151262803642462,0.42131408284269667
1.5107521220570357,1.0998310990443805
2.441195562683647,1.589104077620246
1.7884421558427388,1.2586151152562626
-1.0800267791209681,-0.03808093208583016
-1.111045670929349,-0.36711464210817685
-0.787202444665035,-0.12891020269476414
-0.5510434887583433,-0.15213275366827425
0.4112128384475351,0.688292215368251
-0.21904596921109848,0.18638925046764063
-1.390012144176174,-0.46533403031302173
-0.9098483674742306,-0.2974781772288664
1.57946644031937,1.0797515492873377
0.9037419994996498,0.8458933012956585
0.6847614791736761,0.7340559484382081
0.3842965590150299,0.5185104250049368
-0.16634378408181993,0.16952088260401707
-2.0809926321064065,-0.7934830978533076
-2.7621504124461236,-1.2086086612642641
-0.7615560953640275,-0.24384776209152995
-1.0526452406531808,-0.2680192569313233
-1.3549527464607938,-0.3813622393073023
-2.7786504853603273,-0.9312017136041484
-1.4575395571507648,-0.449075439025089
-0.9372655369416429,-0.13744390276704263
-1.0550357716840557,-0.15521213287393584
-0.16820818394579273,0.12960698114765523
0.9345929654923545,0.7263933786083892
1.8550469186423852,1.3830890083342977
0.7304501602570597,0.7961387004322481
4.033284259466256,2.3218246656885633
0.4169704895806442,0.5062152364995395
1.6797525114635523,1.1181209085794699
1.7383463148340537,1.3674238451374654
1.139334904412052,0.7226676793536468
0.18782628005220703,0.2233129985292303
-0.6053338006695292,0.09928280730770313
-1.1906682630404437,-0.3713818255441974
-0.667989714846199,-0.14566582203989378
-0.9855136681963531,-0.10035999242537254
-0.8618082279377146,-0.08562675584018457
0.6320906249866154,0.6232921301699809
0.7639852552614413,0.6714648326558555
2.2662797759283833,1.4516423615345109
2.2999722103028932,1.2718667791050864
1.3313862506231737,0.9150073781405562
0.6578863606491521,0.7265467313642079
2.8001751677608633,1.818757613041888
1.0148410393738025,0.8107385918963319
-0.16368078936724506,0.20763395558598463
-0.09283251254569555,0.5194564565780049
0.4713148578607199,0.47347097599438015
0.47502002463190074,0.5047671391304724
-0.13193355578846133,0.18964952278516456
1.0996132183726146,0.7370799883610265
0.5295397610670555,0.4625494133372372
-1.4720081928871456,-0.5699375260235946
-1.3298001098156973,-0.3741939126073004
-1.6821974085334916,-0.5113887675483598
-0.8504202945621152,-0.22661528377906193
-1.1515812236042509,-0.22505672207493368
-1.8106334219649944,-0.6201731371841027
-1.421148806117391,-0.490298651699807
