0.45979278307844185,0.5672034156191894
-1.8417019654866151,-0.7440135345825412
-0.04490831913972926,0.21722807083885262
-0.8786332509344991,-0.2636093538536818
-2.9937633652853313,-1.2115015142274888
-3.3735521857873323,-1.4544903695522708
-0.5969908530982607,0.03800098709780771
-0.952932099266661,-0.13325409332949414
-3.275513064316752,-1.4490053837847754
-0.9160699977562368,-0.02429360791029328
-0.8099762514099981,-0.14580441973482733
0.13715659993463802,0.23374690125033884
-1.2194712646758792,-0.41439711341343977
-0.48177160086201126,-0.04048636760792727
0.05262636050290337,0.29764151909226455
0.3932667077350105,0.35282133983848335
0.03676693631899536,0.13490835007575394
0.18136264049923143,0.4584151006328926
1.2807129626913258,0.8552105355259528
0.566057950814226,0.32209299085863213
0.6262696599037024,0.5737620585720824
0.8044783226549079,0.8490363868141892
1.1403447463180716,0.840625468867759
-0.6737401674683452,-0.024588649127358562
-1.0495253171255534,-0.07147581979622747
-1.661211558922881,-0.4312789971892895
-1.162112328363632,-0.36752780169794314
-0.0925357887433339,0.361146383927492
1.2127031138578848,0.798508734683892
1.0157225374743029,0.8411638529223775
1.0089541111723226,0.6777535832702308
-0.3163611959343501,0.10822452642928565
0.605863215020382,0.5529140414032857
-0.30897942817240565,0.2647978570956591
0.8832402862828538,0.8649021430663466
1.6326928176655744,1.2213221764127367
1.0320128901495167,0.8887477885724873
0.32471019424125774,0.4880963749583402
0.9370000085593185,0.7853263938706982
3.686308542996657,2.169792612807032
0.8047856664292559,0.7872444649647704
1.6248637536923263,1.1865527075525821
1.6569501227360834,0.9435748982691353
-0.40430739048252273,0.021305529995790454
0.6229886425296691,0.6252583815802414
0.04683061065033822,0.33962939231430195
0.3533188445579731,0.5956058839224301
1.396097877139198,1.0056321181664034
1.323142920892841,0.9404928363295361
-0.20782836669582394,0.004898123617504968
-0.17597147047756256,0.14244640170222317
-0.9390518101029508,-0.20111995311805558
-0.42067885554858736,0.09226609366188072
-1.484671085445163,-0.5098009509583126
-2.612581523680159,-0.9145225241521686
-0.550337397172591,0.13409512559722359
-2.3005902542524286,-0.8405337188818486
-0.10302932392974173,0.1548253314013413
-0.609735101280221,-0.02554890380517101
-0.16966954628610448,0.21916809113765656
-1.3333487032077573,-0.26934987430215257
0.9420057509811487,0.8496617942169068
-0.8069089533212477,-0.20240429399206095
-3.19907838677954,-1.455671690987038
-0.5836672167251352,0.020963674902138938
0.8038817015730283,0.5158955376763763
0.16435640584730937,0.3368974752807251
-0.3224001881918826,0.18585218977649232
0.8695791341269208,0.8510966160138906
2.3615809594895145,1.5678088758704032
0.43930985017337243,0.4452662471713288
-1.3751971535588503,-0.428327502941512
-1.5532823531831887,-0.3738509135972445
-2.0447575428726306,-0.6928856551833215
-1.3746132262306643,-0.4858203065939554
-1.4080111078808246,-0.6451282984301506
-2.1599718376209336,-0.7563428193722107
-0.8180501327442593,-0.014725923530383711
-0.5833415564304056,-0.08359312398722196
-1.1513338983411163,-0.3657533372289107
0.06308793390872447,0.38082751672240894
2.746915667366427,1.5413877057648107
1.6690235056489013,1.1336881005248778
0.5615452707494859,0.5172760379449166
0.05092307176928673,0.18968410733679014
1.1310075172840914,0.9346307377054441
0.10056121860642309,0.5837524491662194
1.6654128448617669,0.9949570910625919
0.710997922886364,0.7539870201397708
-0.0395802949507843,0.34160497008985374
-0.27770022909518055,0.08380866011477425
0.36213773528676246,0.6301127595891045
1.8743480667829597,1.133663486851078
0.7064609859064458,0.6055387947336234
-1.224011236136097,-0.38907540478634156
-0.19946569489824717,0.10682036118648663
1.4515250227144143,1.250106631022308
1.2774743482953599,0.8964224676195518
1.024245547015077,0.8056833961595177
0.7582542408400236,0.6520569151959364
0.09528382876244479,0.28867217246086646
1.0987173163251767,0.8885672052066518
0.26933216814446537,0.31647768891328365
-1.5494127033515865,-0.575289719296765
-1.7455188294921384,-0.6564496293332048
-2.0172832569731822,-0.6017907698589099
-1.3634806863907178,-0.42574419327554464
-1.4085343737707843,-0.5183082205148536
0.974823912313745,0.7747532641341226
-0.2921282528967095,0.06439687061600126
-0.258786929257907,0.3014463198688193
0.21766408543435306,0.37995040199811886
-0.09858371541099434,0.03485830419353536
-0.2737258835771746,0.23118554897061627
-0.29475346462696705,0.07873940019930517
-0.36427119025651017,0.00741955513257439
1.542921144524311,1.0145609670157727
-0.3319402229980625,0.19367394986912895
0.3603781140486551,0.5040428080426426
-1.3252044803099543,-0.4408620853234494
-2.598267993618684,-0.8106554982997267
0.452250531734699,0.6157963770720178
-1.030978446313657,-0.1962640075200748
-0.060244006788692794,0.23839788846888577
0.867140492296596,0.7363155766039842
1.5931603576148572,1.0968982833139884
0.6530487845678672,0.7182436890689234
-0.07949965926647984,0.24398074949137014
1.6747399360989268,0.9027457315121676
0.9729672565682516,0.8257695359137096
1.0273440363677415,0.7445732191269743
-0.8631582078177088,-0.2853224990765114
-0.6466541507640884,0.030847256745657636
-0.6129209138919729,0.17579006113067344
0.2018870671984645,0.14545823447117529
-0.6890673554172462,-0.13021237501357097
-2.1993140450573194,-0.9547936871372567
-2.3879618832258815,-0.8998128638916798
-1.5381620488042158,-0.45804087316915965
-2.076334507132434,-0.6024245792779226
0.05059118306831589,0.38556709020063495
-1.7275298551926974,-0.3897151460727548
-0.8418416875166206,-0.1911336221755366
-0.5337018215643929,0.061252447901824936
-0.2798273381138599,0.16111392207934938
-0.5285774520356239,0.05361055153085047
1.0757548405661097,0.8140068990816369
1.7439916918303826,1.215004754201735
-0.4725529706672693,0.15342595734144854
-0.8662524778043366,-0.27085444453467067
-0.7148325358416915,-0.1306996719132742
0.7325859269289954,0.6745913492848117
0.929874835306601,0.8290724824501459
0.3544936932001659,0.5601989321964372
2.441371407180892,1.5048870928508675
-0.08549664896108666,0.33213498724520324
-0.4594016299226455,0.1444619927229435
-1.645544216272082,-0.5425252727527607
-1.0180853692486806,-0.34361086085349796
-0.5135995889360381,-0.08194197358718872
-3.0183847237734662,-1.240361638810291
-0.6093772400491106,-0.05870603771379721
-1.4537028219482713,-0.4248903396637059
-0.4222238266641254,0.15073866664758448
-0.569910440796603,-0.21856307168465702
-0.22922928884065058,0.08985192307607828
0.7167937312663912,0.5111734390289651
-1.2358833595113206,-0.2678971819419807
-2.5910309611253224,-0.9631474061094689
-0.2234033587189952,0.46525889495377803
0.7630143549219135,0.5610853777180143
0.44976899381203184,0.3700175446615692
0.33089819192884873,0.49334565712596967
-0.38394334910556377,0.027232030700712895
-0.7978615884530097,0.041944018082146345
-0.32427894565329923,0.2282443464223073
-2.3433781123167248,-0.867900179971146
-1.404925353459628,-0.5642010704139228
-2.327806208197228,-0.8083408801846343
-1.4884793403968226,-0.4521195271550712
0.2981385449349758,0.5300646784256544
2.9171362455948486,1.6326089110071766
1.7973549690031003,1.2199502372157722
-0.08724825006109693,0.21065878572991587
-1.474149002238555,-0.49658976921698716
-0.5850532956761072,-0.045259904037806026
-0.11065210398100861,0.2723878587555006
-0.3560363442578421,0.09385006767767855
-0.4146635997593041,0.171012424678376
0.2861524428101946,0.3990015600881317
-0.03215926173996797,0.294086181398091
-0.44184611032981574,-0.06611645223912449
1.514962757192435,1.1365267721642838
-0.3292787838033323,0.2567041980524337
-1.2260703584925357,-0.25368208808364656
-1.401497146125299,-0.24219458816392264
-0.0769993777469824,0.13725338795567357
1.0868894447246527,0.8652795572978957
0.4793889180293126,0.35350185275334367
0.8152408146881652,0.7372347415823051
0.21268518305453682,0.45948111506020556
-0.7772774275726598,-0.05246390152005001
-1.2590142239732818,-0.4347961060301216
-1.5639093786534635,-0.46222405627951313
-0.976533732160105,-0.20484537123447977
-0.34967350116188356,-0.09820664964505743
1.361624883863901,0.8830946179136893
0.8511939889074452,0.6774812501456682
1.3553021635922446,1.1639016972880987
1.6136143913097543,0.9662075271290251
1.2019748060663775,0.8520088150272329
0.008112538056039731,0.27799504203514197
0.7726148013006511,0.7162043020241858
1.7579473711517033,1.189373037580818
-1.702666726850262,-0.5699803502960649
-1.6712551545512722,-0.48463885188642175
-0.17597507259403844,0.23131103702992117
0.7181828918463178,0.778308739994117
1.3819318361892603,1.0174972027914104
1.5722291880215868,1.147674214363025
1.5713562065021394,1.068990927363897
1.9079034815322693,1.047352313726477
0.16752206003985903,0.2653853898149313
-1.1527461727612087,-0.2293301601603681
-0.050997417468570894,0.27444963593247196
-1.2686562658511231,-0.5128379176544711
0.07068184089860963,0.3243932282891727
1.325413001131862,0.8247806427275984
3.018039132960004,1.6879413623804183
2.3544039623751574,1.5053808450505113
1.9004066284784824,1.2264324967386822
0.335389074826422,0.47044294937554065
1.7912618194632162,1.2642219262534067
1.2975398662230186,1.011382875664941
1.3543564654964175,0.6349317017166846
-0.42622514665365796,0.04511059953446929
-0.973965696952622,-0.3581320455323938
0.284143240096404,0.5145937883505078
1.799681716691318,1.2035052943762525
1.1195057581332726,0.9355102577691035
-0.6191177647765571,-0.03801591017537315
-0.45768378450706965,0.09452061434489789
-0.5134896176104871,-0.053613512490882836
-0.9852078753526916,-0.12529061159316218
-3.3985831831167115,-1.619155049153526
2.319519831936356,1.409086335236458
1.3375047433904357,0.9517594240216656
1.0866324808092498,0.8714627979521743
1.5965324241004286,0.9372051282097248
0.8986283504602918,0.8838460090871539
0.13270491126982986,0.38405875477529133
0.28976860411559924,0.6299441608253559
1.0911711963188,0.838600135017315
1.358958068444268,0.935279979789565
2.093493500353465,1.4035991749130365
-0.8559735055245021,-0.15386799089710373
-0.30898498613535963,0.1241854326610951
0.4026556423158615,0.6851986111628057
0.3266067801661587,0.41575572559110285
2.2419030490266674,1.3430456845197893
0.3481597940258069,0.6533819904151249
0.5508826913395826,0.44806274362069587
1.3139305106799188,1.0528809685573006
1.1622764559452419,0.8765784375936843
1.765866477524191,1.2419425276169174
0.4154147284840225,0.641957883767658
-1.2858522378663366,-0.24183127079231406
-2.2338142692959853,-0.7773542869641832
-0.7850574380247707,-0.050686056863460255
0.03788729102871269,0.14171979442913907
0.5989348435760695,0.3782865096578599
1.3363810634703808,0.8484716585872862
1.2076845966839223,0.8374964582224494
1.739199969536885,1.2042124216749768
1.2835535716058613,1.0464665456765643
0.3023410458249832,0.40250253432344246
-1.8457139149853832,-0.6013623295271003
-0.5728948428034802,0.17621552831790036
-1.886397556031143,-0.611597359065065
-0.6442243022969383,-0.10735108482616687
-0.9037847946532727,0.00422249386505405
-2.2000766935928366,-0.9032768684553162
0.7894130973117839,0.8572502698153546
-0.628012793417655,-0.14655693553498594
0.4491085138610481,0.45652984557821275
-0.44834644994033684,0.1885672920082813
-0.47657550409591426,0.07190282435562259
-0.49677248908223703,-0.020764308213164023
1.4735343127140945,1.1136153487504734
2.4135650337703525,1.620639002317083
1.1759643616662372,0.8925866852024965
1.1336639827066892,0.815250448903819
1.9452743020431398,1.197590405243284
1.0828808587776528,0.7080854360121369
0.09691162006365261,0.16031072414417435
1.0171717438325207,0.7767713105393547
1.1586809560637632,0.9649519300208578
2.7267342692169465,1.595935537086704
-0.6727155470333965,-0.09123339024227758
-1.4087911336774273,-0.41877609862338716
-1.057764511538716,-0.1825331659329349
-0.15693435140765533,0.32636172767730415
-0.0706753774642597,0.02020585855556528
-0.7410210483820565,-0.1272694858459209
1.2539753384362857,0.7684470006762554
0.22866357371687884,0.4022163974165836
-1.3138527150056665,-0.20906698131852008
-1.3182203230109364,-0.361460394802615
-0.9258366699937609,-0.16671545587843578
-1.353552806835434,-0.27441250458015287
-0.04305842939137072,0.2438999495855054
-0.03541318681749544,0.21767408528599422
-0.17776336304041057,0.3252432790644627
-0.724000406576828,-0.11219246217466605
-0.5520229247326471,0.18640836126177043
-0.13120898983859375,0.3024389045230031
-0.5619833637487036,0.0381373132093636
0.5955489887362089,0.592473156956066
-1.156926192895543,-0.18196452493617737
0.20075922442640903,0.33787533569502065
0.352236244754371,0.4364394327277502
1.281458270903048,0.927976210809301
1.0865404144534347,0.9197475747667527
-0.1702211135142382,0.13434825992077543
-0.6794753649762623,-0.09257664321675127
-2.733924366687716,-0.9981794675278595
-1.8460419765177811,-0.5772854409167696
-0.5076747182549449,0.19172937121731556
0.019366713427702797,0.25892782490114546
-1.246049604554562,-0.20870367508146503
-2.5910205275900036,-1.0373260320849156
-0.03206165623359514,0.41438042684907117
1.256733204205166,0.8972068644385044
2.667009083776267,1.6460320387348606
0.8786050647189184,0.8032167996825539
1.0685365291147009,0.8204495418135699
0.5792908627085631,0.5689003766226906
-0.5502379037501871,0.07105763562599177
1.5296678216269157,1.2146616120326061
1.3592722938525024,1.0697267706583686
1.0129204728120722,0.9427117742782065
0.22351345182786053,0.3670330187480041
0.7817590605624549,0.7213784492182057
1.4548241632002794,1.0226491354433236
1.5671444066341091,0.9054380589176516
1.3654807272798917,0.9809710919878222
-0.1207274957824861,0.30470194613962015
-1.0565456722677138,-0.36392523152444656
0.6100280853549785,0.6573819383270878
-0.3202502849748641,0.20030766451220874
-0.864879386549234,-0.06963489970170005
-2.6833763729276003,-1.0456227200793138
-0.6803635484025277,0.0830102715050581
0.04052057531840236,0.5252653047208833
-1.481588259384484,-0.5609074292208516
-2.5954230416018746,-0.9997798721425415
-0.6655866388541096,0.012888978323100125
-1.4752359700858437,-0.3444331275644947
-1.5197709627488933,-0.4352860303483574
-1.2836862353257548,-0.1789476556776142
-0.19497067318016637,0.28912569006624833
0.47415136620971954,0.6878673027916845
1.1574937042947409,0.7063972354842724
0.31959995891447845,0.5584654718758977
0.7222222077298543,0.6894337552701093
0.16454171556955222,0.5876940612908415
-0.31797333876236683,0.1883393569753532
0.5359650804539201,0.4921657034518181
-1.0272268590555482,0.023964522652162534
-1.9712743489703513,-0.6837096076948858
-1.2995374142269565,-0.4045191300844872
-0.6846163216635226,-0.09397701551037721
-1.330059866604793,-0.3883543021458
-1.0749817651559046,-0.026878087921158395
-0.4479473338636342,0.10997253095397155
-1.0742711032254013,-0.22208552947906374
0.14629829212853485,0.3937640278395828
0.10895172004119409,0.4206379265469372
0.0032598819711615185,0.2198811262556391
1.1834124586309165,0.6488681686651588
0.07421252536649292,0.3322808969257894
-2.224738403305688,-0.9574003714071566
0.07445619052624952,0.4896641718642644
-1.7264003969465798,-0.49691822681709463
-1.854270049114226,-0.4831334168177799
-1.4911974223326463,-0.566267533856585
-1.042466521748693,-0.20376211460970256
-1.08522860289589,-0.25798802851878827
-0.5162690291014532,0.19575363002132168
-0.5216414593317669,0.019400920562931596
-1.4087759370115072,-0.43096968590816714
-0.6786977939957592,-0.20238117794757876
-0.02823188454578629,0.42832333742680495
1.323025428184759,0.8670717663096149
1.327116678710327,1.00884778425751
1.7743323074989938,0.9535267854932313
1.6815734196456165,0.94090635259847
0.07007775045707976,0.16398629589737307
0.7125375189255896,0.6196091220208962
-0.41064897826519065,0.29554045905511084
-0.9571815486672586,-0.027242239930373946
-1.131080661012758,-0.24981049827130125
-0.7255651228094959,-0.0577387179808592
-0.24175745149750816,0.2719312465917068
-0.6816545420637463,-0.08455892440088734
-1.4722830249665861,-0.3555098185649772
-0.8062399343920992,-0.19479631215060322
-0.8493061045119269,-0.36832072264018556
-0.5819710052160633,-0.06438629935949834
0.2410194957103563,0.4482222399371142
1.337757347534062,0.8408918555516629
1.3786983746909982,0.9456048680354148
1.2053754793927884,0.9797887712960653
0.35042616833963736,0.42776722672160583
-0.4000958285202237,0.2976913666211645
-1.5117675350092958,-0.4733583680148872
-0.520177533200493,-0.001629403250624259
0.36374674957842196,0.626632371892355
0.40780233956692824,0.4400832609592747
0.3621269633523426,0.4656781188469653
1.0291055492170762,0.7091711208301914
1.1501938265785085,0.8924727351077374
0.747467443263895,0.7771838279170001
0.06421773803015696,0.4426908797326887
2.3129040259759517,1.4318365499319685
-0.2594722191206007,0.23420133096866425
-2.4636982800248215,-1.0307121649948565
-0.8446503818147693,-0.22786413682517853
-0.7895832994912995,-0.2417056425350497
-0.43218271938247876,0.07218306493313736
-2.448898207993468,-0.9254748986640075
-1.1656342784913194,-0.10735607718405649
-0.6962706350122481,0.12229462882519948
-1.3300561529650212,-0.2927108885004822
-2.6821906817146743,-0.9129517205318842
-0.9728589239086137,-0.3132171408787907
-2.1708099796959726,-0.6766192984881245
-1.0110619279547999,-0.06851264501532114
0.7965912910077183,0.6449887863974411
0.05848127984939677,0.48638942664251356
-0.15611118419423364,0.1871597792539555
0.1311988994782884,0.3032583173308819
-0.09651420861009127,0.21452763495834481
0.5668604123621941,0.6777494241141778
-0.8255570562965188,-0.02658912297562943
-0.6525550482166861,0.045439333533621756
0.5669182237858131,0.6256703391143338
0.8247637448115814,0.8518887619662944
1.0602043734446776,1.0533326368526978
1.8417734951396239,1.246801632344708
0.6033749073923356,0.5589342841006929
1.495376410429023,1.2482812829379915
-1.3249756571840945,-0.36175221010511127
0.2742128233216744,0.31863067364328446
0.41450013787551715,0.5181766792232876
0.8212988145940826,0.6605535253300818
0.11680707157167369,0.5366976197035005
-0.6261081910291837,-0.16702693090207787
-1.0872382660606812,-0.2533665019880664
-1.2745385672201262,-0.19400144231577918
-0.7986812510170671,-0.01438421953571116
-0.3373172478431166,0.11481646681188887
0.7167030303117273,0.7626085436110744
-0.024386273090178157,0.3600357667715586
1.3544528074228186,0.8859642305563832
1.941440651157001,1.376555481931919
0.3209561420186694,0.46355684052593626
0.19073247706697,0.3793067147916202
-1.9037315924788882,-0.7894637579728088
-1.5120220998440232,-0.45809965635557887
-1.7831595693927262,-0.6042848761985091
-1.2700329308915443,-0.5199978078034143
0.46839494939909243,0.6473255218860848
2.000948608408835,1.5155815744154433
2.200385507287727,1.2898964587694461
2.6586487665939096,1.8508524033135623
0.6541552622533175,0.6728425828914485
1.6345174293961215,1.17388897992532
2.009568514586313,1.2448269878208988
1.5343313859736805,1.1396986636209234
1.5658490250847203,1.0977933359572742
1.0487764636966548,0.6932986643271613
-0.1444342752848191,0.263536297880976
0.1797526050269523,0.4254863090324118
-1.5820036392115233,-0.5837625759847921
-0.49528316888029733,-0.00027560459070589266
-1.0378491559839509,-0.16530747800938847
-1.7176504229514031,-0.4984186357235297
-0.14166469629875966,0.3621724858584644
-0.14768606941612983,0.21856867691934334
-0.6705882402919139,0.03527088041309262
0.5956557812724566,0.5022910234140239
0.6549027795294968,0.5417342094808688
-0.626197618888624,0.03818416841697958
-0.15166196386396236,0.22191085767802293
-0.5607877406424504,0.0891788916512846
-1.0052437484894523,-0.2883672967782485
0.6579844763207161,0.5834288571980404
0.7070413025752038,0.6101589859187292
1.045763016061512,0.7461799867805795
-0.14606689531670358,0.1382395708976718
1.2806771007834115,0.7598464223146506
1.9514110902059567,1.3181442236273633
1.8397167221980226,1.1559950961635697
-0.11631496758562632,0.07613301914905429
-0.06730112643052667,0.27884761576169964
0.6045670282856247,0.7480148255868487
3.0786382733139757,1.7989160914492097
-0.42092797234168255,0.15713343581473588
-0.28128457705190774,0.27998750662185923
-1.6401333014954336,-0.4542107308161341
0.5627367158419174,0.7212448285587753
0.39842528661212867,0.5143525497019982
-0.9042983766437441,-0.16222591260768635
-1.0818211312934745,0.023439542966568805
-0.01660723338530823,0.30885064608277374
-0.4178544691895763,-0.009281364463389077
-0.720450299231898,-0.2654170093763586
-0.6731127254883491,-0.09353645257297201
0.8306898501168674,0.7736619859960745
-0.05060710231105059,0.31305664057500304
0.5141325170144031,0.5304497597103373
-1.3205172329146866,-0.3828383080300101
0.002416681914604868,0.2585432943758267
-1.2615493773972266,-0.10725645598759709
0.053668404253133684,0.2686921652224224
-0.8224541547056619,0.040579258358371256
1.1221378199071266,0.8865228681771502
1.1805705321070636,0.784946405823338
0.27099786600838804,0.4560277064151014
-0.6854958126145287,-4.656602867220139e-05
-0.5790255624290377,0.12476697482935056
-0.22727079007137774,0.10402481712091603
-0.2636322364600027,0.057754239390313086
0.6036752694655351,0.7301540337372838
0.8596336078349951,0.8520666900773924
0.40774703676468027,0.3632560435581178
1.1636211616557182,1.0655310983993969
0.005818228065388675,0.27238160974033804
0.15391134897543957,0.4473682816192278
-0.562709126859954,0.03433242481324682
0.8082697618404984,0.7191707908370433
1.1064961172160546,0.8718909039116995
1.1256554964979253,0.6482937645849953
0.8831918479369116,0.8462773618514754
1.3904631836358599,0.9233499755018028
0.545868272181999,0.5074238723022536
2.244408266164053,1.57649083248809
2.480339168402035,1.603868824341689
0.0035554778854842706,0.43325404623008934
-0.9756536210976013,-0.28647219390713646
-0.0018811629308050914,0.2896346153594156
0.18344294836710318,0.35451647623677707
2.0978948727549085,1.4290972822677435
0.8861158981966832,0.7358871985880865
-0.13311155587478263,0.3379798185678942
0.21509845679243575,0.44616821397591255
-0.14600601596607377,0.15182396455588254
0.6831821864293938,0.5787106355920447
1.2960906314994025,0.967933749075486
2.954080086138538,1.72336559569907
2.027504499900545,1.2585268446473414
1.423929041762419,1.0695603881764113
2.3407797980808507,1.583702494454395
-0.41043616573578046,0.06922823967471972
-0.8206332064779688,-0.09344649765276299
0.40151196568000025,0.4175017542695362
0.20337330904498752,0.35906792196081744
-0.3111681542421034,0.2139317541209783
-0.4158015041736145,0.07509721826968056
-1.2879558576302519,-0.491003374068227
0.4548640675669038,0.5864473037234442
1.1850084110340695,0.8081454084219768
2.109166006878405,1.4252454773844734
2.1629502262346763,1.2766316972023108
4.884177017859102,2.6853534908117154
2.171894004976234,1.3187363022246452
3.5880975958616594,1.974010228986022
1.1758828756448,0.8321944756683599
1.293903220805819,0.9146273613207915
0.8002441978023431,0.8676023724105435
1.0460694827053696,1.021125317556894
-0.9718981679921438,-0.19816648081808164
1.400498724923859,0.8198905864527669
1.2899508370363217,0.993249873934635
0.5301635323608914,0.5992345531789355
-1.0160294827601553,-0.22042564036323956
-0.6334971862512034,-0.024806735398833206
0.5807944165725181,0.5979892389813162
1.6156210476665216,1.0995377541403384
0.9061559507474106,0.922221685570028
1.6728501575346586,1.1336447978680624
1.531396247585291,0.8957841319768909
2.0531661514655375,1.3513806475199412
1.2366900903204103,0.7622573834833972
-0.06334192141814798,0.35778155749856727
-0.053422715230980036,0.2297774855847204
-2.2797130660539593,-0.8409066569538464
-1.9745660321113454,-0.7666656512687655
-0.569710937250091,0.0899471075632223
-1.8132338832422392,-0.656181256911536
-2.0418405131301265,-0.6808216372440654
-1.7808545433793659,-0.5739564909007626
-1.4295974003870504,-0.5971598783832844
-0.5144164970625091,-0.061410969133545615
0.22594675462412067,0.5130464337386951
-1.435910950201476,-0.5722490000266867
-1.5116690710307288,-0.4502387501037745
0.025524455671654844,0.4603415140043161
-0.812604750189381,0.041797591224016634
-0.7570954338485129,0.04586308375935724
-0.6490878572237166,0.061625192730252534
0.576709042556284,0.6494690535750124
2.9473994247914335,1.7924884836010002
1.6700932250221117,1.0951041787442868
0.36437296053436585,0.40171394441632907
-0.6080159820190363,-0.12136110329648646
1.317488223225744,0.9405804269154159
-1.5371277972895068,-0.4056555331688908
-2.3272095481110266,-0.9093530421508853
-2.0274554440177024,-0.7332598993719501
-0.7552787634088654,-0.1896235310614568
-1.1577361615098072,-0.14926832469888981
-2.2457579238745478,-0.8970350490329402
-2.4600722689076138,-0.96878503685213
-0.17405871719179733,0.28437318888833074
-0.033030110221418496,0.33481949279161505
-0.008842806036093213,0.3510139482621729
0.1983735238522444,0.5257893980423516
-0.1540323892237704,0.32325143086885366
-0.2724187274138954,0.16614477976540182
0.610146399574255,0.3943277994639164
0.2901291671580414,0.4658747034790089
1.627200169088833,1.3809678895038833
-0.10344976470844514,0.2791825162187372
0.43855522311203093,0.5649259549957073
0.9247896422981363,0.7445647505620833
0.3780205110655174,0.5195501999371497
0.9369680873915239,0.8805667752017247
0.5124850782443531,0.6771182758550707
0.9375105190942339,0.7828557459016005
-0.5543726664933739,-0.013029474438717346
-1.8525309095608034,-0.5042879052832723
-1.4264814544868285,-0.3827930430169211
-0.9893375975622634,-0.3422036197911471
1.9823450256637138,1.4863394982798142
1.5843237216604005,1.2000410065609042
-0.7517812393134764,-0.02687791490801794
0.8912417037313815,0.6814499919132346
0.885947834508744,0.5875221207187323
0.7109468224543029,0.6648589622347557
0.999517468946953,0.797805618110427
1.3562052418840431,1.030571463917306
1.9006363209299604,1.2531089949039746
0.819261997907957,0.5572070964133063
1.089322886550684,0.7959902295063337
0.9600973417303119,0.8315409561397538
-0.2329752562031172,0.09883313743897008
-0.6225831680605878,-0.04268572258856481
1.1375673596993532,0.9829518833194452
0.6649853807703997,0.5995673272801951
1.133751369347696,0.8875660318788224
0.904289126979134,0.8119633942941198
1.3131233840434267,0.9906481578887706
1.1461912634143316,0.9083555298093384
0.28719659064312875,0.4355593178916909
1.4753809593767389,0.9634848120690647
1.5611729777688184,0.9796845369716665
0.5673737503417685,0.5626335476605053
0.7413903739151406,0.6645014600884919
1.5035975378296558,1.0676119701093314
1.5938313036121246,1.027887806280121
1.3189694582481981,0.9617780743878986
0.732591960759071,0.6778698591966572
0.039420242767779445,0.2874650626725483
-0.5824491883595121,-0.042107370364850544
1.0460423456300023,0.9048352358672315
-0.7019047448677377,-0.04856383741079434
-0.08257325112096092,0.2778238154957094
0.17735672328361746,0.432772319550895
2.5465344899062976,1.6101406220506642
0.6279809726336555,0.3989304669845636
1.6967123575013088,1.1903965573397586
1.044900603931726,0.6982177189624752
2.6861926583954983,1.7614347299464477
1.834782360610948,1.2439394430383586
1.3005309995475176,1.111568185049239
0.33372386670128606,0.6898009851235718
0.026311343797054798,0.2928989941131424
-0.2593187577936996,0.284488372582093
-0.686463019787471,-0.04216731151498064
-1.7827007276124807,-0.6737465181087797
-1.503635003357866,-0.29637371998972767
0.2688828734709845,0.3032739629154282
-0.3048196494088524,0.24759015687872948
0.05835448126742332,0.21085235933333668
0.03520793113105894,0.37087127387307406
-1.7706757742643997,-0.5599255074888955
-0.25652777208569166,0.2631144644742956
1.4284108894611343,1.0165435692036857
-0.38826968452735633,0.11833709975615055
-0.5733894977754171,0.15917903240570033
0.14833733991316422,0.31937693025337166
0.259478562848223,0.20891568699452168
0.217337730584001,0.45907775264379025
0.9618151601807501,1.0453011789597473
-0.44651811042929823,0.0425954262046739
1.4909134079335777,1.0298934765971035
2.2563734826003508,1.5604009322500918
1.0399416568162156,0.905850427533952
-0.3280119825335438,0.2715289169757862
0.13304830903856346,0.3271529742967085
0.5199759257526855,0.5361186204170711
-2.297497228430759,-0.8779306506502281
-0.932876634540103,-0.12979590217688702
-2.3975745844503473,-0.8604408977946715
-1.8870212211915947,-0.5750932110913678
0.4858800910902803,0.3844139188315918
1.9567561806476115,1.2796597114262567
1.5635628226608311,0.9719795070544136
-1.1928642530090507,-0.22149326457925805
-1.662513775558243,-0.599094703733966
-1.0963242472364887,-0.18184094158727815
0.07942166091170388,0.5164942759180821
0.7695145297192276,0.6554991531929452
2.3749146659965925,1.6071751507888585
1.5410840707757874,1.113179806831532
1.2515679788671135,0.9848562427382231
-1.19211182874499,-0.3059222394721095
-1.6599906016288042,-0.39854101943698816
-1.814786165924425,-0.5032065175197645
-0.5178322765224772,-0.1125308764490193
-0.6755135469627561,-0.0003016706583864673
-0.2937913257647267,0.29756683975039033
-1.0996551059161652,-0.3325521882936739
-1.5023296326007178,-0.4222747089748825
-2.063412428488946,-0.8755961006188039
-2.098869485594609,-0.7870379168938693
-1.415088152626921,-0.6558359052639993
-0.7540966096032085,-0.20744578446857265
1.6533377426151272,1.04247019873744
0.5287932162719369,0.6123986387226354
2.191161117931577,1.4231320075251057
1.466080192079382,1.0649453876674366
-0.11158556843848144,0.1342648059304027
-0.5864763287419363,0.2609335777791299
-0.5848330280921572,0.09406551290408603
-1.3862481661514705,-0.4125860318637341
0.47487672489059163,0.5068564478721381
1.686224851567842,1.3245924952194255
0.34827524123221587,0.4564473213205131
-0.025670132829241576,0.38964424965721767
0.9086625694160154,0.8059069288976235
1.4888543895694963,1.0298520971553833
1.864479979281766,1.2452605283301403
3.857327396555638,2.201532415114773
1.9170558434643072,1.4157669441285734
3.5686033374735437,2.2387569320191827
2.1730472953511395,1.3627612049773383
-0.7244423101829385,-0.09416000564001925
-1.0146183512401954,-0.2244286098922869
-0.06499875265619881,0.24989954390446723
0.07050148628030757,0.3422287991829564
-0.9623060690036853,-0.3030279348535697
-1.0126032410094454,-0.25519831115670255
-3.764315808942044,-1.759291889244116
-0.9643262499308404,-0.21748833624218017
-1.6754217366798891,-0.4210348168999556
-2.5452798368386462,-0.8663107683003357
-1.2032040225503673,-0.2857972450214875
-2.6315361220662234,-0.9767600802480115
-2.2422123028584315,-0.9336724461086668
-1.2472091139456207,-0.18438349149311992
-0.2973256782585759,0.1083679000356661
-1.4623468523399707,-0.49973478896837864
-0.07150903559869115,0.1680801935514022
0.24817755232665584,0.46072031041666484
1.2851834487470635,0.8606300801489872
0.2850214443090302,0.4298312268011069
-1.313938184782415,-0.5016586327005751
-0.014033026837438123,0.34023657454566386
1.7760144290826343,1.1240875866495839
3.582022894889227,2.042669628523362
0.4886761457395429,0.4602323788922651
0.7415298916184756,0.7151308583340896
1.9303533267300326,1.3003228021453475
2.2896115692202206,1.300921077664621
0.6689107562618807,0.47841246455319497
-0.6561517654761229,0.07440082293921063
-0.37037975419577873,0.14479245221054607
0.4347350745783696,0.37401405791360265
0.9830747778041972,0.7627445987339788
1.1265552748136805,0.8367858780191452
1.6271409886658528,1.080190318563569
0.17683465469592086,0.37481896239228885
-0.834593831879154,-0.02424558991368153
0.26475071263834604,0.4820334824572219
-0.6035915273729251,-0.05011224077348267
-0.16537572299323455,0.160612196467776
-1.648752573949087,-0.4183088292091969
-0.5734771325408607,0.0996271972129183
-1.6448889391699852,-0.5028554570744216
-1.6153236857784035,-0.42429705955914604
0.5375886095401861,0.48744099636242033
-0.774776598106351,0.03396841056326609
0.41646640497965104,0.4222684366657752
0.13110033338141813,0.44866433114798665
0.18400696301663938,0.28772086767357685
2.0361071585822494,1.2553308279044184
1.7846140908033283,1.1590979326166084
1.9567909107292742,1.3963600462976675
2.2404928091361396,1.3768270704273748
1.0861675330226113,0.9576704683898102
-0.5124000861686795,0.0644552607444504
-2.0849880979431163,-0.6935932145310011
-2.6004107063803312,-0.9291502548169904
-1.1676386379575057,-0.13499783062898033
0.08245547697044864,0.5022934344073654
-1.2192186745626183,-0.35710401928085916
-0.10847516617626152,0.23709918658931517
-1.296751128810601,-0.3801842404576331
-1.2783102044504284,-0.47566075574061806
-0.05389277426981576,0.1966978247803129
0.6721767738081754,0.4955212188116541
1.9224588063898005,1.2145783012574318
0.1630665218380868,0.2982178511682679
-0.6575095513520643,-0.041518492649721205
-0.8136714444267155,-0.17879899236862618
-1.0905658931070479,-0.37570676891034194
-1.2926237861332988,-0.47759275420257774
-2.2232276277154934,-0.730302289984422
-0.6257783945155404,-0.04285058354007616
-0.7005713455533988,-0.09505762683877411
-0.6258139588462401,0.02492571611046359
-2.8338859809228407,-1.4273309863474988
-1.3645806728915817,-0.47442964936860177
0.48078973144297565,0.5622859088430652
-0.4084188840952974,0.01418849566217871
0.2994056882438392,0.27162088526911793
0.9351113622120211,0.868660557659548
1.269706160556997,0.9768012823271974
0.14793804129799515,0.5312674010217445
-0.1437900020492422,0.0949606181762061
-0.8203873559363073,-0.0906761537727689
-0.7711726238340619,0.06354655494309544
-2.6316389794839097,-0.9655209057547983
-3.1793304192536045,-1.2962718151449548
-0.4512557198119762,0.2023037974064141
-0.48780550967901404,0.0026891084151076383
-1.0724559152286746,-0.2862382587675974
-0.9879834425661799,-0.12587768048888148
-1.982839315312122,-0.6368944349437085
-2.3686572391882494,-0.8547651876167892
-1.8770879243969416,-0.5084042046244273
-0.27617333005536804,0.21196637556766615
0.24971606131577678,0.37434509625378787
0.1306205972467887,0.3539649060589843
1.3734381057291913,0.9851321854545739
0.578927094298735,0.7478529712823098
0.3192190144831214,0.22739739849786944
0.005761900598604208,0.41418006760256687
-0.7604983620390258,-0.1391215923952904
-0.12603132733094613,0.25197073499244793
0.19779377466031922,0.43173916456586636
0.0006131785390234012,0.41473166864554145
-0.3285484166087644,0.13826131074258777
0.6699525412364614,0.710742898971788
1.3210043407820495,1.0085610526753637
-0.6869351360020038,-0.03893898674330139
-1.0274878937245016,-0.272125420243448
0.22889817687683744,0.542373276416516
0.29013340180348735,0.43223559319414817
-0.08996950609297227,0.2554705654344019
0.8404186457349201,0.7328053926858004
1.2891085486851577,0.7771912709529558
2.069561930584324,1.25785366765753
2.582903454868978,1.6266386162043305
1.5370671214697693,1.0806053735566974
1.2419909000415934,0.934612883721808
0.4016496952765546,0.5175119542037877
-0.4198509374780956,0.19862253141511343
-0.8302785975406299,-0.131897958005623
-0.5277982954399697,0.08081864174429942
-0.33101382899859355,0.07212312027370943
-1.1950899051349169,-0.3100355046177622
-0.6995708805798844,0.04885269711151145
-0.29489518212112503,-0.12327076557894343
0.8658597441227487,0.8834673134161672
2.626762584134796,1.5901374982349443
0.9930296035062024,0.9445944424099394
0.3654884754105376,0.3846991220606866
-0.7032064679939917,-0.08374555485911102
-2.466952088649517,-0.9383043997753859
0.3787327944948886,0.6101385843460942
-0.14862281804675254,0.26703294724186905
0.03172886319100979,0.21075951817550778
1.124471333994938,0.9576166313010044
2.0145871107456306,1.3462398743635444
2.4566915756055696,1.5379364134288154
1.097645912918236,0.7954867965296275
0.3745494561230744,0.41629989495714625
0.6566667319988686,0.4140748111356095
0.919445495792281,0.9487267206296552
2.2739606119688895,1.4430813067703274
0.4867270189445877,0.6795296949764298
0.8140275742752816,0.7484469371382267
0.046822048143982054,0.35707814109947306
0.8511989777441377,0.7028624935774058
0.7166176318055684,0.6785502325902064
-1.4320838818654396,-0.2952082854250335
-2.242029460813676,-0.7431515835339283
-0.788016442905796,-0.22127420979208098
-2.1419088025011703,-0.8750752882019112
-3.9742405146716413,-1.7291898502477159
-0.5096705862199974,0.04258027979904529
-2.268561242443404,-0.7775872521630685
-0.8612149869011396,-0.29971713472406797
1.3536775292980403,0.9813610862229466
1.0531812296617864,0.7231376511594109
0.5744046282711546,0.5294528723690535
0.913458196453504,0.49801400430528253
0.8598608679764013,0.7730865739210834
0.7437154923755347,0.5608978177342577
0.7329791706822621,0.5976833837669535
0.6555612029232979,0.6533121104900758
-0.4000952888658176,0.09599240744160868
0.3215523085680629,0.6484088838953845
0.8453590322188419,0.6085148453033434
-0.24581753638423787,0.2510276352800318
1.2764492874708855,0.8903783490428476
0.03517977635064429,0.5427033611588734
0.7949463041073179,0.7682711101486718
0.8542274163962263,0.7742939669307574
1.6563433509328493,1.197522687614572
2.0952315909922623,1.408069956781149
0.819415645274655,0.7016602565077796
-1.897325473771628,-0.7355131978827542
0.7414317268286619,0.725643743697748
0.7091605422243578,0.601140898691383
0.16557696364495061,0.0755563110593806
0.3995117038464858,0.4754224634417267
-1.7331488175919663,-0.5447793219658023
0.8902125781436185,0.7302983794375179
1.3913013032843056,0.8933355536193344
-0.0013924436464088918,0.275571385722315
0.20386735561304709,0.3356270936065642
-0.34042173934689074,-0.0035153238582089075
-1.0130199279434406,-0.22440218556358132
-0.6306176910190002,-0.13483373375218327
-2.026728408411615,-0.7231103431264471
-0.6098924461079461,-0.07864449810298946
-0.42673405535692815,0.25412676929962813
-0.8696067044911671,-0.21065257786476954
1.228381042095711,0.7662564787421823
0.35579287163829865,0.6168958333729134
0.5911565370029285,0.3863267955907924
-1.588677113487189,-0.6586462717039708
0.5350304530076311,0.45754645366764146
0.36540197350407644,0.3338782374829977
-0.3232989805575675,0.1882885747987262
-1.7511452625468547,-0.7111453330232671
-1.135659640849716,-0.17227644614536053
1.15409441079915,0.755434393374081
1.4196703555409538,1.1304502231559186
0.20742307892589318,0.5205933790242308
-2.1327367725482294,-0.8394503224956429
-3.2740990877707725,-1.2578598324835142
-2.6785589439179365,-0.9205003408400739
-2.134116724108852,-0.782905456251092
-3.1156563695257637,-1.3438553249917835
-0.6828311421860771,-0.08374850638977249
-0.9326921123964467,-0.17651420191546707
-1.8120632286001281,-0.5276544515969179
-1.6438469387875423,-0.4217070655812778
-0.09848585587491998,0.2330299810017913
-1.3472937382654764,-0.4150279954755812
0.2431103921552542,0.43399699437382044
-0.1766192412238132,0.34991579517282734
0.5207813433175132,0.5837656411145815
0.04266955857870153,0.16255722974338857
-0.05609635333778754,0.43538114808669437
1.126290039081848,0.8025323930984055
0.8843653021236413,0.8096487044410523
0.578462180299392,0.6621768608891816
1.2598214339930025,0.8295113441044891
-0.43935989386986807,0.15416822646538636
0.1945530056395609,0.532244943855849
0.2780980503436572,0.3387643229053564
0.7548592083862156,0.7207112195107149
1.3904316259412348,1.1946473389749577
1.9007337598230662,1.1656117831254404
0.14804487481310658,0.41315547278991616
2.454668344862622,1.497381415166406
-0.03034011605347109,0.3233910996553052
0.68723213735973,0.5764814357838196
0.8199352992781603,0.7072605166220418
0.6811408931483476,0.7974057241813172
0.2942170167061544,0.49308191820600417
1.1412650558479398,0.7939599048907796
1.4920336988907406,1.0947149474518203
