-1.0361175359997798,-0.120185290878077
-1.4466720855548356,-0.36476134975826024
-0.04216813084460613,0.3051769283898053
-0.6615844140134345,0.15760600879389547
-0.868124127188197,-0.1980567547847318
-0.463613379172195,-0.06036177187054392
-1.4218911577156461,-0.49982165528654127
-0.906157326409562,0.05430828570826132
-1.1178770190717613,-0.1747135713431594
-1.052753161420536,-0.23277803670471256
-2.106904425868987,-0.7683297880218147
-2.078519949694861,-0.720381644439586
-1.0719060630868038,-0.414998793353585
0.47059403439530345,0.37440981135341034
0.3944077507112845,0.3840879992650956
-2.1453013381615413,-0.7517742757952941
-1.9936593838694607,-0.7470760001217541
-1.5108000092242924,-0.47657559120815485
-1.3959101198439636,-0.4589720634082126
0.653141095867268,0.6119157888465362
0.8798737795807537,0.7868576865512624
1.0070414582490836,0.8189630806608771
1.1035417080118421,0.8119279853160032
0.3095858026121576,0.5224052535392487
1.219921029449758,1.0424320899264914
0.6960971993647354,0.6892188573623268
1.4836447916940187,0.8675835733449405
1.3551559275638638,0.9021790345765228
0.7179994402705611,0.6005921464481389
-0.8520533230238825,-0.09872749367350304
-1.0877880662022756,-0.28148772987559467
-1.623789782363085,-0.5253359333037898
-1.6318458343464384,-0.5644932551484695
-0.2506664791207007,0.2555455761606638
-0.26344987864776787,0.0035779150128677772
-1.3537328681844147,-0.16327156999581757
-0.9799132014162119,-0.3183461803639759
-1.7543555772686168,-0.42550135994812355
-2.0777912660840654,-0.7643583088076161
-1.8757993090908176,-0.7469815478092181
-1.2607726281630889,-0.36783213373683954
-1.8455316726286233,-0.4166493428644131
-1.454133392737206,-0.4249538097005107
-1.6003169772537507,-0.3333882747046858
-0.6681838152190617,-0.04941105626768258
-0.4657988763693369,-0.042706014722998675
-0.4150001564947632,0.10545214438930489
-0.48077746461694354,0.08442179992399805
-0.3801390047551034,-0.016642084071516294
-0.6524929688917045,-0.07227017801470209
-0.9990465716883873,-0.2805157153979059
-0.9432166689804312,-0.1839790660762207
1.124920158499315,0.9263881711797732
0.8050790257074635,0.6805679750176242
-1.0919666138973685,-0.19867568099952884
-1.1717459450038696,-0.3313385127032795
-1.9641558254058018,-0.6282345590200075
-0.8379341765582755,-0.22698485879785507
-1.591645636017163,-0.4907906620454516
-0.1728085823011023,0.15491160865141135
-0.7024581959418721,0.10309230971708647
-1.9944699000315849,-0.5438253860069654
-1.3202057076535114,-0.3077143062642327
-2.2759355311184626,-0.8578437500433862
-0.8247709130268264,-0.055898163881000607
-0.3125216954108166,0.16315676343898589
-1.099402180149013,-0.285928839474572
-0.987959740351461,-0.04355294487396885
-0.9168338939488938,0.029600513905767234
1.4854824151660972,0.9129570685594539
1.5685400714909663,0.9852988891938952
0.524780466776505,0.7645196233821986
1.5735521682822071,1.115001658416709
0.9184210631874967,0.7091940466364144
0.8948205148503199,0.8206747421540479
0.3974008294018263,0.4025290086397673
0.008881147645540821,0.3553690416960757
-2.738460499911553,-1.2070627546350408
-1.910812304059279,-0.613041580890432
-0.6783801936466843,-0.3410768266577283
-0.4722201015002697,0.18273100655314858
-1.7842527980055822,-0.5915381208138096
-0.9332400773229234,-0.16083690274972015
-0.3643249029249263,0.26225703745612294
0.8230432688705208,0.7833714149312933
-1.5690276366839235,-0.5175238729135426
-1.6983010833304624,-0.4881938790863085
-1.0608009603932336,-0.2762150856638586
-0.5917017334948576,-0.14014506213623731
-0.23338684238697754,0.22808759289613612
0.8294175312255967,0.6746610191140348
1.2451412596068026,1.0129896984078188
1.0711452871826934,0.7718165857432425
-1.4142255748381989,-0.31265756965613867
-0.9009755681466171,-0.34549707284776443
-1.7090535899038994,-0.6041197234538193
-0.4682899389396038,0.06908570375129348
-2.310473139845655,-0.8806894657468802
-1.8544801317987252,-0.655600659138603
-1.5581081501077954,-0.4676910596603225
-2.076530599996451,-0.8928405325516426
-0.9955605571385309,-0.2104141086810642
-2.3150919237385517,-0.8193268636412913
-2.7978420625896083,-0.9461473347366607
-1.3374403217622541,-0.33395276318916356
0.4178781040409749,0.41218504423701746
0.7372984982151733,0.8300000318720722
-1.9049339684103703,-0.5934183788413575
0.701458068568128,0.7161462575668478
-0.048195868214625515,0.29945048843393224
-0.1942923902860819,0.11344787289364494
-1.5459355902381355,-0.3001203737968401
-2.418986224993504,-0.8972201166846153
-2.164013715093831,-0.8485267671848032
-2.7244614526776094,-1.0623914926625198
-1.4246042822470382,-0.4575194128651934
-0.9417985854050815,-0.13974515149060943
-1.2688797663561684,-0.70400856634467
-3.3390927955613043,-1.315178335436181
-0.2252528492697079,0.19929160498998486
-0.15506194313301103,0.13055251697441794
-0.2828512503678374,0.12399025646347714
0.6240917316491086,0.6183094722729547
-0.04831181727034817,0.3387978175567568
-0.26828700743419326,0.22212177610423628
1.6267137660383055,1.023423243324129
-1.2926674627278432,-0.1746663077131885
-2.4192471153577007,-0.8770827232693722
-1.4238111748036417,-0.40082895352999864
-1.6947244353564843,-0.5963983646363202
-3.5383544183664117,-1.5985714192870715
-0.393168485425056,0.27172577240521356
-0.00880516149657784,0.10228032189312708
-0.9873685511245244,-0.19500542266016105
1.2937369424612604,0.9810165138158341
0.16236714217362147,0.22365548577679795
1.071654998046726,0.9877761011380365
1.5388200508708714,1.0363768006176581
0.8988422457642415,0.7465461917129762
1.5143206087736305,1.0954538530246654
1.7501538286552272,1.2162672421012846
1.143144791810158,0.8250894901623471
2.4471178350521297,1.5740872177882483
1.0179825553300772,0.80849019124333
-0.039795036118919436,0.1707482020236285
0.533713853231153,0.5692959907499437
0.37814745907704794,0.5132087646617035
0.35912006707382693,0.5338552758294807
0.1301952951464941,0.38126375599917506
0.2679820455887576,0.4140155167842361
0.20643363548148752,0.40680586379732697
0.22210025629330066,0.3786180706782477
1.0399627263100806,0.9331393283568722
2.868071845092066,1.6873337302531581
2.0095140592099576,1.3880041943969235
0.28255021405127534,0.3566313599553297
-0.13461438217465882,0.13394191231060015
0.14584364254899906,0.3108059667172608
-1.1920401995363423,-0.18086181508884164
-1.1031868434582577,-0.1270500472525557
-0.6889474536930966,-0.05250220832221929
0.8540783085740054,0.8506402922511341
2.17400205906674,1.2951448169795705
0.9777845733275822,0.6757816143760496
-0.28483221005101234,0.10472545156933724
0.7560378740965215,0.7244682889922183
0.20921671991131502,0.46305840703362516
0.4141319686049866,0.4045306948413015
-0.3814217287169296,0.05516555325906146
0.4164680761608513,0.44431241006940303
-0.059950686482923454,0.20164511183512018
0.8539169268846939,0.7209039091966145
-0.9866109376016681,-0.2183754151171488
-4.390311451254785,-1.8945382543894929
-2.30362156536489,-0.916354500594793
-1.3917122004932034,-0.4706791196603638
-1.622926034191018,-0.7064407308165905
0.1939108893563315,0.4055510805331823
1.359514799184125,0.9504630469138896
2.6937428334511826,1.7915100751955704
0.36652167294736915,0.5377025277056547
2.013949205889873,1.421317026377681
0.49498955464834193,0.4799594166665947
0.24774582790361224,0.28984753729605095
0.5856946134919766,0.44019046940626744
1.8132992882509782,1.2781193007184692
0.24694361675118293,0.4269157625323407
-0.058486056378273144,0.4185117587611017
-1.4933112358082772,-0.5819794038318215
-0.9569025483251397,-0.15139299774670334
-1.2865835746651797,-0.472161508086914
-1.0397776028643044,-0.391712275982626
-1.263567109955575,-0.3271721736884636
-2.2038466049307734,-0.7657636589862927
0.4350115808225239,0.6195885078148178
0.5120017251108734,0.5192551490264851
1.2666537190074358,1.065937930352489
1.4145125033011743,1.0599850198058511
0.5641145317216465,0.661659071622215
-0.5325538156131479,-0.03176641308383342
0.32596853891988875,0.22594319434457646
1.2040342851926098,0.9377704558903796
0.6612068661223189,0.49541435932459793
1.037113048307074,0.7604981899474027
1.5634049128257326,1.2445701453175522
0.745978226267765,0.6559640514081151
1.9643330031642825,1.372218287160424
-0.1646846266391615,0.16784544238142726
-0.7486704830793014,0.002489809717715452
0.4973749144901288,0.43009963203631324
-0.0002490337426143685,0.24257951257144653
-0.651978165131131,-0.158498341925771
-1.0904748565014817,-0.3425559435617596
-2.486133356675979,-0.7977808641121311
-2.2405542932622846,-0.7628560094925431
-1.3130563762396412,-0.35171872831330814
-2.4012777304850506,-0.7421263701482641
-1.166079330870942,-0.34943684162764427
-1.8758908281414237,-0.7234279935811213
-0.5171722568505824,0.20824279651209682
-1.2299139859439876,-0.3223783986788074
-0.8357008346971436,-0.043409806204977974
0.6255033835221027,0.35199251337677073
-0.9277500321513302,-0.25250497057669513
0.5076236400761355,0.5774094258780511
-0.24335785851204783,0.29200967038516124
-1.0715607693890705,-0.25177865772231806
-0.29960809788712983,-0.029849906289375366
1.8148411798363793,1.122757966488369
1.2264069379158815,1.0701037742143966
0.07849159055362431,0.3146229973650243
2.065607911441527,1.328335642716935
2.166268471208733,1.3484530527310707
0.9545621685660701,0.7977362685698398
1.0494731710494305,0.8727650908617498
0.6076706523759587,0.623990778624474
0.6531349215949908,0.49997340680389624
0.6230466170412476,0.6956230058203987
1.3365307006710498,0.9895522020782678
0.841119541406976,0.7365899177341724
2.8643695825292266,1.762588055989781
0.5976601677144134,0.5416740939843582
-1.7895803718825825,-0.6656036614469576
-1.7223814057527922,-0.4249004618154386
-1.6704457342391854,-0.5175108226037972
-1.3015506244158517,-0.2805268777023487
-0.5853789107041911,0.09113785207851512
-0.5473765794306673,0.10465854075227364
0.6200874748033548,0.7566669134216839
-1.2126581871267006,-0.2830580943413497
-0.12759951955002524,0.27543023587397847
-0.727168147078632,-0.006134903258116782
-3.1228911214264365,-1.1044518571380084
-3.1049464411072734,-1.35750631584069
-3.7851874111583705,-1.601578757289621
-1.4654132042398427,-0.5273332012011946
-2.0103239865347264,-0.6491770856866966
-1.8221527727187183,-0.6466647299961445
-1.5080694740263738,-0.4306833395680898
-1.5799192393648167,-0.6758566188477555
-0.6840722226176088,-0.02179472671964114
-1.6630902919887585,-0.5154915678752514
-0.5021936092132253,0.013304101173987878
-0.806360883860155,-0.16060676631909845
-2.278925338899457,-0.6595418260863636
0.8594674368041408,0.6969030569367264
1.4754966771535223,0.936648458539259
0.2041260947413479,0.36860771802686804
-0.45739594180826926,0.10709687397595188
-2.838468384309435,-1.0969747593808523
-0.9467095800201001,-0.1084941217607034
-1.2312872525215302,-0.3910376497254266
0.9777618814055486,0.7419929350353416
-1.039074229470014,-0.16565891273986097
-1.3279283680421097,-0.3377918725678887
-1.0878256136827524,-0.20452323208866288
-0.166595380716834,0.3467868906993373
-0.9583157410429821,-0.19655482278452532
0.5365545354147835,0.6873132836695894
-2.6320287488318743,-1.1307484470668459
-1.1835427603966435,-0.3814761702012276
-1.9435424282003217,-0.6953836367121631
-0.882806741769599,-0.10794782470746549
0.33765891393966074,0.47172583286392783
-1.921186011038826,-0.7482458634686032
-1.9095930860751682,-0.4692792948646187
-0.4835858268635792,0.1454411362321495
0.081305973909993,0.2845181870680912
-2.0286229256290884,-0.8830815416066706
0.05720115283996874,0.28847515339055807
-1.6888145619554709,-0.4292634732338926
0.16696617988717577,0.38420513106078524
-0.9007423715461242,-0.016977005780224846
-0.681249703146145,0.12819196899482233
-1.3029203837659127,-0.32866979215246916
-0.2267806084215288,0.23294679171212834
-1.3481255345100833,-0.29142436475654926
-1.0308253708656778,-0.3039400123455616
-1.9447574614837888,-0.7271353172568346
-0.7545199301860426,-0.0971481273854557
0.7363021515319201,0.7238149736223402
0.22294072982007596,0.2535130889407944
-0.02248401773750333,0.4243479628420306
0.6640681481765267,0.5603989426567786
1.4563185661917113,0.9889052378043747
1.8817516364564542,1.1662725157321887
-0.8955661236368762,-0.17691357940681585
-0.4248208740032736,-0.019457220748209422
-0.524836630853892,0.1150308930417507
-0.3417763299578729,-0.0016844549082094817
-0.031033373469161796,0.3750809597856997
-1.2652198074159444,-0.4841920989121897
-0.6588942270375308,-0.13621792520749149
2.065336793323029,1.238480206562439
1.085916643551735,0.7325859079182633
-0.10020995253602594,0.17752446356502907
-0.17009707160593857,0.11765733698186844
0.5115090698699989,0.5403389471486191
-0.2987523136180188,0.274969093022003
-0.736444481276884,-0.0855227077968618
-0.3062649039615685,0.0766881504401095
-0.20921825628215568,0.2834049312217667
0.9354510015355265,0.8225758858525689
0.9942920914610502,0.9041415544773244
3.372101608686563,2.1065573153427617
3.597750533797819,2.0739348428581037
1.6958064315072412,1.2310155638571574
0.6514206085012453,0.5811469728667314
2.417390325591131,1.581639472626358
1.5845832704443175,0.9591503501957603
1.6119929253367582,1.2417903364499594
0.8709563453536903,0.8223521312836873
-0.07273891350035766,0.1926260967390238
-1.3713795312532167,-0.5248192815226237
-1.5733220530687766,-0.43017370834084767
-3.136881679798,-1.3432455464116029
-1.4405398385109711,-0.34618158125758236
-0.8571029809234156,-0.13297434612112372
-1.0678351023112445,-0.2801507062751487
-1.31634937801587,-0.4473493297037774
-0.5956205951836062,-0.0742903369575208
0.574246255267446,0.6576189984907347
0.1477143140046393,0.4658991491641564
0.5435028388287508,0.6784003960305518
-0.08479065813716063,0.31189618841433014
-0.6799467165869599,-0.06549172728154089
-1.787017173099477,-0.7993882296337389
-0.1618447867909576,0.14466060410177245
0.8692464191293192,0.77392214831502
0.518238132376058,0.28619608985056005
0.3454917854169165,0.5736175514372948
-0.44878243566161913,0.037709723824900974
-1.5273080968537036,-0.5746772804843754
-0.6103588751379262,-0.04735068024614749
-0.38002478369099224,0.26979341673835544
0.5809949569752875,0.6079044993129441
0.7959836780202133,0.6628420162944547
0.8391435075500345,0.9200506786525162
0.2754247687010183,0.5004532474469191
-0.725485720273648,-0.06488252140170918
-0.3863632209971991,0.10547297798497496
1.3374354119838132,1.043624458710751
0.4344258474001082,0.4302438946549004
0.1492295602829768,0.46718714037876674
-0.2490130523741674,0.08918340155945947
0.13773233255656092,0.2797969113834036
-1.1250556387760915,-0.20370864952213727
-0.28226612949171936,0.23408568558679907
-0.47699164403084987,-0.11943626139258082
-2.442029772464033,-0.8833727160528511
-4.202159422872163,-1.6814464671535094
-1.5910019231688801,-0.5057496602090532
-1.6020307934631384,-0.5861879431308961
-0.9375202599026109,-0.16546420648300397
-2.227421882079258,-0.846807316048763
-2.6908298047243173,-1.064341797843359
-1.475184017295125,-0.4623473443421925
-0.9895052615063279,-0.21867717299705378
-0.6164338542222868,0.054933055908042996
-1.1469744804640158,-0.4134926280944602
0.06259497505090894,0.24363914822760926
-0.3079932676183963,0.07667162412292086
1.039946866938405,0.6453844586053404
-2.374903905752113,-0.8857637981110734
-3.185567836718305,-1.0950227454391488
-0.6741946268750825,-0.09235599119086704
0.40890297249519925,0.4928566047898327
-0.5611743418480647,0.0581004761303332
-0.8671230233898894,-0.1515885994153739
1.3370189035309918,0.8344662853689444
3.8433857905653515,2.158286832980716
1.64950565699041,1.1906370041203214
0.09754873896098115,0.3013688532472856
-1.136584770486414,-0.42401962803617255
-1.5628492421999107,-0.5175492823305167
-2.08753528129375,-0.9263691323398157
0.7130107021208725,0.7773061682117643
0.012631099018115766,0.43061295422329215
-0.21218231941760432,0.38332157053538457
-0.9776159730550049,-0.23944817830402257
-0.5964295906119434,0.10759535706122829
0.6936906940141775,0.6351035172770647
1.6579082244317322,1.102725951819775
1.4877343101783487,0.9318442691266239
0.4110259135257973,0.5438262294162255
0.5108452373991995,0.5603751605079985
1.608060098888416,1.1291394228100593
0.603019717707981,0.5518827685073141
-0.15364604230032963,0.20876681591644258
0.6892859425926829,0.7673468128238957
-0.20476003559007316,0.12868018647810167
2.001435416837235,1.1162794963486808
2.1676890728681997,1.4212831857415285
0.4738949710312511,0.5745180900563935
0.09368204217607295,0.5406964457709265
0.5803855130030748,0.4999926991473618
0.01798993594741316,0.4197729241527576
-0.9230827778590495,-0.2181534046963449
-1.6223673866394663,-0.5869764523196801
-1.5573462108552318,-0.486365802459372
0.2008306834236928,0.3731195845565614
0.25090133158984296,0.7130802554049466
-1.133759545409583,-0.2921544767786381
-2.5520748790003465,-0.8949338272736314
-1.621969730958888,-0.5613335274156722
-2.130450568415128,-0.6269046045309858
-0.3153290846630252,0.1818682116062223
-1.7916957677115917,-0.5902232055792045
-1.7469613953198917,-0.6718847279949631
-0.3981969384639258,0.24099541683025635
-2.0495763511458165,-0.7735409302753115
-2.299848137393263,-0.899907135370602
-1.9352600937314286,-0.7614829501901539
-0.6460758139607687,-0.23538079998114936
-1.9048362593164716,-0.6196985623998044
-2.6726533102294088,-1.1011150006045132
-1.200447549868462,-0.3162486792398341
-0.6746698418046235,-0.11653503459413173
-1.6497376340868075,-0.4027078002173988
-0.543651316253114,-0.0008450926327255824
-0.20652202443284257,0.2807497513856274
-1.9685443580911628,-0.6303310237472246
1.198465545696333,0.9479221848331866
0.9590843556561983,0.8989506988157656
-0.6402993664672132,0.061933852166924264
-0.7002576496032945,0.040069100945255995
-0.452077390285087,0.2612608649935496
-1.03190041612442,-0.2890234884701268
-0.8929687715613619,-0.20689689538207173
-0.31020370296309857,-0.02726375476110862
-0.1093866863837645,0.16111945494700097
0.6660250629946524,0.7440708759619459
-0.2347245994735767,0.07989460885424643
-1.9535538807495767,-0.6683884708856516
-2.0298285311316997,-0.7951829821956885
-1.614085767276947,-0.47784203118558155
-1.8086758020983298,-0.5674123944847871
-0.04663983283172968,0.3567530152051108
0.22598170106988202,0.3527308846883289
0.1882675714561401,0.32033726385972616
-1.077910866715223,-0.1972796668067611
-1.4288122060784008,-0.3461648988346602
-1.0233249359633985,-0.3628307886341025
-1.2938744683917367,-0.336214466437198
-1.3159160463439266,-0.2924462065850331
-0.049916911583355206,0.20268453279966822
0.6088269553210348,0.4580480555239962
0.6262883520661797,0.6061719025100197
1.4247812473469392,1.0003310698785965
0.7048561717097244,0.623610992796141
0.34763094649062826,0.5484168928786719
-1.8214724419606536,-0.6686702219455054
-0.5254186353661855,0.12205631540119194
-0.019506945030066836,0.3213085529162243
0.5433105070088603,0.47123970184634056
1.697246332609669,1.1457557056336811
1.2473641404977038,0.8285434682840109
0.05785378325550927,0.3925771759126416
0.6332720372920111,0.6444587391875506
0.7100181611931782,0.4238205995521038
0.5625875122553706,0.273088261727767
2.065086215984298,1.5675065259324696
0.7729903113497212,0.792192022725149
2.496516583608939,1.4977313518410835
2.3098022123151023,1.6033521423378394
0.279281679813169,0.4556752538500486
-1.5415494127170366,-0.39803505997891364
-2.4795036980247707,-0.8944875844630579
0.13627687140472022,0.3823530039700915
1.1292232752322364,0.9684474535372218
0.7531177068599244,0.6066143319895672
1.3142885145015157,1.059054331301771
0.037699842835912656,0.25335858294046687
0.6067217582463584,0.7804187530751252
0.4548973303086911,0.4337640735337428
-0.3577239939087962,0.14074033313247358
-0.2510204790653085,0.11088999341261438
1.0086489091692437,0.8068514166564643
1.417894324575389,1.1784127524556685
1.7967962542451468,1.2305839406727412
0.8222322478654821,0.8507587104645472
1.4152171374573894,1.0229310364109645
-0.18074246370131652,0.27456923824693413
0.044267995943183425,0.18882836876484968
-0.016395268800560296,0.24859027355755764
0.5571363105616768,0.5758927294770408
-2.5413995431072616,-0.979258464428434
-1.3646625428642303,-0.5748338957648138
0.08163236330329093,0.17330868613422962
0.39395971555430037,0.4461762751916129
-1.0571112536101501,-0.20540742961680789
-0.779151250632407,-0.11134376346073319
-0.7796412540929604,-0.037845567088892716
-1.6504471976410864,-0.5615411548917647
-0.9891089190412949,-0.226704867032867
-0.6868323646172431,-0.10976858520070898
-1.1242893441962598,-0.33891568743652856
-1.5380896677936093,-0.5996663147325437
-2.001610395964442,-0.6328935439315277
-1.8853644363275068,-0.6588334448361797
-0.14883519939016054,0.1613940147570318
-0.07937961846710029,0.27799268639832986
-0.592454066031324,0.0036888609286743505
-1.506742345221976,-0.7294283447721275
-1.6261430928515939,-0.48220176937528175
-2.0742184087039357,-0.7032158968312537
-0.24207439664300945,0.25434428706229095
0.6818748454872288,0.7184928779168979
1.8570765579486965,1.2083827120034776
-0.09200314051768577,0.21528350775667537
0.3564766346898248,0.5030132960082105
1.6461283247772875,1.12811778465122
0.7611628481376476,0.6640507338985103
0.06709101524366357,0.30951861239338446
-0.17723384601369369,0.1514995823913952
0.7098547353884083,0.6236962191442976
1.2407734264354424,0.9670733186356457
0.5969756272729915,0.7592753480258636
0.5150928367933674,0.6559795538625743
-0.41535306983218684,0.23954651307819008
-0.9245723648438379,-0.0014501938004368997
-0.5993370347177052,-0.17534729352070705
1.1957412401058982,0.8394861042386336
1.7080838389474624,1.1873327946922894
1.1174250178777656,0.7665663426174517
0.7533277104958197,0.7355347050174733
1.8936682329055765,1.319549995498037
0.32053274665423626,0.5262220472870436
0.7811022610375075,0.7583116418633691
-0.8590976048655391,-0.24159087502758408
-1.4693679569422289,-0.5131707957043574
-1.5478809327766276,-0.44937102625276715
-1.1696123549580688,-0.45498681478073477
1.4403942244885075,0.9122187757674621
1.939345783419904,1.315381608621744
0.4701079844989712,0.5347358875675251
-1.1837188044024924,-0.16698061050739244
-2.0954917514323097,-0.7405117900028461
-0.6558529412899939,-0.012558097448852487
1.8900915938429153,1.2583718270649062
0.6028972882060608,0.6227005273863506
0.4170821163255947,0.5525057751463976
0.4916451031396375,0.5663447083727398
0.576763568983976,0.6740682082811773
0.3845601699186871,0.5803369664214048
3.1139597365270335,1.8639140482889285
0.8255155261736064,0.6090923971606106
-1.046300130787337,-0.1713273522020558
-3.133258711310074,-1.1526381669701298
-2.213066528562792,-0.9312945831105828
-1.769056742607154,-0.5438123473225084
-0.7168417438022767,0.11485337728035011
-0.5896304539615531,0.07320166365516696
0.3268075240434978,0.43408243212103836
-0.3951505629688775,0.042100384969356426
-0.2866789288994283,0.03866366629506546
-0.9206469923603056,-0.21219351883225285
-1.289934767701761,-0.2020753390294082
0.8834542898996902,0.6846615100699023
1.3824961254739896,1.1036411368606918
0.28849181071502805,0.4625072588936883
-0.21893354432079565,0.26629655375365235
-0.9206197225312608,-0.3496303445490636
-0.7062771263767977,-0.013173985434388025
-0.8238156286351773,-0.20960282883861708
0.41142427830273653,0.5938010413320478
0.21422928332972008,0.21023205082228758
0.11499533153495553,0.1110066040342946
-1.225994090519476,-0.18443102138375406
-0.888121957165302,-0.08392541980830759
-0.6455330952347076,0.0817106501157906
-0.6912051920905203,-0.09094922614637023
-2.141899333369163,-0.8827571051931511
-1.9517411741717694,-0.5691984589115174
-2.7588143927326474,-1.0993815026436062
-1.0286304410492797,-0.3566194292275998
0.4615549483164061,0.550544222324129
-0.46438474382737094,0.20266122342285156
0.9750094652661212,0.7304970777863777
0.6295557090901114,0.580445473516051
0.772520230840057,0.6578813071547217
0.18211978354342562,0.47843213548110003
0.23843153515364351,0.28048723189311614
1.7203532466434057,1.4529467361682138
0.9499339274509243,0.7620049780749949
1.2491682637001045,1.0279423816840987
-0.37299331905926625,0.1081224840201479
-0.20071155799134507,0.14206794218243585
-0.8678167296041062,-0.09384087870395162
-0.7458688951443518,-0.10277371905781262
0.45402496048095287,0.49465148532165865
-0.6833596157417842,-0.1926235268833316
-1.1561748406749777,-0.3327772878713672
0.23106643086918777,0.2309883587280008
0.311578348190522,0.4234382445678239
-0.35510269465644007,0.2859062253385693
-1.3111871544193838,-0.21400962261619755
-1.8019531147072796,-0.5630525771604513
0.15560796374605879,0.29935516145685226
-0.5056711137491409,0.08871874080698292
-0.8715871177341293,-0.1821430860091725
-1.0373107786727214,-0.1808021978435888
-1.6860639977210556,-0.3275101478802202
-1.3055961265291465,-0.31194713312396477
-1.6385977825527318,-0.6315465287543742
-2.6414078727037444,-1.034337158896217
0.23402149147491458,0.36272535205022255
-1.3282531157569082,-0.20735398291134205
-0.8526023707153927,-0.07425903966143879
0.52146059701509,0.6195522650032608
0.15099012671248563,0.3569331968509135
1.6658626643183665,1.1043559351291123
1.190442899870333,0.8510648005681477
1.0946832022738524,0.7931664416387751
-0.5212051215745964,-0.06351291470366548
0.6879331676115317,0.6705296650897966
2.7464501603211775,1.6252608334129666
3.0685223298392312,1.743873985339101
2.5068713533451286,1.5858779790032587
2.0847402867624725,1.3524000483472558
1.1236490368021026,0.9663289611314744
2.9697591493966975,1.7928093483706464
2.260168017322985,1.5457052617301732
0.6741818126799867,0.6644412100874905
-0.07578910293358698,0.4454715280504424
1.1659068771516576,1.0151786172947512
1.4367413502734305,1.0827422181828759
0.5119489151416605,0.3931675362167685
0.6120711862592626,0.6248639191182622
1.0193118271648292,0.8067723701334011
-0.8606756538665807,0.023470954551157053
-0.850954685848735,-0.04107155851343261
-0.48518467773489016,-0.06750625185545356
0.50226395044489,0.4267448445317378
0.6604298986966932,0.7059173838814634
-1.344137017801053,-0.18928078460141157
-2.155710700472179,-0.6600061042879523
-1.178297810773061,-0.2231836590112012
-0.4903638054767676,0.16167101367459974
-0.33812749695555855,0.08856392072005871
-1.673297017304023,-0.48716481543652546
-0.9209926701413109,-0.21601971808545561
-1.2605769337403292,-0.3338968997623051
-0.38642225580117895,-0.017236153303877788
0.33361590364714305,0.48916730349072624
-0.10365923525618198,0.3068364586372219
0.2747069132829071,0.4594600593917381
1.0811125180475352,0.9463170567181601
-0.755616000733932,-0.21836499804834453
0.35605827427516423,0.5331778252223779
-0.04316259123815591,0.27840825044168066
-0.4682285843470442,-0.005430922000124586
-2.2727956835011436,-0.6531866522499469
-1.2242826429746185,-0.18283480772680738
-0.8022856908783698,-0.24866428156861256
-0.5130896980175618,-0.11039129899440997
-0.679556825361414,0.024092866896598716
-1.1708646210973903,-0.432570291691083
-0.10396465052974901,0.19398502347641325
1.1989296216046021,0.8119396624384868
1.8913790335412828,1.269691466884965
0.8233354477029458,0.697650023794964
0.13063457998631922,0.4176465609547072
-2.3323846901986833,-0.8909613755059985
-1.51302977149777,-0.4816011823088995
-2.274207614748277,-0.7744146920589048
-1.0640638577131918,-0.38258607606279194
-2.435954096036096,-0.9217291535825956
-1.9656808305987232,-0.603124684097314
-0.440770297397966,-0.01811370420796804
-0.857236088050934,-0.26158566479773826
0.03689307531515462,0.26182366566024823
-0.10939144158745698,0.2889036207472923
-0.5996710969219671,-0.08495172694619643
-0.14036021041394126,0.06408033690977605
-0.3773441569946612,0.008671405082619016
0.19427331205654064,0.2496322762853082
0.35564652997374085,0.4902799316881766
-0.7659169748572381,-0.32704005093241056
-1.940735319216012,-0.743327357206779
-0.9833633017245806,-0.3460237953176536
-4.058628835059733,-1.8267799322970764
-0.32217281507281204,0.10839741601219653
-1.156523920852257,-0.1957157592622064
-0.5254208453823922,-0.18737839553883553
-1.6323349161336633,-0.5416334054812011
-1.3726173023263315,-0.12311986774529393
-0.7364317946376705,-0.09197875643245343
-0.3184498197582123,0.3085002048735673
-0.4787865842844199,0.09611598064886417
0.3563162220714249,0.47387521639340824
-0.2999553357299777,0.12246197677214414
0.9577114908130553,0.642159254700809
1.4748546636410071,0.8155460041073587
1.840538006889875,0.9881699157411942
2.2862423137492573,1.4279685653318204
2.3468960842526014,1.472111016277914
-0.5778468122343368,-0.12337793126523336
0.0924225787388343,0.32049384166568234
0.4563603779794551,0.5121896551758859
-1.019575667918247,-0.2969535566809851
-0.8551160567121453,-0.24436768145639387
-0.37497579974304823,-0.07545282905401521
0.16230651172446714,0.2591168934202158
0.10399068663384956,0.341944748586004
1.094025058703454,0.8763744774327016
-0.4405710538954227,0.09049894920466942
0.1559173966093706,0.3733698748332264
0.10100682496989993,0.4679959536018888
0.3041003588897916,0.49083368670998445
-0.5836223024722144,-0.21863268207486414
-0.46130476258691927,0.12681034938627256
0.42341298476708117,0.6567155451826994
-0.6184414673054898,0.0009674705921005645
-1.0707498857868751,-0.07245465201556012
-1.2361127375360297,-0.3238960591891807
-0.7182296986481572,-0.13436488411742792
0.9092653149447316,0.9131806999888098
-0.01399151867778059,0.43973565752139654
1.7136599710355325,1.0382878846637429
0.22926029292726124,0.4810015540629592
-0.7807889894980052,-0.051046735328801864
-1.2516672103160484,-0.5428932542262288
-0.803268118365197,-0.2360827593236069
-0.21408176886004804,0.3486340412511413
0.11031375508101762,0.46393215485086736
-0.829282643246987,-0.0074726265589667995
-1.4388410542921486,-0.3377146394899231
-2.6195001274990206,-1.2209036129313071
-1.9315868583508065,-0.5808921608030082
-1.563851726197755,-0.5425853205300729
-0.2174628111002409,0.1259487074550826
1.9752315367415838,1.1563834326311582
0.0980295503909776,0.3999840433537178
0.2506105156145854,0.3618868627883284
-1.115620063439503,-0.02342243002292374
-1.4422308357921607,-0.2702511585837805
-0.46489983971753973,0.026239245071373873
0.29554658550695917,0.577672054291198
0.1847458619754781,0.47625465082653917
0.35795953700299443,0.37419015008958006
0.913142324265099,0.7351655167015096
1.6387899934254542,0.9990019459278621
0.9696756625045403,0.7913218072476098
1.416221573057359,0.9503583376421472
0.017836215603261985,0.4747472666724204
-0.2911407801237544,-0.013618915776346718
-0.1238758682713631,0.1359795918779839
0.9335443148937768,0.7598141433284222
1.4890563115957272,1.0645255362359127
0.5887770211430718,0.8354118083023873
-0.21857336875773814,0.22257274958591006
-0.770876662600837,-0.11264602801690275
0.16709478333384564,0.4530034073314365
-0.6442343108049281,0.06709279109641267
-0.9735427824589186,-0.2799772784947857
0.13991143255714122,0.5791491486042999
-1.0372729008088828,-0.2883763575636553
-1.4817508625437457,-0.3953584832231543
-1.1369724938637868,-0.2486659857623152
0.1652844938045287,0.4454739514645128
-0.06067588069477711,0.06384024514337586
0.40957043465544896,0.41815515291653726
0.8663427881156232,0.7087382799350546
0.44861327680774776,0.3975347092834618
-0.11840242768736597,0.11424153160567113
-0.8227112024566781,-0.15949585344878703
-0.7716673613872013,-0.018028193696372014
-0.5272223569137282,0.035040022006667594
-0.7246027554613781,-0.005312105223179861
-0.6577118583661666,-0.11208083767876607
0.4426091861710236,0.5561487306407141
-0.18113447483622336,-0.006427799219391905
-1.4870893505473888,-0.5010386264887963
-2.9333786459903246,-1.1254453108113953
-0.08202170953123278,0.3201850935813094
0.2847581200850249,0.6173103229733492
-0.8594535762544122,-0.12539960179247434
-0.7127511139137632,-0.03187359531220385
0.06381091439954989,0.38852707584899154
-0.0690432905712244,0.3359891466726133
0.12327715065212194,0.43111156925540994
-0.7804756508192552,-0.0009152141782924478
-1.084429494501217,-0.16136750463544475
0.48643079556234625,0.4123462133074691
-0.7500361730527004,-0.005832365140788137
0.2392169910442935,0.09608501231329936
1.661513323563013,1.2424611432957846
0.6288395628889747,0.5082739776450721
-0.7547068627424129,-0.22849878954850195
-0.9817687591586952,-0.32265635380654667
-0.008374579010037131,0.42415032876489833
-0.6004015572737146,-0.04616570186175978
-0.7265651176199891,-0.02139962238658836
1.0011655068878642,0.8587098789539508
-0.16202040781687532,0.1749569253104173
-0.7560968933737462,-0.17519467924279675
-0.0920991549936725,0.2912076804410351
1.076432960519209,1.0760296003711514
1.599605805037414,1.2138255932634356
0.6900143051142639,0.6270334620726022
2.559649893167882,1.4664440114966142
1.9499426163293831,1.1368915851367054
2.0535519418501647,1.44029046345787
1.0855442776656565,0.9152604909839401
-0.05678079296794092,0.21824701483912706
-0.516281941670799,0.23271169319475427
-2.9011957821025667,-1.1895987836151094
-3.3706244378356267,-1.541573963019772
-2.109959269105036,-0.7279766555459659
-0.9429690218920179,-0.15209357888513192
-2.3568342900604353,-0.7854009078103648
-0.08511477761146535,0.31876947416284385
-0.4912953040065477,0.11278778699452915
-0.46037314353441633,0.051054278876898965
1.2343053007031943,0.8290541591520568
1.8388986791322623,1.213068102578432
-0.7803215313311436,-0.058477149262107016
-1.1433234926732805,-0.16892020217612086
-2.477666322713266,-1.005763861546826
-1.7290134975712608,-0.5404849647358051
-1.5354481189556966,-0.41588325529830206
-0.4557117453771101,-0.003224388968963668
-1.5043390099072445,-0.35345655692933386
-2.1256712817112184,-0.951735747704472
-3.0598973797967144,-1.1982714237283432
-1.575936111113144,-0.48460709670176566
-2.940097764334957,-1.1335457896807037
-0.6858351205683878,-0.08579408012465445
-0.7573975632529769,-0.07952843612455046
-0.1865257593592058,0.08989141217143795
0.6451716259005397,0.6335522246023558
0.5663953869812537,0.5769377906997324
-0.22498589754561027,0.4037357509886017
0.4689700043142988,0.4702332056245078
1.422338476146552,0.9857899214046357
1.9393099435243728,1.327946498641535
1.8919867255633425,1.3225553938282655
1.4075817516382418,1.0239503385542728
2.5079819040831164,1.6288197906109705
1.0851899365811224,0.8308620405507517
0.7560212307914242,0.7510098777126383
0.7410911029937249,0.793216206777896
0.2797760468395734,0.3096968273901656
0.0200485425550756,0.30058864586472095
-0.07058321029190072,0.12326131417395605
-1.2413857147859977,-0.3545339880595356
-1.1320986080385318,-0.20935988019141186
-2.944202105145996,-1.037007175093687
-0.2490968203183791,0.12873129083268728
-0.5950512628960328,-0.04870518706407696
0.3018462717263889,0.4654140460469073
-0.10072994651844597,0.22919550096772753
0.31462275534880896,0.25255933432834254
0.21799220929639374,0.39337917045378296
1.2326744396806026,0.9195962871175384
-1.4569533759542599,-0.38765180296877727
-1.004584183457612,-0.21322965893747325
-0.36162473050464844,0.15662545080807733
-1.6516934939460897,-0.5389910481986835
-1.6533708291273101,-0.5117928200485389
0.0923343631703395,0.23945077898425732
-1.338383942132757,-0.5346353589309322
-1.05941678207637,-0.20261047404155968
-0.7889816829008264,-0.07360593690921934
-2.0491106846373115,-0.8201880792639
-2.3508284159848225,-0.9174719493876765
-0.23061877709498335,0.1342449723305268
0.6061761961802004,0.48673187960750036
0.12790663568974636,0.4668794709077978
-0.475950573383887,0.07606974674982393
1.2598911082893895,1.001234675605636
2.237082684936622,1.4368222494396088
0.9577193283251358,0.8229249565381194
1.5714078609394733,1.1011363673006467
1.5722554148873835,1.208153153047859
1.7135640451743495,1.183060517671588
3.154791801193258,1.9319927043888834
3.5763206139296653,2.0164146986703946
1.6089212216790267,1.0799475057604866
1.3845168953700524,1.042423271365186
2.7075694202948664,1.714472420630715
0.9760971256243782,0.8995884536534137
1.160353941388188,0.8788461080272102
1.213341712815697,0.8804477235188297
1.8686863807382865,0.9537267958525624
0.9640379673128043,0.9802235119313383
1.4813742894138695,1.0617579252832747
1.971120068021945,1.3700760743564278
1.3750290266047323,0.8813159321929913
2.7023133999400333,1.5323246399784982
0.7955079333324973,0.8090365192641242
1.341030975443096,0.9065641193303725
0.19058355453033282,0.45097402825968075
0.5451877218895926,0.6219111393219076
0.30663554958850936,0.4981663596050949
-0.43494148680475464,-0.002923775493354111
-0.3875490421946607,0.08920270767117087
0.8872641818873843,0.7490652097394329
0.7930621815971722,0.8528710424171119
0.21865502947609705,0.3876184814927477
0.4704469855451563,0.34061243226970883
0.1258477947418848,0.4868724348620124
-0.3026874844496782,0.15455291155483794
-0.853413066530007,-0.09684263325571585
-0.9463097427400626,-0.11184380541108138
0.5384786764968537,0.6168675042179763
0.4579064793992522,0.5823289769908371
0.20643375944954645,0.4979928880122618
0.36740897378749404,0.5082379679477517
1.1367819921891298,0.9520691265435046
1.6100966762040587,1.0787103325547918
1.6612707661809378,1.2607563285464605
0.8561125663146001,0.714281976439354
1.290520181336997,0.9484954847289063
1.0618060996184928,0.7872249907677592
2.0235389813210913,1.4045829925170694
-0.08007526365052664,0.26432925123903467
0.868495483843548,0.6958119997880001
-0.25384973970048763,0.14904398381286385
0.5604496190069915,0.5534060496189885
-0.39007578268458176,0.07655388465009154
0.059551671993569366,0.2487349057265344
1.4217372273913063,1.0220810475889879
1.0791840469901666,0.7539052376563555
1.067729076166892,0.6238154234582652
0.36465345917889996,0.49472451785973676
-0.307118401001444,0.11244916615077186
-1.3846598476868637,-0.3585849545533377
-2.0110683442247352,-0.673286944554485
0.34736895523646427,0.6104693965531902
-0.8200022451425724,-0.004326048683883296
-1.1218813517541149,-0.07965990452407945
-2.6043938985415345,-0.9258921908203847
-1.6193568910114977,-0.5394249080769637
-1.0285160667023376,0.0156730898287194
-0.7388427366713434,-0.11658743680941258
-0.3793466237716626,0.12826305487395784
-0.3410497461956843,-0.0402574982292338
-1.530926571930011,-0.3442714718581376
-0.878292071196073,-0.18489782359308032
-0.7675936465574287,-0.07070423842772154
-0.7867302271547363,-0.11691609183837763
1.620931069891713,1.0415943006917776
0.882872560074308,0.780381065373601
0.9663956190489316,0.8462670002654017
0.14222485016007003,0.035078298742195424
0.9716726184497362,0.8186014987278235
0.4890535165961661,0.5639648497251672
0.12371253798955073,0.39680905205937295
0.2975008083559285,0.45263604733450696
2.4912984621226872,1.658857574363266
-0.22024288870907083,0.13328505218014125
-0.06476352794029624,0.2466636633708962
-3.159839118627494,-1.2422869092419362
-1.454963699330441,-0.5263597442205408
-2.3400052988754108,-1.0294487713175668
-1.2226197796613456,-0.41070167893079174
-0.8621215019629165,-0.10087391028752579
-1.6335020837406644,-0.6595976029178813
0.22261836794789347,0.4640903263336943
1.3160802435517338,0.912845815454304
1.1655362681558152,1.0309091633662755
0.4249310454581648,0.5715351617554819
0.8538156780905326,0.6781382238683016
0.49635145726219665,0.544669776914167
0.24666468347264028,0.3434828407368897
0.1648015553131189,0.2812274868151938
-2.3498194438577156,-1.0289301314692965
0.41144734717328735,0.47481297108813336
1.2565399106414668,0.9021968605271946
1.5994477658870743,1.0798919453969604
1.037665001473552,0.6992104879168005
0.13643672148905084,0.301932382280974
-2.399662581102063,-0.9659408903985511
-2.2101492019886813,-0.8904854216398775
-1.3864721325781881,-0.35834808462466783
-0.5747336662862713,-0.19877956419140375
-0.1644254498307901,0.23131173550582845
0.34689540111699846,0.5278123970026407
