0.08505322359817521,0.4115039272966066
-1.7791187054658932,-0.7325802141098839
-1.8491744688697895,-0.5866470186872008
-1.6891399919579047,-0.5746129872040118
-1.519450290644141,-0.36124635089032386
0.016139511290892194,0.3107460322590925
0.4205220555434194,0.47958759761751313
0.7822823964818935,0.6586927213622775
-1.4721540242622548,-0.23711917116644782
0.2182420612357796,0.4053969035194637
0.46952522373914934,0.5798798664582647
1.717632551848378,1.3531219541101631
-0.08078805725534166,0.3048444226987419
-0.08089065241152653,0.1650983422782175
0.8839317568897063,0.7250457524844724
1.0727003780518036,0.821845052388396
2.1955404378261894,1.176542515823357
0.1304769838456532,0.3460319754076768
0.16469339551083984,0.3125190182658916
-0.34156696692118793,-0.03888566319743214
-1.7013147750624245,-0.7192900833761888
-1.6642703125645186,-0.402686315366406
-2.1186029570403395,-0.8054408909523405
1.1302224255891786,0.9005940860535125
2.252317926056407,1.2420914649747425
0.5565153051474708,0.6133295803726733
1.4513327117755326,1.0632660899329835
1.5844585361248096,1.0592127121486936
3.153909696710781,1.8565166990632813
0.2980591759447041,0.4163399056776954
1.239395734277043,0.9104946420189024
0.9409018841635032,0.7163265931278243
0.9133365190132743,0.6517045482718212
2.1672077796355,1.4039970322117623
0.9303396600866585,0.6415186185663798
0.8862745459202235,0.6292747333211979
-0.07718380347665688,0.33911615875094825
-0.9401263960889739,-0.0941907927900517
-1.6824346131396952,-0.4672056893753046
-2.1983409893077983,-0.8649017481859755
-1.1188871375679694,-0.2924526222190171
-1.980250900120088,-0.5758722939404989
-0.47610617602492644,0.09410140837300071
-0.8513577753099943,0.00950215872712426
0.6418016553426679,0.7807119165212909
0.5323663844524771,0.586891556963499
-0.2511334412250678,0.22412690765558796
0.6321197274170045,0.4649368981056953
2.206170471837095,1.3638574932428849
1.1129238219764885,0.7470828297807417
0.13813179389994368,0.3379577976040877
-0.7037798329757338,0.0175993639038515
-0.46792911180599284,0.10668810169062942
-0.06621044225159145,0.07859103598671832
-1.6483757738300824,-0.5256345079026797
-2.8744371720838924,-1.1114971207449194
0.08479065635920335,0.3570744676635515
-0.3223641618716184,0.2645239196287783
0.31778860375274515,0.3872658354776365
-1.0862151782630338,-0.4437616002424707
-0.9737102070791802,-0.16652695722256622
-0.7419629274585948,-0.20750581328010792
0.06019205374952841,0.24416669230740476
0.8265135857779378,0.8603532798802644
2.4892846171101097,1.6366653469563412
0.324882883827984,0.4835191340559798
0.27908625012466415,0.4073015413858553
2.6983728587471467,1.6167321306987459
1.0157684683002222,0.615383230324092
2.529741012459172,1.6725498063243252
2.66047321023884,1.4644973351300115
0.8708576795117746,0.7594537125347048
2.6638557752191736,1.6068416547979703
0.4654234586735997,0.7391113914498887
0.6521237610811466,0.6054455057286288
1.5325705556761984,1.0553298535709565
1.25877064410889,0.8182079862179115
0.25270371571332695,0.47195286925813007
1.7187416106956317,1.132628669928057
1.398172323761278,1.0092838076511401
1.5832138697779237,1.2243328048209479
1.2712341492774735,0.9316889255782161
-0.14539921089992403,0.307538986161921
-0.797989132297148,0.13316901285322758
-0.8502188947495568,-0.2564195074303412
-0.7007697298417446,-0.0308865317650915
1.6518122278719773,1.1083975837690472
0.8575300979356716,0.5613677943219149
1.2982836645661449,0.9870463583302895
0.5348003007615766,0.5626883743453659
-0.32352464050189517,0.11647255848584817
0.026775778746736645,0.36942995852147104
-1.0589007255700542,-0.25074339481913666
-1.3572517879882677,-0.25696197698432344
-0.7850482040085677,-0.15613313068907947
-0.7134091713093983,-0.17269574056321296
1.8696636097842643,1.1876017236583385
3.011346849341807,1.788364912789611
0.07522219329280255,0.26189867408236184
1.0081209245322134,0.7830222723651686
0.2567283005295412,0.5220975196656481
1.1723528353463775,0.892669722347007
0.46476046816153516,0.5133745694957818
-0.12124678668547134,0.06357389178760803
-1.626273639328721,-0.3838185704444763
-0.16060050654589064,0.24402222792633624
0.24126987631073,0.3465146527241035
-0.3247495497814327,0.12973665108837126
-0.5433943868095712,-0.007481971846158529
-0.5050014663189758,0.03861314829254328
0.6331025304690634,0.688167683245407
0.9168098370006963,0.8407530592878876
1.7442165026739715,1.2593298125095456
1.3746975778943331,0.9335734761714126
-0.7806193188605952,0.009885545560037637
-0.9403492882874616,-0.10932431361290734
0.3011294643955743,0.4500996459104774
1.1177821182384602,0.9502409818838281
2.1430814875204476,1.4528829459154184
1.3869791509662652,1.0793919336639302
1.7224856784272058,1.0796583187096382
2.581098989306549,1.5876935765907174
1.3844884211578719,0.8172528523709695
-0.03516562021627745,0.19353146584397712
-0.5612746727842686,0.0412351115806351
-0.2736012529178089,-0.062402336435839645
1.1107806524421762,0.6187275590683387
2.2808297951051597,1.2343918787174601
1.5870604951679788,1.0160293244043235
1.4296747686909763,1.0689444550609706
1.6087893044545125,1.0225764382562381
2.218138865071861,1.4316923375711428
1.7747481171234112,1.1208642061297471
1.56676165627244,1.0904178663972948
2.5125294710008563,1.4954005396107117
2.62618705680464,1.6481370314334822
2.204058652164343,1.3538198573273448
1.8152132592082646,1.2947019528260373
0.3134703226612089,0.3665318165231574
1.1529599870146214,0.7593135042314345
1.4579553089173252,0.9957199831217599
-0.4031139546532184,0.06770854377295077
-0.7345704496553438,-0.1941444694363586
-0.3226469696937283,0.13488955391063615
-1.2881203531365024,-0.3017298681022552
0.6814208091401193,0.5770569842739607
0.49352334358649536,0.44145511135467086
-0.4432551024010466,0.2227119240794641
-0.4874187522568463,0.05048017095236462
-0.7213387022941617,-0.14535127172696527
-0.5900587561337461,-0.15580721775669015
-1.5922235655530763,-0.3511161887666503
-0.19747261011543615,0.0760493997328324
0.5558190414762372,0.6427054559894734
-0.7971507666530872,-0.2631622729011373
-0.42170126665880725,0.03822239115385769
0.14432642809758545,0.5100947610335504
-0.774478432304909,-0.15093223470224537
-1.1810672274619467,-0.353626116475092
-1.4699642336903693,-0.27363482698053226
-1.8613486617518962,-0.720850401257384
0.8446252344615426,0.7492625695399084
1.6334740901910902,1.2395751306490475
0.9522256814303678,0.7823340013101149
-1.9269105523702983,-0.719401123318622
-1.1668136224088426,-0.30623142240008044
-1.392498818035569,-0.32294078527621445
-2.1894182378761364,-0.7523218690650258
-1.878720862893322,-0.6703465284237177
-2.386386677606743,-0.7588790545749129
0.009920321738197346,0.46759213359014484
-1.1115251577323448,-0.126799719914285
-1.6685342129411014,-0.5345356083651106
-1.0035378476038084,-0.31366314356902003
-1.04145805657097,-0.32079639276716876
-0.42302705030730264,0.11931817114517276
-0.6458682713891744,-0.03305585576425863
-0.2584888421836988,0.21725330802485085
2.1852869310121785,1.4648681651865874
1.8191636815521228,1.283398642174139
0.3960526285824869,0.5874063257298145
-1.2329459180830977,-0.4738692365424863
-1.620683089584894,-0.3970381085737133
-1.4248073310975644,-0.444607841285283
-0.12326884396198778,0.24252397536836515
-0.325162847651976,0.1967343157243457
-0.5620617773779792,-0.07767436505280573
-0.27849230136757375,-0.021496947212616052
-0.47297700739875215,0.23356694034836417
0.3191748284713042,0.593479842948849
-0.14648944154280685,0.13035991668294938
-0.13894234767987418,0.14026656822716316
-0.9124074982932442,-0.20211801015547295
-1.8276183993414221,-0.3935405589895928
0.4558446418101323,0.6927591759957216
0.07053047740697188,0.17927378428559976
1.1446644056119886,0.7937725795595925
0.36584683650937955,0.5913700956305368
0.08095728403721164,0.5564552751380509
-0.49032598280422307,0.059226907547627376
-1.0400665887899203,-0.22308627108046755
0.5229598303247259,0.45587140752935357
1.4048875877463183,0.870721722671909
1.5058873101079728,1.2875025497206298
1.6490497913820428,1.1432011360805288
1.8760825959921394,1.272680634291937
0.04310115916482826,0.37007526478907626
-0.4009103981457845,0.12503051310630875
0.14180279176447375,0.35214727585744987
1.2336862282385532,0.7570556843399265
0.6197093039215887,0.5690659049526064
1.5086874279682219,1.0526943711625092
2.231106524478932,1.3671559024833932
1.0251865337870962,0.6921327124339983
0.336857688962396,0.47412607088237546
0.4880250564914078,0.6494057754585806
0.35703950812835306,0.46460733220037675
-0.1092199245895017,0.3355396329631755
-0.0794280398844941,0.2794931215629755
-1.3379550274187548,-0.24288544641681906
0.7757989513771142,0.9401873880486237
-0.8870874418259431,-0.18985125152454932
-1.9385606260245298,-0.6768325967707519
-1.5716202644294328,-0.2531941029638046
-0.7963051343074165,-0.01520806241904181
1.6554104626242154,1.1307846940703088
0.3637123913355058,0.4068205497043117
0.5156205552283535,0.5485700273466287
1.6197760685404154,1.0270761098077903
2.0032311730994854,1.2147983833984526
0.8140005309791959,0.5623808023817415
-1.434176198811488,-0.45317698833829656
-2.0434356399629015,-0.9386540755658945
-0.27775753813376236,0.19498453525975507
1.168818045221341,0.9293187880900404
1.491635410377409,1.0618020315172196
0.17111627504982618,0.47936247828298484
-0.10628979009618508,0.33666450027311845
-1.1360652660297066,-0.4658622455447755
0.04268854815595091,0.1864457557751328
-0.06694261957547545,0.28534209254508675
-0.5702409661961277,-0.006716043462881696
-1.7145828012554092,-0.5094701300969893
0.3780108025989424,0.5951287506726824
-0.4863785005345305,0.029802285858943484
0.19615064531487986,0.4245384219714491
2.618834642283134,1.4515510149395845
1.1829359686686205,1.0515397585982185
1.1150821389025343,0.9077922378120353
-0.8601371211624536,-0.1732787855771544
-2.12414844059193,-0.6801587711729172
-2.3231140836985626,-0.9247111736445093
-1.2389380351223014,-0.15976585640720667
-1.146602625210649,-0.3253956732120722
-0.11103901818371764,0.2654157663428385
1.0892361820316676,0.9079532602517125
0.9256067769406925,0.6068400686958355
0.8763862514899712,0.8498564886018443
0.7657628231368634,0.7309682168762094
0.6434425914006552,0.633788580976608
-1.4963305167920973,-0.4853148575719231
-1.8493608704787914,-0.47503075124196864
-1.7078883133042413,-0.5969399453423946
-2.2634524738667077,-0.9453930049753425
-0.632040758315554,-0.07533957745466982
-1.3407307471531098,-0.3362678424574647
-1.6469406441395602,-0.621456360069419
-1.8013353174677156,-0.6665948779980314
-0.9090012956755984,-0.22835317467578414
-3.2220348400233103,-1.4042970885629182
-1.8475486003805943,-0.750792803014894
-1.681782419409176,-0.4474199033614333
0.041754430004042,0.3874539405824914
-0.4416542951106348,0.07743002896384138
-1.8002989201860673,-0.4743323615893878
-2.1170114128317246,-0.6803574048311093
-1.2698455752344135,-0.21112301425409832
0.12228870394548852,0.3629414510944969
2.004271438028847,1.0759397778952218
0.5714791264805459,0.5072415083815984
1.1409191243640788,0.7523173681972373
1.4429305629712248,1.1813320484751126
-0.5591188162114868,0.08053752409699988
-1.036581540171205,-0.1319284175029573
-0.2839373452755922,0.14792620975617743
-0.36110714341549094,0.23508120725101245
-0.21857017212670365,0.19213467495756767
0.1130560529245278,0.31590740880719964
0.5118190082922347,0.4013864489436983
1.207098976644283,0.7602511191407227
0.06886908480836385,0.2418113116349445
-0.028627041272735604,0.22518551885867588
0.44545203632794866,0.4745471540701974
0.19292507669498324,0.34269361846431795
0.6170923031890557,0.6517419640423516
0.6007840221621374,0.46712969905659907
0.33697177045438653,0.47511881698952146
-1.3785224597267303,-0.2926589259890972
-1.2073357972472067,-0.2410128600664086
-0.18769928231599886,0.2200198431733485
1.2346226392653161,0.8903051194047632
2.8978953394292164,1.8005174197334088
0.2790209751175705,0.6856283874039946
-0.3653851531375975,0.15090697547474374
-0.7824730291793364,0.021641693237892765
0.19035140738244027,0.4658859377205468
-0.37973558639688354,0.06268180726499412
-0.28426801565760407,0.13543335223227743
0.2796962542759901,0.4165316724649628
3.6882576134293195,2.091489047109209
1.5136295868420906,1.0877133705848319
1.1352167966363638,1.0188215948143804
-0.009922676095696858,0.38989944851544844
-1.212573204749119,-0.2335962491641282
0.11571779354366818,0.2557130478643187
0.21418175930848196,0.5065597089257032
0.3056916444099281,0.5725054610648018
-1.301391626247554,-0.3934085953015962
-2.1397624760596923,-1.030463562632101
-1.396010983859298,-0.3422630235863305
-0.7059124725979584,0.08436512456969522
-0.837691562314505,-0.21542021685926893
-0.24459927150308164,0.1753589002047697
-0.6446752904125055,0.04245230763922407
-0.11674876182829247,0.32213581602655017
2.0761898241773675,1.323593817104666
1.8774233261651643,1.2398663589662822
1.8251987908190772,1.1945460391059477
-0.6964760714309224,0.0492257458195392
-0.34998043571207654,0.08828516412060822
1.4270273644997318,1.0037950423449702
1.2828064292941646,0.8868631712991858
1.3100359443944383,1.1941572366955033
0.5737496289481401,0.5128473324323176
0.47139110470468076,0.5733956007183012
-0.5820674607219475,0.02088409688538572
0.6688559725795157,0.527936567266706
-0.36915446588909573,0.057064884062704324
0.3807637219226661,0.5685129058760607
0.07879804695976966,0.18513428386902708
-0.1885419453854818,0.6694980179532701
-1.1999552730094547,-0.3641057959369462
-0.28057942125229396,0.27497158692830914
-0.34169515061542205,0.04760592213290195
-0.7714141138889188,-0.1330102296423592
-0.7888397963937241,-0.03406004165674998
1.1317633224189239,0.8480241303434369
0.06252461164077716,0.48354655705206767
0.12117933410434706,0.18854916374368713
0.32767058484417866,0.6287410285535913
0.4185974304468191,0.4291382170630438
0.5007266627239813,0.6049191010472854
1.8286283497933482,1.0397188785354956
0.8966594111909123,0.733215464076432
1.0433327902834613,0.7673612447725061
1.1731341890336329,0.9063342301855184
0.05103075938431423,0.30440195039066376
0.42069044130999633,0.5654423101407599
1.8591965370213086,1.3365937614981955
2.358651526427071,1.5071546203000912
1.6766626559736428,0.9771618931154712
0.7491717349339279,0.6112872278481096
-0.4932102024373588,-0.15994791433493055
-2.641528828358233,-1.0371593231273282
0.8420826254754377,0.5914386296584158
1.4703688926866438,1.14214645806178
2.027946492613282,1.4377281465275493
1.0805303442200163,0.7745869962740896
1.2059588853892609,0.9195448095131598
0.16033983365916038,0.4829540966395154
0.3807827136271268,0.4763849750402831
-0.31434982762457486,0.2743868570364323
-0.10565146058470762,0.2838087316211547
0.42666303906695874,0.6405094553740083
1.4732633436425848,1.1660447035023749
1.0075510418470346,0.9266271860917662
-0.10956704514412263,0.15817523405967415
0.1283803321869525,0.29210797215909334
-0.1499133605292812,0.12223694789552968
1.9036344321374052,1.484065024928146
1.7582351908235867,1.2953571398285535
-0.6970821924292401,-0.15811194221357233
-1.9162116105284657,-0.5627873570754544
-1.4604428358859143,-0.27077716082708503
-2.2876307471105544,-0.9191143738969271
-1.8973416550058975,-0.5956019793043363
-1.1869803708662383,-0.3194790027237171
-0.7231853771693237,-0.09045359448896782
-0.617978511601633,-0.06360199640473535
-0.4967406269350925,0.028356535129485633
-1.4555673962698499,-0.5208481521943028
0.5525141342693837,0.6405770695619175
1.4802003032124729,1.1373505785379605
0.6781136818852576,0.7035926529397176
0.8320957636694393,0.7283811401501211
0.11563112845893053,0.17374410320013356
0.6773501180349464,0.748377631288932
2.005688343332766,1.5729084523277885
1.8042978922661903,1.122059789210854
1.2061326392364307,0.8892628942719697
0.7978725073833205,0.8732667845885796
-0.12253289779327348,0.20599420907311478
0.3852199929713391,0.22735086105886376
0.7086628821159602,0.8071876080834983
1.4891786212330176,0.9668334599854249
1.3280129839099035,1.1396692957270527
2.653251058528087,1.7933964540844467
0.9230749611255169,0.930628077155325
3.2365631384118645,1.898145072441248
2.890830315681381,1.7706247146791605
2.6345393355560813,1.583092670158586
0.9298563894221312,0.744388133383485
2.866378681572026,1.825671593671638
1.5541388863674974,0.9351199857099955
0.8435530860626144,0.7351985631957798
2.4912766103685113,1.540162160970753
0.4052857268421096,0.5040565550551439
-0.051038560789548104,0.1784840259333862
-0.17816840127318317,0.21826703398365177
-1.3876679903163536,-0.36316951452446544
-0.555418695464007,0.04814584917299412
-1.4405627717577942,-0.3727605788157131
-1.1221420330838405,-0.3322831773762002
1.3162390659989909,1.0013332857092734
-0.6061636445846748,-0.015176049890538335
-0.901355972841929,-0.054324622963280514
0.34780755945162,0.46958359049061055
-1.020762936472758,-0.14793902522303481
-0.40120874727260003,0.06377906802874117
-1.2862368022301873,-0.3647934499095382
-0.9731056101121569,-0.024952346684071453
-1.4520504374135674,-0.5879763049402417
-2.124461028318745,-0.7329815465696343
-1.7089112659281476,-0.49913018594573955
-0.544887503779411,0.10735532330876486
-1.1039587429990183,-0.27962840902366937
-1.1323292043798998,-0.4369434207635648
0.7528582322338263,0.5472525257138394
0.6535627609731189,0.7194772133497527
0.2422423239842713,0.403679015673757
0.6668914524737447,0.7445310725490337
-2.1179932107802353,-0.7868841525318683
-1.6472812941085326,-0.3359972787303987
-1.5611550657641189,-0.598382743342182
0.24533301639675442,0.4692561163401237
0.48186394442249003,0.581773926781582
2.020930392476294,1.2345484525580797
-0.1606556209383525,0.10454173729429105
-0.02111378475514611,0.3438722846168469
-1.517994151569117,-0.5306371146254594
-0.751070177531886,0.08005561176655712
-1.4625744926980828,-0.2507682788178403
-1.177370219152749,-0.28805587262160615
-1.727599140611936,-0.7369703948908881
-1.6529937174525502,-0.4537260425758163
-2.0494484366482175,-0.5689703667081274
-0.7449273636736696,-0.2788208934227846
-0.0007284507390188377,0.28257895662892124
-0.39704819829166405,0.1455831833050611
-0.04137349561356235,0.17556751002239535
-1.6902609052925028,-0.5934951937798423
-1.2882252161499843,-0.3283931014953616
-1.8769391045338555,-0.6292203812820518
-1.7202902757928595,-0.6631654449629283
-1.8978571035603824,-0.5432175550881903
0.21327610071235625,0.48307650500452104
0.6636593581416341,0.7884402643692152
0.5200127990285388,0.3908929175849283
0.8240396537626318,0.8418885573091647
0.34045639357494417,0.45974661427125896
-0.253949488766678,0.25879641922982516
-0.2971361849218735,0.06137429604594166
0.4927162049042646,0.49268915184592926
0.19641300645025056,0.4236684529453697
-0.4589769613951003,0.16666754724447194
-0.236005065089084,0.05983748730319932
-0.5877722088835731,0.09930836019648233
-0.11134138948067712,0.17627893763732405
0.274610185305038,0.45129897278415376
-1.850152739512085,-0.5016206413416568
-0.31474888800661205,0.03010491553508493
-0.7990943261327588,-0.005115862072801777
-0.13366810596309964,0.12594151508424228
-0.14604142562523464,0.23764840120727404
-1.1124226362935565,-0.3322635391513389
-1.995301797523019,-0.6741052136809863
-1.2578174025544542,-0.34997089980630863
-0.23800206591464812,0.20005535031617083
0.542774623652987,0.7537081961901982
2.412949799539596,1.477780042249879
2.002384395691392,1.3474338416083997
1.6744260149289263,1.2171327057488441
0.9210338699391564,0.6672651492917716
1.308364809408204,0.7360272245967534
-0.3159684798853285,0.1413742694673734
-0.6112798844977484,-0.0014309908333133324
-1.5746296469445693,-0.5176799239844196
0.451691117795056,0.5510013086368107
1.568686368165257,0.8842012126094659
3.7778236344908116,2.4006791529857794
0.6355498643324544,0.6538214878215659
0.6815236923913566,0.5119405023273637
-0.2620656866733724,-0.021465005519017144
-2.397759429509631,-0.9790515005856933
-0.45282004784871555,0.27035474216612954
0.6714501669680086,0.7444148768606077
0.05942749097132771,0.32785650383434956
1.7769815115399923,1.1878195820792847
1.4232949086265156,0.9852129378764023
0.31482375973791255,0.6358450845630993
0.4895460202677231,0.5670456441610843
1.8628212131081001,1.3935426375242241
1.5095178065579062,1.0205181109622554
2.0638460728764816,1.2425745819346912
0.2117618467051604,0.5739608527558536
0.11290470944531115,0.42154692720903414
0.5210765436486743,0.6001294819257065
1.7061948884224662,1.0596071981752024
0.27357277725343865,0.33500654963680776
0.6186293066194086,0.5019002500031279
1.9804187721017192,1.4441989421685646
0.3376925696839074,0.4065140083996037
-0.9564330527462445,-0.18837283360053958
-1.3274015273838635,-0.39706713223395773
0.037743587788379274,0.27615759277494056
0.4081987399203307,0.6031192736151517
-0.28213542646160444,0.17623635943509552
-0.8576346531700486,-0.17602983338493783
-0.5276838237851231,-0.08918310120804382
-0.3547238371857946,0.3457310808156369
1.1847928816629405,0.7340100284938851
-0.36984262442514737,0.12106447914194718
-0.3119112652253787,0.21440233650550655
0.8068840898302665,0.6977615287144714
0.7608785151790155,0.6570399269467349
0.5581264428101089,0.5575211671222353
-0.5019285885724782,-0.17942065028958087
-1.0433811401405968,-0.21720168543611357
-2.8077220106039915,-1.1071335447364068
-0.6893542156671604,-0.049210350451538695
-1.329852354724765,-0.35342331941801924
0.3061126201602805,0.4191103770109863
0.17598897344611603,0.45416503185623597
-0.3149674572205293,0.09819190338784953
0.38596883205404625,0.449155740266374
1.1526898838993462,0.9126826876533736
2.4708589601496973,1.4590674347266648
-0.11705677413974702,0.24206352908485246
0.3265381507032027,0.5210789793341869
1.1870370878948344,1.0643489477940227
0.3946302584657983,0.5742256169880399
0.8954462083152479,0.7462622410862888
-1.2915810433113024,-0.19872183278360345
-1.7129305099232215,-0.5021661088669082
-0.4504273210879157,0.13317233662812852
-1.2982586330576915,-0.43863701316731585
-3.128354782020482,-1.1869696404217394
-1.6367371616116368,-0.5213230096640279
-2.627181479046511,-0.9741327768059762
-0.6016355856173459,0.0418156402532075
-1.0128613603200178,-0.25377435812365623
0.4148724336860553,0.5483114512091191
1.5365477917848058,1.0162111122557453
0.9123054221694398,0.719695526726744
-0.9875877182100328,-0.18882747336249361
-2.424752755980495,-0.8486420068772483
-2.519965748883621,-0.884601978413191
-0.983855301369662,-0.2811330930297644
-1.5007039720990112,-0.4421085719878312
0.02205419220974736,0.28015381854147653
-0.16377485854370558,0.2296680532893021
-2.4978886150961084,-1.15745053274245
-1.7291456636185054,-0.5799579870245513
0.21542769795153838,0.38694447390697145
0.3191978540963683,0.49490208311979755
-0.6147317067326719,-0.09414692732980022
-1.6764105906500761,-0.5161263725276912
-1.1308425266448006,-0.10213556565709708
-1.2383935288537984,-0.21650192906118262
0.11840283109859573,0.5258563430396186
-1.4645675428443086,-0.5006239787902318
0.252554555190431,0.48832865285757043
1.084732103066222,0.8482815533683515
0.8080538372060716,0.6419271473252128
2.973713774232089,1.8116820456174965
0.9586599769974801,0.6984467990942941
-1.3943045340384883,-0.3894907785631053
0.06988165105692712,0.45549447082668276
0.02886842969509945,0.5115235245732407
0.03730900039798335,0.5293700947390764
-0.19052206941416916,0.12740872768798106
0.42052837872321447,0.6020362207114487
0.3771709818199231,0.48718786810473386
0.9562550341801621,0.7035632676565381
1.4636764334430261,0.8733021651604477
1.590468008624831,1.1869900957717878
2.380661795277338,1.5297436858350981
2.1633804691811998,1.5219548425254685
1.9768154380721257,1.3416293268965942
1.368419957753833,1.0826649165183617
0.5168397770736382,0.45857165673667116
1.2905773908782163,0.7640801157373854
2.848521103958719,1.677479633877022
1.2291455603513346,0.9514393466559038
1.4005483815573196,1.0034922581421384
-0.7663736897368949,0.04190078252531629
-1.4961554972588484,-0.45410335216306474
0.08448722099059847,0.35693133383178977
0.6610503351706695,0.5987011199453116
0.030928763957670857,0.3206441049030067
-0.7855655582652545,-0.14492101530600884
-2.1708344508981323,-0.788427359500846
-0.9685275625058104,-0.37486322963657837
-1.4291198357390127,-0.41228839365741843
-1.4407406799036633,-0.40810301386023584
0.07989399463576863,0.35721880515292
0.06494961339867418,0.289833769088758
-0.5355244473995008,-0.0708251155758928
-1.694409074804529,-0.6531240236480913
-0.5971352384436599,0.00543100176070292
-0.8296831606305772,-0.023671680265614503
-0.164201707290623,0.24067869776754333
-1.6044242738857242,-0.553211566618045
-0.1889051638359187,0.18634947617136782
1.1404823098739136,0.7446183059256878
1.0264516471281684,0.8572114577174258
2.2192877702839104,1.129873926385798
1.6112824306308235,1.023528826820916
1.6140036477440296,1.192750871990467
0.3049430345444154,0.3263851949925787
-0.02067436263155381,0.34934749539745874
0.12181446517826464,0.5079087161013591
-2.928643005455527,-1.1350037864601927
-1.6731972708904932,-0.7652037819443602
-0.5376023256729634,0.0637095144679827
-1.6652365283179988,-0.6617962512558496
0.16470453779717853,0.139732775655023
-0.002911297344220465,0.33102781497747236
0.8216593910676376,0.6557104020845045
1.0964668123147925,0.7416444069926422
1.2721438910720426,0.898824207585541
0.00668218675862442,0.28091961917262986
0.7784354751643016,0.5513130635201926
1.2351240401144594,1.045078225981714
-0.1890401547210151,0.10075895819837856
0.09598456085120632,0.35982350635359983
1.0092735474819332,0.7747261565704215
1.075868384756301,0.8212233440569419
3.3522592129162994,1.796672467273025
2.0297621498661416,1.4023811828540227
2.1077879976715526,1.612878818105826
-0.4460340275936794,0.19363912337447559
1.5304652712278506,0.9062455520736771
2.4391773048045873,1.401922292143276
1.267401093951744,0.8990533702383546
1.4193350815385046,1.0005901988766588
-0.6350974279504158,0.022623676279739914
-1.7278384348557532,-0.6405062769237935
-1.1385888945205163,-0.3037033735413955
-0.7466090661988259,-0.12318230657889553
-1.270725872980684,-0.21161867139302687
-2.240446540098689,-0.7916939600576132
-0.8648756878795427,0.02592210374324644
-0.6224198258915835,0.05286086723891047
-2.1596166521852904,-0.9225741891687151
-1.8393513007023363,-0.7427403122448076
-2.470123106234274,-0.8965551038583794
-1.0948970825270292,-0.2644276007252283
-2.2475960447898364,-0.8932732010690558
-1.2939490993665776,-0.2813632387177806
-0.8055418910017097,-0.15370926627122156
-0.9131539342149444,0.017123170673930377
-0.8369401810522694,-0.22417688065550062
-0.8249634047718593,-0.02148203785984787
-0.02652302211549573,0.42515670118877236
0.7244330933684463,0.7990268320470528
0.07098932394577073,0.27917475791722646
1.8245017085190236,1.1513547599569154
3.0468064996902946,1.8602803871806233
1.0854336532743107,0.9300859893334651
1.150538710172102,0.8269543671446231
1.5086816935217107,1.050271863619177
0.7513980828832818,0.6519293451604578
1.0226757032171494,0.7553028324003975
-0.3492523050130709,0.18042438524126478
-0.9076919536715671,-0.012114513270291172
-1.347681539651795,-0.28400246225873793
-0.6747995942304441,0.0711566360600059
-0.0184671185522427,0.1143704498853263
-0.5658122614900055,0.059286520775028294
-1.1154948991110232,-0.24162342297402337
-1.5055352526497585,-0.38102683974349183
-3.4968170647331673,-1.4245724383298255
0.36271799096836377,0.47765933476154665
0.32263293356234635,0.5798264995310309
0.6295770374623777,0.6370064269922816
1.795219887357494,1.19220043957474
1.214873938767791,0.947549768561209
1.5279900535004656,1.1055176246273923
1.092485622320439,0.689957299722151
2.5375455513847416,1.6710094497852281
1.9425020475574803,1.020712937891775
1.618163770797663,0.9662884318175263
1.2744441281376604,0.9322970341223832
-0.5575289655395048,-0.07789044333665045
0.09735863830998104,0.3518549995024278
1.080717835967401,0.6158225354942433
-0.6140097532058781,0.23754611337171977
0.7465434207620634,0.6241601891411898
1.6270340032747161,1.1902276396394575
2.482444166654401,1.6275152466749268
2.0577878137429413,1.4724376494953577
2.245546820697194,1.3602477750219335
0.8699202875592382,0.7174564142828121
-0.3892724659807567,0.06950629697510724
-1.9366509595067636,-0.8436717980490477
-1.5473368946054176,-0.597090502246284
-1.807635631522123,-0.4971795913865952
0.9798730085929035,0.7903891906415002
0.4757828520027604,0.6266657598969392
-1.040102082716356,-0.2344932720225237
-0.5910651560417657,-0.11162941420146139
0.13112813746035135,0.3502534515644067
1.3480775682418384,0.9073943155559205
-0.00997463694443157,0.28078090069407424
0.45127546397770996,0.47167653946815336
-0.3176638316554835,0.04208474177505463
-1.1059673727173862,-0.34284602719905505
1.5163454533535066,1.187032175627803
0.22233531134460394,0.3668039664137408
0.4064956896256279,0.515753896316526
0.392239482716757,0.6291289852175069
0.837413498063908,0.8493104921005185
1.5280449508796856,0.9763568306625512
1.9662295499217735,1.233444358705353
1.8276651602649658,1.3867959555749596
-0.8637483226208946,-0.07480448786298521
-1.4358800892581638,-0.44850337695007053
-2.4300513070139282,-0.9096756026100389
-2.1662235524398126,-0.761153034104614
-2.360332958023175,-0.8773741551392588
-2.6476412738059896,-1.0520955105823704
0.24588892582591004,0.4218493475159232
0.25483663968585274,0.5609923051794794
2.588380628321908,1.6461871284479512
2.068482651868943,1.390382795577407
2.5908307377751307,1.6296323295311383
1.4410802421925357,1.0051596771318554
1.2806873169723618,0.8754064453492103
0.1530438688039476,0.30108340359730573
1.1347925487051727,0.710233818517242
2.1655410946192553,1.5103650771566859
0.7687489127811278,0.7685133735159753
1.8034515430693396,1.3046641673575998
0.5345618802731956,0.6572828732725473
0.33812293997324727,0.4826785737050211
0.2462793616070482,0.22778472902857666
-0.789876069550762,0.02223372576740379
-1.433014889551934,-0.45746345414492023
-0.6859818186207173,-0.12443948807268018
0.3166031178071391,0.5627929740718842
-0.2872534890116707,0.1583061931833703
-0.10862276689142769,0.21100011252798181
-1.455037365367548,-0.5333380673149817
-1.126917887397868,-0.42078557191072463
0.8859115046223676,0.6133974656299874
1.4981228579092216,1.0943304839992085
0.9930697187051892,0.828220360501343
0.1650742248134084,0.34422530950359814
1.4895657263136919,0.9855097664173473
1.9480523839929509,1.2645552508754918
-0.367147871292554,0.1352446523207183
1.0460921541274133,0.7986568985046902
1.0032360246532204,0.736717890745736
-0.9622319875216314,-0.16361736608328853
-1.1761449282445446,-0.31894357769742354
-0.2442569081385848,0.08833374644421627
-0.4555172891315816,0.11116212276516249
-0.10955221655636166,0.1951666995074362
2.0748115135219147,1.3439592766378698
2.510797271223162,1.3956907292841967
0.222834414757502,0.49067917813706163
0.8077819248212942,0.5800033168994707
2.923218705521484,1.7478780573278276
1.5089585409972246,1.2107708761801874
0.7077220372657127,0.5799924246878059
-1.9108931114077872,-0.5806766386780703
-0.2213451461938637,0.29534207616749714
-2.029968786585154,-0.5826368396197763
-1.5540397707612148,-0.5092044483916203
-0.09416359343718039,0.37327658265555974
-0.24954589434768512,0.1431404354503787
-0.7523371875894853,-0.16388102186775355
-1.8280329196844376,-0.4535912321648501
-0.7492152548736295,-0.09046064582482238
-0.26440916499679523,0.14493972110999476
-0.2484329819686633,0.2242143140718436
-0.0016038201152776543,0.36605309580547407
0.45545431013916016,0.3243475678050508
0.44535685544173703,0.5442733706369576
0.6907671479241684,0.5901194100045896
0.6559301223391462,0.6508274721888194
-0.0038936606010800956,0.36704849492596037
-1.2151495099131175,-0.37096156917867207
-2.0283901372286794,-0.5279299409762013
-1.4767999404544978,-0.3682603674089059
-0.7556060380661055,0.03542023447569949
0.33519968711980486,0.2757957854979774
1.390371121170099,1.0229998718524493
1.31899477861763,1.0717935653648414
1.4927738588350452,0.9874207401059943
0.6944680897793978,0.6690646064086828
0.22646051195755934,0.5206897309840567
0.8379153289204834,0.8026644387752491
-1.6403137865746529,-0.4381529093712939
-2.106094028234866,-0.8695805422021516
-1.3331247958648271,-0.4047296025972875
-1.4827918704625267,-0.3619565938377331
-1.759662400528246,-0.7423212261581057
1.161705069500787,0.7384266200055591
0.025330873954363953,0.5111485137580585
-2.496920922477929,-1.0121510535344664
-0.9735274312125549,-0.17588298000536928
-0.626620406369324,0.10572614131475587
-0.976331555420547,-0.15202375004702662
-0.5872071814022253,-0.12418945142418894
-1.5584742138378629,-0.46223462591625
-1.8513565247565924,-0.49363208173911977
-2.829497899109519,-1.1795900794359304
0.6110313148030442,0.5696346134046449
-0.2431675467563026,0.1810798183073414
0.3261325506517202,0.5378389758478213
-0.20051430602134285,0.05328964776551942
-1.5319490380196552,-0.5377984617045761
-1.1024177241600293,-0.3701846097752795
0.5522023557175143,0.642440422743472
-0.13888064430432967,0.2735583473989983
-0.5217238132125266,0.08094168147461087
-1.8695263701639493,-0.5113051403282998
-2.2032356763941463,-0.7621755898696074
-1.0796255632434066,-0.3563863673510822
-1.6718726696579882,-0.5171685235008183
-0.3654118456540024,0.2964172023857126
0.19816065183130438,0.24618093575711247
-0.01909921426897976,0.4550769387229153
1.096725853067592,0.7230279092414036
-1.2462581566998692,-0.3785660002802728
-0.6176908979847533,-0.038737033203339696
-2.10040565840465,-0.6245564719886494
-2.1501857267350717,-0.7159547777254418
-0.4869843510084594,0.10268605194638272
-0.8754748955508148,-0.04413676054488966
0.46528389129699854,0.5226297180389631
0.9603382976640898,0.7543906660064115
0.6078036726937753,0.5485387597320615
0.38991902515930665,0.45673385758919727
0.04921338426384664,0.59723832962066
-0.18424047702503213,0.3299889456776665
-2.392725794321647,-0.8173072201258647
-1.4395776336576611,-0.33332552557357603
-2.0169732308531882,-0.7237715377610147
-1.2623645725677382,-0.5023740563133449
-1.7406840153860133,-0.5529243326140039
-1.0383844395246635,-0.17203862582495053
-0.8850273503870955,-0.09459414958828014
0.7843689983931285,0.6481732992091714
0.04393126113600143,0.3692563246985958
0.9162641256377779,0.6660851311655427
0.12988779627739955,0.3865413336081846
-0.8051243668480841,-0.1520547722219923
-1.3349960917303325,-0.40113139483404364
-0.6118433346686313,0.06992493405279142
-0.376249165525421,0.03028996133040468
-1.2700313753169232,-0.13925875709869381
-1.2691509927070506,-0.3920278637890605
-0.5159863009732105,-0.001752161512844616
0.7661436857109265,0.7761310064963173
0.004482353915751358,0.46660234827635416
-1.4185598424326396,-0.35760288407166924
0.03032158846804045,0.2994350054707574
0.0987607788529383,0.5047441075594294
-1.0663668813806024,-0.2302663667929901
-0.6051436384424189,-0.09745118995734636
0.12609849086885994,0.20855038430350797
0.32028477091829655,0.42153499254172977
-0.767334999730107,-0.2440412001832066
0.24501712858982672,0.34725950385594995
0.8282623637007221,0.7013886389931459
-0.43657499946371126,0.04450520954292449
-1.4762657165522515,-0.4732562074044691
-1.7432026923641102,-0.5621120724173423
-1.783097338946491,-0.5228191930728092
-2.7437828751392175,-1.0562762956733216
-0.29100116131152653,0.24352758716450212
0.10800313207219764,0.37810748941199346
-0.7983911080207978,-0.1328092419876573
-0.7015648242368927,-0.09027951410865181
-0.7258185644097306,-0.002156667816767509
0.26258514887591733,0.445605488627568
0.9766423621444015,0.8649185689384199
-1.1423563909582568,-0.3793785554277651
-0.4872155825722414,0.11389602994807746
-1.5857230223993024,-0.5242443614669167
-0.9718617968139668,-0.3094745212301254
-0.27351017218680307,0.27118436267663626
-1.030040080672609,-0.11991185064863352
-1.833041990788164,-0.6923264433890868
0.2813730715920686,0.6528539718282204
-0.6093497054239313,0.20455584319384487
0.22022080792168752,0.14789314741710352
-0.3015640153696847,0.14174001087571172
-2.360889964691071,-0.9134680062179789
-1.1738363324513197,-0.3890391421467028
-0.5440548389841701,0.027805886290813958
-2.3077232650600252,-0.8474142965087466
1.0489109911297074,0.8401419242187628
0.41003662139115005,0.47215311330900345
-1.033058293140701,-0.3507441868623994
-0.6634410760033774,0.06562580874848128
-2.91155966311039,-1.1997581896269305
-0.04374064720098492,0.19664753197210208
-0.8347698052279318,-0.06615927584163421
-0.45937280679824916,0.08387687208360041
-0.13196890470083905,0.13735732660906164
-1.2761082654027849,-0.21677163646383296
-0.429961437444833,0.011309714712000582
-0.5811244415200625,-0.008305574152905493
-0.18582951020922706,0.1391658501190805
0.9618205908723312,0.929455235735851
1.5815870695859884,1.0120405269995216
1.671346170315203,1.0375090760257586
0.741236866651722,0.5935853428860294
1.178634716710996,0.8298359304306603
0.10836379073260416,0.4860756235881647
-0.533995235793804,0.018074214160773906
-0.17347595020563167,0.26177936539957625
0.5852475681161206,0.7106084673180884
0.972100772275013,0.7855537818212861
0.6117654284853129,0.5259679959706218
-0.09937663316190404,0.13729373299030412
0.24312305523544403,0.37703900360400733
0.22372870477625534,0.5381442649674
2.087716425698652,1.3660224696403378
-1.0538116187320878,-0.26460449607426845
0.0011820060004463784,0.3138995132970261
0.9389908594211149,0.8438636452857202
-1.152768765381969,-0.10517872843926585
0.05451659937904196,0.24609304238949734
-2.027128157798282,-0.7978475415697852
-0.2977403344912597,0.1803683888061711
-0.935183228288165,-0.17715635946124147
0.8742658317085453,0.7457224889149998
-0.02623246950629443,0.24039325631640535
0.7308475088423201,0.564598919619575
1.6181126665682788,1.0525630420154874
1.2539232900698818,0.8720957174334883
2.737710814304785,1.661804057456649
2.3928146030287785,1.6676226202154218
0.3924701068132781,0.38224398881050003
-1.0512382294869296,-0.3950668601790932
-0.5537842184184678,-0.0839256255866574
-0.3206819962004081,0.2125691027193988
0.31711119485566014,0.4072597469176141
2.309194986849736,1.4138587257108455
-0.14145118781059596,0.308448786667587
-0.5493462118379789,0.0033807625245478416
-0.9192557154929217,-0.13531961412766735
-1.4043059280092738,-0.25982911206745996
-0.18935620481285143,0.1476862552608562
0.2025351582618821,0.5293915789767286
0.6229680499602174,0.5910064734770463
0.7530972630457774,0.6308859149340919
1.9257577545268674,1.2068570972326529
0.5473720597404006,0.6286385952768327
1.402750137184029,1.1188279463795294
-0.0740055057489708,0.30127180208884746
-0.8266636902726764,-0.03653720005102645
-2.818511012766152,-1.2254549925171876
-2.1427411684831315,-0.8711508034881117
-1.8344130090904223,-0.633501612998347
0.8785883641041428,0.7062658337242981
1.1884621392336796,0.8465168976892943
1.704343266248891,1.1800345179941243
0.21346969727057152,0.4505493951527193
1.5015219301196798,0.963507125259626
0.7185316505359425,0.5229543969968596
0.7835195281712709,0.6745367111745895
1.6515926605974935,1.126416836829317
0.6252712582108377,0.5926680270526601
0.151845241530896,0.4007275888575627
0.012531951140940883,0.494389038522865
0.6131626361296239,0.8382908285414382
0.9312058530437866,0.6793628777255093
1.3267401117471382,0.9355648628125958
1.6230773319847023,1.0896437305113789
0.5599969643347226,0.6837287521105504
1.1370113645591742,0.9008173497163778
-0.8859619594278484,-0.20826474022053615
-2.217691343430617,-0.7601174654888276
-2.20011523417324,-0.677114771065706
