-2.059872784674824,-0.7358458293689666
-1.852588814096285,-0.6791988703135104
-0.13537973230737532,0.41337802932976747
0.14915707248017931,0.3843043003171155
1.3656043684489503,0.9669338733185301
0.4301530309033028,0.4402854476474329
-0.29660802210510673,0.29007263962262775
-1.3569699227090495,-0.3109895993908797
-1.6382647907635464,-0.6133982815369183
-0.1613325346598058,0.2585196039184232
0.10590896079297815,0.261938001763509
-0.09828448611585829,0.06501380783584015
-0.317881121753661,0.01759439526673795
-0.379672395676295,0.3182094957960083
0.5544362352153556,0.5951929993586776
0.8029049991378294,0.8718699301788375
-0.7463901424752953,0.09401743618064073
-0.3624951662850629,0.013196672091247974
0.4113708462445063,0.47917131862357276
1.1107276954432819,0.9569292126062687
1.465065413619131,1.074911754266374
0.5223473950726603,0.4778388588281586
0.05890605054864584,0.4649080324408671
0.5810416295334044,0.6392532142008313
-0.04110521096348985,0.16216964945510343
-0.48332804683714187,0.04041000172542564
0.7269650495642739,0.7209865592832791
-0.05483795263255786,0.27048654720297344
0.494327415183261,0.49159924252366627
1.1036940736751666,0.9338001741969155
1.7903243403742166,1.259843335820092
1.3466188891816513,1.040840248676446
-0.3713037822667997,0.26926040435426335
-0.3463305653027565,0.15072544890140538
-1.8912077567253167,-0.6372522387975653
-0.516058360098616,0.016439926194324866
-0.20160696971336467,0.3359031474846569
2.322765494424515,1.5267738076240716
0.947043043970966,0.9619922443094646
0.0817212135700831,0.24772744173989902
-2.441752602060396,-1.0504063361124267
0.26023044976677023,0.47262531523395845
1.887165860672797,1.36983196354585
1.0870356638023697,0.8973788411084119
0.11787689604163676,0.22364086161096516
-0.5819862811524112,-0.10993420756548923
-1.1680250690025216,-0.4607355993501029
-0.801083510028356,-0.19129176559813446
-0.9552339584449869,-0.22391129980040259
-0.4019900089558708,-0.06084926103114999
-0.6266825564269521,-0.11832704731244464
0.27469450088081326,0.5871513951829377
0.19702095304530415,0.487068077283741
0.5953645214808099,0.41195017996494154
-0.7732276446659686,-0.11735296413733433
-0.5747651856401232,-0.057837149587998196
-0.4157545659061671,0.03161224421495405
-1.0554826786854503,-0.25052389463917
-2.3647979141662963,-0.6354330676587557
-1.6432200107286308,-0.6229318225269709
0.0756430464997575,0.12757519057440825
0.07507581355604179,0.4121779686310101
0.7690706055338313,0.6384606940386144
0.5474686962489905,0.5060416786944022
-0.049426344902452124,0.22259834888091817
0.08105482337662712,0.37492223270624997
-0.027915048671839582,0.424939457256585
-0.8947297280774763,-0.21187417472622574
-0.02870523253993129,0.3078577665743277
-0.648098306622013,-0.034499045574991186
-0.6514172820238258,-0.023685439479124572
0.8602042412299629,0.6407149195087077
-0.8109664027359534,0.12741274233560995
0.5770116845987214,0.6032700607576092
1.6307952148940648,1.1937669618735147
3.141926592341526,1.966844222967904
0.9712280484260235,1.0202717393757044
1.2079424076906027,0.9108778892028901
-0.3579490318268026,0.10391787645791949
-2.1151996642012683,-0.7567469674730283
-1.1534360875960246,-0.3122396683077946
0.3239042659046899,0.26859433379576164
1.6914488424706233,1.2705930298333252
1.545978308744416,1.0811454852847562
0.37286537664221453,0.44594153338274023
0.2665260533439464,0.4966081331536479
0.1834555092655683,0.4624582909400413
2.3019075068044947,1.2333685361754563
0.45767127068093527,0.6711314906000678
-0.05636460210646199,0.4296119330513466
-0.5963725527898683,-0.07019813234551907
-2.5440435488245448,-0.9529699803455749
0.003933231200586862,0.35217282025697066
1.4005678796984753,0.7433051135848545
0.20240970595986008,0.41229392650735475
0.6431258531016466,0.7789737748475446
0.9824121941380708,0.7590156713767019
0.17309300532962157,0.2264454050946589
0.8380646005569,0.7533250250942644
0.964849251914092,0.9025934767428027
0.8637755167967894,0.717929134218056
0.43834635396216076,0.5185103870611824
-1.025320588204389,-0.1850027733673961
0.08206094090746174,0.5398026155965014
-0.5951159282694243,0.11701552362666587
-0.4470413372675943,0.07645272672655308
1.0501803324660597,0.9422743198461799
1.4446255045545575,1.0247185880284018
2.1098372860702543,1.3161792823504301
0.11635047950914479,0.28927804960856746
-0.7185450254087319,-0.021657328417448198
-1.7397459915740736,-0.625812443806227
-1.4680614885634526,-0.4398660296421987
-1.0567660604118898,-0.14735100609106994
-1.871950856397508,-0.7502092989459137
0.2831913982860015,0.4192470437926711
-1.035776571713176,-0.2669759587629585
-0.08686388685701574,0.18920045331699958
1.4638931764881304,0.8308669335599146
1.72367312928994,1.254185949113338
2.2588768565543296,1.5245069531926716
1.1041028482091766,0.8761404840559408
1.6906791775844956,0.9985857432098139
1.9564404588654072,1.2295022178864676
0.9912207757179112,0.6369460879078984
1.4148405845362897,0.962510807926329
3.0092152044608182,1.8370805071485206
1.5161476529283608,1.112887122201106
2.394862045409943,1.4147984146627686
1.6083304829673146,1.065930295671786
1.0295638877633557,0.7740878110020428
1.0217396273908241,0.6981372230736501
-1.432618034353439,-0.5311110353329431
0.18504284057196363,0.5535951325670957
1.1286641948364455,0.7820512781415768
0.28024370016541933,0.48591448901833484
-1.1619122373391875,-0.2686684262908703
-0.4529835314253973,0.046219078851073334
0.37749622858430437,0.42751392110371755
0.6727591433796011,0.6909564265454022
1.883475222050079,1.2293142718963792
1.2985045042496404,0.9175067402160622
1.1117009870825427,0.8290449070402615
0.8069965692478702,0.6994033521035501
2.010035935802748,1.3520180910982091
1.0635505411708197,0.7815428893947574
3.3297153979655976,1.743240721146802
3.127073376390526,1.8716464059022944
1.4035797449265428,1.0059264589126757
1.330768580351841,0.9887331511771251
1.2877280541879697,1.0742686763732454
0.870631959576382,0.821629190798025
0.5554025451433658,0.6454170371190465
-0.41784054014157324,0.2010683305947712
-0.3492396149693347,0.18241027035214058
-1.681568344975612,-0.8047972388609994
-0.4077395336226586,-0.1475127841869833
-0.6731243153523494,0.06586998247156818
-0.715581896786176,-0.2190871567375627
1.7386746446191723,1.0259795375522203
3.631860324028776,2.0865360020359986
0.48545349221459977,0.7643621234451631
-0.5125317057986577,-0.07543259370789211
-1.6944559430568313,-0.7075259721035813
-0.6130048915189228,0.08411141991946729
-2.349087374115853,-0.8698681569602401
-1.4919871695875444,-0.4345711765527893
-0.768350944697969,0.03584184860643769
-0.0302283330771298,0.1724366328574426
0.4859636428469085,0.6629429336443344
-2.842887979185048,-1.0806416803290761
0.48081467952763957,0.6448440682474507
-0.4000625134712498,0.01194490023898799
1.162262247659673,1.0198528090316223
1.9480562276164786,1.3998127255747541
0.2429003866757592,0.37072429806555374
-0.3178257037883595,0.2121858710977738
0.7610720425832465,0.749787680185926
-2.907008848999784,-1.1182715028392514
-0.7951873761325217,-0.1154583632846932
1.0413085782352856,0.6929639012971206
0.04991244716424181,0.3461313064969736
-0.2993839362270594,-0.07444816306343585
-0.05315463824617911,0.2735067449337251
-0.45860343368327317,0.07335081655502297
0.8365914669400902,0.7686263307020602
-1.0895169406112641,-0.16592505563918902
-0.20064816679029573,0.1732000042484624
-0.5594591136803551,-0.016680837611197347
-0.8254040981728423,-0.2323524386864688
0.3315774630036593,0.41317401894122907
0.3065764133341926,0.5555814120999704
2.774606429108921,1.6367785309316576
0.12197371506317856,0.5100859809100124
1.0707580617968053,0.7942407874435999
0.5223370353341831,0.2710672820415477
1.0780796006448863,0.7318013214758653
0.2586204450080041,0.3549682082836677
-0.9170228480243405,-0.1600637835723885
-1.971736391747013,-0.7458195839624339
-1.1482617371292916,-0.289862917577404
-0.7633250755302118,0.04972488005015338
0.8917378297052626,0.7371924700322732
0.6521520640333021,0.5641913302690479
1.132585896102744,0.9312034555409291
0.7630900890036468,0.7126671547223978
1.0966235257572863,0.9795185039084333
-0.965805995969014,-0.10785349131639486
-0.6848683349857904,-0.11104010393574819
-1.3953917067273065,-0.3172179582548584
-1.2363482873666243,-0.22281201796928443
-0.8019339380970119,-0.02989179689707848
0.1875600507318851,0.439153300768652
-0.6214083622760225,0.01666099167718252
-0.6147696891713539,0.05384641269479752
1.3551177058900836,0.9951767976915824
1.7236346862730398,1.2616441966077199
2.3139662171635473,1.5101626240786612
0.48520129745939067,0.6094245613612816
1.6026903736519023,1.1085858541133626
1.8970958242125016,1.1887875282284759
2.0784016590706664,1.3945051214656934
-0.15148117720701504,0.3242816699125872
-1.1577889665061207,-0.3094589137439915
-2.006937823167961,-0.6280684916781201
-0.46757685108620906,-0.016062507485242003
-0.4886601209388505,0.10214375648024844
0.8323630976255654,0.5070657321628858
-0.3795918543825474,0.16145872701337366
-0.8958010787429778,-0.2643154009929205
-1.6499142043152215,-0.5222556407638917
0.6151659051896219,0.6147314888647344
0.24779853101207366,0.42465936605584415
0.4072695688032936,0.5769161607865114
-0.19573290503815804,0.27460092341658765
0.7213857729859594,0.5523013510304527
-0.3832179804610395,0.2103896247997759
-2.071541303552647,-0.5527535730835441
-1.462238128165553,-0.3862201424495621
-1.3901273146457391,-0.526538121082375
-1.7305519904850828,-0.47916896875124393
-0.15063283191189458,0.16089919398668706
1.0344106096523134,0.7958230890624859
-0.06980469255348154,0.3275852738971996
-0.17662743914765539,0.2065504370537118
-0.4081799783875095,0.04039817937058503
-1.205480543894418,-0.23911025495899285
-0.1068486617778639,0.16714551233626324
1.570891525524115,0.96036053947232
1.8538203793559918,1.2474917425223806
0.4927099541450841,0.6450312390270121
0.9743385249741279,0.5500689178271518
1.331605377975011,0.985158759337997
0.28067394174054716,0.5138210646875659
-1.1248832174133596,-0.22350649948835116
-1.555866967970828,-0.49539959372562975
-1.35272425600325,-0.3101599265482372
-1.4561325223792292,-0.4100447212433618
-1.521480530780336,-0.6919623534226018
-0.03650562612379438,0.22967372619535037
0.7103544894450748,0.6430305448131396
-0.6007025478957164,0.01688989834480825
-0.4834731459286464,0.25992441592123405
-0.9286192447931422,-0.05697965710755032
-0.886258668159108,-0.3856509905729624
-0.16304577924131702,0.177972791855646
0.16167459493986247,0.37337490990418615
1.7711552471123149,1.1201225099366723
-1.2251373562013386,-0.312308405337453
-1.1085736940327848,-0.222661188597303
-2.918116479827334,-1.0596163205776918
-2.5809850126280156,-0.8490786884589163
-1.9201038489043518,-0.5603332091886883
-0.6559158131346584,0.09774263325631274
-1.2891313026543987,-0.34035680705011495
0.9508686954132471,0.8604408450999934
-1.6703900459390555,-0.497760646203445
-0.4221544936533397,0.16192270370462586
0.5446649092836451,0.5017569736277138
0.38952518506124545,0.27648399469748836
0.3447805658427135,0.45452727519911024
-0.21451639691196794,0.06807961732490794
-1.2419118802679856,-0.22427347527016722
-0.09337762699435792,0.2910999340316721
0.8071835199883037,0.739346504651491
0.09729178599133237,0.30543561716567313
-1.7909293260530152,-0.6515179657408533
-1.6175941124895403,-0.6226217908373786
-1.4744484933142898,-0.655133953226504
-0.6901565065279112,-0.14120875597234883
0.7232762248113278,0.6504129279530505
-0.04690955464578661,0.23150133485429805
0.6411985585140237,0.6505618889429668
-0.08638699248290194,0.2396282085335433
-0.08652875424632941,0.42220571827272
0.2868817459974542,0.44584876197584944
0.41331562860021887,0.5386314369522606
-2.633411558329949,-0.9809934890198617
-1.0220958950570609,-0.3864506387606176
-0.6196250848981497,-0.0005336735550961896
-1.3287441320909705,-0.41067432381695945
-3.5097404290700713,-1.4566366473736037
0.28108198474517,0.5731806843289311
0.1522839675958958,0.26698995876081444
1.2156715090014163,1.0264438135430476
1.0502057680544472,0.6691468978423867
1.5882146552688132,1.0337631121626891
2.7938796801876995,1.7186144027639159
0.958774932147837,0.6521374065363685
0.9199111214630777,0.6973129237318321
2.5064100181876903,1.6352803245328047
-0.14116660516783863,0.23049054066791638
-0.6668394456386322,-0.024287757389193095
0.8816701648336985,0.7980087483890639
1.304396720614394,0.9978835499524018
0.8972621805188808,0.8881979915471707
-0.04918853199018569,0.4588987591298778
-0.4908207819407117,-0.003743733992618889
-0.5524143508620161,0.1969856785438416
0.7479665058890396,0.5470200993393421
2.344479964898605,1.4715025965074118
2.050931035742791,1.4204828329637096
2.723594056466246,1.711180848038081
0.3657078982938553,0.49490283472543734
1.1981426732339675,1.0195462624634803
1.3948066608623721,1.169247872153354
3.020304772573332,1.8668572956408833
0.48766907386661784,0.5671313395069201
1.860142833049173,1.1406680249628813
1.175618983865557,0.9440227227917554
0.7527754431054009,0.4857207140632756
1.4391841453454068,0.9917961681252728
0.65600796584359,0.6147735826527492
-0.5185264436836827,-0.07866610770134164
-1.4503349005556525,-0.5062649478223398
0.2969333858664365,0.4653701311915208
0.4329021975974474,0.5969356637828593
0.48401237010658704,0.4993414654300331
-1.0612054885647968,-0.28385925282167507
-2.480868325631669,-0.7961085989967116
-0.2137859161121407,0.26410785052709435
-0.12080296844487023,0.2892326807460801
-1.666175942530789,-0.5255796403133253
-1.704315945543358,-0.6468428719866509
-1.5010401723138584,-0.477617504222047
-1.862873867736186,-0.6512715734846164
-0.7286964591606715,0.0014904378327511986
-0.7933339094358678,-0.10575413318763689
-1.8946291896322935,-0.6881001256379983
-0.7340612414822216,-0.14127326360751685
-0.6039067617877011,-0.005919907087986241
-0.21284748218614385,0.3191728920121261
-1.0367085393646154,-0.134655565290083
0.3308832048212783,0.43041199303647243
0.9116708720129878,0.6935729664941304
-2.154172652190047,-0.8091531232990523
0.7422825590808146,0.7129990314713301
1.04433624026503,0.8214866682944894
0.48932627703547293,0.6238533130851521
1.4688308573376936,1.0710219527548794
0.48584114401898676,0.4435718911299348
-0.7586103580121496,-0.007623887595083145
1.1451499715517488,1.0129382695595237
0.6747371616546621,0.7596084046234566
-0.25619666164771526,0.2177214188112906
-0.9289968890335238,-0.15548005756326644
-0.2917066779060576,0.04145067037934183
-0.16058732009314133,-0.04516428518100646
-2.192416703362634,-0.9014182323289068
0.7158572240272316,0.7063212461571889
-1.1986926419551138,-0.3745107749430087
-0.681895167437948,-0.07612069618981071
-0.4313909954675744,0.12234278809390114
-0.6324296370963922,-0.05119696416766917
0.5147740407017595,0.6389270004162622
1.0979348907801596,0.9044264811219443
1.126989456126524,0.8410212700608893
-0.9315967126738394,-0.10948626103444498
-1.6106858222274019,-0.642484117608634
0.8922038793718752,0.611104763362234
-0.5574806492435613,0.1186395239224519
-1.931487395493856,-0.6536308052430905
0.1744590901274734,0.2971241093857748
2.2268175331739104,1.3661414540416126
0.2971705998250619,0.4048678613203835
2.1927738704503135,1.3197991957799597
1.8261110647679741,1.1854015961040372
0.5520680415735695,0.688396568725071
-0.6799923425856731,-0.03426323743048995
-1.2277590792919666,-0.346922067626449
-0.7334824779400702,-0.1599019534829807
0.23814655693707365,0.29765734540988287
0.6033619922166387,0.5452577294544689
-0.1663454133324308,0.36456551867394227
1.228772569730763,0.7507455419277642
3.221047948631887,1.8988206976057205
1.8785527973304705,1.1756852507610058
0.08077179726861727,0.3159651119774938
-0.438916376607121,0.07598065784288642
-0.461544672609583,0.01696972887724868
-1.099270093148539,-0.29535436487696465
-0.03972801644304369,0.3441010458636147
-0.33867755074062567,0.0028865117143774544
-1.484047731700215,-0.3858341085011105
-0.560050079687195,0.16158233733097563
-0.6627915453485541,0.049778662809852825
-1.9648618771132127,-0.7060245409689317
-2.8573489850491764,-1.2803213552420343
-2.492910929636788,-0.9895650593951089
-1.0556568590638014,-0.2554633674498674
-0.48473178229672215,-0.011626536096420795
-2.785758220742625,-0.9933855692134169
-0.8508228918086418,-0.31424000978720373
0.04939354846771071,0.37950541312481434
-0.4633265276752933,0.048328645250880695
1.4480561070524716,1.0419842983895795
1.7605820826357035,1.1060896308551975
0.17540997329914454,0.5732543521082967
0.4845970835973672,0.5748344040649553
2.347375055177247,1.6372704201995432
1.9149646904870332,1.038090606080073
2.5777710138339947,1.6399284975530746
0.6105298037710243,0.5462446985444138
0.9812061185244388,0.8716437615146682
1.9836961783319194,1.4272224849292394
0.38308861207260825,0.5186763168185683
0.2030572318735008,0.43561939265797145
0.19115098821916574,0.21585715097377065
0.5031316286148397,0.6302068416619301
0.8588022572340803,0.7843809143147655
-1.1670591913236767,-0.30025197098441836
-1.9349953361213548,-0.6073056623005052
0.3118217061205204,0.3860122811136183
2.041843231213834,1.3727621787154303
1.992537561244748,1.6707712233876508
0.10594698160048954,0.31972450155510745
0.6310734284805606,0.6895480951050758
-0.639055361397182,-0.05899635630986428
-0.44775392876935066,0.24851928418977545
-0.5056501852471003,0.10341806394595328
-1.9797090209837216,-0.5123016202096596
-2.3012942826839735,-1.0037381723198087
-1.6179655686728593,-0.3922597740919034
-0.44304444165432655,0.04229344521772132
-1.4113071998769222,-0.5066517785049224
-2.3780010641590072,-0.9990937255957141
-0.5054077448828512,0.05245105480263697
-0.21172793476897273,0.27960567078906085
-2.7368595208612074,-0.8820184088862417
0.17512105705199654,0.3986048373146932
-0.3005474029627573,0.07007656146579637
-1.7138190908098383,-0.7210047841194217
-0.0693697448635715,0.12234030052267406
-0.15246411750807012,0.18540667147025192
-1.323427350033243,-0.3048203542716709
-0.47885753000364706,0.03906113299191479
-0.6851986205978411,-0.15977079981269238
-0.4759197277640085,0.2807618445755521
1.6782951333306633,1.219016901962675
0.34750039320407244,0.5752676621368658
-0.38386761162836314,0.1927975069436153
0.9992452539804112,0.8337558371704542
1.3032571331619245,0.9360584722224117
0.46118621273011706,0.604197337404644
0.06501027595652348,0.3687728275282477
0.48632984447105654,0.6169526672067465
1.0429666829189874,0.8573836175523264
1.3382779342703381,0.9868860601804722
0.443519586077839,0.5794523899920948
-0.8334293445148446,0.06935495563338495
-0.6747980150435025,0.013050212200683198
0.10518840154073883,0.41576061362483063
-0.28706189034693363,0.17768276641806544
-0.7983233559773043,-0.25310514522291383
-1.2769382018717756,-0.4411571163031046
0.04018087032916462,0.4510800916672699
-0.3227730315682836,0.15440516058845782
-0.8768946512770843,-0.021333521044437934
1.4171814166248398,0.8717723946115277
0.17519646693846702,0.34888003258757183
2.028800495344276,1.4554354000573695
1.9674408585342271,1.146217262192664
2.0437529693039793,1.3763178705380106
0.2062732947131931,0.5068421585121764
0.4954264419873874,0.5605840212672042
1.6395726155252788,1.2456593964197638
1.1574114053018796,0.989469327069484
2.2484441919254845,1.4505362890110012
2.36924005646328,1.5284266620544023
0.8821836882973519,0.8733574649259178
2.0096702763731455,1.3816396074401018
0.47164517894494495,0.653389107283131
-1.5451585960026126,-0.5336717606213685
-2.4775228271507856,-0.654029962639803
-0.26888770500130765,0.11373249514068279
0.8563485626813574,0.8749853755521316
-0.3519687391245604,0.15392402199861882
-0.5481625578502488,-0.03415238719891445
-1.5313734655748201,-0.5386583981641304
-4.330200271692997,-1.6396583786503036
-2.0291059005470444,-0.7945530541188007
-2.1624987698813296,-0.8757705241901942
0.03700089514695448,0.2042477542838192
-1.3426908946965892,-0.44338974202706527
-1.5678121318078446,-0.39231046344779674
-1.092213473394595,-0.2610985730320235
-2.1361937713385863,-0.7467272851262347
-0.03999661760854201,0.2716566219239619
-0.3469163701852119,0.031455510297643235
-0.0829050582795045,0.2872361323809712
-0.8535340505044752,-0.230780853086692
-0.6695142650961049,0.027712148505082967
-1.202869223733745,-0.08609681317716894
-0.7359254535999858,-0.12138950331216591
-1.5438421238127953,-0.28803845735465194
1.3233892711249395,0.919332257367871
-1.03227760381317,-0.30825418477172706
-0.7425561167581648,0.09093238764927258
-0.5931737445714211,-0.12008193829574655
0.4058217763780697,0.4070295048792768
0.8644813386571792,0.7452305779328174
0.7566084467416524,0.6953994437138535
0.7318139869099337,0.6666191436096681
-0.08792117817218192,0.34231661283523385
0.733940513249572,0.5821253048345826
2.71956582905477,1.7367819015562291
-0.21681396912538875,0.34954459848947084
-0.9171300591928213,-0.04603609187550786
-0.4661513865210552,0.02969250029760981
0.3113933100061049,0.46037356284523007
0.22188091916328512,0.42766414329734925
-2.043186848379753,-0.6699536722560866
-1.0816920422722278,-0.18744006231566368
0.35448557909861655,0.5504505422778339
-1.1757412392601774,-0.36899385083623293
-0.16112041156799628,0.4668779363680922
-0.3781325178805557,0.16401074837219604
-0.0864574189606554,0.08898469064598236
-1.26854314549035,-0.2175040621112337
-2.1617099686277017,-0.6945291368294797
0.8654808167732178,0.6731033408378903
0.16459360152692692,0.33309138546793104
-0.06561618508968176,0.20134514401226666
0.5388849630685,0.6114576771668376
1.1847820994590152,0.759724471242931
-0.13958301788745942,0.020404005957742027
-1.0088686544691325,-0.17597171048854326
0.15209862889587866,0.39410757680897895
-0.8624856756231041,-0.05579474930367789
-0.9598752378349789,-0.08534572697162418
-0.07438593761316725,0.2005840385504635
-0.6192682346530612,0.156732471420755
-2.30704825876649,-0.7890021390462828
-0.12989193948003797,0.02778465065093977
-0.6180290639770392,-0.16120080228388856
0.04047899742369987,0.25863241333067877
0.6352010311889047,0.367383880077604
1.354411867877439,1.040217832063214
0.9477303064997769,0.7273459520720316
0.3305718519648154,0.4677209154716174
-1.0629812292489396,-0.3380019152575713
-0.9548106322572646,-0.134739738076774
-0.38372695758423064,0.18889294147901056
-0.7858348132877948,-0.17269238756205152
-0.2792694087575085,-0.02608611587795248
-0.08385197581833242,0.1760710900338991
0.45430343745058877,0.43749412532692694
0.22083255314688774,0.49445491859079255
-0.3428187640017631,0.3247392170343233
-1.716982481087308,-0.8688919271650799
-0.8024504974850278,-0.010891502043520629
-0.38727214755697187,-0.10385604410435165
-0.5664937545660473,0.0336219481025553
-1.5827377500443105,-0.4463165723920545
-1.4770458621527105,-0.24850283489902456
-0.5712607481035654,0.038600302360671204
-2.6074721756186063,-1.0777202426004788
-1.026126804754951,-0.29469448224895706
-1.5407422942795623,-0.4131982687756105
-0.8733197159614856,-0.2126887615636361
1.3217568957119645,1.0367938753685924
-0.00605196212308623,0.5057744742292947
-1.1469579615102488,-0.11170379796746377
-0.6032128642430941,-0.07399335246630138
-0.5274597124400959,-0.04970567256672026
-1.3505287939968762,-0.44203029017632767
-1.3460787891701549,-0.3274353333619419
-0.9685843904471085,0.010012146174459058
-0.8329879493080569,0.10005237216659879
-0.25021344647931065,0.08473188232398804
0.0555902581974895,0.25511982422603785
0.5644928632596061,0.6927045667299667
-1.1599135437516896,-0.2704616086371558
-0.17862425021656947,0.25794167931658585
-1.2859744289923438,-0.25005154061627255
-0.43058242617601866,0.09958204712920027
0.31203136747397264,0.4500083513232935
-2.3706743993705857,-1.0608067369315684
-0.2325793957529012,0.23531119302106543
0.25582722785846107,0.5803029743454755
0.5948949661915667,0.6861427698078155
-0.13871130592812164,0.22336565097068242
-1.2737621022831018,-0.3431481865768381
-1.1645816248715717,-0.25634633646586047
-1.3415601638969954,-0.3785348730739602
0.6961816952036669,0.5382090317912723
-1.1834139329546547,-0.13302924618053877
-1.6330486744403987,-0.6977251930796846
-1.0913119303226995,-0.36553874922752094
-0.1111242642828063,0.16866930069027258
2.7413094168333325,1.7652364962604528
2.6162012897837132,1.714094601255593
-0.6792895560287353,-0.018044724583471852
0.3796079649423434,0.5486428205865934
2.2665555936956143,1.2318686532026835
0.33145109599261346,0.5440313941326363
-0.41559143766024054,0.20742270988263511
0.39539397753666883,0.7249132160697441
-0.491782038183168,0.1829308516376093
-1.6521346658233895,-0.3871741437973423
-2.9496789160800536,-0.9608091312462442
-1.937538453309598,-0.4955996543477602
-1.6830332081639006,-0.48941654711094923
-1.596312878766562,-0.4509120841357673
-3.252491496704204,-1.2863709884638508
-2.901384317718006,-1.2586980869237965
-1.4630077976237368,-0.6634828057238171
-2.1349903674974406,-0.8047987204753009
-2.567600613552483,-0.8959570258274476
-1.2261691937827732,-0.2222855848326819
0.19534619461103886,0.4504571092443524
-1.0345879875272845,-0.23510494049368905
-0.7754305980170844,-0.07619671307417841
0.1442908607541754,0.3777119688435772
0.6047017678841485,0.6860206519520132
-0.7920378585560099,-0.213536665414374
-1.1905710922183814,-0.2671585668136305
-1.3658297457090853,-0.409123631600998
-0.8921798084242698,-0.22800612027520034
-0.6252989940433457,-0.10653933383396669
-0.5383517714594388,0.047169683011384786
0.7590211948539338,0.6667071819232298
0.7560995243559849,0.60839653736974
0.24598969748918526,0.346887939762108
0.1406619526993322,0.2583825545849049
0.524844508873607,0.6613368142655567
-0.73343241601257,-0.02485330185402479
-0.765354452604059,-0.050600217098200014
-1.0334291615922335,-0.15887980912250982
-0.8601100198878916,-0.211112727495798
-0.48281690322290727,0.12003745536601598
0.3971877729249253,0.4981333460188541
0.07682684784106619,0.3572623877321438
2.3685656256988694,1.4558040499240874
0.0515390832091438,0.2528100392646397
1.45587101372682,1.076689453582575
0.9042075396152491,0.6367233059565216
-1.0282978462742847,-0.2507753539898736
-0.48283699190613905,0.12580846285430453
-0.902735202997295,-0.13966249823981938
-1.5295083772605662,-0.5479021125357988
-0.8482610072986012,-0.006587608932452874
-0.6509282470649947,0.10915584838681422
-3.074996123846854,-1.2173441226941482
-2.4639641771965732,-0.769529935460132
-3.0436155974262435,-1.322043385675836
0.22205237751129037,0.5990621564929998
0.7933137354609063,0.7813538343000418
1.5376396824120113,1.0901366366005583
2.5925137531541282,1.5575747034713208
2.367787328946775,1.473417006608702
0.997140350740328,0.7091997234154324
-0.3165462153379376,0.23596502312272843
0.978652799556393,0.824238909372228
1.391723316191885,1.1561587311083823
2.7637586962125984,1.7210030592929308
0.4220413316877657,0.46217310644169785
1.2698775371381126,0.8770166427513117
1.745768801848682,1.1950357261734064
0.149342305358797,0.474114890874605
0.3517217753365777,0.3436569824623915
-0.5786298244984602,-0.20166692525829855
-0.5025322616419063,-0.0604469567223723
-0.886685234037859,-0.16799947012573072
-1.8594263417016836,-0.6070630017667366
-0.24895961902059316,0.1954181498081498
-1.2070342740265216,-0.25685227455083004
-0.9632157979483664,-0.13268048827208184
-1.3072735204867598,-0.24353202097631935
0.08327689320963139,0.24011317398772833
0.665499780420421,0.6958513378508699
2.1917644801588816,1.4568020307355405
-0.12048361778339967,0.3053911032161118
-0.35800975955622305,0.080997399310378
0.3000295052155055,0.39757334712778397
-0.2319803350458538,0.11261910609404854
0.3587533156836721,0.4543179882041052
0.27406425109979354,0.5002244381108186
-0.15691963840656603,0.23173532026101656
1.9686494455834498,1.4045333866937362
0.4025258384510737,0.4683651359997096
-0.43998151192536145,-0.1415543536353051
-0.5497488074354159,0.13547861234466452
0.41543254446310773,0.5400770734989604
0.37256229172976657,0.3149375684929634
0.8851172430850226,0.6792632581571797
1.0430214749968816,0.7514069399875251
0.6119658154199463,0.48376282350761035
0.28674334256610323,0.4095624307953799
0.39379558540042126,0.5033855272517671
-1.114309796729266,-0.24690878271360409
-0.2336742045052057,0.18015424829877874
-1.9142709286426636,-0.7150674248423577
0.5184027705336076,0.6481932849292049
-0.3204039418817628,0.24306982258972393
1.8427621505789311,1.4549640425347563
2.353711755056045,1.379714662961878
1.2724958413205716,0.9705582139068044
1.8011638885581158,1.1911417235619757
0.5514636518650735,0.5482589464168154
-2.3192140142064614,-0.9699039958672391
-0.3586019677106831,0.06591426145214838
-0.5108365997753996,0.0004959531045889698
0.4610455364850142,0.4555193456320642
-0.34929662076441054,0.23726168282598176
-1.4827171603777136,-0.35929655250760617
-2.0537151541268406,-0.7496720123474582
-1.3290064900116683,-0.34154769746527225
-0.022373439134730555,0.2789520871196592
0.01341494015646474,0.34985815985917035
-1.6109931093773617,-0.4230961496334951
-0.010015072769864908,0.3887103247676858
0.06251413263595117,0.4232108582079789
-0.018307494480497233,0.2510962025900212
0.16875979771067048,0.38609059614316454
0.37232801725678843,0.46557499604866537
-0.8682135925322494,-0.11868092238794693
-0.3043858132787064,0.14778988243551663
-0.570686700714828,0.10476372437985812
1.0802884928550254,0.9264793894662147
1.6713694487428343,1.1301386391182855
0.3583350406266481,0.5689901946360403
1.2075396668631333,1.0571865577768145
1.8105415226510373,1.141737176523302
1.856875861601789,1.261373876027038
0.19858598318464282,0.4177689365270325
-1.1402168587206158,-0.27653661460418394
-2.2450272791709383,-0.9112117536348673
-1.5366832739209193,-0.5046718242789563
-0.9327063454952742,-0.034912720219139604
-2.129286906402626,-0.8108625830008883
0.4016972408928705,0.45697736591859395
-0.6307150491184577,0.022678048870530126
-2.0737753454618035,-0.7383126152569786
-1.404345025655767,-0.47557533677854297
-1.0485131358093336,-0.2368504695807818
-0.19017976896147215,0.18716596770993432
2.1090134434659698,1.459181621493735
-0.116811231797471,0.3434345055565956
0.34295517827711497,0.5641254182526695
0.3085035878944511,0.4366242781638703
1.4237912115374545,1.059526375634255
0.7345848978269445,0.7135463025595675
0.09106630734215937,0.19015925985879728
-0.8481993588991974,-0.15067805975921295
1.0780179292947505,0.7332047952603059
1.9582282042298969,1.320000262291261
-0.17006510591688095,0.09391129579457183
0.05938769005836303,0.39388573395309073
0.610834475564145,0.47763067515368796
0.7070180487792861,0.5863421362445934
1.447821264051073,1.0463870942207019
0.9591970032267035,0.7058017634039413
1.066300665324056,0.7684997244035916
-1.0014663805046444,-0.15389293637304488
0.0484874076462507,0.42006581742452
-0.4502133148340242,0.11631916628784657
-0.0021405312392075437,0.46096909058351404
-0.21084123607578817,0.21293686476363233
-2.4219990809243246,-1.0452593803203172
-2.057419222605274,-0.6516762834793525
-1.9133327636342092,-0.6790991368894908
-0.09384799070387695,0.22561080492974642
0.4081806028263075,0.5347367019545263
-0.30621650285727336,0.12934051348498543
-0.9696098167738297,-0.2600729591405222
-1.9996318279060254,-0.6766331010273124
-1.8945577993117906,-0.7020019100048053
0.3357640043942034,0.29550584944822234
-1.0649605823374313,-0.43625076355085746
-0.5344037922874528,-0.06060127247335606
-2.410734572510347,-0.9149975366508186
-0.7594076520633273,0.15083795806195974
-1.0221103198765933,-0.11739260918518414
-1.153735570842069,-0.33224914214418527
-1.2000591979819284,-0.2299202683093765
-0.8233139009025012,-0.09799795592964788
0.19100025021365774,0.31743471640966575
-0.49050340540520726,0.008140421684491195
-0.8780619465105755,-0.3104615594628224
-0.8597144976997808,-0.27572103038254503
-0.5363787746712618,0.019899814767461194
-0.14694366021771238,0.0978030099117328
-0.9511985801626204,-0.18186753378956214
-1.5170481467035832,-0.41937651087788785
-3.36989647054855,-1.444714815302516
-0.40434917178842944,0.07522206693154664
-0.5089176705590815,0.12363716082752803
-1.2627667529706692,-0.31630840186928794
-0.6344560174050282,-0.040551221200089735
0.035583436592780515,0.3015696939478089
1.42923151861783,1.0818071074735227
0.27670262117131983,0.46915012952395885
2.712185835277547,1.63678046893709
-1.163391068949619,-0.38664235453404217
-1.1255716760434247,-0.15325190555145946
-2.0557034634661533,-0.6376928539648858
-1.5281186072825936,-0.48611724744317564
-0.2720857313793851,0.08391103163058308
2.0032521164014896,1.0833501213144074
1.547846678450367,0.9854606440518966
2.0565131521509303,1.3969896430501012
1.2372236661953158,0.909145342569214
-0.3690000799426967,0.18539529438257685
0.24117788504478382,0.3765504909966996
1.3591730552728092,0.9662280892912921
-0.9984288919448563,-0.12190647650154089
-1.122084089260178,-0.28203817912966794
-0.48421446918089356,0.0833826288433361
-0.8349831120807879,-0.14496346836522506
-1.553363434345123,-0.5688670768147437
-2.0154958976268764,-0.8028402049168779
-0.49464191149344394,-0.10264616833081644
-2.3452382050704736,-0.8748406789719081
1.2231962198470456,1.0034853364855814
1.996151042193961,1.3846319570048502
1.7595488967696844,0.9829780562871562
-0.262686121575298,0.15985275725767076
-0.7624623688427359,0.03371382329324335
-0.503449071414275,0.019042783794015094
-1.2462293581666235,-0.4981198751878658
-1.0408032197477273,-0.0782156127890947
1.1099060466125876,0.7621805259534622
1.1326873158757857,1.0105087712275747
0.11855509707471268,0.41877060564271246
1.7506207539437062,1.1260088226846092
1.9410149633329135,1.3117690117209144
1.3084366542402956,0.9381598980726866
0.6940624930900665,0.7196868768784814
1.125250653593563,0.9419426829065509
1.14741984516564,0.7333430536992638
2.138489435469115,1.4198109219468997
2.0544541506549536,1.2975130049197605
1.482396244159947,0.8602961249342237
2.904894033109138,1.781230481821395
1.6451965793569818,1.1590895399218655
0.673432226297491,0.5541241529414324
2.478003320540255,1.3757739807934135
1.828447141996738,1.234397151169718
1.1332460137299556,0.7798739588408344
-0.2382067440090173,0.31451719389380917
-1.328983901069491,-0.31334596806833775
-0.1424379158259661,0.0830984331466165
0.7724333191824495,0.7079716756022616
0.017973593114292696,0.2877666132002766
0.6194675132253514,0.5182101890074788
0.07346081840556118,0.26333010171738713
-0.26032875400879996,0.08038927423061368
-1.7058250234677863,-0.5310936297163112
1.1886397708451624,0.9925468087257449
1.3611886561497266,0.7410456608518198
2.6260877146650707,1.6718704121920362
1.3127704838337402,1.069211757289686
-0.2194235477712264,0.007154005973052241
-0.19415967506744505,0.1988715973877622
-0.46065062642504007,0.0495401620509134
-0.5148047972435104,-0.02232125681730207
0.18759972158014848,0.5285953715215389
0.0950295893218033,0.22734474825596668
0.5158554195008072,0.5088001698029873
-0.6664202514902098,-0.026557163061510812
-1.9689982640095272,-0.7297036354358712
-0.28446197905985837,0.38875692666403283
-0.6774130541548267,-0.2300875340712549
0.0910806751899641,0.21046520385422426
0.19558801305716317,0.3952427624425232
0.6375850504375445,0.7520375185616089
0.8522272951782083,0.6867201193455232
0.5027070486146765,0.65568831371842
1.8108569451066252,1.0254112504279238
1.0849801162231245,0.9053691583345588
0.07480816640740262,0.3114689576477078
-1.9929793127440212,-0.6849377052333313
-1.3760780866991218,-0.2954094404705757
-1.3719627226409388,-0.5434951835832451
-1.3441338743462838,-0.3728776113368287
-1.8566839917049311,-0.6539935335153891
-1.939031192549717,-0.6706225011123944
-1.6428533684265307,-0.32968060640699226
-0.7165561629209591,-0.030094954361868886
-0.9012400709280599,-0.35672259150066066
0.02517219241977786,0.26369923432375475
0.5872653290356867,0.6867776739669987
0.47576956916907065,0.6849329150041564
-1.0842450284779974,-0.2646862761172564
-1.0097259737454278,-0.31127265877735766
-2.172169011949494,-0.734722880474696
-0.24400144575981986,0.21644705648019058
-0.4443455865475224,0.14870859529195002
-2.1183096997515714,-0.7339808822052531
-0.6088243421554506,-0.13139937437703805
-0.9563284775256907,-0.18510409259636457
-0.3712307078485987,0.29339315195682947
-0.4244011279409299,0.07826547941016185
-2.103462113810391,-0.7787644889553627
-0.9252036396940972,-0.14026860080817055
-1.4137955950569439,-0.41609453707547883
1.2100437379366102,0.8434207861424837
0.6187944694891716,0.5832057523889783
0.7475684725174652,0.7629652586196669
1.2780506691014573,0.9039781127149535
0.23620837396460403,0.2454049891664512
2.7121637150814606,1.6506057503163443
0.843982413446875,0.5079203115024559
0.883315104206398,0.7755376261170942
1.625893693154417,1.0808924673580707
1.0957366824267094,0.9485382271689874
0.637102639175352,0.619906129557412
0.6704098436851518,0.6986184648400244
0.8633271976188226,0.8046903546356553
0.7377360376395077,0.7751207924699806
-0.5544095546475444,0.16298355451576435
0.2981254944841163,0.4848448725800944
0.795521644130045,0.5866540920952125
0.16886041311163358,0.4481735492976209
0.8632769531032769,0.5939354438163318
-2.167083878887988,-0.7093462440108623
-1.0955306684383948,-0.29315022736383956
-1.2759933351802282,-0.3649451762126971
-1.274193931897785,-0.46454810209620767
-1.8793842188529368,-0.6612130493156143
-1.077810903419164,-0.4341800465201048
0.3934985625400135,0.5342662885914078
0.6110801675014529,0.7008990796611406
0.8448927581301044,0.8935704272686658
1.1911382858073523,0.782336938752316
1.419865729632582,1.0566996174362095
-0.2057179655669661,0.2451694007573709
-0.7448278973294045,-0.0167154347219811
-0.12265254267364267,0.23935696443297116
-1.3290261938967527,-0.4671430278854444
-0.665642699573625,-0.013921224405314334
0.42973767202228674,0.6161332299690366
1.5089910145367234,1.0933240144794398
0.4734538733268365,0.5938705010743213
2.1726883800561465,1.3254197486690142
1.3440307132113587,0.7928518660368701
0.4408282552400438,0.3875541692629732
1.365995790219138,0.8325350156337985
0.22100053742871417,0.5585773913259127
0.760937853716065,0.5709415520814691
2.582168413353258,1.4426513798152971
0.9826196948189452,0.7686503561226156
1.9220356203019735,1.3368589215523454
-0.9688481814171608,-0.11163734171023759
-0.8549497326798097,0.037549032383758535
-1.4050946915931144,-0.39376292100533283
-0.6331547064779572,-0.05566231030801176
-0.9342800722690101,-0.3181985105891776
0.05270916552617855,0.2562257538110851
0.6472848371397694,0.6031205905932858
0.9041535965210759,0.8574282605933121
-0.8016425149967309,-0.25627450864059265
0.2966823737544382,0.22086543018458607
1.6048171026052325,1.1352389748906955
2.8046893278630716,1.7558191902960802
-0.81557126312624,-0.03592640568730254
0.08114596589835388,0.36019778507268385
-0.49265474882172683,0.061396271320947965
-0.5598293175880308,0.003634466962070367
-0.3297357901766573,-0.06720007243584458
0.08884053786991536,0.3300373341691064
-0.9076329150916156,-0.11501887452439956
-1.5043748591906008,-0.6026255602930275
-0.601803132579924,0.07433656895932449
-0.16877163823748031,0.0774025909636128
-1.1015824394500395,-0.26821169298710135
-0.7417278988845152,0.06644524958868767
-0.8308665013950778,-0.18031445669547608
2.1018280979240163,1.35141141798347
2.850392306797287,1.6897568219134034
2.010913397739941,1.137366301068896
-0.5211662592449577,0.036105297825847905
0.09549375556548756,0.4489560734091548
2.2792501728614423,1.3866686551503382
2.757081436692537,1.8339009127988855
1.9386614214666085,1.2847723086467835
2.05782506352009,1.3667213869297463
0.7799373887033572,0.6617981606161606
0.6037524408403331,0.5961233339079838
