0.6547099663761329,0.7412722926763801
1.9456988474559544,1.4093173558748173
1.2949417927679252,0.9281575964156531
2.5956748544258628,1.7088767676165568
2.15774471876999,1.3371007507893977
0.5139513930443739,0.4462931060452982
0.8808406258991301,0.6983367644221643
-1.3013314254312376,-0.44572909346716005
-0.6142969383071057,0.03719597892745685
-1.2596745456104852,-0.32507064730696844
0.19660380893562368,0.3695725431085668
0.5433182100779279,0.6634633967492636
0.07407268864968847,0.20267819862901573
0.7768836670461106,0.7495606887525262
-1.1790404478134286,-0.3344546776313994
-1.7605439195340464,-0.6286051491803811
-0.7866403292994775,-0.1934954833525556
-2.379472299036057,-0.9983244461490876
-1.1840423012317525,-0.32196807167882013
0.023636112066966364,0.3727369658900036
0.6164510534485335,0.7116008304911248
0.9215437023211375,0.6650880951803817
1.2053119076250427,0.9880534509439395
0.9187728711782686,0.6081456644199588
0.7230379828827672,0.610373326253789
0.11066467364244192,0.25939638719586505
-0.4650215159518857,0.11928337853122052
-1.266317999461631,-0.26469236658234285
-0.4836168101525966,0.04407918755906308
-2.1915108532714185,-0.8388488698949338
-2.929667520693216,-0.9947004492371759
-0.44944524469573277,6.059707848062035e-05
-1.711865524593723,-0.4116024987842865
1.7644354082958364,1.1419320906150265
1.165257945643817,0.9669641593960874
1.5688975227826125,1.1257804861219223
0.8233325043734978,0.8474255499261953
-0.5944969902615607,-0.09223539367183886
0.9427158332248674,0.7138496790835408
-0.14705591115249939,0.36507888376312714
-0.8989201388031947,-0.11276869264155145
-0.9034759012066007,-0.1769202721535581
-0.31071733011463154,0.13264323984994178
-0.8763361677312689,-0.054122867239538325
-0.5697622780634409,-0.034819889880314626
2.263522315003895,1.589577980319823
0.79532401393714,0.7613484115113393
0.7377042376860142,0.6091147525986715
1.7797580506591841,1.3493138035747572
1.168161667250462,0.6548809529577007
1.1580866750353909,0.7626560968333054
1.6207721695137476,0.9848715299539691
2.442138333127582,1.578391301989858
2.6046840054553346,1.5888023583922752
0.5464615424733426,0.46233053876487795
-1.0125628554119568,-0.17274917904774892
-0.3409899882896957,0.2571707590357062
-0.7931794064645368,-0.027437767948636685
-0.8711598199520074,-0.02228423275478353
0.8281078439807608,0.7367404218598153
2.4825962975179134,1.5619129154885827
1.596832868904679,1.1020091785634243
2.3519908290223275,1.411483277103816
0.8749459386429961,0.7201531591435747
0.6553773641558978,0.7640933382602279
0.8345331995907923,0.6143639188492136
1.6958089725897911,1.0973560435550729
1.9410104098692726,1.4727977710121285
1.534118173958631,1.1669128942600397
2.0544292970472333,1.29315184450681
-1.1273409481308918,-0.34993696248453315
-2.040912467335006,-0.7184091203245785
-1.1603300166019512,-0.37901489086412643
-0.6842701918269826,-0.07872769275241068
-0.7567289097906967,-0.15077381978332666
0.24959785579528826,0.4152940794147434
-0.5203104750400305,-0.08382176523806185
-0.8907416424529178,-0.11565367690882646
-0.6880804792721574,-0.2201878901526013
-1.3527389160850714,-0.4162719176397049
0.4518161223111534,0.47126828614056904
-0.6961942058093356,-0.059030326371184855
0.8044785180594227,0.6457462518749976
1.4986902456366586,1.0721672392676513
2.1197327088048934,1.3798492291032536
1.7376548213902394,1.3205124610168735
1.5873108503084894,1.039010428880194
0.03889762006130992,0.32372574983607577
0.3082649773472609,0.33973338911588324
-0.2507912011091515,0.26923103227041134
0.4070380821493003,0.5901599589549107
0.6969110931690948,0.5865864508265345
-0.07679279059696098,0.0998231904700406
-0.04538296637461142,0.2302054070962557
-0.055927828501922176,0.19797935767127423
-1.1481627445300917,-0.32663494260921866
-2.691904799866137,-1.004309062088103
0.054824323035560285,0.28923918991580155
0.03809128457695432,0.3897824416671159
0.7661762412885672,0.5904448617958921
1.910029087011822,1.2785269337735647
1.5632353897534284,0.9856359298526477
2.173894079159285,1.3594162764529536
0.051778068191618676,0.4936267747810197
-0.01762751979889335,0.030533899815302246
0.18748841323539472,0.4540462923439695
-1.2420733302083535,-0.43672103466225815
0.2295642725864968,0.40251302009090556
-0.8797744693838622,-0.0722020266989329
-1.4489981638555518,-0.4772984206217026
-0.02174382164631672,0.20532308849188222
0.479979237618642,0.567518254774919
0.6751960365470955,0.7166642762178541
1.8596070615021287,1.1255932698162765
0.13683809897653254,0.36025751613135276
-0.137525043978034,0.27394736354923543
0.004181634998044775,0.23767013042250593
0.42506439974867594,0.409951587208891
1.0649768775836805,0.7776706677834855
0.6247680118845995,0.6413465785379414
1.1577768658517393,0.8265600847552618
0.2163629453600503,0.47914741060941685
-0.37066486574043495,0.12459383831217329
-0.803650462012014,0.0901499331649348
1.5447884282805846,0.9360045054071628
0.6445191894201456,0.6286037281208263
-0.06882394674407266,0.039032193758823164
-1.0268223579409448,-0.29485950973269803
1.1401056200617632,0.7696637316401473
-0.19517897955926844,0.2540455163018103
-0.5960644469570248,0.07129657898339527
-1.1125466275923328,-0.32563009757609496
-2.273560392463209,-0.5920254149314071
-1.9300673107458173,-0.5451066563595192
-1.23046514155076,-0.3251187217337013
-1.874711512409342,-0.8208716069205264
-0.8051157547879809,-0.243261018016541
-0.8228449591273622,-0.12852789387740113
0.7772948660910669,0.6903677355274225
0.6810270482606581,0.8176194019387877
-0.21302774059783236,0.10969400429957861
-1.1158218263884143,-0.28343180066552154
-1.1253123661557973,-0.23976208486798897
-0.26075403231685723,0.12092045836745488
-0.1618196075710272,0.19647525084159312
0.5282873837671485,0.7163045373925176
0.06770848308840016,0.36645935401386015
-1.5617809055078276,-0.40833352931943057
-1.9058622156208096,-0.6011132550307638
-0.5544875077769219,-0.08195508879086832
1.492808423059421,0.902047885585741
1.4374899600913267,0.8707844309701769
2.2327654942341386,1.4628685572815396
2.4039597569504534,1.5078131851941028
1.6364696506926102,1.0841222678622529
2.1346415327342125,1.2694592528698854
0.7478781206800986,0.6181135076963699
-1.0198228436772716,-0.4652446203446048
-1.3606141562726979,-0.35210522430452923
-2.4383844262137635,-0.8996325534589542
-1.5482184555843648,-0.6481880801074689
-0.786375887171395,-0.16861149970104278
-0.6869250148339143,-0.10296604445637206
-0.9423381050634382,-0.1165211092699924
-0.5868964628385278,-0.06256786479384703
-0.4415198064647261,0.12815296889409789
-0.8907855358220558,-0.04283143294292213
-0.26761372303446607,0.34014595880131343
0.1613501572999223,0.44048774412695385
-0.9628809643610226,-0.08062437902462948
-2.3872454716471005,-0.870983292017868
-0.6229236898057188,-0.0861273889416889
-0.8338586096482425,0.03676827675216893
-0.6742989137074352,-0.11387646952154834
-0.20290465918264405,0.25781470126632755
2.7995981875645484,1.682672103895126
1.4755042891104528,1.093750346964999
2.2112471315246216,1.4879229665618035
1.4236283774470266,1.1107582425843547
0.3021941578293088,0.5468074345571825
-1.1243641406224127,-0.05313084743901969
-1.2319951772445028,-0.41045459152281333
-0.15365003784436992,0.3888031364883736
-0.8130118639655168,-0.16085796986374712
-0.3544727375104464,0.18170249195607852
-1.252716163081808,-0.3530137732177504
0.6061345188607425,0.7264516627805115
-0.6756558897085523,-0.05842965253790661
-1.361567460973719,-0.438561333679467
-1.5792741389098188,-0.382504182641373
-2.0680395900304473,-0.812455458806217
-1.8637660269264513,-0.482380800602366
-2.8630755235328933,-1.0499999148139438
-0.14256231065292924,0.3190203426455718
-1.3280158952988503,-0.2230350406402731
-0.2404857708083984,0.2419181875566396
-0.389667524793083,0.023070401777959715
-1.3843039008116025,-0.42613357502069316
-0.2644833817627972,0.29624789762464754
1.4752568743340633,1.0836821506325127
1.313314005764624,0.8491527778335705
0.4259698482208437,0.7535703070951885
-0.8335041992787533,-0.1729686243286766
-2.9435009158375958,-1.379207702111958
0.6267435720860031,0.4328618710799558
0.9489317508317797,0.7038863710323856
1.7235903744918684,0.9497277148623469
1.5061563413243606,1.0974887291471274
1.0688727329748162,0.7867251719993213
2.1022974917714574,1.2854360260377728
4.149841076485741,2.4646554487939
1.6684272846831194,1.1268272842936222
0.8373649941592407,0.6394721513208316
0.6547256843995922,0.5776079227443128
0.47145801040002144,0.5920961257715514
-0.4136798526607669,0.070209000995667
-1.5862403325292573,-0.4041088139228958
-1.1030396762261194,-0.3008790857374357
-0.03982223057742251,0.23330255043830558
-0.3531468728430319,0.1309552935080161
0.1475359715409983,0.2403615459778606
-1.9178135149395352,-0.7625914401158157
-0.86843226630765,-0.15979907588500702
-0.23067326897364537,0.2437356981043884
1.14821605221519,0.8174310609888236
2.061368722506873,1.396819842442268
0.8317693444065557,0.5413019146074345
0.13560878064064152,0.30401186076494435
0.10277663630715113,0.4516106883199979
-0.03794015671601894,0.23164178014188247
-1.0807909916531797,-0.380389200810267
-1.299140514446129,-0.37555553746261217
1.3168545903311761,1.1441144102776681
0.7730286052234608,0.6430999975130881
0.2847847455580128,0.3898877117573408
1.3089269333113966,1.1614882942680729
-0.2856604263019028,0.2439091581836326
-0.5835197738888966,0.12455267176947861
-1.8953368547607092,-0.8044744112332736
1.3843513271005676,0.9670780277346076
0.8178476955229612,0.7409352545107782
1.5490382507553364,1.0316686353134215
1.0575665728572445,0.936689407288757
1.9348854442852763,1.2918936890530603
0.8273734953723504,0.5035419818003215
1.712148012046859,1.124113044535693
0.6418953015889473,0.6048106736647134
-0.47222998492663415,0.04714011725793213
-0.7663440205175602,-0.1536162269559192
-1.0064197203792296,-0.18246910147328815
-1.399110414755721,-0.18955571202252697
-0.5592209857650441,-0.01884953153855313
-0.18007480111416158,0.15139716881628698
-0.6822361919898804,-0.053666775162925666
-1.3505777283226383,-0.5362370413008888
-0.6405508390796609,-0.11770506667504607
-0.3203458687828922,0.17362806243009568
0.25717312430088096,0.3037708517700152
1.4150870104618583,0.880790595589257
1.2054150374591444,0.9806846461076187
2.339526397730431,1.3137167877074558
0.6702109761140432,0.5260063126732094
-0.48005598926299864,0.012737661359289137
-1.1241359685693153,-0.20309337945781689
-0.14283932492201612,0.29294026061709943
0.7324623440409853,0.6927126617636703
-0.5119462111135845,-0.03443355609033205
-0.43730134839889545,0.09195552619861216
-0.45549341013298855,0.031668887132502134
-0.4714145786599388,0.09208372502154173
-0.6441963522112136,-0.04979541514203368
-0.8496718837891286,0.01209516019029419
-1.374252737051385,-0.35699833241396584
-0.9935997311054118,-0.11580442476928592
-2.3438411551864786,-1.032739718999859
-0.8274574392018599,-0.001225158656411915
-0.40901579865844057,0.28420104941876134
0.24578266703069807,0.23223073264722957
-0.6596717046070597,-0.04652884561690852
-0.5593501686031896,-0.1222733133501383
-1.5331999024689211,-0.5943569874390093
0.19651154617502797,0.42574757127499585
-0.8342131916979814,-0.01741821319039913
-0.8287733660838521,-0.07436648155398884
1.7061368741059364,1.2929993560570425
-0.646890963090992,0.18528164395955138
-1.670581078470085,-0.5252800700971346
0.10943132112714404,0.2833799545498437
0.6459818255766246,0.6202375280623059
0.7462233182600662,0.7612833176496746
1.1206927282727308,0.9468512431784658
1.0607583730225791,0.8511160941699502
-0.989258879140985,-0.35196400812356254
0.04083795597235573,0.3190329301700127
0.0983853763064911,0.26801160611693575
0.5245199427422887,0.5439228561448114
0.5643400824005309,0.5782743528844126
-1.4036420692374683,-0.4289801869410905
-1.88962553216401,-0.7068154074840001
-1.4114346467446963,-0.33864153615611325
-0.0284011541273842,0.07773191358281992
-0.4790311449170585,-0.06209309370425688
1.3459930327166971,0.9616563560508866
1.1311399405646188,1.0474292865724464
-0.16574745323837647,-0.0013652770685760596
-0.5937470244127327,-0.2650146705468456
0.5307076045704778,0.5064763126023093
0.31831432642007684,0.447190639128466
1.1571047949246502,0.942427384918707
0.8491928338153373,0.8019713162851771
1.749856754269679,1.2032717635161585
2.4906106086561226,1.6718899535366625
0.6419174534966249,0.44097621792423847
0.5844896317584853,0.6045758753959062
0.4262805709939686,0.6065655445962536
0.8765285798968576,0.9890474855911057
1.5189884171300743,1.2514709028809403
0.9534545980847089,0.7784621132734674
-0.9206258895260623,-0.2714444333169355
-1.6513097293377217,-0.30238953790451717
-0.25240430388393775,0.22411637700759157
-0.7421556648460286,-0.1209187237797936
-0.7069073586585777,-0.22949016984689427
0.6546491790845247,0.6221402396155823
-1.8825553508027593,-0.6616695189084761
-1.016469069316938,-0.025402886448308654
-0.07320155686053786,0.42280944271309645
-0.0902029264583139,0.43681431779864915
0.8949461610275355,0.8133402546939866
-0.004081448672228705,0.43323899470903254
-0.7660353586277969,-0.14547652712858564
0.6909010757096021,0.6676577049740657
2.293364468156236,1.5764856675517667
2.1285658208860574,1.3144165472558245
0.08615021243157539,0.4061779241166531
-1.2905544874928496,-0.4514196265227623
-2.8266927885654725,-1.1489614312658174
-1.7194072358439376,-0.5595920910530925
-0.26325368347111777,0.18140399187621178
-0.44225082992611836,-0.010353477940179642
-0.0498805966519662,0.4108454152464515
1.375092306177937,1.1370858735519604
1.9861147442060112,1.3887623358602192
-0.4601797050003664,0.08034462328194077
2.129846120133001,1.3906889488257266
1.1289911953286993,0.8829088001773919
0.9719452236350556,0.8000922446735601
0.5617303549919883,0.5470600699720393
0.8160813790483241,0.764008126584771
0.6489102862888599,0.6996950857466165
-0.2588101876265264,0.3151183386030762
1.065771724755584,0.8341058218226001
-0.13235522259587074,0.2181553398265982
0.10419237339989362,0.5871807578104102
-0.07066121723938631,0.26881023939102133
1.29256738073005,0.9479030839748978
0.16680535357209847,0.6045624772211147
-0.9399674973613324,-0.1723488936151774
-0.7826122627556488,-0.13436909049330667
-3.499965123426953,-1.455656694382337
-1.7282486472849616,-0.5936909929092101
-1.240798226247891,-0.2183304951620894
-0.5604920891628906,-0.11237299172610041
-0.849100292394666,-0.01765661958147831
0.527745911677547,0.5598904113629811
0.8271639196274958,0.8246407049838183
2.59083054530659,1.6613185695514368
2.177152485644053,1.4713589199641937
0.32087484836203894,0.5297806271115454
0.8362413963139801,0.7085016037177907
1.470277189161373,1.0274798657688433
0.2525064685738947,0.5114101797637223
-0.806780374190578,-0.32989494918960016
-0.07934288058458128,0.18726884328563204
-1.1253419573222387,-0.34419592428940776
-0.317952089116334,0.35206137041646324
-0.16398445378483198,0.2980336776967519
-0.2713477269931256,0.24485724769954073
-1.8519355790821275,-0.6597391864824859
-2.200303128854449,-0.7969412396457137
-1.0830528549910887,-0.2525801203916072
-0.913166546937029,0.10231610997429341
-2.00007565379476,-0.8113352513679837
-0.15582768096268584,0.03329712650441788
0.09845962164978989,0.3421708977169572
-0.254078100624424,0.1948256351046274
-0.832352894547661,-0.2593919030441363
-0.7858743716539397,0.08003426840918576
-0.3085616931033196,0.18191021615543396
1.0308918210207214,0.748912215391107
0.2661349902886375,0.5426395493153422
-1.1500445892329365,-0.18947754398354877
-0.9973711701142841,-0.3240183657086334
-0.21097330642141554,0.05332009549510469
-0.12197994698494356,0.21258771755207984
-0.7304697028602828,-0.119498641183131
-0.3003352423716134,0.0035511960876424276
1.4984138457195986,0.9820743450055955
1.1488166964066824,0.7610243225697648
-0.5373414149359896,-0.34619222290549656
0.25836650901110353,0.5617113907648583
2.9209538870456146,1.8006566502208035
3.909841960796194,2.240855971077644
2.3377865121182033,1.5209679774364633
0.6304528114127892,0.7851019438088028
0.016510552849106075,0.2655175279681187
1.5276032767688694,1.0796837609569598
3.6465514379438737,2.229368345083006
0.30393912965818237,0.2774568995743343
-0.28523241281597944,0.16532220133842046
-0.7644754116965979,-0.09685754727525135
0.644889866022356,0.70476807981652
-0.39637668331198805,0.060829429582703556
-0.4052850719201835,0.11418276527080715
-0.8066004110157239,-0.013129609503903822
-1.2115965043889017,-0.2356393913133763
-1.4309776108198369,-0.2911441121672865
-2.7496637432913733,-1.1468430916517436
-1.3114240733945348,-0.2856761094057295
-1.4141218413664136,-0.4212291529184955
-0.374786085100558,0.04496551296485013
-0.11025265617478008,0.1884080062475284
-0.19816949416564927,0.2413300276812539
-1.6331506516589185,-0.5293850616858766
-0.7472707416902247,-0.04634666290269564
-0.8326388015571907,-0.0658900452882774
1.327990047913401,0.9424148704851488
-0.40215675738097834,0.2242125008860497
0.38850824643230736,0.35154534261199466
1.0721055924485627,0.8522663626728567
1.651241624566509,1.212477491070138
0.45793593041071856,0.3817302725701104
-0.3903406340054191,0.12749279045114237
0.7353483225286661,0.7323200420785683
0.4967176093939467,0.5605855686773974
0.8554774012357348,0.8298898501479973
1.9343699220405477,1.1750942048165351
-0.6332365581869837,0.14641818895773326
-1.3563263627986908,-0.3967093000080314
-1.4320738313039312,-0.35110767030417256
-0.8698636784273921,-0.19781310738987362
2.717951163809673,1.719588074911494
1.6356430080717554,1.1668624136903438
1.7376298004839397,0.8721917695654475
1.4886690168315095,1.1178849926587366
0.9819547702469723,0.8094108398845316
1.7603010006122943,1.1075800559092437
-1.685465394184446,-0.517858153811667
-1.6760739933183968,-0.7316818432586825
0.4374325433195596,0.5202514322823351
0.38509524250102645,0.5945223182335706
0.8092189818296888,0.8853254036723678
-0.1680707771466735,0.1931678906708286
-0.5409681955768815,0.03022828714806571
-1.0100146304178457,-0.157999954636999
-1.1439292785285655,-0.25537011299401136
-0.12012284413526364,0.27202174094856163
0.7770477932819043,0.6471125875427024
1.6300209549477778,1.0236656673801119
0.7344935704609692,0.7396068357523918
0.5155314063870198,0.5032107019406584
-0.763127627887635,-0.06573050118069604
-0.31284683924759527,0.11046315394639755
0.27173463007341553,0.4072182349890515
-1.1590628037435975,-0.3879115056373434
-0.8545401293605218,-0.08914532373313655
-1.6739659414331416,-0.6042800058707976
-3.0336191263535817,-1.1329758485743773
-2.396917875832277,-0.977692607306637
-1.7878714266850233,-0.46123492806086763
-0.6508915706257503,-0.09708910471936437
0.8433590494243546,0.8234151288227944
0.9211591480720244,0.8735580882056408
0.788361197625892,0.7115713281843672
2.258398280098409,1.4379385169644572
0.5947421126371365,0.6181845068337319
0.42646226348884536,0.5081894464570872
0.42876429278228023,0.5528022901634543
1.5006745811054263,1.2535402934545599
1.44695215472966,1.125594773199449
1.5796439845525443,1.044292674826925
1.1900697084719805,0.9278951846459287
-0.4443330906470109,0.11554759053653088
-0.5775173773393132,0.21924054256284148
0.3830179284231606,0.5443062471008003
-1.0894763912125853,-0.2309344387535131
-2.2711593053106376,-0.5963111730060292
-0.09453410660528738,0.47514940541102185
-0.19220430183521026,0.33403890033407085
1.457199089547592,1.01553628628401
4.4538777673967935,2.591755142861319
1.155143494055281,0.8841561488736712
0.6538470228688149,0.7288595346665232
1.4579542341747842,1.0267886087448557
0.6595792931376828,0.5601785529814711
1.4908048708119166,0.9313970787067736
0.7694315159784503,0.7484117304781532
0.23464485302237403,0.38583751313390735
0.06981737070270874,0.47784326242872344
1.9919966810490226,1.2289952731802236
0.6936013358481311,0.8074959386208227
1.0559928243234808,0.620360136376851
0.4958096183999029,0.4019035907281949
3.271467335843723,1.8856868128249735
1.067361671367562,1.047022921707353
-0.8458372606032821,-0.23164346132236005
-2.011935392538442,-0.7203886267299102
-0.16063721130571829,0.3314742789855095
-0.5766168811040044,-0.06863952793677595
2.3942346478181147,1.4395945610995617
-0.5422548854616633,-0.023140927453178785
-0.7470159813467944,-0.17467100372593172
-1.0853956248252592,-0.392373604789198
0.7058019968709874,0.6809750423055145
0.8673494714870702,0.5709755283760941
0.6435804344735501,0.541421561225906
-0.5519858756622208,0.026263654788954247
-0.025807160587670852,0.1434094119612057
-0.4953819939634209,0.0006335558315386028
0.6562764987561511,0.7088199383090567
0.5834290051999088,0.5416194089784092
-0.6219996791577194,0.11132365459695234
-1.0844394998995743,-0.06646878900206124
0.5905588338596618,0.47894727974180723
1.56952736546911,1.1478387669131291
1.384954305016819,0.9395332325468817
1.9039224135418555,1.3481970785567716
1.6870388885619196,1.1201893596790813
-0.05187247381007731,0.34024502678711516
-0.6686716354813066,-0.07925761157891797
-1.664192216733925,-0.507499510652437
-1.482305617920175,-0.5574838289342232
-2.2022247653807403,-0.8607486933554364
-0.22812215773595035,0.3206904485088313
0.6300965102043221,0.7589327825577726
-0.04504262982057461,0.4538322695238918
1.6532949574872666,0.9704404032178909
1.900906761588177,1.3880274065228142
0.687696052868318,0.5770850845434271
2.515336643184988,1.3598744611294633
1.0228788843788394,0.7579220088381383
0.7452559193826849,0.6849309713482011
0.031085391729620215,0.3404426729357306
0.6460443933913776,0.5645336119538554
-0.36282179314852736,0.29526825494631537
1.8977451723987266,1.3451285907128758
1.1332122049136364,0.7797752853032
-0.060486559291730746,0.26772496153741937
0.06667337675385718,0.4153038362325775
-0.03951963664737476,0.2334728843197332
-1.0859326066731698,-0.26307078618575486
-0.8938100157198016,-0.24885745900363923
-0.9991865097217195,-0.16105689634997636
-2.0653706517066577,-0.7748890123713705
-1.3010231898985984,-0.4572837037727639
-0.21918195057031065,0.354974030639997
-0.47530762670933113,0.05474193046663095
0.5942979188398706,0.4232072682079411
2.1522654517949547,1.387683400933848
0.36558091303937856,0.5175800793518702
1.5940497156127515,1.171361830744086
0.655596370388104,0.7607748003871057
2.1740713632489115,1.2949300573872886
1.9795716278163935,1.2968043820942683
0.818715769278024,0.5026229083961182
0.768455583487492,0.73766426668696
1.6423735169132638,1.0966443832382098
-0.08196332511223359,0.24109918303685182
-1.0975344263066482,-0.22744406999361433
-0.14912804595711981,0.36908215451819604
-0.09153545957645623,0.10717496701108795
0.8564727841533513,0.8690100811378758
-0.7127652757693185,-0.07130935888647177
-1.8283541271343657,-0.5977858671315417
0.2949608489211186,0.36414577329697845
1.6160707812247215,1.0571953850361508
1.9271746600650694,1.2201289308315877
1.66024467512262,1.0638621934591048
1.9035759838889414,1.186530093337123
1.8476758438031822,1.143873292753145
0.4785100406236016,0.3004778095849718
0.48079793480619876,0.5767789295113299
0.503758073246653,0.4757072436408692
0.4551427471914921,0.759685699367499
-1.1379101896749773,-0.22857844788646114
1.7521379206134946,1.2000642639084442
2.054882958631037,1.208581855135982
1.4104927178128872,1.2023481739261834
0.7437023602559779,0.6647524543049084
-0.3083179197187039,0.14262521403656056
0.10771624241732264,0.2443539252379758
1.7489201676254391,1.2000641002033758
0.15385853152987217,0.2274524672507569
1.5708412069374167,0.8799042771757182
2.553902514345924,1.6197262224377205
2.7177579751247363,1.6056555660721659
0.4696853700250474,0.595413595092662
0.5047288176743735,0.5195553994082592
-0.1274380034399457,0.44231656962422283
-0.3765480966850958,0.20252326717140784
1.135292470777714,1.001456940909638
1.7453270190905146,1.255243252475256
1.6419922317889628,0.9975852973183801
2.080204582548073,1.31581535074277
0.8070668227046719,0.689163052628958
-0.07720884723940091,0.20109167630128227
1.2995990689094041,0.7542262070439687
1.0731369807769742,0.9422089553493006
0.21315835525139315,0.49314774628622915
1.3384988756885956,1.0897574302993487
0.59818925279221,0.48466351428974663
1.1667949547078145,0.9020245535010224
0.7964427864333001,0.5836421457814713
1.434348989045278,1.037372429986792
0.8593471730108357,0.7669049522325424
1.9386829505703225,1.3995652655554494
0.3702678751073186,0.35159852959462945
2.1256844047419623,1.3732569643641537
2.1553482898230474,1.3097141290959884
-0.2875807240391013,0.17635083432996157
0.5395885619691355,0.5503821012661682
1.1636463847825522,0.8724544555521108
1.7681201243822637,1.29904493175792
0.8327486447632185,0.7349542941935666
2.463657554205369,1.6706692745642902
-0.397851823103164,0.0352103735708348
-0.21611918491600007,0.23296111200431893
0.6632171216357423,0.5053269743352182
0.7516068315141039,0.5324147958406513
1.5695299197604207,1.2088880421715913
0.6056709643031601,0.5570022942520431
-0.5174576863538816,-0.0365827780421706
-0.06205252677293177,0.4121175288747455
0.1157415122503008,0.2865965107858248
0.7434142067652213,0.4834057426967023
1.5148885750729275,0.9144361314754981
1.0412152879619816,0.8580763455688587
-1.1550778584983918,-0.36610867713895384
-0.7394123867485869,0.046805063651085
-0.7360475249996382,-0.030185392416718138
-2.806176965161244,-1.0388197627125522
-0.5257064949019643,-0.12005481392452966
0.6931952589140912,0.7538491611000833
-0.5329023345068438,0.030627710767055043
1.5703583270335797,1.114121968204219
0.8001374017410232,0.8025136167423974
1.1917274515215464,0.9851374925093722
1.8663094274676015,1.138824899902123
0.9356886968384963,0.7014221407510394
0.9693412535312028,0.8665564296676063
-0.4655512130121602,0.06798898876294467
-0.11510645814892018,0.12217786635189387
-0.2398015343613828,0.10444762738140555
-1.0033198381970931,-0.20425589688932763
-2.413487815010616,-0.8625239342056827
-2.337906104384233,-0.6616479084994049
-1.8835854269972483,-0.6462186512064599
-0.5331036428516897,-0.062369697897710075
-2.20684470844798,-0.9937716274953117
-1.519483572768007,-0.557308579980249
-0.8129078775972947,-0.027919319729576147
0.7623287837669636,0.7789061614290684
2.0503840594999514,1.2453694034339844
1.047198601492248,0.5939200798355273
-0.22804921420565516,0.10529456217106377
-0.4075107315153401,0.14039281795181585
0.7780096938347651,0.8751770767103398
0.011111132072437191,0.3424777266897274
0.13639477680982665,0.22406454786679955
0.3568015968363184,0.5032168441900469
-2.1699797303218684,-0.662322562830887
0.20430790115651476,0.44034473640571853
0.5646177657596171,0.5886453996006956
0.6318362903753518,0.5486782022490136
0.2504687643837768,0.4683884460550543
0.5556490740576139,0.6063064180995935
1.0421718162435478,0.8737906625345783
0.5729281479399297,0.4158140662521126
0.6903628001434388,0.7592303406050871
1.1713859368822477,0.8982383003031852
1.356942403920971,1.0103549386929764
2.7209547281634796,1.7190004135440453
0.2997776842929538,0.5896925236805036
1.109976867173217,0.7642634805340538
1.5304194216473839,1.1114937358365482
0.6608101369762933,0.7251735348720425
-0.8966569034735739,-0.1000907511069476
-0.4430430226091985,0.29600939251826863
-0.17942314372552234,0.2541172791471431
0.30987688684210724,0.554696264419809
0.298731141402105,0.46804160679113427
1.0410521525637835,0.8871899765407266
0.2863592669606795,0.557350282823039
0.43333949491275003,0.4957182324199074
0.057013149336936075,0.47623147876959926
1.5865507909969883,1.2422399762819498
2.003336917503245,1.2007238906471915
1.7876228963322165,1.2861180694056045
0.8740877859030847,0.7459986561306257
1.5429923708178341,0.9993341092486586
0.4713043763998199,0.6139264066671735
0.7694065565781179,0.7541394565512048
1.318357041717818,0.8625487490638207
1.66066578018247,1.0266867823248242
-0.603876278603503,0.05146568978359489
-0.6860762131716105,0.011804755651692894
-0.5867163592673184,0.029465960217070365
0.0969502946848908,0.2569879986829181
0.2358584878288547,0.4659431305629192
0.4544980641846933,0.48238491364593794
1.6678819129198823,1.2937167551452655
1.0561254997593617,1.0499231576832524
1.647822822911528,1.0874324017686408
1.3202957123125372,1.0633489280811672
0.5921953974829102,0.6994545002206586
0.09639170471503411,0.25588573124221575
0.508241212401581,0.6031312439633509
-0.7042539004170987,-0.0682729686283812
-0.273809034578724,0.15952706108951537
1.2900853179154548,0.8072939909421549
3.0175344940972924,1.5921233207407668
-0.41711294187118275,0.12415889806630012
0.00872599309312544,0.6235672233253913
0.45200441880661685,0.560473303354695
1.6990014394201731,1.1590192173861857
1.7013270462744516,1.099770236806952
0.7443951826996082,0.7378241433796523
2.2431277971760517,1.4634925391375306
0.5449052708557051,0.6281382913690399
-0.708798845434189,-0.08098781383751531
-2.750229666812548,-1.302757941721403
-1.2801896343081405,-0.30752215757080764
-0.8098819966286146,-0.1841091195465573
-0.719716888191261,-0.21376226917055446
-1.2654740188199778,-0.19836848884005262
-0.8555314219900452,-0.05706503259856564
-1.4555931595324836,-0.41161742582370553
-1.5321283891991198,-0.3849638391822314
-0.5775584566756529,0.04435213207685673
1.5667528519569145,1.1110582930143091
0.6004825414637892,0.5567823548725063
-0.41937107537804486,0.01876337894600931
-0.2069630148661609,0.3571413112623588
0.07277020580353186,0.41569392713212805
1.15202139991371,0.9627761625390716
0.4982443874088494,0.5892540250998817
-0.13514983505942185,0.2791444934424695
-0.5017747499955976,0.11724860925673333
0.782876175227059,0.661635781635827
1.7373878618271905,1.3142924821878705
2.9143505544074864,1.8486058455063388
2.3744767289523416,1.3320909436602058
1.9677680646203806,1.2451200937992049
1.708975533689503,1.1339770917711316
-0.1791368058890832,0.16107348795704146
0.15145259464802002,0.3505261615328677
0.3423966935942441,0.3261440318489306
1.1887968998535245,0.8463076280126132
-0.15815666131037842,0.23797164147728417
0.7737919648363221,0.7390605198734489
-0.1445572964969608,0.14682521723178504
0.358405780301291,0.5710700060357576
1.3612120230983844,0.8439303940970754
2.9873681952403954,1.8406414423345636
1.8556148708395184,1.1965588964258036
0.29402702678143455,0.3359251736856626
0.11244449416830596,0.39148311424596677
-1.4960772218760485,-0.5222916286319186
0.14696827670834967,0.3352737128173084
1.0211016628930902,0.8816067220036944
1.5216023826593559,1.0298189758299503
-0.6539280252871,-0.059853658285274114
-0.7634245219398487,-0.1481230027011792
1.6143257644035436,1.0198442970941652
0.7141874876115115,0.9203069129544816
1.557823103532046,1.0990768627601473
0.2978148065690316,0.4693436400001086
-0.9017192068292865,-0.1753522580435837
-1.2957806572754902,-0.30160201895776606
-0.1648939664190774,0.20749402973809347
0.5988411680414804,0.581248869956355
1.1739726866296232,0.8475909274522079
-0.6439718620181464,0.04165214628486691
-0.6926956029406615,-0.049601065120512586
-1.9782486433972042,-0.6934004518609422
-0.9680066887043407,-0.1655764902104724
-0.9440175201598078,-0.321055663663662
-0.8782975996381464,-0.262636029447043
-0.7051871572748981,-0.15562538579047164
0.6178923996218263,0.6541041872518086
0.39171305307009585,0.6480014543897041
-0.8838388611979293,-0.23060801114620894
-1.4369893724792635,-0.4262711585905534
-0.06158421775802325,0.46164404436688533
0.889097382632324,0.6684721129593059
1.110344662581718,0.7930927381883119
2.632179378441922,1.7689563446390961
-0.5707412275846786,0.040065382883414505
-1.3453434269317843,-0.2479429324436038
-0.6644711732134448,-0.24275499060441635
-0.1543446527951291,0.2627165532245099
-1.0569759976252797,-0.1944296745157665
-1.7888238146759234,-0.6577656687304793
-1.499993855815498,-0.42304519359736054
-0.9675543656987637,-0.15991368238133555
0.15917814880688663,0.3309870503271046
0.07954435103820728,0.35461780440154345
0.3173389337815723,0.6270332422117659
0.7012230147169205,0.558989385828759
0.43209133145480116,0.7437240969061123
2.114791508609553,1.2990228269963946
0.7396089000026331,0.7009315142960242
0.5962459184623259,0.6987898485689803
-0.0466396979628767,0.3481733063414729
0.12955392226760168,0.3727761486793316
-0.8113256962923503,0.006862200940601415
-0.7309005849462331,-0.013933560320310318
0.8894886547533629,0.8063670645078929
-0.4155837285425451,0.10882263170641844
-0.9342500959575035,-0.2912354169088682
-1.3771838858501773,-0.4007809965211264
-2.0891029836608794,-0.8392538712307438
-1.6911872510767425,-0.6760558769223733
-0.5770503247095191,-0.053047069134384936
0.28530771900175134,0.3806982547841239
1.6416780888507998,1.1796064192238485
1.346087735705273,0.9151345577856509
-0.13766717276298213,0.3422640987893282
-1.4613224469724602,-0.4734407734846474
-0.9696156827197924,-0.20954643869946243
0.04209743723277992,0.42660135874842675
0.3230153899218335,0.5146651633943515
1.613789899512374,1.0806603321691732
2.720507571577729,1.6003231667025664
1.2033035355631185,0.7343264926372611
-0.027276325391268563,0.167598713818862
-0.6065079494400247,-0.3214826514606688
-2.165774321427536,-0.7258662893268826
-0.235676075969394,0.1226493565359501
-1.2769511118705017,-0.44065164328793166
-2.455762417464837,-0.9340046898359501
-0.6955039417690516,-0.1316365449473501
-1.8479198114979525,-0.520780947263888
-2.245811993350398,-0.9196313509201168
-3.5353290299594,-1.4348639214283263
-1.1802063498355937,-0.2420024756688419
-0.8847873717303607,-0.10932499919918753
-1.8560295791865924,-0.7278552275111096
-2.0322314177609395,-0.722814032569948
-1.6051897065568448,-0.7187336949505312
-1.617994603017462,-0.39001484574063977
-1.3575229932314195,-0.5161134943438472
-1.9564021049098268,-0.5750334796260606
-0.2607403517224064,0.15431126924715274
0.5691346887481104,0.5398232242749746
-0.06129305362146076,0.5115933426163648
-0.5534430926643619,0.06779704377157661
-2.972473195254003,-1.3264250326218279
-2.4777703105395554,-0.9017871530330174
-2.5954573757919133,-1.0849354094542294
-0.3349775843447419,-0.004837965201698269
0.42534976211929143,0.2959756532702009
-1.349749385029565,-0.40988231844484485
-2.018067439336787,-0.7042126937288293
-0.5760439467714725,0.20419322961360376
0.05296650250503698,0.42316890215340075
0.016765575891254596,0.1873105563961029
0.442540508879013,0.4753238965568021
0.08167717289608623,0.2750964000496104
0.4895608494799503,0.734873200097135
-0.4901714214329085,-0.12670858652810008
-1.1256968614661775,-0.23556511781929673
-0.7764582650457008,-0.1405951569669636
0.8961086254849399,0.7653501891848654
2.205961158440357,1.433981906509642
1.1994370752985761,0.7812467367420908
2.089297315870545,1.3251021921599915
1.8593213339907242,1.3521436578843196
2.4235007737963157,1.5404387760223746
2.9930917690112016,1.7781684290866688
3.5591400684659926,2.0901831777284
-1.2352399036031647,-0.25835464950087594
-1.7891868056854747,-0.4189173513869412
-1.3011282950133034,-0.35889354141797025
-0.9820887334492812,-0.16304227610933647
-0.5172522476917668,-0.01786328301768525
0.7880111725717871,0.5513313839832983
2.6539450134134257,1.7109954689220754
2.8854078260377567,1.685211888303954
2.093203602844248,1.4288093977388134
1.0835922529029387,0.9505984789073937
-0.23027298868140977,0.03256347953361438
1.2269299086990841,0.9283427349657206
1.862494881001251,1.461413557751693
3.1873484970745114,1.8769377650039938
3.730365924852355,2.1482184829234017
1.5733575051725772,1.0089904577867201
2.8300359581918375,1.6144850893437497
1.2129496342208304,0.9656574825799763
-0.6166001632080079,0.007867562002882706
0.4700728847599791,0.45980252375892156
0.21357546197026003,0.4952371798850943
0.8309789216696076,0.7210139119249063
0.7409908611325172,0.48582995888076097
0.48402108456354614,0.36547231108889666
0.5051737449358481,0.7897145515958189
-0.10618344157098053,0.243538522751199
0.5024055540987299,0.3327657101625836
-0.0007960768786512418,0.2504852738045576
-0.2854615398056993,0.2655112417030399
-0.49928506701070885,0.04977158272548384
0.1816796108936931,0.5071343942909803
1.3808878819473553,0.97566444853866
2.182189447077515,1.3791262584856343
0.6740345213290715,0.6752941399052845
1.0780299422275208,0.7323961070809027
0.45238831798733947,0.5293307787993471
0.18630003667275177,0.4898416575775175
1.4874124442966985,1.0703261061346097
0.15876127407737506,0.2456365231998973
-0.06422882627082113,0.22789501464714673
0.17961234617854316,0.34629590480758554
-0.8817705555679205,0.008089359770245996
0.4461087652521417,0.6852532787296094
1.1536201330089124,0.9113835347911051
-0.1463016018982346,0.15113547562739166
0.5723887669810741,0.6929053687546011
-0.79827589954251,-0.0737849151982748
-0.7430420179849498,-0.11007936623379208
0.9422467241710085,0.8229768493371866
1.1543044560204496,0.7389119186462797
-0.3527668863390465,0.20676956180697154
-0.45926134348618863,0.025717045366346898
-1.5313101051643097,-0.46621558124894885
-1.0245182846100618,-0.2218153978607595
-1.545495579806833,-0.36408174936365734
-1.094095669933313,-0.3171659466968787
1.2620439991321737,1.0645530066961195
-0.5804798161039549,0.1513424029029098
-1.8618177798409836,-0.5154760648518375
1.2615171073741809,1.0597903267913371
1.0459257931408485,0.8670964326460596
1.2079393217917,0.9999885189946519
2.575044680031365,1.6187584431946056
0.3218017883343707,0.3931590175659076
0.20391088734451632,0.45146480786819676
1.7021423115195737,1.2659982858542336
1.5872965629998936,1.249474393492425
0.8367384279087069,0.6706908157758329
2.1831864091772726,1.3816301525245196
1.8910638057764562,1.2340456996122284
0.9521899767547566,0.701901408864635
1.1631730865762118,0.7563986204564984
0.14345065130477763,0.12680412748920067
-0.2165284526959353,0.22478639348840526
0.21667930537892516,0.49031267610116186
-1.3407880563592678,-0.35251035798423164
-0.25057620791484125,0.08758813316076942
0.011371782699007432,0.3737061948579509
1.1844467579976028,0.9077166669107432
0.37300182165053736,0.4439596207797365
1.494239434862986,1.0833241113528869
1.1142295623609815,0.8170183455883663
3.2160067036349442,1.8545564993353112
0.28793713644355323,0.37706424992344995
2.0030665476452167,1.32111244983934
-0.2527065237221626,0.19425459865359532
-0.3244603147034919,0.06594570519264402
-0.3021435314396211,0.11415495634299785
0.0727540437337495,0.4180815083805333
-0.35798256821267627,0.0030571027183444732
-0.007452380340103648,0.3308139904910782
0.7567860532931793,0.3926556130508051
0.4546437300979701,0.39834879005778023
2.418497645749414,1.446688585309655
2.92958822275954,1.7933029204836775
1.9978969807464877,1.2062830891412557
0.5289985520613613,0.4891576066865062
1.0742746179859524,0.8843598242182066
0.7991768912164069,0.8366434282399319
1.7350103159157588,1.284714280160448
0.9304037370100029,0.7032877646813792
-0.10703937917106376,0.21512086855464027
0.13081786971080095,0.47677417208776335
-1.8253320481355602,-0.5954274813452121
-1.8453689213925468,-0.6322869275215692
-1.2069667490223972,-0.35236394505871055
0.5676347140352163,0.7947657271375677
1.9513291634212038,1.126339725844262
1.0949886199078895,0.9925958814518188
-0.35719501261167597,0.11494154089204361
-1.891693076409901,-0.6063587921193344
0.1930799101563927,0.5867738168032873
0.5186583533864373,0.6687417954135513
0.7198847489912066,0.7762463516430306
1.1668209876471545,0.6860304981386157
0.4703378383629441,0.5558496014106725
1.1257205779814072,0.8492574709603237
2.123537352212784,1.181865196254224
-1.1788371279669758,-0.3244793292911973
