0.014232205160496874,0.3507117640069028
0.03445290055594219,0.3419082937249134
-0.31723247879231764,0.20546805707892457
-1.138149943352427,-0.17005079978244306
-1.1564112713843164,-0.281149135436845
0.5144631315336203,0.4851227971612675
-0.17195932054536484,0.09057945672628548
-0.3532012883587616,0.18998487823332166
-0.46982011393773454,0.08785051134820841
0.11456918019499657,0.47201288442252637
-0.15545345575950426,0.24623529453037013
1.1369953016264072,0.77836847808418
0.25412654326021933,0.44251655757865127
1.0526198900892472,0.8862958771402567
1.612111065980912,1.0448941778587448
0.9449590267658133,0.7039938584285921
0.19103689913660482,0.3795279291900292
-0.2673875315479287,0.1875276025620391
0.15127120646731235,0.3562278881785482
0.08734686423408906,0.3892487293170097
-0.6981556328934657,-0.05443792650006056
-2.2074828417635017,-0.7076588856080772
-1.0678150551392724,-0.26360490103626677
-1.6371848755126408,-0.5913983083062616
0.979213915826689,0.8281966126333782
0.5530134235435352,0.9017441989726942
0.29330662114504685,0.42622689733407904
1.9705361926724148,1.3571197557084211
1.9888066994661062,1.406870502413556
0.22974780381076043,0.4238610544971813
-1.8704184973085645,-0.6967843968920734
-0.10246772149624783,0.2976204039742706
0.11079467867680085,0.2960260354059897
-0.08098205038699473,0.3087018781739057
-0.6232892576056535,-0.17139247573735855
-1.2841961039839198,-0.25645576457540026
-0.540697580068203,-0.06527755063750668
-2.6387357286111914,-1.178236948537044
-1.5050892927937995,-0.41788610540393467
0.36861748268195205,0.47058366291380227
0.6637940286793933,0.49945362357041434
0.9398255032740672,0.9329626974446459
0.8133257230305899,0.5190864807715754
0.7946102941427702,0.9619077873577946
2.8219006658520396,1.795167778027416
1.573969734011068,1.0262979809902373
1.948648587032635,1.1175608059014326
1.3613179322090856,0.8862862775289231
1.1345625327421591,0.9244324653258956
-0.5487855844346877,0.03623111978637609
-2.261603433034481,-0.7004645257465585
-1.131783224212331,-0.3723139260241862
0.5742171818555748,0.5727391537091691
-1.6891750816857114,-0.3775554499048328
-1.2016186514271177,-0.30883759569210445
-1.5676118607650682,-0.3618924741800365
0.7952690675336456,0.7261691280561683
0.9837205045832871,0.8802636325235733
1.5606570742943915,0.9626163019367683
-0.03387032265915502,0.26136483586679693
0.6992182102284616,0.7024537545418115
-0.11395068204018699,0.28260920554806895
1.0007928545731568,1.0423417344586614
-0.04507263839953379,0.24033638849097433
0.5951408962561464,0.4925916527301095
0.7388675719932551,0.8223001450795614
-1.1461692156578254,-0.28546604645524115
-0.7015185177531384,0.024805709940509846
-1.8167334235144788,-0.4193423771976641
0.04918596496680738,0.19297102423192986
-0.3971182693028803,-0.09188468583636683
0.14349170699606245,0.46917175295417013
-0.915356806376553,-0.2946397788975378
-1.6847153718710348,-0.630225587179094
-0.89406625373222,-0.11187794135122323
-2.1502186636373617,-0.8413761491392487
-0.6948150975101731,0.015172186864152656
-1.9016293959940218,-0.7638447096209977
-0.2588039945834961,0.15256231243876425
-0.2469752665750737,0.15502141999215843
0.14622714873989373,0.5244727050288104
-1.7631662160563533,-0.5944431246717946
-1.8295944001936015,-0.5412301656534309
-0.21302681803242463,0.18926590387645784
-1.0215020228697187,-0.20818512930387723
-0.4122539818772613,0.16584588244890086
-1.3934978584274869,-0.5008729387135933
-1.0583123832125776,-0.19027669642983652
-0.35488373703820864,0.0955458857036994
-1.838856038858819,-0.5875569981951556
-2.0273682315801054,-0.7005904990703273
-1.7233532587161535,-0.5701884856606055
-0.16811965606390156,0.2442158675735122
0.702706987287593,0.7202217380354355
-0.05007518273102063,0.2980077204814498
-0.6808485835949194,-0.12076678646649029
0.391242990135225,0.466683665725812
-0.6867868059107078,-0.004363473510840245
0.23476107390595513,0.18381143986955623
1.2730297137294995,0.8356996258809104
-0.08919413200349569,0.20169876436032663
0.6148545009566764,0.5155486313689993
-0.7276345483933264,-0.16438865238588624
-1.12202712966372,-0.38533489573847424
1.0225824522556533,0.9232135028119758
1.4044795053275183,0.9505220435522325
2.167503571293774,1.3687402795884436
1.522036181552508,1.0006847059739712
0.8672216686485792,0.8995835522186012
0.5221373272712866,0.5061305467592854
1.1359138523912873,1.0040182802356417
-0.6851702883212054,-0.07205673184593347
-0.2763034098891072,0.2988288373915646
1.3309084881120556,0.9063417555938937
1.0073279420087646,0.756651843617004
-0.03169458492577648,0.2308395806787687
-1.8073172695325141,-0.7423727405575694
-2.611627214510242,-0.8663894369614711
-0.5275041404942868,-0.06345897220737284
0.09682741226717934,0.3208342232080619
-0.5360576439902396,0.03649114942053533
0.781139083014488,0.6221616903169284
3.3375000221005173,2.0354037052430862
1.951362635758818,1.17415636822872
2.04556753571848,1.2273855961812101
0.9502689993060175,0.8225852755478181
1.4038423697523983,1.1485278342330498
-0.6046982892489494,0.14944689243440887
-2.049540765221103,-0.8444713234089677
-1.154273357778904,-0.34316405992564625
-0.4947379152830772,0.08873091455145826
1.1748102868065924,0.911720366182143
-1.28982956153844,-0.4091936866472513
-2.6874873258374574,-0.9059330493968757
-3.8564990904136787,-1.701593232224663
-0.26557603017280007,0.07351392306628557
-1.8213903228839963,-0.4978474261873679
-0.41327962304421595,0.0517093994829512
-0.1495682755154124,0.1796158454231586
1.6349711366248039,1.0577401171672745
-0.594609828274707,-0.13392709854498033
-1.2515019307267488,-0.25697779608337346
-0.5643440137974037,0.08086859343358797
1.324147102298073,0.8280610777174885
0.7841905595797898,0.61655023929158
2.8417537605077876,1.7157426377710525
1.4146471746843632,0.9997269558080593
0.4821337338718808,0.500171406467134
0.9580922787710988,0.83782651762361
1.383886382944843,0.9140224449680762
0.9908385852172227,0.8011768802034883
-0.5450888056090402,0.10272088669901278
-0.7769024965435317,-0.12280341052222722
-0.7476837684535476,-0.11149101652967988
-0.6405391559849108,-0.08926810179536471
-2.4151744382676954,-0.7697180749072282
-3.1302431822422117,-1.480778874240329
-1.3596564308171006,-0.5037725668507254
0.2418735403797393,0.43930509970471376
0.348663615412664,0.42848374451722415
-0.032987941671194676,0.3553244480526965
1.3368626283460772,0.9885737017671046
-1.8615685636844144,-0.6321867737964776
-0.7304960294078016,-0.13728144108126822
-0.01748213605830673,0.10429802374837466
-0.23909927523366306,0.23782690180913196
0.11934244761398388,0.38311688531503074
-0.3162088523002541,0.006600595345195415
1.6844192242105998,0.9715819918046791
1.2376033951354537,0.9826942796484037
-0.2166622391627303,0.14375237626912868
-0.17290643406516737,0.3753120899259369
0.24536191548335004,0.2326983457456804
1.2718112091726894,0.951419504356644
1.0082229289880211,0.9510164867422111
0.17700356550756824,0.3393900165082194
-0.5557852107377683,-0.11535668977609254
-2.636820232965744,-0.900175761712606
-3.013336212464554,-1.1431237646877068
-2.085538025243455,-0.645844712763959
-0.5124187938544242,0.027580272027846717
1.5013024919226272,1.145009677045656
-0.13325733027405984,0.3379370650420388
0.1294201643336586,0.44731388422469415
1.2058998298333956,0.778778459844795
3.334886342903059,1.8973205903078727
0.398687046284234,0.4513722521999496
0.06271568812857842,0.3649542250694071
0.4626844221943782,0.3965437797031901
0.6230490952928621,0.6411919823455567
0.4044845551753569,0.3351099045979582
0.258815024970229,0.3737958831795144
1.3359530815996195,0.6853676305039325
0.6831010102071272,0.7067628193266149
0.28808270504666145,0.37647997723359183
1.7924698030498616,1.2221087773928048
2.4074197750692528,1.5699268388364302
1.041565766736265,0.6113709626628059
0.4776223293411188,0.3697628552153752
-0.5914542845769694,-0.148864087689157
0.022628055990114637,0.3384233710957753
0.037852123518798936,0.39424221817963584
0.8116360392478308,0.6500408303554289
1.6575747554465232,1.1029338810883913
0.24837749586860425,0.37210141274837855
0.9474199243140289,0.7893339491597684
-0.05805740200822118,0.1487393636943467
0.8901644658933678,0.6724534961932276
-0.2213198053546903,0.1805008722912739
-1.3495504853010463,-0.27882601111450867
-1.506200425268191,-0.4277567187594757
-1.9604388807900222,-0.5973557175765275
0.0843294932776617,0.21768842989239537
-0.6457141024019563,0.03881906362347981
1.033783153141433,0.8766591969135273
0.9843348440513018,0.6645238149253152
-0.14926954323307318,0.20163245012568906
-0.8882762548555972,-0.0891271613564669
-1.4084599576070613,-0.3686271788897712
-0.5480336880144068,-0.04717216604718437
-0.0756334035515207,0.2856480782583934
-1.581086136727267,-0.5931528963426722
-2.7630971990899407,-0.9113732196681525
-1.5069269665238085,-0.5104934446601106
-1.7224148378618205,-0.3328484001399148
-0.3430397641164946,0.12499463953859803
-1.90018151774881,-0.7811031082154238
-1.1125028621776785,-0.007377420298437465
0.7619718394505725,0.7831036310234797
0.7816983546280122,0.8289307393744101
2.2984299622952773,1.6024581353044955
1.3143668719139563,0.8826205702481031
1.2265728090247716,0.9725612508302102
0.5809961465223994,0.6857048030435372
1.9056011322161721,1.2304927703989628
1.4681952175885853,0.696744578226307
1.0023230885533987,0.783675176587734
1.2397788661796598,0.9291712205589765
0.7223355312568924,0.702437775803018
0.4963825253692784,0.4254155517443263
1.7291269361887598,1.025660096606233
0.7445184222852753,0.7162755965846331
0.7045222544534743,0.6998993246099041
-0.5945711001702891,-0.00853835633603036
-0.39131424667973413,0.10853210451789999
-1.1920136752492412,-0.3970208279247358
-1.8429589029735913,-0.6696670294596079
-1.1132415026995075,-0.1315886722116721
-2.3241137755367145,-0.8057418232614728
-2.1309718189759046,-0.833672233634575
-0.052373903355076745,0.2692049794783063
0.5221676091040031,0.5271419852476733
-0.6144593309122701,0.024992458440314932
-0.1806679661467126,0.14052095249665386
0.45503542988810575,0.4199351481305751
0.9998588912372648,0.7924958513726265
0.3730390826990535,0.5731599449847316
-1.0432213753520287,-0.06854689263377978
-1.8550856802851943,-0.7228679203403123
-1.2269800951669838,-0.3041426651081671
-2.031654646132701,-0.696967344239991
0.46481280124942415,0.5279177083353773
0.5512574087169027,0.6066529166584729
0.5251336952357936,0.5395254367520329
0.8003758526629381,0.703675608129684
2.373773192114599,1.5435873611430158
1.3344165631927807,0.9194081486931329
-0.4336555650553059,0.06134593932353859
-0.3913947236356494,0.0019028578626901632
0.3749083820782712,0.5426436754404856
-0.06711289532708287,0.43116787559522723
-0.4921608599680989,0.24020103151776848
-0.10621369472952152,0.1688076925397122
0.34224585631033067,0.4929693041812437
0.11746579409197502,0.4732676513805756
0.6319155373160492,0.62244444470674
0.41781617817878847,0.4790136306817101
0.9773739840783493,0.6849363267595594
1.8516297862809519,1.2798619539949783
1.1168371226568699,0.9373202549625994
0.10012945182238953,0.3527004655683084
0.47941197697285926,0.6928536557463899
-0.3396196565202324,0.029092049217051746
-0.5555828998001585,-0.047757152085040847
-2.080764759530141,-0.7501518803429162
-1.1263418032763357,-0.18384379300246628
1.4410614924107592,1.0339508228547745
1.6911393227510891,1.1516155399275132
1.122972293583514,0.7782284918933238
-0.13733732940564303,0.12218636907654948
2.1363827735642102,1.3496905877280616
1.2125743742898658,1.0263261684946599
-0.34175500089659616,0.23194944593336708
0.13204368347712264,0.5373360079609542
0.20052080335061606,0.4382662246999147
0.20719977399070033,0.261267482917788
1.7974524582513092,1.1810409567899394
-0.875246142165166,-0.32010457138429455
0.3722893707695888,0.42039165281701285
-0.44604954644917766,-0.12260416758113366
0.07333022121672184,0.47769064657161997
0.9603533000812169,0.692308789164831
-0.9144430339891549,-0.1415306600073203
0.14298018982396143,0.380871018636403
-0.6282960845599967,-0.03302369250031781
0.6905224604875763,0.7119074696527681
0.8119105127883497,0.6648968566522695
1.4553927196550176,1.0427362218308802
1.6686165867588771,1.1449525525263622
2.8742304938572785,1.7603482766725462
1.1679558005942838,0.9731510244598089
-0.7848121640929835,-0.06981648755713894
-0.7162361461604397,0.09894331932139966
-2.2282388737149286,-0.6650254364220616
-0.7611270878617324,0.02345623311621381
0.8094296306679521,0.5863282510320151
0.35586947715204603,0.5272807899885903
0.15986150270219385,0.40205502008679367
-1.0289918740636532,-0.16099276046067992
0.7708977346805145,0.5990973297412578
1.8196507462736917,1.2195822962738982
1.737413405806954,1.0387882850397274
0.9278915048606574,0.682504271797444
0.89241150998199,0.6016950218870141
-0.002164069465381724,0.34435740199998044
1.8311886212726676,1.325993583472839
-0.07778991659880319,0.31680553100498826
0.35902769775100596,0.6437719694477643
-0.9309967127037848,-0.24446507895765401
1.691589976733185,1.0730178066987794
1.4804138819836907,1.0561272273877564
1.4241022755297912,0.8696390314377126
1.7163388805975122,1.1183935967426546
0.17633747108860476,0.2226005253520589
1.005409600556737,0.6875985367927762
2.2410769924943006,1.4291900277953409
1.4372913695312586,1.0355985007666975
1.0801257570292695,0.8150228837397284
1.553672411283281,1.2941629377972454
1.4335829957638158,1.0650162484287073
1.6744410507442737,1.3332663540163512
1.3257772524741147,0.9104342974142162
0.21994516244636364,0.5976982827955898
1.0511824552246545,0.9552955427067233
0.8140033470239199,0.8513651045495261
0.36549126492115974,0.706155252332672
-0.827278792068791,-0.1632062329175457
0.1734635135283329,0.39841536036574626
-0.6441604364833485,-0.07822141537628982
-1.3996666966807632,-0.5603405324912156
-1.2535657123289718,-0.3384285671046787
-2.13397679977521,-0.7316398037522892
-2.6328174633585544,-1.0342774036748514
-0.47271214282103957,0.018840879312588904
-0.28023481175249,0.2934937005612479
-1.931712771821628,-0.6290801387979026
-0.3932953215255357,0.08602303660898199
0.1538465031399452,0.23499360994912924
-0.9325152274078601,-0.21216470623460534
-1.0247576999152685,-0.21382454365854597
-1.1641395934412084,-0.30575284698264266
0.027775122479342107,0.4212457650490652
-0.22504099758816173,0.04472131692863521
-0.2981289566373187,0.21514200455971166
0.06368949127228218,0.45732560738634637
0.01594622143777761,0.2055226523361674
1.7478149274817008,1.2447121425885785
0.010094079278226475,0.442516384899376
-3.065055600884258,-1.4255715444609005
-0.20528509802358808,0.07062140860970298
-1.3832948772758504,-0.4172786003751896
-0.22372016556382845,0.36780547438626776
-1.0056713240898274,-0.31751706956025405
-0.5873542481361904,0.04007061742865859
0.2452476786537756,0.37952822863738467
-0.9763862627586558,-0.15465905156270363
-1.1841140894034696,-0.1495520353361231
0.4694729649082896,0.6910082138547903
-0.9875937768975727,-0.17595974900012606
-0.43393122321306815,0.16307390412296613
1.485028501813881,1.0050980104233762
3.2792876222188068,2.0514199950627403
1.4195946116591935,0.9691738352808394
1.700069222949455,1.0853791376198536
2.520930592057065,1.5888238032574622
1.4376208167327444,0.9028697887639544
0.9126867739476104,0.7046861546998324
-0.3006315527419743,0.26136771106726125
0.715127454254633,0.6407883358744001
-0.03334897714436502,0.19093573639219275
0.3938157864737208,0.49165190591896696
1.3079686165207034,0.9117324217033702
0.9675192958180145,0.6971047582341355
1.444693475010266,0.9197294609956596
0.17507879261099268,0.42537910260869194
1.0961836007196446,0.8717559698535967
2.9291401104827273,1.7761889556942658
0.8292714269247881,0.7981961810177345
1.0234062822958638,0.8377230566368712
0.30177073480645816,0.537996247688496
-0.20868176635937263,0.25628834806176604
-0.7867872257359175,-0.18367133834324334
1.0759849573620626,0.9374441154537642
0.08868529464067643,0.43943941187762225
0.3170009008853541,0.3871080177000159
0.8344582095123108,0.7730421738385983
2.1526228926163036,1.4343415727249664
1.54805727840079,1.0925620074297402
0.2685244952082284,0.40390957513876724
1.274873940256564,1.0382823605853209
-1.4244979248750376,-0.5243868550712705
-2.188411734447742,-0.8505974739615393
-0.9082409847400433,-0.30612544242422346
-1.0075546037571155,-0.23256402779136381
-2.0065717014857745,-0.7383895017788512
-2.008276532671145,-0.49226099385398536
-0.949891806124796,-0.23173437049089163
-1.894773303447398,-0.4998220659378115
-3.3120089013605654,-1.2116526433978638
-3.165294738486425,-1.4441374693597189
-1.0173353249914063,-0.18810732703565966
-0.7029879332199757,-0.08067362615173215
-0.7039058282739196,0.004694745132376957
0.37557899966711494,0.456618536204146
-1.3180840058913277,-0.31036427945146944
-0.5253349390909124,0.15484379512487195
-0.5772795298644321,-0.08216195374583496
-0.5978725649443137,0.05275332397200832
-0.7636554296515815,-0.24051351335712629
-1.8031274588920951,-0.5895237336279855
-1.4649332265770105,-0.22172161618993597
-1.5724470701488533,-0.6001863945693167
-0.11021137174087836,0.4317445907230364
-0.6731618675607526,-0.010305760359230257
0.6864084325259111,0.5892679783282125
1.1699046595551106,0.8190519591132739
1.4316151205173895,1.145390434122559
-0.46599471528148007,0.06547320241424966
0.3948640226124486,0.4935205672153415
1.015846273020663,0.9054412670056926
0.5687392238167209,0.5672627270690823
3.2158941854447765,1.9274030170796024
0.025450481625832744,0.4447297407217955
-0.9411369085979824,-0.2920072858099011
-1.518422346470882,-0.47334608196126143
-0.09745560569711009,0.38670312739253543
0.15921217608584026,0.47160415094330566
-1.0770615354743132,-0.21730367804933778
-2.4364857683838768,-0.9774585077463612
0.5847073973504453,0.5498042512812079
1.1483122782002189,0.9853995871577073
1.5324853845997612,1.1485944886946993
-0.33541148404072896,0.14030526391632953
-1.0032871515897788,-0.13210545032413007
-0.11023723137638097,0.1987660902804001
-2.420498452434431,-0.8564511622220327
-2.0080530084570016,-0.6009436385618026
-2.407082866041697,-0.9320784318420037
-1.2616372092689347,-0.25886462790599496
-0.31292186093968777,0.08229048471187493
0.8112098772963806,1.0046341095809896
0.7503171594357945,0.6939902063252105
1.0819032853101551,0.9378434844470623
2.1972077146735574,1.4824196507238818
0.9164523536020467,0.8998487927587007
0.09710688285874491,0.27300555898695056
0.0667739287357339,0.2957488237062359
1.398627294376709,0.9785100380082988
1.3920003992636032,1.0604928819354065
0.5941453467965698,0.523912854244584
1.6928893256537956,1.0133415253057252
2.5220708704089683,1.5904607083104336
2.1848519113807248,1.2728695733101731
2.5033838910265,1.6348085943664883
2.1003778764019256,1.3305757028330023
1.4908058069380785,1.1657176343520197
-0.7456207160133265,-0.0910782839188712
-0.2161155407841877,0.2894060532621475
1.2838657008666226,1.0180903617170554
1.6948501191394245,1.2477385321001158
-0.2760791050086453,0.25237464373047813
1.4496000952378854,1.1551446712940356
-0.7624540050069543,-0.13409429093490827
1.2323505762701497,0.6751931710081854
1.7446466565376717,1.0666020226844886
2.0394139128789694,1.2948544234117179
1.4077395913182822,0.9122845736999662
0.898479545347888,0.7586207802293494
-0.31079828214353356,0.18031897628076315
1.550259871238894,1.0699440246892629
0.1851449999143019,0.24692428344161005
0.36441749878881813,0.5418080597898264
-0.6727336672118298,0.13622159704177136
0.4326081782706448,0.5582159610363048
0.9878111074146456,0.6466959838388056
0.9494230524296776,0.8383457465156999
1.8146939234648998,1.1451961140827087
0.9311571824106875,0.5712960332683146
0.5321874328084992,0.5942479269678725
1.0023559226503438,0.9042602000424282
-0.4148232828251044,0.11446148804689618
-1.7101133801364743,-0.6616153289866917
-1.99478469148023,-0.620799464208899
-1.7856020970079456,-0.489739685309623
-0.6166803865923021,0.07706595514044118
-2.078425326920753,-0.8766408205881194
-0.17909171669535284,0.3602597789718866
0.3393528920483082,0.4748995996191794
0.7007283280288861,0.6791934259623756
2.0700644875828615,1.4229340095668823
2.74592610051878,1.6768304115828891
2.988998876464807,1.8853819819875735
-0.11585772428307672,0.33451271249999726
0.5516877176954467,0.5695807979135853
-0.8906251280195094,-0.2594527830461617
-0.504668712864563,0.00519781574622924
-1.2113012201385274,-0.2672487048136205
-2.390580304323369,-0.9636576105193492
-0.80208201620319,0.12122343415541706
-0.8004099492579266,-0.15098285622148805
-0.6907437922108877,-0.1804334315003408
1.1643262294598304,1.0884212734713297
2.1614044196206246,1.341487015954333
-0.7015801935374599,0.06639656930446655
0.6367803272844687,0.7704150039895472
-1.0624548620193135,-0.1611973269551249
-0.3460980646924387,0.23068019186463826
-1.3908301231111153,-0.5761109090583953
-1.3303703808502951,-0.28470158662500944
-1.9249801966165574,-0.7669400086448622
-1.1207434741944875,-0.3184955282815133
-2.174922501200632,-0.806180853055311
-2.8513907192804053,-0.995061822157118
-0.9999804299498313,-0.2618204415055191
-1.991967446464995,-0.5758577313780264
-1.6232158370766623,-0.6328174338574042
-2.5620271122416662,-0.9787085342956353
-0.18754957088007163,0.2947331212649943
-1.3342329376661768,-0.39229674053069397
-2.994715342963548,-1.102237061407611
-0.7044124709440821,0.004355363663424677
-1.3134607757433003,-0.37540381056031025
-1.3534929066698287,-0.43838302345315355
0.8613872951373474,0.6351395565971998
1.5402617042729783,1.1354306969625922
1.35108860977275,0.9553038836082002
1.3824637931418247,1.021916393043194
3.889963647516553,2.304988733121666
1.4235479679234784,1.0361347181339458
0.9560056337664973,0.8627260482558731
2.1331214994186576,1.2964420406007333
1.2420627674796019,0.8415002029331855
0.45762902563589963,0.5515467273320556
-0.6630791391412117,0.06524997883809698
-1.294509653287745,-0.4198180592599737
-1.2373302782153321,-0.48601134681964986
0.22297448587857216,0.30871117745802396
0.3812286112010737,0.5862562049821575
-0.20747695818111456,0.1270193462228981
-1.30890583044984,-0.501492779888504
-2.4311507475458694,-0.9405060325086604
-1.877938282628882,-0.6225646941468491
-2.0253220944893022,-0.7210073540170318
-1.0475502764530864,-0.028264076223489837
0.3407595537872722,0.3825065920787222
-1.196151610859843,-0.288755219364877
-2.7452673450300455,-1.1980258049617136
-1.1430584240513826,-0.41561416412795515
0.22067575975496345,0.3077569949863336
-0.2195714013031651,0.15224667608709355
-0.7926475201876568,-0.10156050379296433
-0.6952108963522929,-0.03366292069909055
-0.832107040761204,-0.12845898575645437
0.8626467257206502,0.6118561433128825
0.3903183225538578,0.4941188588140667
0.30842813261474544,0.40993565747604344
2.011400297346323,1.3045411399987594
1.2023368009102473,0.9425501106774983
0.3503663527725096,0.6463145704478362
0.18094609679726287,0.13202380353120197
-0.22496173876045325,0.3465314701590901
-0.10049329212977373,0.43430391396235873
0.31341337926972596,0.5932463580217802
0.16554850230818113,0.23380174831185965
0.28251238015219277,0.5039851342897129
-1.6887739524607621,-0.5726351947000798
-0.26888640092035665,0.11375019559184979
0.4863462018051501,0.3692204423365042
1.0179112845390474,0.8773640307187995
-0.6046358146204419,-0.03432474181756614
-0.4560771013679421,0.14794298899301256
2.147857091906181,1.5169803143411182
0.11633765417946296,0.24081463858590263
1.676710129648254,1.175369910608193
-0.02802388834153713,0.07925020556657714
-0.268978249085289,0.2391657112118299
-2.649528588925267,-1.2363958335885976
-1.0715262555160165,-0.5755450753095481
-1.011296118156891,-0.24163733463587395
0.31570432659028647,0.4191945107152864
0.8694507747626309,0.5111091205939199
1.949032968273079,1.3157708016741374
1.3963657967047411,0.9214440774652053
0.7596207217684773,0.8006690256505938
1.588150874353234,1.2501568634787494
-0.6609318973280336,0.1420435630270514
0.4126654146567922,0.35586575115202934
0.517531321114346,0.49021171778414707
1.2116741973587437,0.7542655610265513
-0.7631749921446598,-0.1541315015202596
0.057041603294922694,0.2730039654238285
0.9472808749342374,0.7331230376472513
0.40253001959524326,0.6230601074670385
1.2104408077823254,0.8409403308498705
-0.83179210150974,-0.1028575273309077
-0.48047901796486703,-0.11443587787923293
-0.2931551710009307,0.18527451544439744
-0.3911922580470313,0.37952852300346707
-0.3814428016158452,0.2827649900079212
1.125386422317991,1.1113510664608672
0.7158466424973428,0.5648230798324746
0.42467246216228016,0.43261871019918324
0.42095879599041025,0.44431613284545635
0.7808281398082682,0.6736355887824121
0.7032542771084155,0.9562393233632329
0.8703541226546714,0.9108888728610857
1.0344632856138232,0.9795263445647145
-0.7434051061153752,0.11664424673719162
-0.5234595361047979,-0.006994111748807846
-2.3836583632722723,-0.9703070962769618
-1.3235913626683533,-0.4384573835426973
0.09720403986141368,0.34443705973732586
-1.3690927557815118,-0.47161239527841725
-1.3068870192398143,-0.22744477242696998
-2.6437715127430783,-0.9915168117566252
-0.8882086988102393,-0.21583967532626436
0.600513566514144,0.5744296505513404
0.1755473360339812,0.3578239506563711
1.4745312059672422,1.0899397244140225
1.4433815455242502,1.0056621002851724
0.5369456100716434,0.3634494871124979
0.9796654316321786,0.6826944752910801
1.398970551601705,1.0490885986237748
2.3766612658330284,1.5597069050307022
0.10723311635164201,0.37210615751509213
0.3902776238125199,0.5199945392943854
1.8450942224346525,1.010511404510161
1.8090595481411524,1.0978222001910998
1.00606892553538,0.8746843414079348
0.9267190568621447,0.8178076433643582
0.9851787141755362,0.7947981414228539
2.5531340448357343,1.6658796598212442
1.901305712631014,1.164400142750021
2.3535065614799793,1.5215239150380153
0.7704798521296974,0.7999586047839032
0.633208727711869,0.5345302672263336
0.1450415233183296,0.20714513750189337
-0.4084745586880918,0.2919556711456264
-0.2964576231595718,0.06629240194997534
-0.5563931569876068,0.19719412066205805
-0.38731409721312643,0.0328819741990964
-0.7896729214659519,-0.07023362823859339
-1.2761778746555357,-0.3600944504746057
-1.7754161212926443,-0.578514562848591
-0.7158409995309496,-0.2941705582671821
0.12828880194385872,0.17881400251064222
-1.1761756342213527,-0.30489716075639794
-0.7720708863563933,-0.03172862673361898
0.178407985187784,0.33684652518593705
-0.23788388440494249,0.07946135326997286
-0.006871019180681559,0.31835617832331403
-0.3387779937070432,0.19090027606645843
-1.480910213442595,-0.5172301333179022
-1.3202597895048567,-0.4553777854575807
-4.555254785443655,-1.9940532077346589
-0.1337108633654558,0.23189261998049002
-0.19385177424436723,0.07540508651725597
0.9140707285155636,0.6822923939267996
1.8498784437704903,1.2791506085837583
1.5573112009861476,0.9695323947058809
-0.5334221784128512,0.029534718307077074
-1.6840874356191347,-0.5287875006904397
-1.8667926999885895,-0.5317158864177854
-1.2506102530414376,-0.3883828101166222
-1.2798401626738989,-0.25540893983236845
-1.5241608085631453,-0.759500672198496
-0.3906621871235414,0.1874465335438376
-0.4547439127653269,0.034033812767951845
-1.5299342933721065,-0.41050167918602687
-1.652061229909381,-0.546668551284277
-0.4796436014331965,0.1707637042421926
-1.5706024804788437,-0.5906689045412735
-0.4840056095434352,0.1563259125978877
-0.6052642526190107,0.002120013318525604
-0.4892801546637313,-0.08023965439222738
-1.2585476583206132,-0.38502552723325767
0.19872579691873848,0.3188855115806902
0.999226604698814,0.8052669989733596
2.8756342651943636,1.8307629795004214
1.338925519982289,1.054453890984578
1.4363213877233516,1.0441741699725666
0.5946265325999716,0.7390526180610724
1.4223422220034672,1.166683638238998
1.0392325324087663,0.7791083261265146
3.0132536155044414,1.7734910450042964
0.9057509610991337,0.8112517397759386
0.9994718359707739,0.6782791645561576
-0.5022344747574958,0.050472735081857636
-1.1849894295031504,-0.42368462216407177
-1.5609049709217078,-0.5165192564294773
-1.3264266671869995,-0.5696170752098523
-1.7545923167049389,-0.28739666123739765
-0.3709117477269901,0.015633386163069474
-1.4365431778080446,-0.4265720891893142
-1.473176481289145,-0.4741385133243205
0.2116404567660558,0.5195926516182889
0.579230359762857,0.5107650277103097
-1.5503692329737486,-0.4577697564951968
-2.1111962130757647,-0.7328681776055785
-0.7414843314921481,-0.11149730381993106
0.04611278666212937,0.34420192379659137
0.6579049143796807,0.5446163110807347
0.07118414557597696,0.2037495627772453
-0.7301098950781498,-0.0920433165547199
0.6130088987405802,0.7152306051138357
-0.21114944272981295,0.1291179960137039
1.360035188173513,1.0675015034594775
3.392974574542594,2.01629678714057
0.35214109910405256,0.45062894985600893
1.1128748455224882,0.8265633025494821
0.9414978604769484,0.905207509676726
1.4853288432876706,0.9287274751390234
0.5062499944715462,0.4949904205978336
0.3407365353555077,0.6458711349396856
0.008246961179967094,0.40686336234068915
-1.2318604562250226,-0.48503309711407716
0.5018937681803518,0.4742683486177192
0.4139306879488462,0.5828325776278227
0.22639661452380216,0.2214230011524065
1.7475503211111172,1.112563640310997
2.1454100426723137,1.5003320029526659
-1.2789055067422603,-0.3168056281791655
-1.259819190061504,-0.2852596285289886
-2.397799297001758,-0.9007917173942052
-0.008508988686402486,0.20683939757722797
0.31848840204418966,0.38191133350759904
2.0955543249222344,1.529500471136676
0.30375881056357446,0.482445186175141
-1.6703256812575527,-0.40995950223617383
-1.948392063578118,-0.6664868579494144
-1.6679787980625247,-0.7782764795153343
0.485934938016378,0.48862012380326314
-0.30307676473744827,0.1482251513098477
-0.5651677871450892,0.10004857253604943
-0.45045188429650745,0.04805738921612515
-1.60024437173725,-0.4605871159671261
-0.600094290193405,0.21898335179403047
0.4173602645628328,0.5242497915930595
1.5738850305106484,0.9708333041298286
0.7005438105141245,0.5689716941275199
-1.1129965791094731,-0.4270469523256406
-0.9299344768656843,-0.20375883072882117
-0.1811746913606077,0.37631423623460647
-0.43138206536803614,-0.10593011535010671
-0.8472306847476657,-0.16406274278440613
-0.5050915398704259,-0.06256297303325013
-1.8149487542924094,-0.705213104118882
-1.5899889907330123,-0.6064892168312898
0.12615300372563465,0.265346103404816
1.0416068689506224,0.7540908238290951
1.1482576494496297,0.887359123194033
0.2246382727952716,0.19381470277519092
-0.6088329700096337,-0.01325943355843872
0.6126667219763918,0.7053591114286634
0.5781927391312663,0.778329224465607
0.01239527412128305,0.3376496344451855
-0.10886855882007677,0.3015548223742464
0.9219049063995222,0.6862306616092856
0.3494539942221769,0.6028082435772653
-0.45669136055700515,0.06271138299314637
-1.76359054580506,-0.3110090641752588
-0.4344887818617654,-0.032242356648711515
0.7429398806481933,0.6783721724713456
0.2327434626126254,0.2545893837848179
0.3387530634630032,0.3856771877042205
0.16425642712009944,0.3810376464010619
0.6348283491204415,0.6690882592749612
-1.5530923615738592,-0.5011310458261921
-0.045810754821243194,0.2118261018451245
0.5644330447860265,0.5378669164752545
1.8437775894416437,1.1303204564761735
-1.872966424070023,-0.4857644825450065
-0.9366777519137981,-0.15623110954829722
-0.35429728602884536,0.10616596074324708
-2.0885236280167527,-0.7477654280012357
-1.0233628509103676,-0.20250137030354992
-0.4133992084655564,0.02901417065769195
0.46289247359440155,0.4480305897706663
0.8502505937354663,0.8725752946237209
0.16813544460554575,0.6024968050935866
0.28390160659423713,0.4940532164370381
-0.5895046254787415,0.03366292538736049
-0.27528016972171926,0.12922870625825794
-0.9075447993616612,-0.22457389085006685
-0.30121795592803546,0.24141758609306557
-1.6972543763979195,-0.5742172649092236
0.3013547728697439,0.5424877687608275
-0.03900144171903325,0.13056430292279111
-1.4306497243489242,-0.3548363696998869
0.005466975364244564,0.3123983023568901
-0.35376515998075286,0.21215294273934948
-0.929432495883269,-0.1702533230975524
-3.3524841632310043,-1.3450328662358915
-0.9143288572803594,-0.07840649382700421
-0.7665437612626068,-0.11608087900741534
-1.120587176418246,-0.3751345172511654
-0.6849982916226777,-0.04058674821787646
-0.42797117595069334,0.11691360042905413
-2.3277866917000343,-0.9906586290571389
-2.065926588905533,-0.746766015408826
-0.7833068892753022,-0.24972026797274022
-0.8094642689030567,0.02073114531040912
-0.9637122899057113,-0.1759440238070216
-0.23408021086861208,0.020891160171023437
-0.429718363146227,0.20431452158084823
0.11615760317331414,0.21950815233776821
-1.5382726846590282,-0.4910426874143748
-1.2640482282383783,-0.43580344152498823
-0.2857030763193136,0.3363876362076304
-1.5831151649260717,-0.28493942108438564
-0.6226590084493373,-0.072008729438822
-1.960856569971789,-0.5678972144210852
-2.161707443760969,-0.7941728780886245
-1.2292628383416973,-0.3927793606087606
-0.9415584610929694,-0.26718414266536206
0.4646563053599697,0.6371232724702858
-1.7469679332775536,-0.7286180170676737
0.7647087753495441,0.6764396643403069
-0.2867314653976496,0.26689499487058843
1.1823394770631126,1.0639251991516439
0.1088333306099174,0.34776297693195485
0.7154852141782059,0.5705561879511776
-0.7142603164632114,-0.1158395706493642
0.5098443452745025,0.5303040142162188
0.1091319065930037,0.24096790255393374
0.8102848636836477,0.7855595112928657
0.267540292282181,0.38224591096295835
-0.14125003773327033,0.1817082201164073
0.08448636353325867,0.33041993877549436
-1.9084481253779484,-0.6848043342431581
0.4336584959560621,0.49222311370993294
0.2627220552967451,0.249184569396396
-0.5254508518799879,-0.09677368453175214
-0.8679829767566731,0.00374250454570349
-1.074906779874187,-0.09955422306812925
-3.675481249756454,-1.457947425201072
-2.4839298572589996,-1.0308836600772182
-0.9223869317314317,-0.328414627948187
-1.4783685666909012,-0.4892625025159367
-1.2216147764854486,-0.33359492674712876
-0.8746057783624906,-0.2484609387649901
-1.374404676103516,-0.3278472167273283
-2.3602181778963183,-1.048127077263509
-1.202225314137776,-0.29689324173939985
-0.9543404143586994,-0.06795090483459582
-0.32295198534452246,0.11697923636852287
-1.984114514889126,-0.67211847974804
-0.1433016060329656,0.13923460519156206
-1.261502413888448,-0.4070772502256872
-3.3040071715352974,-1.2154241212647467
-1.279552276830611,-0.27899780778772343
-1.4519086004715696,-0.45626823367789027
-0.7685261528256476,-0.2646473578929748
-0.6250867906871455,0.0814654014011129
-0.7706890063701208,-0.01082933088026776
0.5722324689254409,0.5002446306544884
2.114842587909161,1.2910484412627594
2.2217317600202873,1.3267439985588148
1.198400553202273,0.8233054962054465
2.2200662536300015,1.461482944956908
0.46328450445280833,0.3940477463653048
-0.33611371637849474,0.0708209339626743
-0.3023142215483402,0.1208085179103904
-1.5075261644882176,-0.38693906308638676
0.2981727553075032,0.5240149916302282
-0.2316173135243329,0.28486326535904205
-0.4989545329780539,-0.11881004138578874
-0.8668874370431089,-0.1547467373449323
-2.6128194123224286,-0.9487134872772632
-1.2713377642706851,-0.4138393356160771
-1.246779697549714,-0.3202768976290805
-1.0880778126560111,-0.43248933304178094
-2.8435502244115156,-1.0718315688959383
-0.528904591111384,0.05039525809414063
-2.18936326721635,-0.5947173569443045
-1.8029016633649202,-0.7403654609164169
-0.15724464775979496,0.254778083260728
-0.8700572232873967,-0.16752915540756796
-0.9681099209164173,-0.1386425984742772
-2.41925098005646,-1.061138786319243
-1.3858800605670947,-0.3358856569737746
-0.6601331196031247,0.14564840403401907
-0.00022833201181349239,0.15300714810276603
-0.09678694274233578,0.1508552095385035
-0.2200906508571311,0.29784783336788073
-1.029418123606105,-0.2802497380735114
-1.0178990899535456,-0.16310669605436723
-0.2163785352416273,0.2817115484175745
-0.2930563734147657,0.12707508930827693
1.0565051288094178,0.8017822776284553
1.945710977149972,1.346704808329136
1.7774634905823286,1.0641168319203933
1.859953237578049,1.3367696875870738
2.7024339494513434,1.6739893561928636
0.5157293281667492,0.4814811590144661
-1.0484493988563872,-0.26483314089662024
-2.181519465972083,-0.7312920258764757
-0.9951444117020155,-0.12431819449468347
-1.5524605464399468,-0.22661518951596082
-2.2823218875174485,-0.889655688847373
-3.1528166781664013,-1.368266796524104
-0.27752242570732066,0.19366624086070122
0.011510111586179761,0.2984701795728163
1.197477793663015,0.9091317369516373
1.0151716541421485,0.8321059004263365
1.1419173799685733,0.8175770204588385
0.4680962245409329,0.6859866399188158
0.35312067543590864,0.650840659589452
0.5905312648043473,0.6001072973962857
0.5792648678348148,0.5979073253292738
0.14827990387665457,0.3511364922231414
0.7211974899842812,0.6800411271672698
1.5719409626201792,0.9491348506416434
1.2510763813199914,1.2052247960628641
0.8098891753051479,0.62056624548653
1.2364136253242695,0.9942570071152518
0.9885946337294401,0.7107564263039868
0.3623592612768898,0.5066830225749707
1.7845022146201985,1.2772869005856275
3.0063790719984542,1.699858421861546
1.6065046078209078,1.1686004235976595
0.8123707483076602,0.8073870867552991
0.447945146996443,0.596401413575858
0.03869309714637048,0.296185973495013
0.3126845615432737,0.5992131458004151
1.2460532188662479,0.7759028610672963
0.003328476302509542,0.4023174530155575
-1.7029249240579063,-0.6851253132522092
-1.8294284176719802,-0.7096665060622178
-0.12050545216577269,0.13469158587181423
0.0754207707937252,0.26203954160058923
1.116339909361599,0.8817864165546648
2.1204720081338726,1.2187394962824072
1.474520530107112,1.0693915540431107
1.184363727308909,0.8404959816486879
0.973895018541426,0.7262587954716085
1.0455172180693386,0.914036884118073
1.6469595680787001,1.179862286140328
2.641070126564313,1.5721376627151953
0.4260848154648734,0.6154582647637219
0.26875044870509257,0.6197966203240153
-0.19690447308943332,0.3540637388057951
0.09105649439372243,0.4233099400033693
-0.4193137759562826,0.08334672063024559
-0.441200331603903,0.0848228120615285
-0.4257053861242908,0.07128286377195442
-0.5943849209621808,0.05449872014415337
-1.6974614245958812,-0.567924877623248
-1.2032311975346879,-0.28864801916023386
0.24977135973222953,0.37281481968473107
0.3197417401589072,0.20806078347741075
-0.02695306333145603,0.1016813942740541
1.9795179763108834,1.141844984096874
0.5113602090426161,0.7486905934884494
-0.02828267806590118,0.23018627079072435
1.3577629604876367,1.0579970855039662
0.6917339125721942,0.7167948748851115
1.3216892585722166,1.0555506339431795
1.4528839420512192,1.0108036931220823
2.3215376375536847,1.5634353376342927
1.0329080588751258,0.9020140909451048
2.1726219796276753,1.3776578986295367
1.9862605944179053,1.3445479613330247
0.7920235748176976,0.7782438944991749
-0.3325145008562348,0.19113101236482424
-0.04851337072228651,0.13604674928153387
0.0104967130144843,0.39347203829662003
-1.4147155532214335,-0.5844573251655323
-0.04320362603283079,0.1509595766534481
-1.3615551750441703,-0.2779952726404419
-1.455840694810726,-0.471749766149249
-2.563154649581411,-0.9587284298868557
-1.5169044924731212,-0.28737449777540347
-1.5251874784564352,-0.6236521794330974
-0.6810679417416685,-0.10154246262167824
0.9560828916613824,0.824719988858378
2.5697131433005986,1.474020659542356
1.0913364932897522,0.8142901726654728
1.5541617135576336,1.1422630667292915
0.3947445521025966,0.47941133235245026
