-0.07877721808239832,0.16950767832580438
-0.907700462406944,-0.08524824067471766
1.323195123295541,0.9804645277799912
1.1422295588330846,0.9209612745061814
0.6995893083386363,0.5850120859078911
-0.8614839168780489,0.016727461412271133
-1.1917326102996906,-0.08688720657462279
-0.44125876154564825,-0.04028064283681687
-0.6975061562241498,0.016509344030828474
0.5966696896356302,0.43853581889486504
1.9115751755843196,1.2691966602105313
1.1220589728695238,0.8988005776539318
1.1911507894997644,0.761866883365171
0.5528718934896595,0.8115404660391352
1.224381879026461,0.8447775102984868
0.7697170777840273,0.6771449930824159
0.6508282311001639,0.6463875718958826
2.35630050797694,1.473200704631839
0.19092388295295493,0.5550904117601889
-0.20184953875375578,0.2786165056316066
-0.5629933688194175,0.06741468565977062
0.11936836303176335,0.47890659356120385
-0.3965707440463474,0.09187796591258351
1.2693498695444563,1.1242731492641589
-0.5823314444629188,-0.010050078404242553
0.2666176655149842,0.33725095650771314
0.6029137749858164,0.5779352269800028
1.5680784717673868,1.0039268670304924
0.626008208186805,0.7094900064219064
-0.018120842620331756,0.11116984085129306
0.4920935599891469,0.4936652949952838
0.1730873240242788,0.42018658823523664
-0.8818427160601778,-0.3178988491553696
-1.2880602999838944,-0.19220785356142778
-0.7234915498483396,0.034178066845989646
0.5094575037911138,0.6397990740233357
0.5374048134340831,0.5129886204994818
0.34598465718913785,0.5450531361529765
-2.0585084884168388,-0.6885479535061059
-1.8469950708037062,-0.6299256353807772
0.4575969265651336,0.4159668679157339
-0.5495527300554681,0.2633069144401752
1.1357618814232118,0.9595868138561029
2.1580758839743375,1.495826684532236
0.9013967701507297,0.6931201115560904
0.8926700603527693,0.5518415709580913
0.12040542799437837,0.4357092851378015
-0.6340734746542926,0.07972190517721939
-0.873738484761766,-0.09463375206959415
-0.04553719730465511,0.3952910154161039
0.11406373966578767,0.4062585376165941
-0.19239801742049145,0.22137493589842103
-1.2520604226017191,-0.43879639596401865
-1.2179769101800568,-0.3691066139064529
-1.169824889286405,-0.36831697708114763
-0.8292364409036134,0.039822664867364105
-1.5744111362688997,-0.5095715066745824
-0.5995335913675524,0.0732083922270219
-0.5164156128733483,-0.09403809345508882
-2.405377205671865,-0.9659422381496799
0.08267989846056656,0.3431030235441449
1.1044507386378168,1.0926778758795637
0.44005224016349276,0.601725688423742
0.38376688873528975,0.34150935328875875
0.5496602129273456,0.6047183985435056
-1.8794461174422867,-0.6698767947502514
-1.1730850114935034,-0.34042331818373334
-0.7122204597431989,0.027007579791619357
-1.104502984338532,-0.26442726310727044
-0.6765494220057995,-0.14827136618626943
0.6815833437737676,0.4460887934948708
1.6401614206237367,1.172964520787367
0.1562724376260759,0.4204116872258136
-0.5716451407543629,-0.052289703618484173
-0.9133187340501192,-0.25108137402803526
-1.0206040806132228,-0.047014723858414126
-1.9757464372156983,-0.6319064929401623
0.46300340315318045,0.38398314636854036
1.2659921043419595,1.0641293830251963
2.135823411104471,1.3554217175338998
0.6869454841128738,0.5756996404762995
1.0094717712295678,0.7262729972340021
1.6340417099202913,1.2112577067796753
1.501866280531265,1.1595492998124692
1.2123535293102337,0.8117805462981227
-0.5334808462818632,0.045610370301046886
-0.2376724470234851,0.27716573944555434
-0.5245641608999414,-0.11055542724163403
-1.4075031786897427,-0.4688837541418924
-0.47822905580856995,0.05407399815206761
0.2312613807747323,0.508595940940047
0.7676357476098975,0.8328066155751858
2.418994754182132,1.4559237017307554
2.9358902903286177,1.602414453536464
1.8591953855098342,1.2719015306015309
1.714575014767738,1.1332639966798428
1.1987252462666012,0.9366940730728851
-0.10895538639655344,0.24907393545329165
1.6876581694127282,1.1484166780672649
0.9910622915465759,0.8257730490250661
-0.6837837572775506,-0.03363280831386472
-2.2273533864956625,-0.9014894385575832
-0.6995960374627546,-0.14042623208472238
-0.46455831698175676,0.11368767553503448
-1.9225406452662992,-0.7997646268010175
-1.4184598139976907,-0.3329763951091166
-1.3533022114581972,-0.4696865498890629
-0.5194056093851276,-0.010893235507689239
-2.7310870683426742,-1.2075991789901994
-0.7246557027552456,-0.08509372195972424
0.62176330432358,0.5958070259226949
-0.8133495285987302,-0.12342325390691938
-1.283609299452121,-0.11743339757928109
0.5465399627461067,0.5447947787293987
-0.08996771772546686,0.07476868988211416
-0.1159911422973712,0.19160928156844062
0.2690118100730319,0.46324708400503367
0.002366950178416538,0.4514858056184876
-0.3842255353880864,0.15224134300234873
-1.0177551758900942,-0.3267633099404476
0.4409024019282395,0.4623859980387792
-0.5881831020095281,0.06363344534465033
-0.12646899620927587,0.101632508642341
2.2985814062544425,1.5000908256190943
-1.1651520680804834,-0.1863924362546438
-1.0494468386167646,-0.13513883814863253
-1.255243089705012,-0.20093819292731172
-0.4317089344193962,0.02286900882921332
0.851354281068025,0.6840775758118677
0.3014475780231947,0.3887862245407745
0.43842263895631556,0.316706237030157
-0.27130086350931726,0.028599772743023028
0.22708301622089033,0.37019640406087034
-0.29301013576812673,-0.003333088276198104
-0.16827296852643547,0.22192080283389423
0.6386824746321009,0.5763761816194647
1.7651370241004387,1.2907432748387244
1.7479344724311792,1.2283401334584314
0.5944845634941736,0.669779021574393
-0.16899671871448507,0.2626857354843943
0.053017198790614145,0.2829072547168107
-0.3753968165206685,0.26528998235025636
-1.1586121920487167,-0.26963061964714335
-0.31156847656181874,0.1969644768500067
0.7194447267308464,0.7169358074465415
-0.290912153276077,0.24572234423441078
-0.09041097368494891,0.3025697924608
0.7464520471326144,0.6639699285539947
1.3439695377244905,0.9192353005419212
-0.2001786672121647,0.15783027981695197
-0.871826795034937,-0.04174032154282531
-0.618108574562725,-0.05359554846844404
-0.30855101777542626,0.016403965251115066
-0.5913943347200681,-0.029177433923927486
-0.031044308256298114,0.12303511315732552
-1.72279142776838,-0.5515742227840128
-0.34425318874804633,-0.07818484021108654
-1.5474842149132542,-0.46246908002882414
0.5204961866272012,0.38896236818379204
-0.4214151870618801,0.07944952892749954
-0.47373751700016786,0.14492684511495757
0.17662613329642768,0.45459287096863304
1.0580909264351621,0.8092302559807594
1.1805623826872227,0.7970010042570564
1.6967381583749281,0.969493319793083
1.4663101037499437,1.0164075100058338
1.8722892584734043,1.241052551093117
0.4854941904709711,0.5954783211040062
0.27596902859835254,0.5206268504464671
0.13689091726006467,0.40314015164614697
0.48739863615584145,0.5740794461443345
0.7797180708316609,0.7430929565885097
0.6649517061027016,0.6495666647063661
1.7725483695915747,1.0834016920321985
-1.3034358279330638,-0.4549161408581206
-0.5717066635666057,-0.1845199070294009
0.15879883423868557,0.4963004494896596
0.7359496704354903,0.7417552341595782
0.1332966089620985,0.25706910463251537
-0.5738612398926373,0.06564063416369756
-1.9911922163264215,-0.5348455313082427
-1.0690174496679934,-0.20737343139167108
-1.0554141043489342,-0.2610916236139086
-0.13800226068735044,0.1298521618185297
-0.22802952017653672,0.20532927991447034
0.7041858971685723,0.5701695551332042
0.8974964775701895,0.6052859599557681
-1.573717464294253,-0.6511267044721586
-0.9012512861206442,-0.2173228720888298
0.24394811683239703,0.39699614521162063
0.44731479097061844,0.6265852139932455
0.148681275377253,0.44583676863612764
-0.39087108799715586,-0.10120629457946598
0.08586943072143677,0.278663629866043
-0.5025986333461063,0.06509978671491973
-0.6956574446514423,-0.09398745574564993
1.2954541170808263,0.7262285426401148
0.9499311197028104,0.8562894493651019
0.769459964730009,0.7389803197548994
-0.07012539509022708,0.13984947435956044
0.5856848803034619,0.6502644246170571
-0.02657980726746667,0.2658477599211952
0.37771885096578756,0.40226209453744627
0.36968953374618185,0.3315363565627395
2.154505966664676,1.2148158189102538
0.037479029846129164,0.27467350327464235
-0.9879019957354338,-0.2868630154077677
-1.9390379426383768,-0.6824557433932517
-3.656563232594426,-1.674423968993109
-1.0761407606025402,-0.24663472467053132
-0.4152406238045582,0.08334955238399727
0.32421135076193625,0.4173496072763671
-0.8601823204712409,0.0454751671898847
-0.9347545124982207,-0.08918237415665023
0.4171370060897721,0.54142543666679
-0.8337684534973668,-0.20089580791510409
-0.2665439789708099,0.20814272347610352
-1.9902490611635235,-0.530838343344586
-1.0881564738244338,-0.22144845370850638
-0.9792671236623663,-0.3415670886313117
-1.1329555761687657,-0.42862822306862053
-0.5459029035267213,0.05973852953052752
-0.30113171461410654,0.20863092341702283
-1.9560756513561564,-0.8453286967281346
-1.004489854247152,-0.19724934379463227
0.014428164369677754,0.5166568980570021
0.5261743005460876,0.5729588154433045
0.7076536486512637,0.9133216788163733
-1.4398168065055317,-0.43351336167535215
0.22848726864203128,0.5447765637359483
0.5249651900581808,0.5531200510957456
0.2191739797775964,0.279012658875037
-0.33339283920307416,0.06025348475788116
-0.5907197354104219,0.04668174642053671
-1.9618054965089242,-0.6369500677203029
-1.5392350386832794,-0.4659741373353065
-1.4165134888674755,-0.5057181770189476
-1.7039353711569347,-0.3935212940678947
-2.620438321871692,-1.1119452420211122
-0.8701056596946699,-0.16517093576740793
-0.06739567705333693,0.25610886985139636
-1.452116450437912,-0.45975335622242197
-0.5314604264295415,0.05648271696518768
-1.1744330371033176,-0.03685111587660539
-1.7480332911201786,-0.49316618900149317
-2.4258665685701075,-0.9219414518115078
-1.4714127640511894,-0.4242523373762022
-1.277194049239557,-0.4434481171011801
-2.0187453579212216,-0.6381880715256752
-1.1038293328836586,-0.24822492263091656
-0.8943704680012237,-0.2689110603594926
-0.37228713973182787,-0.01230832627932707
0.1014014982045664,0.274820874499261
-0.29840906980294724,0.09236101236627725
-0.663202850318284,-0.16702897670109648
0.24599801193301007,0.29948963757811814
-0.4448066798055089,0.05307173063840345
0.1666459849362666,0.20495285450228898
1.0914092275194436,0.7519484609756847
1.1264258957779907,0.7175289642466971
3.212475802830582,1.8498277452654968
-0.3077290750750221,0.2095301839651783
-0.9618920861233387,-0.01975578075299625
-0.7405139260996987,-0.214495624338264
-1.292419590734923,-0.4366693901655954
1.1513997306293136,0.8425033881664553
0.2519334240136495,0.45074326450954666
0.5777591885422743,0.6043587991232389
-0.8667600782840843,-0.26799915739671387
0.5475471743948962,0.6784064678057721
0.16600410493324885,0.3372253828408011
1.0877378511975915,0.8795553398821201
1.208248185141117,0.9879863964470432
-0.13607184547242346,0.29561926562899876
0.39719959920098796,0.48651623184511783
-0.766337868518865,-0.07488913720353414
-1.0837840216434396,-0.13274522052065796
-0.723942609901727,-0.045004297769884904
1.9110267047106215,1.1852605145731958
1.0871398226195939,0.7608188894030945
2.1896406406256714,1.47601644948149
1.5665497871261802,1.2532552091004814
0.1561783349981427,0.4359346123548529
-1.3306745463697323,-0.4400978834028272
0.24500501753052717,0.2782308842226138
2.167028629356643,1.4036474502758192
2.758668148848094,1.6939147753844324
0.27636657387280317,0.3289875247633636
-1.816472747173619,-0.6538936702336594
-1.894541522247959,-0.6381436953061683
-1.9426146668149136,-0.5277019769523535
-0.3804777242040186,0.08189934788985699
-0.9150713647278063,-0.25307391617486347
-0.37218938255643086,0.07500437206108322
1.3180508241633624,0.9899815820971185
1.0987951181521127,1.0275422970202979
2.326015662764572,1.4223150114005143
2.1109667139107495,1.525354455246305
-0.5979486256427944,-0.061070119831742056
-0.8526130855115335,0.011305320377019284
0.5981451210941924,0.5822373840069537
0.11536350525882344,0.4011089683719964
0.3860942970330211,0.4780191786607926
-0.27709693771131594,-0.029343285835390198
-0.30415416442145105,0.17774676031151262
-1.22316127473883,-0.28429801204833155
-0.45375655706479473,0.0623119736590674
0.7126647997878321,0.7529661080120863
1.0417714226532744,0.899293566248521
-0.6104351707870597,0.11454820303636774
-0.5412864878889,-0.08976227232240218
-2.3363780263689766,-0.9296448999636757
-0.45480930879769776,0.14496667392975707
0.7762268754682737,0.8293666810400229
1.7553613163761255,1.1053359375380691
1.7320854504030785,0.8747826974317796
1.0673125470038303,0.7690898818315006
0.6314963241860203,0.6242380040066309
0.7458674088103912,0.6878512477510632
-0.10325790416484659,0.2561141084189129
-0.23257393997967132,0.048043209845326285
-0.7369872689485556,-0.06777974908072323
-0.6651961308739962,-0.003644149804985907
-0.5351746826928662,0.31979475151937914
-1.3356946180814964,-0.39166315764700343
-1.9335012065663069,-0.7611952444505905
0.12479266043274495,0.20500855036792326
0.17606329949683258,0.3328347853719532
0.269193277408336,0.5555578778335591
1.0355572910165163,0.5925087998928072
0.6574754684210948,0.4510303441402803
0.12533297137324922,0.3925373569574407
0.15884176220676652,0.4900751488478552
0.7419325682424596,0.7177278732484703
-0.49264139215838776,0.0212553840826853
-0.8539076218245163,-0.09452108814193289
-0.9653854301817506,-0.13541836241924882
-1.4294951414293204,-0.41416036607778767
-2.080655331463653,-0.6281049878680334
-1.558560681028072,-0.47268857478356346
-3.151919977197668,-1.3222310336371421
-3.173637268458765,-1.1458308004215687
0.9428792200961849,0.8714512422046405
2.864759059202849,1.8204351022354988
-0.6364565707018917,0.018132318558807856
-0.7726562441970242,-0.08919660667585158
-1.146207028844862,-0.19513358139479522
-0.7982668594935535,-0.08964887906029365
-0.6333989195747617,-0.1960514076573235
-2.2040946088952746,-0.7782471834903071
-0.9092754986539908,-0.23655046166181637
-1.076884685469719,-0.08327453471137997
-2.225481432744138,-0.8442789424328646
-0.7431660380099463,-0.13218669969320518
0.1563055715629914,0.4551297051884533
0.09479607741453204,0.30316195299184767
-0.42097495263099294,-0.1302290289604945
-2.096436296418576,-0.6009600403455198
-1.2797771506845337,-0.6099123213066674
-1.653679104592746,-0.5410246823957862
-0.48637827811169343,-0.12398275566692554
-1.0849855149030927,-0.31060766207536505
-1.20051677436929,-0.3859565293498835
0.8941574705778195,0.6480342185989318
-1.0147359019789584,-0.27161698663990963
-0.34333799426159933,0.10913903443667164
-0.662779466038042,-0.014706964973082135
0.7328262433199106,0.7282652131209711
1.6315185963812235,1.1684616918966995
1.7274124276843046,1.0619117349989031
-0.76448351138849,-0.04794821248541738
-0.2262991582234427,0.2819805074989618
-0.27074149675971704,0.08225570118640468
0.2187114253230782,0.2554541889204746
0.5949263161901837,0.43568916398796376
0.43263504695230476,0.5284955400967934
2.5835272120559143,1.3864944475801675
3.3013719120897376,1.9509827867078973
2.7833241753895717,1.5073315944726577
3.677264881285721,2.1928744185796285
0.9271095672348268,0.9087403883307412
0.3008981853626585,0.33844284022107546
-0.9097776260899668,-0.13353173628268572
-1.457512205822499,-0.45644509777566755
-2.4783122876621553,-0.8949543488571531
0.20406402438901194,0.24086158043342165
-0.07727459119785729,0.27351219496032253
-0.24844690802012714,0.26946248489579827
0.07848419552188957,0.395838427180101
-1.0424695689126218,-0.1587211678968672
-1.3390268897769877,-0.23537060176226238
-0.6074845243182126,-0.17089414756937066
-1.7100086437900268,-0.5324916590628369
-0.6829082374775697,-0.04194315735582716
-1.9463407692552517,-0.6592973735517891
-0.8789544360764375,0.004347468390961368
-2.4532710227206396,-0.77498654007709
-2.0828623692435304,-0.6419597510455569
-1.5946007767387513,-0.5621062621190275
-1.9441155588274572,-0.7994616000416546
-0.24381709249567973,0.21671438852496103
0.8325598847121461,0.6410349856327191
1.2324906682313483,0.7876714741874928
0.14499959030785936,0.38979228251073633
0.9672384619843543,0.725159521522197
1.9211808633580492,1.1609733972571306
2.4558459322702815,1.6919591586997664
0.468539430498506,0.4301127599692932
-0.34371772118406735,0.12691553125914304
-1.2606578685231367,-0.37386587180349495
-1.8266451536572266,-0.4398239815136451
-2.8133172208197963,-1.2132908250445016
-3.571264642313298,-1.6128647034724166
-2.5900269283028927,-1.0252580628277572
-1.1328131387306004,-0.3889128062933983
1.0837394198693646,0.7860387219597081
1.4940447056076305,0.9396403603328174
1.1456365928646797,0.8289293853223578
0.5445220814377849,0.520553789742302
0.38875327819715455,0.5466808566558392
1.7490989776833716,1.2488415970697484
0.6858986525833675,0.6576062624487943
0.7613774302476487,0.9278702485326079
0.13858531461661672,0.36917426564691863
0.907809113770059,0.8567979335593996
2.0665250274807314,1.2581813144795837
1.2880200835248954,0.8309594714893157
0.5625535885084796,0.8228300217492813
-0.2632572657590506,0.3580404538482463
-2.6318504457727023,-1.0812635009526896
-1.7311271299401148,-0.6930629164613021
-0.8391604325841938,-0.16169534773605515
-0.7645735286587693,-0.07173402637457177
-1.0757336999384646,-0.1969869746178074
-3.1429838510854227,-1.3717551264976706
-0.9933723079727641,-0.1166581506123
-1.3687282134571892,-0.27953088093055134
0.41664209633967386,0.48108121472989007
-0.38271588306931487,-0.04044560794077845
-0.6081064646377741,-0.13324972775096203
0.8690274011887826,0.8838436361723209
0.5760100541888105,0.598649115783468
0.7865194968132143,0.6006650077619793
2.0772719842954026,1.3153795598021534
1.0289140365008327,0.9859299024319017
-0.13233488194194298,0.40013176535960615
-2.2957855137013383,-0.8848331933671612
0.3149729965146444,0.3744455281638409
-1.4165324637272971,-0.36223123188463036
-0.026395587053696712,0.17640189681829394
-0.7574103467935033,-0.021817992107949477
-1.6531891103618517,-0.4637525043862038
-1.18868863820274,-0.45120113989821053
1.9383366276745253,1.1808387730640995
2.797710137421313,1.5263329098050182
1.1587540529931102,0.8343218673927066
1.6440190318974,1.2406882734132985
0.8439113972581357,0.8537666336774775
-1.4071320938022738,-0.46128941612203167
0.46562401123765207,0.5825203713111258
1.9116894737381447,1.2669394320007195
0.5944366968337189,0.6878146539637461
0.6764787608315939,0.6947726010136501
2.678181544589687,1.6677287463924824
0.3131593046878953,0.3910433061685475
0.07830772009017409,0.26384803765489084
1.1064778119067677,0.7590957789092349
0.9159736482746891,0.590579537153374
1.5386961927810905,0.9417026612731321
0.6945800683772212,0.5794564370251065
-0.20579030032842915,0.12939817573842907
-0.6836284397534238,0.04092599720877502
-1.1942299146332198,-0.4375721390379474
-1.7169164921068925,-0.6353688082366318
-2.704207771429566,-1.1643451201545842
-0.36819897726329365,0.17118343856450818
-2.4413027399815355,-0.8997716661976667
-2.135600993581146,-0.8691622047748825
-0.554033952420411,-0.061756782507916205
1.5081212585275945,1.1002928100458622
1.2803883860816012,0.9976562409792069
0.28796371728295933,0.5183304111508931
-0.7577170219877885,-0.015660960230593213
-3.247914773066102,-1.4451482401111453
-0.5389333654603278,0.0928922160249738
-0.861729114564376,-0.07768372226787837
-1.382542636977921,-0.40456706471736836
-2.2309805329635717,-0.9501155498944107
-0.28512183136498126,0.09960467590429964
-1.115368261371859,-0.11429999092197501
-2.332828518792014,-0.8379649568472105
-1.787431309570848,-0.6683454522555089
-1.816193643095682,-0.5824410335235721
-1.1684942311627518,-0.27335233005112014
-0.26419031563936857,0.24996683869019326
-0.832948154851608,-0.09260062137074791
0.598056460923675,0.5346326127969416
1.5960532317628982,0.9683966037548792
-1.3757334343442325,-0.49580861401580173
-0.7246218109932743,-0.0022411014425291545
0.032014775749835356,0.25558299761114145
-1.233650118040521,-0.09056589241340779
-0.5756730081806458,-0.13909178828490926
-0.4207023814011412,0.20535016246003795
0.35579273138641127,0.42572191068563253
2.1591025031999465,1.3322392748766798
1.2065369104320882,0.8675451255323902
-0.6398484482052055,0.0011288254372435365
-2.178505263673322,-0.8057679838285321
-1.6039261555696376,-0.6338389738451291
-2.591188659024698,-0.9845014080965514
-2.5118954532452866,-0.9496710612235187
-2.6532642243251296,-1.0579297047335312
-1.092764368703503,-0.32960675414838625
0.2969097189523954,0.43288750694233913
1.225818688559119,0.8184439685268647
-0.8632365461451024,-0.07640206073611647
-1.805487665990504,-0.6936257430343932
-2.0211129797056593,-0.7375170253259183
-0.8947781801372179,-0.09578134809168998
-1.1703301356417026,-0.2219814693137675
0.042730233135568674,0.3397022214818425
-0.28745009303136354,0.06718004351139932
-1.2088678332372336,-0.28294113933046383
-0.9577578359561125,-0.2171313142199625
-0.13794062416040953,0.18538054586927974
-0.6784996729619182,-0.19926675360421012
-0.36907756941492464,0.009335469532457452
-0.7248700412168618,0.0010633213185040485
0.3975975886716845,0.5829911760021164
0.24926722653421401,0.38036491946215467
0.945295260570384,0.8735200922926378
-0.5003975044425634,-0.07098463342643996
-1.4422251362627871,-0.28357414964498584
-1.6987806642498575,-0.7530621942316428
-0.7754283386692417,0.05585243260046088
0.11779920487075346,0.433770775654955
1.5475628674891944,1.0537706537866287
0.517562960178275,0.5801213697061388
-0.4118191426593233,0.22962723763308934
1.8808353587399014,1.0641874063408083
0.9517085111449738,0.8571193307851481
-0.35712954477960934,-0.1048441383455331
0.12669347037413664,0.5210480343552336
0.28367946788205445,0.4152727924464162
1.0761318536414204,0.8002793886398523
1.1249479888127583,0.7912251193070666
0.8166744712892684,0.6700896801468625
0.20912382719440697,0.6441281892928025
1.7629883756498836,1.1648152188942307
-1.0671101726354069,-0.22948029888477073
-1.1098374730552343,-0.3377876502735582
-0.29288064139288483,0.11960564243352637
-0.1575798210110166,0.24713384032628363
1.9018656798867153,1.2103215883570655
1.7606043550102082,1.1609485124518153
0.6380586986266632,0.6880395749759969
0.6742383370002889,0.6505817798878907
1.2807181001289116,0.9076829752600074
0.797476509922348,0.5351893991880089
2.988687825764595,1.7388021718586186
0.8988000423894715,0.8538330117386529
0.635426546048049,0.6541523514480998
1.5578634023423543,1.1959240889695402
2.147898644547554,1.3449074405887327
1.8202059527582382,1.0369649406937964
1.3473002749806549,0.8812284125401515
0.49877056531998426,0.6119120375923406
2.068059236246779,1.390156214044929
1.0311566601327444,0.9725646537080616
1.2540419247713643,0.9769164825100047
0.4718054284458864,0.5897354048067603
0.7844110305903533,0.6242948849743298
2.1389322092663443,1.3459213372033099
1.258994942887553,0.9372557861954994
-0.14770713585793405,0.282765759769186
-0.39412501623527707,0.2128791884771998
-1.771479307029928,-0.5749242816011275
-1.6714367650247346,-0.6334319539628136
-0.025748049756338265,0.45310175448461215
-0.6715779979821791,0.1417675663366753
-0.92404482421343,-0.27804458168019097
-0.9109622024468486,-0.26367336792539126
-0.9796379157189694,-0.10732760541117085
0.8808054889172972,0.731472341046667
0.5751643983213424,0.5425910298621174
2.027627587303287,1.2778149151930074
1.5990998683436335,1.0592261410169461
1.2598768672124707,0.9744670565393232
0.19499545894862957,0.3870163888531093
-0.15305948554090024,0.32877006927829344
-0.30260767385594134,0.10005256808196955
-1.7898318270083209,-0.6301123584973765
-0.7167918660435815,0.0340765138646215
0.6227137269175335,0.608564360446683
-1.3307244475951032,-0.31008193830661485
-0.4248974198812435,0.0936030711133213
-1.0507979886215766,-0.1612935355436798
0.14320195371020483,0.262958789212803
-0.5029798224340019,-0.09285928538108015
-0.765243017224136,-0.14186737896327994
-0.7542998029228015,-0.1498390095497376
-0.7682798480916064,-0.011138613796079513
-1.446887493974526,-0.5421639179840003
-1.8791197148818015,-0.7451676690028325
-0.37415675907761514,0.16293923530555132
0.24892701123234423,0.4546589971858866
1.0439035832817758,0.8120198695956004
-0.3448442945943794,0.20447509749452097
-0.139435741718063,0.36551821877991986
1.5556925168026192,0.894353143353283
0.02182358045790922,0.2464082029178398
0.9160303153765718,0.9261014143435446
-0.9970458149659114,-0.047118064710397256
-1.0163421787350717,0.06263940585557348
-2.4683135141233854,-0.9076179382853804
-1.2939202958870741,-0.17338710901080587
-1.4426118233978695,-0.23287277156349356
2.4580081243993925,1.3989072801102398
-0.02756492693318724,0.27549026058439535
-1.2499719874060016,-0.34478763438067284
1.8965523503664912,1.1840505860880508
0.7523016703900781,0.552326545602934
1.0584739546177144,0.744759334374218
1.0918381965270374,0.8894292543360113
0.8139063202403584,0.9981973343082797
1.3839643202476013,1.106699678779355
1.7546633887524117,1.1226819716702021
0.847791364335796,0.6715865787308909
1.133377671577131,0.9082695330770275
0.9478934955417881,0.7689283920749681
-0.3156386640972819,0.24364129199633633
-1.8214254425278673,-0.48114362989497755
-1.3893463495035612,-0.27142445813773186
-2.267118503964749,-0.7631145964758763
-1.340375143972771,-0.6006154827136222
-0.583260950006529,0.15238189467099403
-0.8194462763732404,-0.06928022418477478
-1.2337370101110248,-0.39091255827494154
-0.4987330328533018,0.05305176963049123
-1.595282399360682,-0.47628844612766114
-1.4644041012112234,-0.5073322886477692
-1.2284293053036777,-0.3219034410916427
0.8730283299749662,0.8796892101488614
-0.6230563132797573,-0.08715361473868988
-1.1092923841118947,-0.38228280161436456
-1.85775173066822,-0.4916545367698143
-2.6618517020613552,-0.9149466621354859
-0.9110767038992011,-0.03609165979276281
-0.9731847001045311,-0.14134963684859386
-0.8722681176579746,-0.16662128628332068
-0.6831913830399455,-0.16513896441463977
0.7796337309967524,0.6207722795518933
-0.8560810829011772,-0.04831797161653294
-0.6725625232026192,-0.11481516883025698
-0.7448877586106345,-0.09457544234745478
1.1884891918297327,0.7875854191444301
0.804324147542606,0.7991777694382932
0.10479325707630449,0.3409689988659184
-1.4934101600769953,-0.22474839439891744
-0.6716717850092777,-0.17061049175366347
-1.1841269854521204,-0.43421067147101794
-2.3440361132770002,-0.8361078142804544
-1.9803880596903403,-0.772490012829801
0.4029108434303885,0.584400889235996
-0.6248281260036977,0.1171033192276546
-0.6213349203641811,-0.002492804904252185
0.4654258339194345,0.6056165199598079
0.42426261848116636,0.40806758693695055
1.681311296242392,1.130639960049043
1.135704732361421,0.8923059586489149
1.7737627395678586,1.1134469020464115
1.0839287086574394,0.8830652553531252
-0.16024783637535267,0.06975223173635933
-0.6820643080848083,0.037432082205681394
0.09209728050217192,0.44927006704974387
1.1201113346073994,0.7454541700464237
1.7689267376406703,1.2974913296566766
1.9138337668282999,1.2744410826390484
1.4343966208459036,1.1913884761598033
0.36319416007837024,0.45415981923561816
0.792196985072473,0.7144724996497814
0.16370605178479958,0.3991453577584877
0.5789144488461935,0.4487654653926282
0.6504261845293922,0.8206608043460352
1.5154666804324461,0.9726487505740561
2.5478606371698334,1.675953207550479
2.0988812354796105,1.3755285107907047
1.2554261132523536,0.7975628607596028
-0.34889548332240294,0.39615135206560953
-0.445144023855372,0.07693439880690749
-0.18530429704095877,0.10516646400577712
-0.9396459301689704,-0.15097307227002554
1.7550923154529456,1.0953500831274563
1.2442229911602714,0.970364884714346
-0.32954249055381113,0.27220913316428536
-0.24610989351181875,0.34362158434218215
-1.8687894636241729,-0.797620031572387
0.938181298325484,0.7088345481773806
1.367583043318899,0.959940986205149
-1.450352898641727,-0.38441588546825267
0.9815206548947507,0.7493393289746306
1.9279172478659459,1.266818835204758
1.0289696850139236,0.7657615801748668
-0.05815899227383037,0.31021364292557296
-1.7496387174748464,-0.7894094466994249
-0.3396378654327322,0.07533596294186873
-0.34997926545693825,0.15744160013407987
0.9516769127429656,0.8208569973556594
-0.15527097229662734,0.28029549880278787
-0.6552379694864608,0.08981767009160091
-3.2628241212331717,-1.2340909597359642
-2.7579270885906584,-1.1763438512344067
0.07277732217360655,0.38745150348093593
-0.15700025254901295,0.30971892228955883
-1.1461105960752247,-0.3900694674943489
-1.4847928168864173,-0.4364574021887146
0.422923351275459,0.5139170491156207
1.2256652184094687,0.7357618233369572
0.6207683913264941,0.6112326470390185
0.5854491195123792,0.4588154433880658
1.005309638674679,0.8991129837250645
0.7367316021412745,0.6074544806061053
0.7310263710930136,0.611683253570458
0.36266096460051755,0.5856005567254481
0.9609317242470111,0.8719245356013122
1.244411509633047,1.1274398894573048
3.0577687822599016,1.9769264573201568
1.5519023817562545,0.8375009706274
4.151242974005509,2.3282992408810546
1.5906932220761305,1.0553516495545685
1.723463852351189,1.2435970086950545
-1.0828361281924903,-0.3397051110720007
-2.110771674277531,-0.8930698033631173
-0.672497139557571,0.00546065042766658
-0.24272724988934402,0.34659176283040694
-1.2046413178135496,-0.29062712491867304
-0.09222758989370627,0.17544090076457414
-0.36251674349238006,0.060959569863602014
0.5907772495019353,0.5279654574996533
1.3472064340963552,0.8883585531972329
0.1917820986401385,0.23800600028968077
-0.31124674688768633,0.25617857342634676
-0.6830759625629337,0.004737001057949004
-0.1125420583763389,0.2781619611025715
-0.25188411727083165,0.16704567578122054
1.7142687195358353,1.0421940272536427
1.258528156742007,0.758609802524521
1.2135369045446072,0.82619425025691
1.6930536857725484,1.0324108753342975
1.2961441231359487,1.0519305842560607
1.5493352596534775,1.1409627609572919
0.9652231911093986,0.765282890005821
-0.19772777907228722,0.24396575120116681
1.4518536632297567,1.0014234674880542
0.26902584858357903,0.5570449085537635
0.4830538101426496,0.7514979152711856
0.1068048624343691,0.3497788467053987
-1.2718200128731338,-0.30333346694109437
-1.2733608589820484,-0.2375345109694113
-1.581370468688703,-0.6110558789595036
-0.5066179033974787,0.09711412763258616
-0.706374934031923,-0.01978192330739368
-0.5727204660472337,0.08263887775005185
-1.794998160150588,-0.7346424157362428
-0.6551435567924689,-0.08140369351147471
-0.14662241530493714,0.33709788688538084
-1.0766765040927637,-0.17503214146786059
-1.3483111988920071,-0.3417904554643898
-1.6065930428838804,-0.34369282542035523
-0.7846191173213373,-0.13485275927791643
-1.70632723781979,-0.5599918329847283
-2.625808298240589,-1.089441708972089
1.298136991857026,0.7182587117473387
0.117331477037949,0.27156400207184517
-1.4255058667317178,-0.5083729332944251
-0.04141919349757284,0.3360697888432684
-0.9709020185858536,0.12172234669035109
-0.9737139201444471,-0.094891913826213
0.514878222331879,0.5620527301803631
-1.1720238276617927,-0.2547818062694969
-1.0269447924658843,-0.16778161153540838
-0.9739055223870087,-0.14495641508847446
-0.5072771455798364,0.27845805464761936
-1.178857538731409,-0.19627261591090034
-0.5387240592169699,-0.023075987583419368
-0.13777535298687282,0.2262308223002421
-2.439388284402114,-1.1317329772861437
-2.6419763191394825,-0.9562526383239612
-3.234319438206034,-1.2204531758305373
-3.4571667308392517,-1.5117510525040483
-2.519861418196452,-0.9016493005011068
-2.558083371279621,-0.7354524885068578
-1.8308411880047282,-0.539513217487757
-2.3227346032771203,-1.0257704754129497
-2.1507154912039583,-0.7526181173151805
0.3535106018332004,0.45680039274720463
-0.7467406891688675,-0.15132602766359227
-0.2693200220709498,0.05191278691247095
-0.7672657580333185,0.17072181833932204
-1.3314235307708313,-0.34337110881641236
-1.205934383134673,-0.4725615497315287
0.5375476621837071,0.8439765136238271
1.5668157880534008,1.1854542290078915
1.0919179601578575,0.9157787008652692
0.6939956556040275,0.6105727870981618
-1.1061874639574165,-0.1815454411215116
-1.0148449974030542,-0.2391568381054325
-1.0364615961298898,-0.24430090984976005
-1.7345749231094643,-0.6739992050822291
-2.1819711358921605,-0.5917088628141404
-1.360237737677658,-0.3550042903761752
0.030420907606442338,0.3172680354499968
-0.9701635544028577,-0.18398389105646776
-0.31436709709577376,-0.0076766649622782845
-1.7762161142436723,-0.42470086437218113
-3.8363503743859444,-1.6187362859845011
-2.4820149439533585,-0.9686403468885034
-0.30723744429859035,0.35098446354581125
1.0145100292960945,0.8019634538749082
0.8733421679764678,0.7889212613644941
0.3400617156213326,0.6323399100175989
0.1593069085841242,0.3237530120164864
1.015328368170127,0.8053648149080379
-0.8937177568256829,-0.07119829499262448
-0.7803383765910791,0.025961612651954652
-1.102250214118489,-0.2289214622503108
-0.5375767613822428,-0.11927216026540152
-1.2189016761264235,-0.26540310719215265
-1.0727083490403133,-0.26517732598174665
1.1760747452864857,0.8605058957070701
0.05356868065074494,0.3279083098026937
0.16372657665167611,0.32587701111501993
0.577895569352221,0.8136458343710503
0.6112785585844713,0.6202883400184657
0.44210880651183926,0.4681136768039976
1.2982762232736578,1.0087612115609055
1.0713738642577397,0.8136782494786654
1.2190355713481953,0.934624574293046
1.1348017047342274,0.8945530640736075
0.5381223351772886,0.5118156205220152
1.7167885595032206,1.1459045925841047
1.2418255121676514,0.9182566099642521
1.1150558916092155,0.9460104536896295
-0.8648112161033275,0.015256852968883572
0.9390523820535204,0.7148597101780284
-0.10165676053716133,0.2862452894022356
-0.01349068391872181,0.3354787242843936
1.7043690514373733,1.12277567772296
2.2093082103592594,1.3525368241592137
-0.3539015741754572,0.18979597122639658
3.067283396351289,1.9045670971477875
1.671898718164332,1.0659592001068348
1.925391118284435,1.280004290106078
-0.3866818831666612,0.23180087890456513
0.2717238713288596,0.5078142348984964
1.1829630448773805,0.8744990671620065
0.7824786385381044,0.7273703703822508
-0.2177013381136541,0.05027950248585075
0.38186212420959154,0.44268525964729116
0.875248864687787,0.6555142350529357
0.06447939973757955,0.47490546966600344
0.4571260649902776,0.5646403928867242
-0.05177105052836145,0.3380249809227851
-0.378805588479678,0.04715327055049329
-0.43298813636950034,0.1229441584932677
-2.8682988324704004,-1.1861974023128727
-0.4607166646227745,0.1094371810859078
-1.021336683530891,-0.43659388458148174
-1.8820269397523322,-0.6289479177375566
0.9169127674872217,0.8034952624485587
0.8448910856443228,0.7754641701001763
1.0255246872499078,0.8035588058488934
0.05407362466570176,0.2583587421867374
-1.20464224812944,-0.2717828000843956
-0.9511805549140716,-0.1978088905133598
-0.26565622354295365,0.3469961161842092
-0.8431871836246441,-0.003819428931815999
-0.20143603748010463,0.18205874043194806
-2.1862220066033196,-0.6900901817999211
0.29578623847891006,0.41052511059131996
-1.4999309214316563,-0.40091904724304767
-0.8300279700740735,-0.007907764706807957
-0.9499832295634272,-0.2568017288898426
-0.24720915658720954,0.1522061310568698
-0.4139639965994873,0.08890562555086788
1.2319298047729617,0.8824447754822453
0.46245226238310133,0.5603188508563561
0.1478195583087445,0.5129066843649336
0.5009548180213732,0.705957656291871
1.3849369917043877,1.0612284006478603
1.6293205790129415,1.0841477345578514
1.5152435737839278,0.9672006254311561
1.041713883954796,0.8027620934118729
0.48658325899552024,0.5748747386100007
-1.0367495480636688,-0.15793581814265262
-1.8024520751336641,-0.5855703096815964
-0.8695823973364485,-0.17666692449628046
-2.2596400919592314,-0.7784755359901543
-1.987910636097604,-0.8087744385828379
-0.26785203074249697,0.17704513923526355
-1.6737485252484596,-0.6276134514699414
-2.5834566739893496,-0.8550115329416488
-0.5736742290690797,0.007843656485907135
-1.2060650765529601,-0.2694282797942924
-2.1659766882186218,-0.7850896617594244
0.13613974204506807,0.4212370801408216
-0.021679638642871507,0.3056501014122868
0.8570852027070802,0.7005103843531622
0.549118838844412,0.6995845192944892
-0.3146217010267828,0.13231741249198536
-1.411652131126475,-0.4688598242508125
-1.2607294102323015,-0.41637662243753576
0.42405761102572337,0.32484435012632573
-0.20704077744543464,0.10483292479463
-1.0170961945831967,-0.3630808802047884
-0.6075718693037688,0.2378139983965638
-1.3241584830563506,-0.5402893018925481
-1.4785009673012652,-0.44234258244079294
1.3133135786683923,0.9352202224716872
0.9927084193621769,0.9312111420638796
0.7908075602624063,0.8798191327337892
2.3171260409949217,1.4004343844064697
-0.01041526533592907,0.29626907162851
0.031690495165877894,0.4109829650905701
0.08916438219259516,0.30732799970128727
-1.5144984652165896,-0.4944902311221453
-0.7773084350412578,-0.15673561853929863
-1.4101578053726627,-0.34175584002133375
-2.4221436805777223,-0.848226586977296
-1.6725146316222008,-0.554191477869468
-0.9640480102773932,-0.22030609217235234
-4.71647922629837,-2.1677452567295212
-1.4535997614043765,-0.3542824340643448
-1.3141366799683192,-0.466414421363144
-2.2076515246882673,-0.7121864233357302
-2.0940620807742953,-0.8231756780179613
-2.2399712116278154,-0.6869141337403757
-0.7101467805479948,-0.12059856996990284
-0.6868463586375634,-0.07962533034764396
-0.15451642017565764,0.3101801063691587
-0.83983752436732,-0.25045279829212935
-1.9027557129872554,-0.6657113186453182
-0.9480678264772278,-0.11541174309951582
-0.2079314716823787,0.28830628989121765
-1.4422930760875745,-0.28603492678080455
0.8204873866473273,0.6398150497595068
0.39070561307529317,0.5690615819541232
0.6343988430711678,0.6167261712461372
0.5501992036693798,0.39698555251853784
2.3885142801519237,1.3213434804863076
1.3739713656836112,1.0639168756664328
1.1743448572597694,0.9817070239453801
-0.0681181612400189,0.22509355688329635
-0.8085000559612291,-0.15610225619124465
-0.0065887384589248255,0.14645521777902187
1.6665552117184639,1.2513639414380258
0.34774790163261926,0.4369850366236232
1.1510459369369475,0.9604621379248914
1.2553354637132519,0.8891214032068497
1.1546379603764367,0.8437180596457684
0.19706295952111086,0.45952532982100996
1.5443383934212533,1.1136037345436478
1.3360611525010366,0.8497811048303603
2.2381601125061428,1.4536670999857295
2.4144591339572155,1.4699648743032758
1.9455976675330504,1.2163249141132269
0.906617173369346,0.7425117781355625
-1.2779412341211391,-0.3213083070493335
-0.44361845323126636,-0.01566825056757007
0.596418034531191,0.36138259419484486
-0.30041282061397845,0.06704259296038188
-0.07713552375168212,0.3514227518635535
1.1821990366361723,0.8674455109985117
2.1224079815478665,1.2841978321355214
2.892308015888025,1.681759578273132
2.0131945952302606,1.275276924549472
0.7112721941185964,0.706716213157438
1.1573979753361003,0.8992633289123527
1.1389886560813156,0.7891017994198022
2.8244288608278003,1.7625352737138296
2.2045265132469414,1.5880115019646366
0.9848494922678179,0.8762898450645218
0.49705355374447197,0.6601688085451963
-0.7157372515177662,-0.12173987657769657
-0.2924841820870702,0.03559206273105732
-0.768036980288188,0.03346069269044549
0.1715574640469575,0.4220872040068864
1.4530188926246164,1.0491168189718545
1.3452403021957569,0.781138998328171
2.725577049591583,1.7339185409773559
0.3303736451063125,0.45377392937149885
-0.7307322425917984,-0.33244309790505416
-0.9432835425659745,-0.15533710928290856
-2.2007167740757665,-0.9886433846004351
-1.7281165652954327,-0.5187996725885391
0.25168876538686713,0.5695870595480861
0.7312642651728267,0.6329639221554348
3.0449508397024605,1.7955729116547186
2.2835556847560707,1.4962846021779768
