0.39380551843427747,0.5391337120917014
1.263415443983377,0.9879119369436457
-0.8508753699039379,-0.018935353964558643
-2.040160208870071,-0.8006985697725811
-1.096632050883524,-0.4117589094854531
-1.5668821615249313,-0.1667506515569766
-1.0332067106817686,-0.3209293964644368
-1.4039503168505327,-0.4492370142059743
0.0440109622145336,0.41806067637239974
-1.1021176292280024,-0.3251479079649912
-0.18646382810997564,0.1871432409371577
0.24001291565228963,0.38985454225929417
0.3829635032311055,0.5479802663653663
1.0024290733641907,0.6791800136858189
-0.12249552458695312,0.3014297301209876
-0.724144641596392,-0.09832041790037302
-2.546732391232953,-0.8462863594924144
-0.1772782115209286,0.2693882579045409
0.3474469636882359,0.4575180000747144
-1.081095249606345,-0.1545037985353677
-0.782018689143547,0.0038999015070134563
0.2938546818147888,0.49337569487855715
-2.8095725090624564,-1.1583977420966942
-1.9466668923141555,-0.60148241223884
-1.1921523171291843,-0.2895163284045313
-0.9734364666517894,-0.21633393478069188
-1.492227460485796,-0.3933433127923604
-1.5358160946000206,-0.4754789184374028
-0.6307270150089748,0.06636075274615892
-2.7586397762623824,-1.149158071565284
-0.4730249568547772,0.014210027501692243
-1.5754216901379063,-0.5403209820910606
-0.45915330039544666,-0.02195670084878712
-0.6742078699917762,0.045461637874153776
-0.5701706656404447,-0.004649127416850168
0.21878637398510203,0.38146522567843294
-0.46726567453625323,0.002053456976324225
1.2732108069836399,0.7985905355222227
0.7316425629568856,0.4935704845703116
-0.16130728152715146,0.14974090690307626
1.5227029642615753,1.0782553755301918
0.6347030973546814,0.5496827461616601
1.3119943347728036,0.8927239916781236
1.0863305861950323,0.8009626383675977
1.3957046820620662,0.998574259367501
0.5808423356001529,0.8236061333590465
1.3056716722817927,0.9923063968250654
0.0660693859012571,0.2980710817093844
-1.6167690468560654,-0.5413480925580846
0.43650062239593956,0.537451562822659
0.5392091069694367,0.43775546147546923
1.5141400483169647,1.0627512462379025
-1.0180641918332753,-0.2208455610688652
0.25102723081848777,0.374424304183948
-0.7708678874985224,-0.040631119578373065
-0.35746974281666144,-0.003889783792530771
-1.2895851808318042,-0.14397681103654295
-2.4000439945048746,-0.9248368562619157
-0.6604691652461313,-0.0858395378745456
-1.1814286999476744,-0.21584055505301297
-1.1831853636982577,-0.46211493703078926
0.1986493306293039,0.41672929603857284
-1.6358666559302253,-0.4113663747286601
1.7489945616875786,1.17446873836882
1.6140390319064206,0.916209111259664
0.7987287822107203,0.8173206950797423
0.49822582771980356,0.5784931445203523
1.8446443285036955,1.1743893278469815
0.9810079601043333,0.7513002362320297
2.222281649553704,1.4465617422290913
3.739947979351348,2.1872997150725855
2.6097351270849014,1.5955387975879327
2.0126859715365755,1.0802538038902652
3.0433411106680737,2.017493595508778
1.4562248020848456,1.1847214861399002
2.1718201546103315,1.4943191276349308
1.3997372060072442,1.0485744116386544
-0.3101367650903355,0.03740251392979477
-0.8944747917712543,-0.3206111005145979
0.35690167883634394,0.42893393630233834
1.5156401193800837,1.0846273372603377
0.9086154013263964,0.722022190140522
-0.05926885380585767,0.23828033755066236
0.21775414114084057,0.5089215511359421
1.677607630199824,1.0231315167511892
1.0252238547558985,0.8920567669290559
2.043096145042871,1.3361162105884496
1.3740798333586015,1.0187307739700946
1.3579854570208227,0.9893087218750377
1.4843010157461916,0.9652739885662501
-1.2377385706881925,-0.26947453492513984
-1.0091348470772221,-0.27213124216226325
-1.715807185477448,-0.33244084426900006
-1.7587004477676196,-0.5684774028767245
-2.3445546716236185,-1.0114527375475977
-0.3601521251600679,0.23608154007835666
-0.5680889877901036,0.14855241658395493
-0.4136762252702605,0.1528363974870977
-1.1146302866713216,-0.26193693084928693
-0.12196693613034593,0.08728221836269082
0.7011948774976372,0.586841310784836
0.7133061232184681,0.728478321420334
-0.44904902509959843,0.11149645344847404
-1.0537159160496585,-0.26561982041447263
-0.6759332832739098,-0.16889548144026448
0.43709417861376776,0.6576210623369815
0.5598746130424608,0.4096210066193463
2.2300490259114016,1.4644407393456003
0.9513755014059245,0.9551484051320379
1.1541109652903654,0.7274390612310502
0.0931488473823463,0.2183331679004806
-0.20980409434427322,0.16654830497286363
0.8460466917050142,0.7252115575626257
1.7508785708267298,1.1510493809611497
0.5183894435823628,0.6336553617062746
1.2491304075282312,0.9630552732094199
1.4748615525357343,1.0455488423221984
0.04767207014009178,0.1437875603456037
-0.168645179400742,0.08582341722445405
0.3036082497946303,0.48059997529531573
1.7060131293604468,1.1946733332675004
1.3859222325641511,0.920319070606384
2.0602913635146973,1.425247696432207
2.2757520150024426,1.3671686087707724
1.8732865298980215,1.1040596047871978
1.162266606644283,0.9863657624489237
1.0627372780628135,0.7997447000943847
1.9507366673124293,1.0486038513306704
2.156268976412522,1.3774854894343043
-0.10717397090651248,0.3355656732646715
-0.165354751783333,0.22701487051112784
1.0754031442849692,0.7718390960523489
1.015408400185529,0.8272697929314468
1.4989994336256118,1.2970046265064048
-0.13688777598282764,0.2517916356905468
0.27660725426667127,0.4396288094544667
0.5529774715683904,0.7133599967950974
-0.3285359111109909,0.11221965025725875
0.7353015687087174,0.6745351426837654
0.43455398826643443,0.5457775282518812
2.0749961719467183,1.4139075539260009
2.613644774265013,1.7254699730089051
1.889646812938341,1.28188170633555
0.7589849922062997,0.6458406342033228
0.4396932315367438,0.651470247429642
0.8676885513005852,0.7199267552768971
0.7511895408547442,0.7265022719445238
1.3858418525474296,0.9142095216411074
-0.026991148168879486,0.1748889450135092
0.8491563782564829,0.5616402875484271
0.39807391956321364,0.5015925255226845
-1.6131296086672409,-0.26138962251682596
-0.05413958987544454,0.24176675114586865
-0.8534310532845663,-0.07747681756934188
-1.0209484137463813,-0.15506816642278862
-0.2400356184451513,0.22223819542318415
-0.5549284228612191,0.08605908128581362
-0.5160579461051047,-0.07366439898355508
-0.6377532716715149,-0.16611799895067672
-0.5779162649575903,0.18108287876697113
-0.0431305804957835,0.24967936442809005
-1.9344999587029632,-0.7492882823625071
-1.0044702665326457,-0.2731327417540496
-1.5124270572860536,-0.5439132507529219
-1.6241055858108133,-0.5874684221838469
-1.4226020930958383,-0.33494368760479104
0.1763941297108722,0.4718971322454434
-0.9732313098724164,-0.21918022034624512
-0.46721323347145205,0.058159109861042106
-2.1388127069765632,-0.889397970642205
-0.178893645520951,0.33678343863983073
-0.21411651054067787,0.17491503236937084
-0.3435129391722831,0.16163010493757551
-0.492892535184135,0.05974859326705119
-1.7771756751893242,-0.6971012564769856
-1.4828112857700693,-0.5183520182432376
0.0584822419076938,0.19146149243101312
1.0274430435036834,0.8232811173045028
1.489732606859083,0.8877114534585797
1.4826948846107657,0.983996380343964
-0.31015073976744545,0.23703456555673147
-0.1254511679012623,0.3238038001168179
-0.11073912167676808,0.15944351257979075
0.141792106092347,0.49078143505871813
-2.010919258581179,-0.6761036427725576
-1.0860433471170519,-0.17582092280340356
-1.2394009294929578,-0.29491375207386783
0.05261371484745403,0.27630967521923244
0.5245986465602491,0.478550732552223
-1.7797621772094343,-0.6359797559174124
-1.483632265977739,-0.45869478176470313
-1.3390434947469538,-0.42371159878392456
-1.7050132676129257,-0.5271298247330753
-1.3450718078762052,-0.4283799492068823
-0.5848461873825734,-0.19967530100408273
-0.9682226325695418,-0.2848668710164749
-0.5063134431468316,0.22904163483366602
-0.14037274767422536,0.17826981503347789
-1.5288933212439653,-0.49050057101682115
0.2716216070214019,0.4028992519365721
1.3977084559715813,1.0423111221224766
0.7818684088497596,0.5509461688623872
0.866775391304941,0.7008835014951093
0.5972274763799675,0.6084751223988045
0.4222016978138289,0.5746107199276713
-1.3302174591848281,-0.48601701896592114
0.3729230967347211,0.5727942303016332
-0.7544655342385548,-0.24930465911814867
-0.13387221656045478,0.23960849114652752
1.281734619308157,1.0817043228976995
3.0889610834862435,1.8456587179935342
2.152493440556408,1.4082125409230097
-0.013665522092811022,0.27783436642892
-1.21452310127722,-0.31478189631552717
-0.8048292233401122,-0.09429873624189443
0.18963545920375846,0.4857157011508088
1.5123956224751691,1.1223502956924218
-0.514488687468337,0.06890307544412805
-1.1804347921324208,-0.35397730071032285
-0.9872196831932762,-0.181898383672107
-1.472786079101022,-0.5073378302047896
-0.9825775475354219,-0.1338431173972629
-2.065518894944878,-0.8934717391116336
2.297591669588411,1.4232914933500078
0.30982851313167503,0.4186997040484674
2.4551887161162456,1.62924810078952
0.8556583505011057,0.827123254993906
0.5714755254759887,0.43164108903296305
0.9919308557733879,0.6263132935581697
1.713382275692536,1.0638881008973058
0.6705870010579826,0.5362068093357356
-0.08962275190967628,0.31972778425701714
0.5698417200692192,0.5819055097329485
1.4257378775044471,1.0441246992567859
-0.6586653321678394,-0.09876560454278312
1.5492228206795122,1.1902100264446955
-0.4917021710589401,0.08886299987771232
-2.2906683177206135,-0.8660760882028946
-0.7609700234392602,-0.019223549085277444
-1.2074873615788115,-0.41613895608136026
1.9351700127325715,1.3388536518797447
-0.44300552933817605,-0.15002763098725108
-0.3213736784407775,0.10130925599263313
1.4021378796770079,1.0645757502071969
0.8809791759514077,0.7472548336175282
1.321150311815953,0.9478604677946886
1.6120050673873307,1.0245963990950324
0.5607070177963214,0.5426798159448919
0.968072293003365,0.9963129758188696
-1.3959609572937544,-0.3670604478670658
-1.3553903233924964,-0.4784649968528588
-1.4216693695643672,-0.4063261903273982
-1.2440995592122714,-0.3355725854878916
-1.106220587506624,-0.32388400187332933
1.132006354769908,0.982530594823207
-0.6273606161260828,-0.09981600299275191
-0.8818721279414543,0.016538255875273994
0.17539495093227286,0.3649160985838704
0.39573349091012755,0.5328808299760565
-1.1591470837023277,-0.2805257291570249
0.2834492699159634,0.32492854923676684
0.5918105561548452,0.57978222812972
2.0435356560952975,1.4005345998883318
0.02689496105584488,0.3764897205207118
1.7942246872250933,1.2663170260754204
1.1956414681224437,0.928555776080434
2.6547027636866507,1.3908111121748807
0.24750082833864706,0.2788660187352123
-0.4448113737731245,0.13532765240226372
-1.8501014281613786,-0.7382165658841635
-1.4921858046773613,-0.2840524146344922
-0.6993699629435779,0.05220157525704483
-1.9544376836948276,-0.6010453157636024
0.08220981910043745,0.43666339273230015
-1.4846566760583682,-0.3443394889515584
-3.1516938387487827,-1.4008497334292915
-0.6531227706198681,-0.15213316768367552
-1.0036293107947913,-0.1797055910481265
-0.23562665375162917,0.18014722052151175
-0.21771370776643478,0.21642831889663874
-1.0304036309335012,-0.22839378396888516
-0.526074975759969,0.09654623934481293
-1.200363027892333,-0.2203841177615059
0.30452636726070204,0.47756153114088346
2.504832690798608,1.4881210612810643
0.5309818280449515,0.5618889444238181
0.017172985212574154,0.3597586067638982
0.4190784330719157,0.5475388858247162
-1.4235796168676518,-0.5059481599779012
0.10589754125051354,0.26749017399273045
0.016644965479832838,0.15362027814866802
0.11637676432705667,0.23980208267614023
-0.36134289159090954,0.00927955981395806
-0.01937373440389678,0.31175666039467764
-1.2499432067312661,-0.5346419810652913
-0.9473421617271713,-0.051496088184682376
0.8072476607633066,0.9004177871684089
0.8926737900443996,0.5399960064441357
0.5843778582534838,0.44719016527174527
-0.6415926512816923,-0.1407568617853063
0.8241278865005508,0.7020383674607591
0.49530907741112906,0.6549233023594682
-0.9238503217013481,-0.08493909207871446
-1.6384194990893772,-0.47279219455447796
-2.09142116863534,-0.9400614754920095
0.1299713141762966,0.4436819704566144
0.7987145616808229,0.7326023341215558
-0.050884663803129504,0.15989662382200204
0.34532953745032213,0.43693039484480783
-0.23315197142703986,0.19854842912011778
0.29544329868104297,0.5444105343255478
1.6313422402528843,1.0950488751039686
0.27193999473346686,0.3679484297816021
0.22625453050355748,0.4577205856515014
0.6507744526174137,0.6204640535477863
-0.42490022181938547,-0.011035047055340072
-0.6098848602839236,-0.09087088163820002
-1.8580167566977885,-0.6686792917134806
0.6573943441519512,0.6997576828921623
1.6070662652818544,1.2018661046810681
0.9466860829970694,0.9479119981338744
1.8066256328307948,1.312340699220071
1.8151300015569118,1.1697864531913293
-0.8364490190219265,-0.04310483954571104
-0.16918999551694436,0.04860912589651489
0.8849531549248494,0.9226743905998016
0.319850302910903,0.54557669005648
0.2946249563121723,0.39831031963912716
-0.10599959239945528,0.20289314702721584
0.43717700160334666,0.6707776107370556
0.12594139452110775,0.22728751706202371
-1.225238497295144,-0.1834571389588498
-1.484895288121089,-0.4654235886966603
-0.6542199794883365,-0.13095008994639518
0.0159143514811535,0.16053514339332706
0.3975649088456557,0.4795025286827717
0.5088335120948972,0.5586827534677793
1.8747216331477072,1.2524805291994896
0.7574902627732989,0.572221225174721
0.029796784805454113,0.36462228580908596
-0.45453879711544465,0.16807222376488476
0.31304318733077774,0.5415837899733019
-0.21144611869761265,0.12268032070614845
0.32973202169434007,0.34980940212961054
1.4502543953077889,0.9719078800122907
-0.5408432739514322,0.1389413595350384
1.1596106782555144,0.7763897142749727
2.1426630991241424,1.334790315826235
0.6074182411508906,0.43960076139546334
1.4190202330388062,0.9949102595048681
0.010141173906047518,0.3377935378226919
-0.47862027577313837,-0.029215420691960148
-1.8911330060198455,-0.6674964472030737
0.33068764192228506,0.6181003528107782
0.5074794981173223,0.4349860955688802
-0.8199316951365034,-0.2381596159318374
1.3235975991834485,0.9216980885413242
-0.6129110856010122,0.05798338321544376
-1.7178485332969218,-0.6003484494730954
-1.4336129596981244,-0.5260371228729246
-0.9341421399599966,-0.039927915439225276
-1.2497067015417247,-0.37578041018698194
-2.1688590771417577,-0.6003582661992387
-0.8772233553917734,-0.20493246692369316
-1.0969558761692972,-0.14553940430179457
0.5184741850087933,0.6323187637071236
1.6882523335143547,1.1482811301705833
1.6744977895939694,1.0923648735612324
1.2008493696103137,0.9624816349149914
0.14423624353988862,0.34689202597683894
-1.026794642850336,-0.13434202596427947
1.0051487673810928,0.838851875573764
0.30591550420826485,0.5406157919266579
-2.8503049213222926,-1.1336417140621111
-1.05145309593699,-0.16761027611609722
0.4922571371091622,0.6919015933065438
-0.11263408260287017,0.35564351829153845
1.3798087529759355,0.935450322396866
1.4758560879607674,1.1141725762626038
0.9689730589825937,0.8711681731124352
-0.09896243763565171,0.14387367004868995
-0.05846723819632853,0.4651857414700022
-0.5749431091148662,-0.1916303593287225
-0.5625986391816906,-0.21130003050812352
0.6028639587929636,0.622479182321178
-0.3727188004035463,0.18688352288096083
1.3081536850855513,0.916265215666606
0.20380168202027338,0.32358764701606224
-0.9735729101705037,-0.24459397185348386
-1.2803367091937263,-0.3162133393426033
-1.9059560994588807,-0.5717959262281233
-2.5459069978589626,-0.7595394487795202
0.2849296364237468,0.5479695420752053
-1.4372029287539139,-0.5208646532793162
-1.7831988655640427,-0.6313643769514816
-0.23808526139577946,0.274940350063155
-0.35399794884922037,0.09910276396507026
-1.0729349669673054,-0.1769999973329858
-0.914919442829807,0.03788793464597853
1.179745593965003,0.8286490524137752
0.3629752144181201,0.5135349046072837
1.2224523542216361,0.9018853599031151
1.3124498954083603,1.1509258407628493
1.3616131813665109,1.0067209724511654
1.8696852086168743,1.1288131970665631
1.1664593356971822,0.9816427149502084
2.1059133034710147,1.2942987271867554
1.2748881826580285,1.0823245834603732
-0.4876975079801523,-0.04680832623142371
-0.9919572049660248,-0.315721500745485
-1.8021485107912878,-0.8178213411277296
0.13249028745939273,0.4585752454207905
2.2906464345511264,1.4732186556513591
2.1346516153358137,1.4279645954528166
1.052206144600782,0.7264426774886827
1.1605834519270806,0.8507261340646407
2.0701403841032557,1.259291039285603
1.1539281783370654,1.0001839609640282
0.15663828898921894,0.3355774113095953
1.1517232031331668,0.822326867378194
2.0768090523607707,1.3495807750201994
1.2689221810936215,0.9931438547045272
2.3309940354459746,1.4579467787064064
2.0423445372518785,1.2998515689601575
0.19305509938781085,0.3033370866078946
-0.8115374750049913,-0.023781155233961015
-0.755853255407922,0.12150793551247024
0.26321004662800374,0.3743903508638274
-1.9167598288804193,-0.6749745882122635
1.7466026632880451,1.1143591084550821
0.7264378690583972,0.6680970922165985
0.7246050038226278,0.678172473028547
2.3106362249048935,1.5898852426576013
1.5078474836169469,1.0374441874168456
1.4703223446881832,1.0897139649199301
1.3531417844091116,1.10941580152504
-0.6530001204897473,0.032088227965276064
-2.218223407772519,-0.6875994268459712
-1.2530590461278273,-0.308353445530402
-0.894756033079751,-0.2822298780975745
-1.7026350823116507,-0.5893682529283168
-1.15507417990975,-0.33448918937674754
-1.8718997711449357,-0.5632651793940281
-0.3000552570032118,0.11390790443567839
-0.8289696716230912,-0.22686908988603333
-1.4671743729146354,-0.4985319894867994
-0.6258926495018664,-0.025588765401234087
-2.981418762398491,-1.2848181978697206
-4.4042420938512965,-1.9057458293397784
-1.307415068000358,-0.2521905661419262
-1.4739455326430568,-0.48088989950102295
0.8920965360101469,0.5524668179241815
2.657906964935684,1.69922531083663
0.714946961191758,0.6436438958105486
1.57868246889821,1.1795194132432525
1.1320726039957478,0.8486532679381618
1.9711335087884638,1.3341187827633836
1.5562444986435924,1.043062231835611
2.680133998375276,1.5667404491419086
1.7084048829309426,1.2384254307236608
1.7262153365561994,0.9404379192926146
3.0932505511988246,1.7355635050453135
1.9599230122696225,1.246496376316725
0.36925826933427497,0.5767552001716852
-0.5216220537914534,0.05777771045834845
0.024091492459928587,0.28931917402414026
-1.1918489893087587,-0.5258474811765492
-0.544110568685518,0.08268388733968586
-0.3554386435088666,0.0310069736802219
0.20351929573363498,0.27950390412691306
-1.400350388776928,-0.4822475441921338
-1.3442236566655072,-0.2693059316538907
-1.5968661056122988,-0.359304299427915
-1.3672297261105029,-0.4349908299853498
-2.07684837885805,-0.7574024059841086
-0.6022801069035312,-0.16092451896481902
0.24702486512430977,0.2612916428379951
0.8257290111287556,0.6605738636498918
0.0878794593415646,0.3947609380973332
-2.3387454566954973,-0.9594699024109672
-0.5652222828398525,0.01958775830471763
1.0028865864444385,0.8163452361909052
0.20569725545985595,0.37613236929289035
-0.8041350293389771,-0.2784942326286135
-1.2547466934043252,-0.41021805727120225
-0.8168354800119886,-0.11659228316311697
-3.096572211537877,-1.2506005078019113
-0.6380399119877271,0.15920422666596196
-0.7110760565802958,0.04778742554826536
-0.9557658311463705,-0.12755571872122284
1.032779764430121,0.6208403979112534
1.517434473496016,1.1464978890988173
2.260042550107317,1.3628928940610212
1.6989612307191808,1.1985581277632074
-1.2260593938150304,-0.2792605925679587
-0.7982151027018567,-0.23291501086353184
-0.5229622895703321,0.06586017401910178
0.18190133108720824,0.4755260408070422
-0.3010053777691176,0.17533336630297816
-0.04125065286190155,0.22477271624438622
-2.4500697574778094,-0.850827141890694
-0.6274182680760185,0.010011633159501897
-0.017699161798778507,0.3251061183517033
-0.022872125117602234,0.46890408714544085
-1.2209554903217752,-0.2552977655452173
-1.3213419544271454,-0.31428296394839617
-0.12902514724007375,0.4125258578519171
-0.19603446530965352,0.24385339722193547
1.2785527644801842,0.7664084398655016
1.9516465947126385,1.1306684044333664
1.6632419898503845,1.1660761807433515
2.19469779830845,1.2863825866630003
0.5429236307490704,0.6025676919878183
-0.42890825974182184,0.08420994931529567
-1.9891845449292713,-0.8494583925085126
-0.6937061492357299,0.13380648381472615
-0.36700874772158887,0.311267849923315
1.2419047077966852,0.9960034151438077
1.7426800272957883,1.1530046115825152
2.32254002473867,1.4644678389154653
0.6897235238372499,0.7392484104625328
0.09097860388827306,0.3310961528963883
-0.25538153279135084,0.26204288758382505
0.09604445397993217,0.20233726137474395
0.6735969927432683,0.7833206084708126
0.2773530831215891,0.4230973262993172
-0.9149995291908355,-0.18407324682452747
-1.8135864596618065,-0.7239777291139772
-0.5919769539297801,0.08600810616532731
0.9232357540747588,0.6656995851459794
-1.049990926521837,-0.12156239620604417
0.39476613001219996,0.5596185250583766
-0.016398925834628764,0.4835655134262159
-0.28855435010295755,0.11645769488912841
-0.8274377523409281,-0.18537240939797872
-1.4690245571874958,-0.49789655338279487
0.08173346085734079,0.21340656577502354
-0.27907897865672426,0.18915715321884188
-0.1893437493323476,0.19266075373546054
-0.5787038380671214,-0.16376706751717363
0.2081078833762584,0.49351457998370984
0.8088950033152105,0.5656413115504206
1.9247617484762984,1.3192234048689948
2.8460282493613382,1.8445214583439622
-0.0825981446365025,0.18039489259521008
-0.3985635376564159,0.3490134022425272
0.060148784244833664,0.4732562757513964
-2.2827937125987896,-0.783344628692917
-1.2658221118547626,-0.5021914835967336
-0.5235952938154304,-0.05811988488946897
0.26086453304801205,0.5488365975337512
1.1575952628909818,0.7001509402779917
0.3673537099240636,0.48561242628038037
0.10183097364221666,0.5850922763578147
1.187628186163763,0.8988318643843212
0.5015184528970558,0.7430760218420345
0.798432514405956,0.6036560793332277
0.5071039915678182,0.368065807304386
0.3310337064797801,0.38546948249856927
-0.5039244807540393,-0.012854544149715985
-1.5726446666684952,-0.43355757344528223
-0.4451540375690415,0.0019626760324186615
-1.852145435380589,-0.7121262289378403
-1.11999602260925,-0.22749841459405026
-0.6256995691982343,0.05265036692141471
-0.3952805098718864,0.06528014594822887
0.006194603601100912,0.3352941256459846
0.21370940698416022,0.2345239760378609
2.075260229214853,1.3201720758296012
1.6366131578015455,1.1794890169313634
-0.28393870574214497,0.15878249615640092
0.3191213156524529,0.3969404088352386
-0.7208227963080678,-0.09473312467343675
-1.2527879866296454,-0.35782556352116573
1.0801375505097226,0.9780083087686285
2.6457976489971045,1.7820552675739825
0.9080530435454945,0.6888980508115913
0.3857900593353778,0.40627695664895513
-0.2705425312425659,0.319161892872888
0.3996606579809631,0.4761551869224653
0.8223649381404317,0.6297920882153796
2.4284072361740936,1.6091540582850552
0.11090255780205016,0.3317644654922076
0.7394133051252288,0.6031313654104979
0.8377115764878619,0.7036880383652471
0.28361205052451055,0.4688010076807313
0.5146376854712715,0.7264620383773933
0.668315257720737,0.626240250135091
-0.3699218540214243,0.21048111641209766
-1.5070325793403276,-0.5329283916436357
-1.377074704602185,-0.4126341760659741
-0.33919937330384664,0.29224305025910935
1.6669957483166131,1.1437619776932277
1.322916556812696,0.9607574676649581
1.960853097697521,1.2763910477170552
0.9626629865027991,0.5861419861001613
0.8851550628577641,0.806508864177045
3.1488242372924464,1.8621366650347855
-0.8329641558572545,-0.11642067316592392
-0.34180670974028493,0.16560474017653165
-0.24804165255479887,0.18304008270002411
-0.2245477822738011,0.20702058324265452
-1.425139850540023,-0.36155616122206913
0.19896181314157002,0.30495889284632427
0.5873804698093759,0.6626828204745044
0.8474319048009723,0.7027979136346817
0.7906514528668711,0.5506044811265156
1.00144829458189,0.8598716925638805
0.5673830468012995,0.6430034973971092
0.7809296377873316,0.5480210380885463
0.4875225194354313,0.727720905419958
-0.45103595976749666,0.14039774924101164
-0.21699204708291867,0.08959654988834125
-2.018228891080265,-0.6479263533000923
-0.05930678709088588,0.19178510321218262
0.34965530092284586,0.26011557234578847
0.691601261046496,0.581303347563819
0.9440298432076962,0.8681015245745286
0.9815087830679448,0.833126227080727
1.7938682181809837,1.0987494109265092
2.4585008826350605,1.593180178110086
0.1488105653323002,0.489540804677111
0.8225220521232439,0.7546677555049638
0.04244800724761966,0.31166597723655753
-0.5277744093636094,0.023354028082841715
0.9045977411033879,0.6245881298625805
-0.8747999545750533,0.046838308469983436
-1.4025421781062586,-0.46872111488612395
-0.4021110388067105,0.0076855963104020125
-0.4785781474721847,0.1570874722329415
-2.901035197600882,-1.3655170106936332
-0.23010631228609246,0.20488045523176746
0.5256497732342285,0.7179301132489574
0.30381729877563374,0.3915307359650348
-0.526814555385025,0.08782776565163826
0.2706767045770301,0.37087170272645786
-0.16624451681958485,0.19197569814937973
0.7791323133943925,0.6798164899663365
0.3217752722198958,0.49973589476386304
0.018774854623962445,0.3476828533500633
0.8135016896207656,0.6188517024787008
1.2448850265440639,0.825663660708047
1.1544344246181066,0.744043353264451
-0.30878336250028093,0.07053412324561044
-0.8245343367705547,-0.17504688599940088
-0.5130852570929891,0.1339895288203814
-0.2699274701796164,0.37235457419933027
-1.0305603763864943,-0.12839039784626294
-0.6781136992535968,0.0868998082729644
-0.05088501857175265,0.20276651909662602
2.2182795166133316,1.421746059922435
0.9327980492472601,0.7439101969439765
1.129022795104635,0.9402665143108135
-0.021839974132641826,0.23581455810339252
0.2966063464769445,0.2622273871714423
0.3080797107006596,0.5319486117310943
1.6836568373409215,1.149563950140335
0.2617152365833254,0.2758500688100738
0.5524925708705548,0.6983841883509836
2.1320692494751707,1.4104920640425687
-0.15598484472720364,0.07107485935420971
-1.0796517129598353,-0.23753053076954267
-2.8885339308448486,-1.3362376001471254
-1.5048734764418206,-0.40387136143796615
-2.1003707145919583,-0.7447189332991272
0.04893611669857156,0.3352131893721517
-0.34255602543007146,0.1906800123339052
-0.38783404307583047,0.019841899670599947
1.0181753610206303,0.8984218419323475
-0.7822269838248761,-0.18404902565548692
-0.10814099084473816,0.17083317608051182
-0.922234514335057,-0.07775569405524747
-1.1677053893652225,-0.07649261246105682
-2.0613718222816053,-0.7199051575026254
-0.904386457380815,-0.20333066395177612
0.11993161358494586,0.5071362216020924
0.5297222250131118,0.6793641243021231
0.0791985432374846,0.32642734932848044
0.6674657826807855,0.5970980347305144
0.3090280870432821,0.2955707863494189
1.0511565790861954,0.7269438298639304
0.38867243623758707,0.45325019283894485
-0.2607206117473106,0.33020217158301146
-0.5041769735310953,0.04805049324941513
0.6139594557562205,0.7607714451046302
0.6283676945249166,0.6193698878116242
-0.6524402283364683,-0.01820018253628454
-0.49323578476533864,0.05483762009755175
-1.8429699839287916,-0.37977806354060994
-0.21149545196187336,0.2074884528788167
0.1095278409719532,0.47170457699629725
1.6890473451225507,1.0756161203878691
1.0451162012325004,0.7985742627536047
1.2728702217929329,0.9398339717138534
1.1600105474611413,0.9664149667223041
1.0525739475853655,0.9416890714106705
-1.0841353923603916,-0.2525391171697115
0.7463012317674971,0.7357860296808326
0.92784233864274,0.8042261811673721
0.47881312122166475,0.581766394014398
1.9864102278115598,1.2459529886521241
-0.17125166402652114,0.06512339545775192
0.5472250343768592,0.6329145646692544
0.5645344336491782,0.6390668898537669
-0.5888941459082696,0.02979177669046689
-1.8984306594875868,-0.6559313122436845
0.12263996037123515,0.2635874557617267
-0.8355395352631649,-0.16273536345912754
-0.8402849611050964,-0.1780692123781308
-1.60880862182373,-0.4657776688905291
-0.1208747325298467,0.24446116960383413
1.5859883738254583,1.0824317072185798
1.1111277335590968,0.980926108004197
0.9241545436788814,0.7978962899363943
-0.7127046655847551,-0.1550274966353673
0.6899297110485195,0.7824306905325367
-0.12339466437639524,0.19592886229977224
-0.30369118397397216,-0.010696324488866232
0.28450706866409675,0.4347197837215734
0.9242196116582895,0.8279630515324924
-1.1178751754781997,-0.32331600957923495
-2.359693875325216,-0.7125380981062023
0.5107992253830909,0.5471294384252312
0.279570775602266,0.2954960955439897
-1.6013560384839431,-0.4538376009237581
-3.2368978287956844,-1.383509756317441
-2.3407784394543367,-0.8752915472052154
-1.430532858022184,-0.5101433908751309
-2.584588938670988,-0.9425619594361865
-1.2388800177180808,-0.31117995131957055
-1.013690441812622,-0.0654038054733305
-0.8404513577572643,-0.013568895067680734
-0.4813830234820584,-0.1285579309054206
0.9123627524410057,0.7384475230881612
1.1641118262149632,0.873195229776896
1.3523110801619747,1.006546714209437
0.7074849950640822,0.7121405909346911
0.29265037606075184,0.3553600461543808
-0.1956122070397805,0.09138638405677871
-0.7725486964296814,-0.12963392766792167
-0.09013547764658236,0.35014646499732593
0.2647643182971133,0.4238372381820885
0.2111377041572433,0.36507920876280053
-0.0819761476138739,0.2873367122672831
-1.1467109775558775,-0.3182756555978231
0.13448240668673928,0.27570366415757463
1.5522882404173635,0.9172692287813119
1.0093498695036287,0.901575613636064
-0.049814245413031144,0.18641646216232988
1.2122073650900795,0.9045989982303752
-0.11344680572684362,0.3661171462578561
0.30428005851967815,0.565528736168491
0.7808074875475917,0.8321886663769135
0.8836235646363494,0.8276005977894204
0.24153123763592688,0.35491468953587385
0.3394835168747934,0.5856205768315471
-0.5492748039517761,0.0393778585060024
-1.1811118375406018,-0.16923669569175573
-0.08973927205365395,0.35113634826201634
-0.30293835626930854,0.11751571942152185
0.41221114239737294,0.4170025434755834
-0.515054885654909,0.14994172155043317
-1.1079835270967242,-0.2520987663567849
-2.6191544560085465,-1.1742050379486715
-1.6261436633915696,-0.6805777176039295
-0.43814326199365605,-0.03509390532302285
-0.39486611523847226,0.12569062966187752
-0.2423670353795015,0.1985803166305585
0.75978598533326,0.5415576228619194
-0.389582838210086,-0.006004005080040509
-0.638828534627926,-0.061029272047311456
0.13457568349060123,0.4817825582116017
0.4868432069626586,0.5099968562740319
0.4914490490378104,0.5476886449440911
1.0679205385488109,0.8331320716900091
-0.4352152709126481,0.09062787123147197
-0.6557540793604786,0.08042340695667638
-0.5163347460353743,-0.031240529255068025
-1.3324841156306195,-0.3281444110831999
-0.13264278186682765,0.254767073565038
0.3144229329095236,0.4092442380324775
-0.17337008967965878,0.12847727170545714
-1.2983371233077627,-0.4951498199012694
-0.15613244058587983,0.15365854543907398
1.0332960922958618,0.9423958777609398
0.8573492124624759,0.7399729091620939
1.816935041769407,1.115988380440681
0.7858814472323723,0.7241174350473583
-2.244861284361097,-0.6652435638598955
-1.8127305461817316,-0.7157772632250091
-1.3190833798180728,-0.3086003357191995
-2.807180995275767,-0.9569002978303869
-2.203276596254579,-0.708931085322744
-0.5738886993178941,-0.03322460343725053
-0.05263420336298291,0.27669182512447454
-1.3173896135077672,-0.2876080544555888
-2.7000310453368295,-0.8918141969116227
-0.658837498697751,-0.04185652688975151
-0.21653430184051603,0.3043772826133102
-1.4672418905402604,-0.39676559005254125
-2.176212499640137,-0.8771997608187139
-1.5504453831711336,-0.5854239466679673
-2.155253630882407,-0.7764715031121442
0.5757961043181359,0.6938765964702047
-0.3835445682963764,0.14146459964978608
-0.38611515378192507,0.15835172150199212
0.6898026193813147,0.6546441644871617
-0.5187395380085225,0.03607179737767531
-2.831014339237503,-1.1208033567029374
-0.7885895914154448,-0.08179726857062349
0.020359821814080692,0.642393167081414
1.838644720980871,1.3545350952348931
-0.0993368387771596,0.3090272754167964
-0.20287158668306327,0.10818919045394602
1.2904609987804705,0.9647474457611895
-0.004961617905998583,0.3067505338145758
-0.9166378329880498,-0.3132956467455777
-2.678253228502455,-1.1499269187594396
-1.298105394946625,-0.5361473841217043
-1.6558673124795935,-0.44575110523525563
0.7215087891098237,0.5644809227971428
-0.5098226198129051,0.05392277900703141
0.49121142786823496,0.6244814125135627
0.990676524214871,0.7179590062498945
1.3419016193593043,0.8946852881786207
-1.3968921146368518,-0.3882477104216723
-1.6392883198515422,-0.3808922089604135
-1.4309248501238523,-0.577446567406429
-0.9506692255662539,-0.25584310678319794
-0.19592480243018084,0.06509728233627282
-0.701233603618246,0.14315794678253566
-0.5896493419480371,-0.13665624657478903
-1.3723671729094495,-0.44499218214584824
-0.4928525892811931,0.1319829443228943
-0.9867745985296387,-0.23163574251685803
-0.8762487722221265,-0.08513839130664055
-0.25435381345553576,0.3480902027310586
0.371061191202013,0.447505931496881
1.567184021624566,1.027723413104383
1.1893449067496238,0.7785578713688044
0.9163531863580465,0.661613515959659
-0.23726395398448663,0.15372127666576285
-0.01003547871146207,0.2886372330860282
1.596087872308494,0.947496993413967
0.9806134981061019,0.7683324147907398
0.8091570849092339,0.673745166714365
1.0665902390084305,0.5950681144554846
0.7189234340450255,0.6117928115213591
1.3137735331593214,0.7838889811572374
0.8172368779287802,0.6529611189715243
-0.4476278783694244,0.0733907695403769
-0.5119732075159101,-0.010032138225580606
-1.7321906123813928,-0.5604642292664659
-0.8596136010479171,-0.25236997375073456
-0.8291793304949786,-0.16092334096828614
0.39525985408563513,0.4589172410944207
1.6759396167684857,1.1786220713871611
0.805033952156947,0.7396085165889291
0.6622388921158365,0.45999731576433256
2.3798147550943445,1.4841011518670002
1.2171159423983968,0.6877960862151431
1.4190301757980475,0.9343225833561039
1.1467739209513026,0.9886988440133065
-0.8153109633106999,-0.161478587069984
-1.1458303862602242,-0.15651921327685353
-2.0593511262694717,-0.6710481367182373
-0.23612051251121913,0.28517705268203875
-0.0649377800918251,0.07291268941624512
-0.613204207330587,0.03365392226767508
-0.5435818014984208,0.05955593663466621
0.9744235144158053,0.6980107223069273
-0.003502054511596131,0.3028077833540969
0.2799696750750284,0.504871986264201
1.0012198269732215,0.7372112823226977
0.871975298942568,0.7026872615970747
0.8614671672283456,0.5765872036986335
-0.9219167465572574,0.005597834448183903
-0.18221205338693913,0.20912874353492053
1.4568119263852384,1.06828991457812
0.2799707049825848,0.43902059135530963
-0.6494861296451095,-0.08960922040652324
1.1067332818455538,0.8377583958946236
0.7723821685500971,0.45471657020702405
0.07583935273242282,0.29378875890799283
0.6986022216409674,0.8167595582768908
1.962126676048586,1.4339843687182583
2.5033658805534276,1.6293405579712015
2.6809812657186756,1.5999448672944756
0.9029228459348495,0.8192145665593318
0.7241581957295817,0.6144954703728926
0.5801119612709709,0.6294154001726538
-0.3637627109846545,0.15924107239344623
0.12550808024245452,0.3943461791621383
-2.0443982968764507,-0.9038419886898683
-2.133963087803611,-0.7700559810796203
-1.1876209205830848,-0.2578523523109953
-1.0203214253667172,-0.3196639692012927
-0.5204948242532723,0.0417369405792244
-0.17224662501068871,0.1133872130201038
-0.8597773959992185,0.004441062344136576
0.3785172764109105,0.44857421732482905
0.05277616491714793,0.2094742637212812
0.3793054122496593,0.6575607944171591
0.14039078439089273,0.48223201447749603
-0.7644265569493537,-0.06204003448747253
-0.7306577720410349,-0.08464797564432455
-0.9969498839572569,-0.26232724634449356
-1.2032114468568884,-0.2601357188429008
-2.1548011340275353,-0.7745377945344908
-0.7871232554484068,0.04500512382010938
-0.8345003218033831,-0.21290385274339174
-1.6972153322120438,-0.49630603276259416
-0.9135828006364654,-0.0832231918251886
0.26125522227502807,0.5225636467277718
-1.1197951140011615,-0.3043947113264624
-1.5596760078521799,-0.5209637584004143
-0.7283764652702027,0.0180944234010893
-0.5731317583293032,0.08035788528074052
-0.3801935570429278,0.21218927834719203
-2.8038475123509565,-1.2968512284903402
-1.7643260192005195,-0.6963044399259299
-0.1600245302433676,0.30611525545489965
0.4025189212019479,0.5095667207077836
0.3505208374494526,0.741532911829477
0.5177804989715353,0.49394375036504823
3.6495914047063653,2.1959202375502724
1.1197980073004408,0.8350622206184783
3.3281887559261616,2.2133796037938125
0.6627991418845302,0.7412865437176084
0.07392510740893266,0.22876694130129632
0.15575911310422572,0.4958921247052153
-1.6523830171598808,-0.5015721904688683
-1.8310971184165596,-0.5966028905751469
-1.9595302648266115,-0.6045180466230108
-0.9489062516577185,-0.06432933013426378
-0.2296037460103063,0.28566899491233944
-0.6180713352971922,0.05869808024150362
-2.0051415321519834,-0.8099023044217575
-0.9842198147161338,-0.1230360253278615
-0.7042420090852635,-0.07810419610103853
-0.01209923306085725,0.3690519189643761
-0.20658086319927213,0.10205719821516834
0.0664259371282011,0.4108888418887466
0.5699267811040698,0.4895526272531586
0.5917573121961675,0.6047851312121387
1.5511896349814884,0.9971953701983873
0.6331051588062837,0.5453336079392446
1.5432916791622664,0.9379539135893132
2.6686199446459447,1.5971362594961471
-0.08271296601676315,0.3082275563005913
0.26865802481511125,0.4289579183535819
1.2143652121142525,0.7978010840724271
0.629552192278226,0.5328372757477261
0.36877207906056436,0.4124688450508175
-0.0694792939868511,0.24655712063799243
-0.4134773225030458,0.19199506883492093
1.2247613924883605,1.120036907452715
1.2087109959609694,0.9043119625903432
0.9009187604795486,0.9499925992453322
0.6959551392443953,0.7159599509139173
-0.3604873801955092,0.0960142712659281
-0.802888535203063,-0.08799979776225546
1.1244915239188287,0.9135230359530833
2.275303191507131,1.611432634226491
0.0930606094732942,0.41891542577774293
0.24300525501150005,0.24371467706568237
0.6602751251991795,0.6438225537061637
0.6541274267269939,0.507352331495661
2.5350384154855554,1.6105421806606832
0.6054098770387649,0.6459353332888862
1.0140907384056472,0.9564993070849434
0.7208661058635124,0.6366469397016488
0.8465946934993517,0.7104148579678025
1.6974655987725622,1.3126709943269828
0.20123666708786148,0.44593898493594497
1.304160732182555,0.97265453804394
1.071294974723513,0.9565044607909072
1.1948723379536952,0.8929853034304092
1.8661018980497084,1.1840799666738446
2.0230959170334657,1.1405367511492073
-2.228033404783991,-0.7633068277541788
0.31138465920808844,0.46327005303197344
0.7640428872534648,0.6531752606744342
1.716619389152354,1.104182932083367
0.579881633878734,0.6093405952043508
-0.08284404538953238,0.42535124939380453
-0.22838767347768824,0.21841097437294127
-1.1398958822768332,-0.36176511579972975
-0.721734672306293,0.06585484965965563
-0.9232031471964266,-0.21309409157526657
0.4992026381283934,0.5342151133965468
-0.8037061158629575,-0.1391791282148153
-0.3212108970551144,0.22151342875296373
1.1245494095497983,0.9624137303070956
-0.28363098558202793,0.19130193392156628
-0.5327654568912789,-0.13953204513177106
-0.12626019655705695,0.29947919073545204
-0.04725195783279132,0.3193975488973453
0.5418554803189195,0.666158380776568
2.557462620127179,1.3626515336718479
