-0.5326256003191294,-0.051421731231637124
0.5166997166567606,0.4294328147183457
1.2018215180327934,0.8247117754376597
2.0999633166534166,1.3019613909940646
1.8047715571227625,1.0701159778228146
2.3249011568974556,1.4819050725677418
0.15260188462531565,0.21472938971242392
-1.4037280762625155,-0.4309195570534413
0.2570917156450412,0.4877607518600957
1.1402716046560215,0.9366648638131171
1.8363277874115778,1.305417761260221
0.5043742946445124,0.5079356234100728
1.2064064327730424,0.978161118456896
1.0693087555093932,0.6846224234758873
2.8366300553998487,1.6319667458669767
1.171720377032352,0.9221058543229297
0.9874063487302449,0.7201391016785624
0.5668855524387695,0.7453268207355158
-0.33222743357978657,0.16188330715741833
-1.3019039560519432,-0.422996442156204
-1.3482101893751992,-0.4362913849587208
-0.6657270271359086,0.07407263969466754
-0.04874319716540998,0.4619129819436416
2.003086304240289,1.0759462352455642
1.1289290029573478,0.9180092171954719
1.377139229452462,1.0869086433409723
2.1646257974334793,1.3420073676422433
1.1706000689778517,0.7203331134654971
0.6450969685365173,0.6725768209456213
2.361506039165322,1.4209083817664296
1.2432015048175562,1.0418050341303202
1.4419605030885054,1.0479269847405444
0.24363225367749952,0.4507691919063087
0.5359130926617472,0.6514356483698758
1.1776429337186065,0.8493917127239803
0.09870809143319426,0.47718403926045094
1.5057898283967137,1.2251182233839373
1.4075039766611508,0.9246385734548235
-0.45441516643730706,0.1908557650046795
1.532858509041331,1.0996694439896368
-0.04629158019776136,0.3708168922303321
0.6214288056474816,0.6853811676651962
0.30232110804461926,0.35094221061804476
0.010398285400219254,0.40991748775827663
-0.2309322965775695,0.2572672507277137
0.6362848452067776,0.6295184910576164
0.49596928192675505,0.6207603963410757
-0.20484235355218033,0.23561709301268452
0.32188652804804824,0.4305441218161238
0.8013275634029435,0.7740301336211326
0.3795475874271526,0.5862288760968637
-0.06630062099841416,0.1513671270045993
1.7164253101823919,1.2136957000261326
2.4684775334811633,1.4730438044825338
2.7490154501460133,1.5968836446507335
2.1702618600389885,1.3513143441201387
0.7041923838307531,0.7327572540093228
-0.14891795175898304,0.25413142900059954
-0.94809088584441,-0.1982769798741853
-0.7438507367642767,-0.06862682798312925
0.23299228120608984,0.6031082915535038
0.17435511427211436,0.34864011411944135
0.8620758139696724,0.7166840213614951
0.7339244912047832,0.7542039595385432
1.8261243404740948,1.2635726209037625
0.7991025713521378,0.6932266653627371
0.6939904183935007,0.5224618242008889
-0.43740554366665063,-0.05710285209164648
-1.1596536181130184,-0.2876440673831318
-1.1315281714408507,-0.2079610817191507
-0.04441099398013504,0.2143269341507033
1.2140774929232037,1.0009365118264055
0.856992123548186,0.6773862943173029
1.2645822704920535,0.7528973162576231
2.172630104546787,1.5309653231690747
1.4015852026937596,0.9405751868661218
2.1608232568987886,1.2777067859516478
-0.11309741842678878,0.21601280729221356
0.665417430785322,0.6208645737751126
0.13003298752703418,0.2371019092126222
0.27605365241243873,0.49555623264597787
-0.18525489183684546,0.135901020731304
0.6380434234312133,0.8021564909581084
0.6066678912627049,0.6974174699836586
0.8731103948526319,0.7364019792184444
1.2839639309861233,0.7775815016660498
-2.170901373632809,-0.8904712453398507
-0.27833315421543303,-0.05872612418136894
0.33002882111506565,0.2832140256169599
1.2178190601186452,0.9571123684047326
1.8093520336612836,1.127244712022069
2.0209829809176876,1.4963335512093308
0.8596179951327129,0.8540577587920645
0.17828339811783545,0.46445521772808585
0.714032130249525,0.6618993127413583
2.4450495094206364,1.5680567414734459
0.2619840493997153,0.4106424773827019
-1.0180408790634359,-0.335421663130581
-1.4928842315218926,-0.45728540270017265
-0.523596074067618,0.15592719285360768
0.447907680943705,0.48945245708952845
-0.8177530812385589,-0.1742387284949797
-0.6485190808044373,0.04960780560611752
-0.4784306382318573,-0.06607465151125713
0.650567798006709,0.5756091282621185
0.7428809498862012,0.6868320023335474
-0.5920276826067874,0.027726966017555768
0.07667679683133466,0.48800585501793686
-0.8180881243329894,-0.1509188213039099
-0.39523217567761204,0.08819903505177917
-2.093813227292648,-0.6020949926359425
-1.3759942210859404,-0.49764233950021536
-0.6847646706032908,-0.12658794622879346
-0.041727238611534156,0.3363308223672882
1.7307959069254464,1.2939414910893081
-0.036615564737701556,0.2736127356527796
-0.8442505323549856,-0.18217130986000815
2.2774878604259867,1.3608597196730132
-1.4223393818554817,-0.5535362614743575
-1.8966726062460717,-0.7089295283771079
-2.2142472752592637,-0.8229094567572919
-1.4308314188306774,-0.5155761345042005
-1.4078987013513506,-0.46795796213995206
0.7696151338907234,0.6553404371967718
1.1750914952991804,1.0859174777113776
1.4816452279704255,0.8999059205923621
1.7355944444642812,1.0760809026940084
2.9469958724128,1.967523708907044
2.0186129968302264,1.3229460937921675
1.8083355283783729,1.351843530205898
0.4579037724738876,0.48025185325576203
-0.6312436727889845,-0.05176589704911237
0.7942106437375537,0.7570161090475478
-0.6710342354799382,-0.11958244664913986
1.0127988763451763,0.6098773452553837
0.4645058346093467,0.48782556151362394
-0.23781958090289068,0.05238140566120006
0.48803830530241,0.4369214773673545
-0.5127425300323412,0.23960473533081833
-0.7979814325136757,-0.009565213062091224
-1.683325075635703,-0.7077640157280198
-2.3290357222083764,-0.859659268417327
-0.5704628705079315,0.050679741592731996
-0.4267889801375547,0.12888124725074895
0.16148063393653217,0.2173646538712465
0.2963911612394591,0.3631238388946653
-0.38735183564664255,0.24469350459846853
-0.4955350142271958,0.02962750190655178
0.12816838667505948,0.23433036753375294
-1.3669587926449647,-0.4720278394230965
0.27843146540208275,0.39933137716780015
0.1344662929123318,0.41358411365814185
0.48623021103943187,0.46928753691697545
1.5209850819376856,1.1005937002692154
-0.11695913199873875,0.2838084137241441
-1.3432844190916753,-0.40141418233219556
-1.2279028944305856,-0.38306147803245816
0.2440406979661962,0.49221801571507734
0.22932816132871037,0.3521667098282699
2.831457341350207,1.71319925631806
2.211937973533554,1.286988178085557
1.94129932594849,1.1911324973654343
3.0349871559089223,1.7440042555389474
0.26646069366865854,0.31800447466187975
-0.6190341585795245,0.07235962431351525
-0.8549208589861863,-0.1389996153467458
-0.31145848447416535,0.07071494503287352
0.5890889309608124,0.6302545926746446
1.9555666703041328,1.2175523940879704
1.262914366807629,0.8488643042628995
2.2162618427815173,1.4069075899307735
0.23795851662900958,0.5592903746714825
-0.6526319855667853,0.08045373409958875
0.4230357437339356,0.4175888452159172
-0.25434794173056785,0.24622009225809796
1.0412694900249282,0.6608206539525545
0.6138800181382998,0.6833460236566162
0.6568621887934964,0.6065723145221265
0.4094295406300511,0.5268689018213153
0.7842765688370148,0.6794583347091597
0.3254166173091749,0.545526886965746
-0.10058478423538342,0.33576908230782426
-1.455352629784158,-0.34735663933038097
-3.1142090847378534,-1.2564638758757183
-1.5624572209023309,-0.5689882570502937
-1.0003818609193222,-0.3269686122842221
-1.3501640721516726,-0.47787379056660806
-1.712247198687701,-0.5757804924779669
-1.3805284172723802,-0.47180382375943825
-0.6875439416726372,-0.027666747916381827
0.4046869791092693,0.4810991152920632
2.1969235933637963,1.305610689384946
0.5464909252223655,0.5352586460574495
1.1263375547548413,0.8560228178295569
1.6061333736155203,1.155118923017847
1.0613872857316302,0.9863765135582803
1.1442246925508262,0.9175298870816191
0.47978700753411657,0.5513666095562625
-0.6271028671206789,0.03469928178914803
-1.0138696489186012,-0.09103935223115499
-0.8047669684227984,-0.0689158031212547
0.6391123350612842,0.4762593242019201
-0.2146227128122875,0.12377214569274513
0.4555912771288646,0.5461378278972553
-0.7079263149389747,0.011673978143476885
-0.4420129218260415,0.09315212925258241
-2.0004962896473355,-0.6980447112322334
-2.125448212768933,-0.6270477250549114
-0.736963243274877,-0.1278833019823608
1.1312320742022717,0.8447856486707045
0.8684554284903949,0.7631069039254729
2.504932622126139,1.578019887681627
-0.014281856876802168,0.25634180536646284
1.4436889789345508,0.8955505725656059
0.09389649130645339,0.4050316933002769
0.07773980944369206,0.2932456551658781
0.7517947967966949,0.7174233935579974
-0.48787172231241416,0.016771509839457452
-1.1025631833910992,-0.012642423420110044
-0.6793155156936188,-0.0394352398201776
-0.5577228415541038,-0.08203807599242868
-0.4196664179813935,0.1437019826354134
-0.7843295194028297,-0.07836025117748892
-0.3369434564268974,0.22034493831557225
-0.49278731758387495,-0.016749900089647315
-0.20069571449748103,0.24046182937869925
0.2739871436637696,0.4239941091718942
0.8028416522494939,0.8129857579157693
-0.3551931144276955,0.16916446690029532
1.428991806293455,1.0491694650529455
0.42552542986791964,0.4814530124224543
-0.6732552226258376,-0.09361255188404274
-0.11166904509306236,0.27589429620243655
-0.176865259027302,0.17752575576760354
-0.21630084478627573,0.33108727937017474
0.7917899722664542,0.6946780300457409
0.9828878169106536,0.6805071752240259
1.2335846448973578,1.0677972459380605
0.6977422442650403,0.5449060730591455
0.4751853312735466,0.4730968197739751
-0.49028787122233963,-0.2145132487496072
-1.119545629507387,-0.2846789370926491
-0.20303347459173293,0.08224343848434434
-0.8037318791366244,-0.11676433086757053
-0.4710184214737081,-0.0007440799507809209
-0.4100077060248508,0.10966027750620755
-0.7106624535190321,0.008115357910815177
-0.6156108330707482,-0.015645482456844433
1.2859233108088546,0.7713526151753429
1.296601455191653,1.0056296296217266
-0.7234188102708442,0.14701340982793806
-1.7339254329669163,-0.480923130009812
-0.8426770261971966,-0.10040246224253435
1.0990528902851777,0.9596780214861846
1.8956973033258746,1.0480646400940843
0.7101998830478871,0.6405551459067951
0.2863788032873748,0.3588710971376743
1.0315446828093175,0.8464183834495499
2.1484988568249492,1.506494131062704
1.7152783439717239,1.190339438538456
0.6611179301628748,0.6640400716842686
0.21769740286005423,0.5302759971168048
-2.0542921966508354,-0.7033290378527224
-0.42562902325345975,0.13427501288798033
-0.22562960995715625,0.1729778172455733
-0.42555013301596367,-0.1000555760596864
-0.8676063946943233,-0.20613816117003497
-0.24641717429022447,0.18542705326120604
0.594344182504969,0.4725481130354246
1.7774416481421242,0.9771838992223804
0.9852956998745646,0.6980435179725077
-0.261981192758568,0.22113464251377427
0.3440878878613282,0.3836503294578302
-0.42455627677141466,0.14563959889731407
-0.47162446293499943,0.03242052121910097
-1.0550597219760474,-0.09080429095739209
-0.5728785207918363,-0.08709983199086202
0.5387097825681824,0.6314622041164044
0.8978323293929631,0.6649996747392953
0.3052041641102832,0.3458508687098401
-1.6899733374669146,-0.6779153963864734
-0.7662451941699646,0.028343909175105708
-1.3345591667441232,-0.44945595656458753
-0.6939454822279053,0.09047565696079418
-0.5960869181651661,0.09928828676418167
-0.7001049035608755,-0.15676838423644557
0.024575360991255013,0.41656473960564105
0.9391279583760376,0.7631662813730102
0.8750730561199288,0.6621568739599486
1.3471443895061403,0.9652255039093438
1.5612277866157445,0.9970255195485387
0.5511895374864075,0.44730212385077395
1.9423088400857496,1.211341756294616
0.18628722578387524,0.46606919911284034
0.07803232955387694,0.3880923397807138
0.6726822745892485,0.49892890330761797
0.7835676262786677,0.6279119462161523
-0.35039996379252547,0.12471981745704375
0.6551452231949927,0.6828365330241439
-0.10056156845288677,0.259824506469597
-0.8199217719037044,-0.27747318962474876
-0.5803791500608458,-0.07142206849032348
1.420978515616489,1.0643290935605028
1.0036295382460985,0.7807561507646114
1.5461603948604572,1.2212726225348525
2.2658516783247094,1.4238289055352766
2.2985240101054165,1.202592158572227
2.1813350648464462,1.422100577995423
1.0068565956071711,0.8671363418068524
0.7540423030467723,0.4106606789356144
1.928856615398022,1.2754564585527448
-0.47273748764168166,0.0008948702773956263
-1.456702212059879,-0.33609560275775446
-1.1132402717658207,-0.28235551739446085
0.3464153197374893,0.6474799537415381
-0.1666429794810217,0.0028656726455195958
-0.4080809653326252,-0.06508047388136032
-1.4108209907292522,-0.3766291196013475
0.09610519134724649,0.3598014226882032
0.04812962752872706,0.04537868890220714
-1.4872161697880575,-0.5319798446254542
-0.15384263989983682,0.1694605238200096
-1.5706412196777426,-0.3915134175855883
-1.6475726104173274,-0.4575884780829778
-1.3287626386414888,-0.3595648786388214
-1.931194661315079,-0.9582780137668361
-1.2332055331091734,-0.34496972520061053
-1.5823464655762698,-0.3854745657594276
0.6354611372573038,0.693447746875961
0.08330744678077845,0.3747343635098243
-0.44094338013513257,-0.041801541703751
-0.3024229788856805,0.16237244124410297
1.6257681556398804,1.090712956379537
1.7175883571636064,1.0378995180242887
0.08827146554028698,0.3786481983648502
-1.2242565977269748,-0.3583308504289278
1.4046509678808332,0.976967873143054
0.8335374107794583,0.7592776994818187
0.8874845224885881,0.8230700399610694
0.3177930544672298,0.5836184606017569
1.2504576712817146,1.0762463351358627
0.8084457515347044,0.7809373786872805
2.272697408864926,1.608801696876766
2.2812582905193226,1.5235002790932541
-0.7991327456180555,-0.07164237198395
0.0833187287302769,0.24225854892807558
-0.5205986419026933,0.029689128690753335
-0.003047426722746882,0.14000265897659658
-0.9147129033376057,-0.15011103679381232
-0.5815505252491235,0.09082045095681879
-0.005931982553686432,0.1948431253143957
-2.1518495952396006,-0.6141952258573281
-1.7600878601241383,-0.3713109035721209
-2.686020034637779,-0.960571141667335
-3.426314322620479,-1.4487164826276606
-1.9703966710082494,-0.4820094470685531
-2.1935448842770233,-0.8024587260000299
-0.309028676359688,0.16361149875359207
0.5769382756405463,0.7022753461465057
0.2660389834899705,0.5021037399904749
1.443496205354566,0.8517082780172759
1.521048820828709,1.1560748256531344
1.4207650434814925,1.0448595712120206
0.32464834948275934,0.39163980327762976
-0.2413397571040803,0.005229207714838202
0.12616380024795323,0.3106138075470894
2.094736346373183,1.4296236368545354
1.1691927716366712,0.8897745095147115
2.3056112035374046,1.3975465204465258
1.0302045524388264,0.8506780332561412
0.8657785050247633,0.8522952763157864
0.94765751372241,0.85590228322366
0.5439038762327769,0.3866849472317686
1.9368437468896071,1.2940730940489569
0.37451556966751254,0.4910541364002356
0.718333255532559,0.7617802506707063
-0.07985482263497423,0.32369403624453563
-1.202889877165918,-0.35145249238643905
-2.132519387271231,-0.5670132210390938
-0.9096530533309395,-0.09874239128039433
-1.8237446125811165,-0.6731834083391702
-1.0429486139082944,-0.36026649637026426
-2.094875906059414,-0.7442095632915153
-1.5953381033963314,-0.38550304013712455
-0.39037165645635497,0.10005284715601469
-0.06016089946771214,0.322596351862178
-1.4430887485316775,-0.5837604595318902
-0.28415735093559136,0.07312348157761385
2.2372697825300856,1.4346625195238065
0.5612586721897633,0.5477644659581656
0.20198330736418318,0.40926380925629335
-0.33640406660763794,0.04056216061170802
-1.1079554442412642,-0.2552443878083497
-0.17467426165266786,0.1745333037620458
-1.3891040329415294,-0.467687846343915
-0.6825644319843017,0.11375509909669831
-0.26354977598613977,0.2258191799434452
-1.4636100423692022,-0.5083467379809317
-1.0821226845603957,-0.28678482255178706
-1.2134264273588646,-0.46504559418136093
-2.046782027571357,-0.813580610148765
-0.45453975861672435,0.07353943258154588
-0.45359947177095933,0.17414468381021123
-1.3750461568580703,-0.3964458380093563
-0.1978119911016326,0.29396157022944036
0.09388131527338828,0.44142179628043143
0.428286829872937,0.5690421122724736
0.3654309562458218,0.49585731499292884
1.5236962393895583,0.9611083808442591
1.651680010318151,1.2979008191429213
2.008535678483215,1.2586579571768952
1.9337614954746054,1.217401896626779
-0.24537746315517794,0.26859120522900537
-2.0162169638713086,-0.6871100655566851
-0.2605688650082947,0.08771232634899884
0.3829220926140586,0.7169685238382794
-0.2507673146421763,0.1641134968580784
-1.1458619767107707,-0.3965516604981772
-2.199554957321615,-0.8580544371647785
-1.7277679195242701,-0.47123050111366505
-1.6528071896765013,-0.555342490474864
-1.4927940737499958,-0.5570681057882356
-0.3860592869797762,-0.09978440889450343
-1.158047059431516,-0.30133506424336787
0.6761542250493975,0.6173017557555657
1.1262393261182817,0.7874895571426827
1.1109995018391208,0.742033737009534
1.329937935670359,1.029195778612261
-0.5096771925891879,0.08354900625531739
-1.1021053473687523,-0.3323940743737296
-0.9761486590367048,-0.0954057033618346
-0.514902191375346,0.03513972658028113
-0.2820991126430711,0.17990526604421242
0.8022899227687197,0.803902319076007
1.5549014821808451,0.9278206410461104
1.7116054191280017,1.2674258810263155
0.2459752821192427,0.5248965608250178
0.05053131945463135,0.2534726877317504
0.3410601360832831,0.6745216051618291
0.11843117497819053,0.2500253943298546
-1.5175826056342359,-0.5729471906071578
-0.14401935795272724,0.060800400391655074
-0.539383437235506,0.08589456669046774
-0.9185251506666325,-0.22830562103481455
-1.0948823258724016,-0.16382752640295123
0.6003834000065549,0.5555503340590204
1.4779568435252004,1.0917270406288693
0.8445964987889698,0.6984359295443379
-0.33745745827419615,0.21295058863120786
2.6323612885178718,1.5517102980125752
1.73227262566497,1.2127254650566854
0.7404097180200091,0.5742259705474
0.6300509352442979,0.7031268989262166
0.03622905348300254,0.34370219653051987
-1.7688163830831034,-0.5221609550329931
-0.1109763094883589,0.21470599195499482
-2.0599099300415644,-0.5566778220900694
-2.404259387917895,-1.0145673630078855
-1.9454188980805251,-0.5722926862118194
0.814099277286227,0.7138189532811802
2.782888187985854,1.6659651019374797
2.4468923525795834,1.594354357286064
1.5593600399577938,1.1122632696909651
1.7874702647173561,1.2403350404599052
0.5188378393312576,0.5675747383651131
0.1628797794668848,0.44944600346875796
0.49307556093885085,0.3082491175916394
-1.6374566084615212,-0.5433122547603519
-1.0339161738245592,-0.12608605323860217
-1.3588768600444139,-0.41485079577085715
0.12918318507928883,0.4151872775638622
0.4439341580094584,0.5755761526687364
0.7246987003524791,0.5767907549732202
0.2382735886224721,0.4697118260185478
1.049886506080039,0.8699826352673947
1.1299735690476707,0.8990141225426977
0.567456903797612,0.7702992301417648
0.6356143993828751,0.6729035930391232
0.9831737197034351,0.7073236187700408
0.5370578399941695,0.5715322981345485
-0.9193394193975863,-0.25506461486943
-0.6881202320507424,-0.04518506159931725
0.8182967159202974,0.8110418750225497
0.06307278666448735,0.39201293268063353
0.7333707060259178,0.629890060820628
2.3236737664868725,1.5510547503279724
-0.3135427817072467,0.20444187781410708
0.8504879989424471,0.7491657856845753
0.17563837394859272,0.5268062640890366
0.6561403592848434,0.5869557227228246
-0.5069236918770397,-0.032344951777749056
0.836272524719108,0.6324058156531089
1.979083720571046,1.4092594736692412
1.19094927621124,0.8780322268501631
-1.7369546256352917,-0.6581866329997342
0.9064469813266993,0.533079547180349
1.5294724832079372,0.9673877321917462
1.0614743311593131,0.8265675757638753
1.035014893328707,0.8688046435101544
1.828296890584132,1.2326202059979545
0.7967981522878347,0.7553589931605807
-0.53421998747709,0.04794647397668383
-0.5163812000310976,-0.022375757402322186
-0.06636528917581086,0.3879677100924688
-0.6252139654802198,-0.12587447544124591
-0.11786454081266584,0.19337831217985474
-1.7006496422272808,-0.4746781281260202
-1.6438644474401887,-0.5329978120296186
-0.728405750897674,-0.31149271002373796
-1.523253847391532,-0.4928792130859816
-2.4703348836680803,-0.7874551400336545
-0.3682287103041888,0.15157085793215394
-1.2163523947806476,-0.34644971382264744
-0.7413001333328474,-0.05247772613925108
-0.9756611302457456,-0.1614569660668275
1.136985979119315,0.9225677683277111
1.5558399050655392,1.1954463668981257
0.9753874103300848,0.8950844298617155
0.975061732363643,0.6960283548685431
1.3310905325792164,0.8276040296481895
1.1517592194015904,1.0745077515358477
1.1215695048659489,0.9064328448290884
1.3393471223154594,1.0306607455207144
0.8121009107514241,0.6050417063343762
1.0124218211929594,0.9030584320062998
1.6031104491346844,1.0814188638817837
0.4563095095067413,0.547388003542049
0.2549387930054633,0.5042336616357763
-0.23955105531012796,0.3237517537290395
0.17111327441255011,0.4270683245427827
-1.6872594550795115,-0.5961328812914348
-0.9200588219829575,-0.13216135031142
-1.806425469508539,-0.5599104672952875
-0.4032301078626861,0.1472725431760606
1.7055276750615234,1.1889206506915069
-0.023144671576682763,0.3539951505442379
-0.6945670247637737,-0.018885277293145607
0.5567897424079545,0.644039308706686
-1.8506969627946344,-0.8398360336009285
0.4129819257094096,0.6193717694029488
0.7974838118354985,0.5982585260759851
2.765388927735957,1.5613471129295748
0.18329874438734306,0.5331312251915094
-0.9733902258556283,-0.13791187324271803
-1.8538809032720298,-0.7175237569620874
-3.2982823882325256,-1.2534903840263785
-1.532060778913017,-0.6699773928880753
-0.9775423537320538,-0.1972341363578484
1.3419338997377903,0.9403886407563237
-0.42405519437407924,0.05877982610943372
-1.5874370168128678,-0.5432369519930618
-0.8630074643600434,-0.017389447496961585
-0.7665063477368917,-0.13034049110878612
0.44839052416155745,0.6396400819271145
0.6743356867430293,0.6288637544887897
-0.8533247220453373,-0.2508625089379236
-1.2535848720730491,-0.2262280548114925
-0.9870196494293446,-0.14962594850250316
-1.3502055747903716,-0.37147588907901247
1.2095337613079116,0.9406801383420198
1.6768429525615214,1.2375201074729354
2.650664532138271,1.6392814473506743
0.5444315825518172,0.5297876240940435
-0.7166935829067095,0.05767216814245675
-0.689437900488478,0.05442841237761188
-1.2835682996766704,-0.28211591243365625
-1.6349081239033585,-0.6032314889536572
-1.3525926492365918,-0.41002158918005016
-1.3567298231835418,-0.4012709095284365
0.030957264041830745,0.27313990337827987
1.7808177310436535,1.2858939065067303
1.9762122086931275,1.2748765137663627
0.3633675904791476,0.548052648447545
-0.18391190839269905,0.18476217477329696
-1.0615094528643971,-0.3013551846505977
1.2773596918929304,0.9531248864261586
-0.3563069363557594,0.09996751434027555
-0.1864136694579985,0.2706211770739058
-0.47230290578651246,0.15919372839101303
-0.916167761094695,-0.1440567125744076
1.0431780497322292,0.9852410670007863
1.174895629456912,1.0329883406880052
0.5707523571728831,0.6310318752255565
-0.3640426681283201,0.08072443776033382
0.7262952709932697,0.604964881766341
1.7636809472249833,1.1805050465109024
-0.21982268253110693,0.25953936099131536
0.2039441500726022,0.38950762567161695
1.885980922294345,1.137648842190168
2.571278299836603,1.6531038092572834
1.8959660403910135,1.2346523594915606
1.0736459496838513,0.7959330916630404
0.3685825156254847,0.49704411176584556
1.1071374576833697,0.957434514552572
-1.0694809310046347,-0.20670527947069411
-1.5609196741425422,-0.4299758871710441
-2.1911043989464223,-0.8110989920320509
-1.0098847844192933,-0.15617170914685777
-0.1731990996680275,0.21539219931947098
0.8451539858952755,0.6765408381388796
-0.34029575972757287,0.07502567559356652
-1.1085033855909339,-0.2321431964715745
-1.515104801794898,-0.4710871196649511
-0.42093107999613,-0.03019845670268073
0.40902085466970134,0.4908727574199429
-0.7566254117981368,-0.13104641747722762
-0.529656531247737,0.36131655404323093
-0.5443291676842967,-0.08968960885511268
-1.6661656602152293,-0.466249168333659
-0.6523466460834341,-0.0010361389400400933
-1.2185429376849677,-0.3238632895618975
0.7519534456288413,0.804145619766071
0.7069425264871456,0.589491876557445
-0.07334876686324643,0.30912150159921203
1.0749585128146915,0.8000430253167627
0.9727428255501449,0.7057079578937318
1.7114694453386505,0.9767798318173819
-0.20261606814047473,-0.016146632651741266
-0.1749716448525733,0.2184898980688669
-1.0696179059019433,-0.26803609161824177
-0.3994779918247892,-0.0552765901277765
-1.7227996490261013,-0.5943211148977972
-2.3216489697216947,-0.8490130265865449
-0.3285674613552134,0.10000804931719162
0.896901680829518,0.8463395872421025
-0.35676486168446075,0.2636410413735549
-1.2658609457639831,-0.44747521953031927
-0.7593204833531622,0.08428208668498177
-0.9000386628908181,-0.24536050480930632
-1.5267718457369832,-0.4626587050738098
-1.863102986910799,-0.48508677238365594
-0.7269593016320577,-0.04420378221751774
-1.273896365002984,-0.2664496604724817
-1.4233649271355884,-0.41262319133463016
-1.0866113016849757,-0.273500666636002
-1.8175476080920343,-0.5864811688566341
-2.1389859383937013,-0.7728609472326129
-1.4969502122600467,-0.2994741466332095
-0.12962957412181686,0.17752983999690283
-0.1625784510080035,0.15104437592963874
0.3811628168190584,0.42494680948548214
-0.39079789262497566,0.08674073551305245
-1.2331750611715406,-0.27170973107900964
-0.3192648794989583,-0.025702391417110892
-0.09282017756314478,0.3451242268979878
-1.2288709262341728,-0.1443257251527404
-1.0605322651382423,-0.4134776937541342
-0.21702691827634846,0.3567075214920348
-0.8492983010155835,-0.11730981911719544
-0.3393564159982364,0.10576426382629334
0.5339208717919859,0.60195098625667
1.569953553874901,0.9237783712450878
1.6724494827313776,1.0547442944836822
0.1359026235776436,0.3255805280120133
-2.163188363384188,-0.7127811223034453
-2.5925932039090194,-0.9087858511305684
-1.3466712704111772,-0.31572332650140666
-1.2472216487840524,-0.3042911085623836
-0.0027449407899952094,0.2675957032671075
-0.29169031216564906,0.08671140768985981
-1.179216533299372,-0.1594049083062235
-0.386277408690289,-0.07354463421209861
-1.1691244678843036,-0.1210295167124617
-2.519687609042033,-0.9591047446719602
-1.638941998519249,-0.5760127692878048
0.7687172281305943,0.6145391263743819
0.1517386235314203,0.3069755116324394
-0.43888964536704966,-0.06901728109881192
0.9399931582711039,0.8131001936795818
0.12375270986050035,0.3564582584611425
-0.7700537695034305,-0.07571433316368316
-0.3763439428306826,0.18613251641632528
-1.0035960840262848,-0.17683996001331587
-1.21759583710985,-0.34545544328953376
-0.9216450380856341,-0.26808274278259836
-0.9259612052387189,0.0005864057880485274
0.2995523831195551,0.39911164708547353
-0.7876001618828485,0.04686930602385311
-0.6605693219516309,0.10594091537512454
0.2601781142918196,0.36134370246451203
0.03867959107451743,0.22751289694777316
1.4690588593522829,1.1178435348106912
1.7081701027064904,1.0217322870095997
2.9321974486643754,1.6073340333633297
2.4013829618695484,1.556315848391027
2.7856520526568223,1.7643048975390143
2.450187038837733,1.4759584533930517
1.9470981266266438,1.3369697414708344
0.9468761509648864,0.9173771426816943
1.1284479397317422,0.6788591905904027
1.1301094486202494,0.8345457284676815
0.34916018361036927,0.5151040886068827
0.7376835453931553,0.8537082677203525
-0.35071666479806574,0.010829787850981973
1.0444991255191027,0.7774654163160698
0.6832858595195466,0.5635272595796157
1.372293957889874,0.989518747896636
-0.27174752119442835,0.2263815932993243
0.019689931036094066,0.4180868414960622
-0.26624114623589196,0.03830651650301431
0.117359653602015,0.2970183627082336
0.4240905070901237,0.5862566749011614
0.47366857732287226,0.4973476199846212
0.6812839673415001,0.728730594401428
0.17596839763551403,0.42250249185290334
0.6715445981424801,0.7479399172889353
0.6076098287144452,0.5669900236917593
1.3429547591846083,0.7485414595035594
0.8899865305500689,0.7291422959102923
-0.3870116453120619,0.17685767247212753
-0.8932578375592481,-0.05647968596560478
-0.1310836227569815,0.2783923168518849
0.043823615827083856,0.278371217006386
0.8163835297349828,0.6570542969133361
2.3042321793277147,1.3947476299316484
1.3743777971113975,1.0807883368455973
-1.658710215533047,-0.5831767724497123
0.016003602609564682,0.30147613537743206
-0.5589747363590452,0.07477578151672534
0.645212770059626,0.7958487300835102
0.30453310703797276,0.45403319221674354
0.9560819491258792,0.7519754993064202
0.9408062464048297,0.7469658849424914
2.0782736035367546,1.099007021937568
2.471043018619193,1.4502517658194025
1.4011781282077231,0.9325740248322386
0.9398006756256472,0.523978598829923
0.5324608143418201,0.6836031929780619
-0.9364951120758145,-0.07909298733308077
0.20015457909439127,0.3965561220328073
0.8026779442011075,0.7368421810836884
-1.1850789106911666,-0.23901982698798716
-1.4857227859314661,-0.4256771534507296
-1.8272552681404284,-0.651492978891097
-2.5457001815863562,-0.8351696176201963
-2.697847265864782,-1.0195826446026246
-0.22063975182774853,0.17298758076704038
0.3401448131253303,0.36109912369521247
-0.4772185028698118,0.03213793223297528
1.1981329759482084,0.9043001245471537
1.936908658805486,1.1539005295278724
1.3320046310594524,1.208648518419793
0.8051120745879424,0.5791627709147816
1.905182993231119,1.1677561494803455
0.812407872617806,0.6167335205978965
0.6033774992263183,0.5803358864052433
-0.38084628793938236,0.1620892730346743
1.0953060710192168,0.8823438096348701
2.2133175644466023,1.3512448670194712
2.938461976321906,1.7573918558474513
0.0470211739698001,0.27213010334443277
1.3170710962317618,0.876222564096488
0.18937642282508893,0.18497821498799005
-1.3874978631282366,-0.45704472455941514
0.7854244174933634,0.5543896453191927
0.75869293142373,0.6096048301669905
1.0925321902731004,0.7382580819324325
0.10412367320429172,0.2291563784047802
-0.4559119473120382,0.057347217285861764
-0.40901371020305605,0.20446231326020037
-1.0772597398136659,-0.37990590228250254
-1.7317348288776246,-0.40535014057762553
-0.0389470225842945,0.28911371890975274
-2.102442990172113,-0.758433953947461
-0.9286254590864192,-0.12662493790833904
-1.3856869815178676,-0.40331572921584874
-2.6345025647531233,-0.8013964758102646
-0.6141017807541159,-0.054973411325782554
-0.6966290815999999,-0.13222646520356462
-0.11394171924032465,0.3051592510422848
-1.358430205920121,-0.2652299944354844
0.44444630248077366,0.5737334556191014
-0.016385381176337588,0.42235697333446687
-1.7936685287877805,-0.5707598636102406
0.021007539072065207,0.1665273156204251
1.5523062262558838,1.003838928748069
0.7548226555097954,0.8343521662126164
1.3236969827952576,0.7729813500312684
0.9853585155469711,0.6968496513194902
-0.5459045125295027,0.008000651898262046
-1.8790920128673383,-0.6901478219492774
-0.7504603638458724,-0.04882030214446459
-1.5474638427591674,-0.5823682863940709
-1.5479841552140847,-0.43719557886636506
-1.7798291703362297,-0.5999603374806555
-2.440414478181051,-1.0022746533503994
-1.631906127097361,-0.5324077397131608
0.36985249168532386,0.5224171287564482
1.812585789432842,1.1520596817839106
-1.5814323453250285,-0.3497703931521055
-0.6508770208044465,-0.07724035005928612
-2.6647407818320716,-1.2414878637694833
-1.7609543208004854,-0.5141340782480691
-0.11507312035998118,0.330104510554513
-0.6261868151843469,-0.2838144474742021
-0.30279839387082175,0.2762772831413281
-1.2201265163046437,-0.09829896563936583
-0.8676398667168144,-0.1267161963416841
-1.852634815226458,-0.9113038427020193
-1.0616300473536977,-0.1636996312755949
-0.8020197232611079,-0.19268026482184503
-2.125931465835768,-0.768106866505046
-0.7883442265818146,-0.025810843141471418
-1.3954498272869684,-0.5155734203376626
-1.6700121819030387,-0.7029177596898503
0.2008390916465368,0.4229431568622857
0.9462870026462916,0.849953470335295
0.8354911266156373,0.8768907131722194
-0.5058709932606392,0.0953826647643928
-0.7807655348330775,-0.046410567257327937
-2.483248318335227,-0.8451561942635195
-1.069963369597271,-0.2086130576670048
-2.772299575723129,-1.0339615595879368
-1.5158797031480142,-0.36150090976269805
-1.404239748619291,-0.4057862156344624
-0.5736475374516818,0.007017904412381441
-1.9468265468937558,-0.7257617454557871
-1.4867162640690563,-0.521450034779573
-0.8976573088953241,-0.19442748817547092
0.40327872862656367,0.35919455203750705
-0.10891680483586441,0.2426094691172758
-0.0872933727588631,0.16763957731953993
-0.09933397433080833,0.29270824340553936
-1.2142340456473364,-0.2841123325845726
-0.7893604185213314,-0.07472598840649375
-1.966889045859227,-0.5222606514543585
-0.9389779946220487,-0.2426881476593688
-0.9225633615744007,-0.16780409958075013
0.3140355723515701,0.625762899019969
-0.28451742617389686,0.1629833782361301
-0.15430911066198957,0.3744337676170979
-0.5265003793278316,0.2168141695885829
-1.2004523582277309,-0.4090609148510652
-1.0360774925477059,-0.22159605252700643
0.07191363499319392,0.2504101506732316
-0.09064889661870673,0.10514093057200866
-1.1175679078797554,-0.18681171231106267
-1.6274267847492272,-0.6632658902724421
0.5735597236871719,0.4778797857804918
1.6179997282769598,1.0478802343744698
-0.6596238064383555,-0.2667182086787693
0.2791717548714291,0.4278575874043927
1.315698681165777,0.9057767059992787
1.4806752462967907,1.039848467948623
1.246598942541417,0.8682791645642728
0.974070016999753,0.8908338494140569
-0.5684057348964531,-0.03969724720171153
-0.4218364111708681,-0.01005380616620384
-1.0271939182834513,-0.1878546043337665
-2.048698298527901,-0.8990332449316376
-2.687558587661151,-1.1797456462733689
-2.2641923870686895,-0.9803701743542628
-2.3389656785692057,-0.9427149753808777
1.06841734566485,0.8072887783323038
0.4390396603995225,0.48588337968263334
0.5735582762898112,0.5784669029181445
1.2767522440516037,1.0370627128287335
1.2008727267215735,0.8679480796766333
1.3263826625450719,0.8403527853402907
2.161600838319896,1.381005196526142
0.34119025582830376,0.48669412752219876
1.1169153720480502,0.7656631047200018
0.804253724159611,0.7687246382687474
-0.042269677531702854,0.19919798032714875
0.9774953642453247,0.7222084895828693
-0.06560376109662591,0.2177952988046927
-1.2703734743815929,-0.3382387813738512
-0.2473206769481633,0.10795860836417559
-0.9805853871880315,-0.18716807171818342
-1.0718048874003214,-0.16767732710438782
-2.4542658609229937,-0.9463290424416968
1.4115873701968147,0.7416819867270561
0.7940069877774126,0.6478509983816403
0.7006363129024715,0.5595520025136176
-0.46843723865556075,0.11354800964787903
-2.1283695996590786,-0.7126884023391384
0.29747604464734323,0.5847767534800785
-0.5828848054686389,0.0486182849494605
-0.41078226785107397,-0.006666897997438928
0.15443713843639717,0.36379806560527334
-1.6530455842703458,-0.39300397715487545
0.011102960363427394,0.28935818060374463
-0.682797771439845,0.13324279914922127
-0.07859458107602413,0.2764907333268187
0.17921982305679252,0.48502701102797785
0.6981369486989546,0.6474056679577743
1.2573818723285797,0.9126416270825742
1.6393988808849154,0.941935127856947
0.13662358774722883,0.32582801310526444
0.42220324646445434,0.4411000131439734
0.5386530739850013,0.6659034871613674
0.6273773919676038,0.3500398751026868
1.179245071011096,0.7981178577526845
0.3281104388368522,0.6127269152910946
0.5637201144980646,0.6394023703796607
-0.057242260777269904,0.1349950499504978
1.5390133321871429,1.0655973536251535
1.8545516077537219,1.3515459679984605
-0.6176722955055574,-0.03096227980405393
-1.327162983728099,-0.2195960525228847
-1.7154351933039975,-0.504317461621646
-0.25906490780353586,0.1998425935700195
-0.8987457734526243,-0.2633831850535664
-0.44305750636176355,0.12026781356226607
1.9463819007422631,1.2625898520014156
1.9903284405189068,1.3481410283798583
0.8226474870100502,0.6637954890793565
1.8212540117103648,1.1816964853378167
0.7797191601718505,0.6760730993019105
0.6980008211629203,0.4812017490339324
0.057485349817402054,0.4787298914277912
-0.5110749270629007,-0.024111833212497213
-0.8388299235609581,-0.13293378584972287
0.6344505467276682,0.7380507850330931
-0.6499386660319971,-0.19867263730059226
-0.9772484686886567,-0.14292857626363703
-0.8846550645642094,-0.21603409140898772
0.8504232646271427,0.8383879058186177
-0.23307783804258286,0.1405833018520417
-2.2107670697148176,-0.8577149649787468
-0.6711589926363533,-0.07878811483581444
-0.7722012316417568,-0.37567607424402105
0.009379353140056335,0.23937318388708673
-1.0526921527885835,-0.13500943340633065
-0.853817748201821,-0.13736987155018449
-1.435780286159013,-0.33550795506032083
-0.47294676874595976,0.26990739515222634
-0.8424687978710905,-0.2965674212744027
-0.31578045977303437,0.08070076063317663
-1.386574871455844,-0.3847450819810161
-1.831094692275372,-0.6997801147110021
-2.3956588897205515,-0.8743620637774246
-1.846795371498791,-0.5811187113009251
1.6324843822672712,1.0413271496520733
1.1778613739804544,0.9017581799240229
1.0289324326408444,0.8179860649303697
-0.2073235726922108,0.25881990162845037
-1.9007049836653565,-0.5141803128955783
-1.9174513984327173,-0.6095195838579635
-0.8109088862739126,-0.2995202619664856
-1.4238806680215401,-0.45096739619259407
-2.177290496525057,-0.5215039652206395
-1.244829699666735,-0.3758309431174728
-0.6704263680235306,-0.004498738833024395
-0.6661503349465767,0.06634575553719656
0.5616347497361223,0.6908341414471995
2.1158428614968963,1.4637209819249855
1.21204012336506,0.863148867646601
-0.12573722366480167,0.11620903151376007
0.10539200176181224,0.39266256717864634
0.4193300933151877,0.6088078133200312
0.6809036702072856,0.5581298544229932
0.8216037510227493,0.6081224316126503
3.3038961792787047,2.0091512560925127
1.018867242686873,0.6479641777628175
2.0863708022653844,1.3312995898149702
1.890838157306943,1.1737973065480438
-0.08652307398285708,0.2122990184067149
-1.660227871748372,-0.591600773268186
-0.5032053914520362,0.14699482838182792
-0.9331049440241084,-0.06083250788006821
-0.36085642649758776,0.20033074940548845
-0.1300238621614669,0.1659727546073373
0.6138057465098796,0.3185147586034543
-0.25850344950977744,0.15319659323213075
-0.7850100891605758,-0.1183252462487087
0.12383748159940955,0.36564692440853136
-0.5173934883816385,0.12637995722840778
-0.9149142061479527,-0.3194133110198235
0.8484008460334324,0.5778120837262475
-0.4008720509466728,-0.1269763746298701
-0.6641149796371548,0.05057846419172635
0.6062871712979769,0.5997972096252764
0.31747234103886557,0.5541143778922608
0.32004264608755006,0.37167619132437413
-0.5103982255252419,0.06106387486748084
-1.2839859514439325,-0.46553384203955384
-1.6010349646884934,-0.5543061057684416
0.7162493873057885,0.8575849948752838
0.5052853343162664,0.5227782750308089
0.2612667263579155,0.5221657312811239
1.0616619854358624,0.6450221785119044
0.3916315236023108,0.47283138825188603
-0.419647885321427,0.24099188392554882
0.8188351878751613,0.6879378618003257
0.23768663672626006,0.44835438071782496
2.144046941738094,1.346113561635391
1.0165093080195688,0.596482440808576
1.1610090975241898,0.7481352905640216
1.1523677107261203,0.7987913801612712
0.9833526357873515,0.8593686182038627
0.4663033838754965,0.7035806755225675
1.0316178999333987,0.6906911172115111
0.42436955955376937,0.5348135403242016
0.7783155180708684,0.7167370676449963
1.4800159782033022,1.0455332968674007
1.1902298564772935,0.882793216569194
2.2699358120408166,1.4952424233022201
0.5284576641126858,0.7370002634846085
1.6508684168928562,1.1606144773125262
