-0.2829698711382515,0.1531669866732709
-1.186804073222173,-0.21977563253615684
-0.3699463265260705,0.03218800063444663
-1.4709038733621966,-0.5371954630689455
-0.6626926164633007,-0.08565293563662835
0.4148694703871789,0.5206620517836872
0.9083790975124377,0.7665235604069823
-0.147553874686003,0.24073043646197206
-0.2920951612907436,0.08774924649956364
-1.4980174210413941,-0.3900772358793517
-0.033253834436135166,0.2800700615000997
3.109513061598074,1.7160560402679434
0.8602730643156213,0.6784967505414328
0.9945282978822387,0.7448466991519266
1.1335579915680163,0.7927455911779367
-0.09468418762004516,0.06165352056924148
-0.7982920244509634,0.04579679079933885
-0.5954775982927089,0.0022414381240459034
0.5247471892898252,0.5092195849571972
0.25868618485367567,0.46146145051142934
0.7304250530323414,0.6298136604499031
-0.3926435801586251,0.033492899830411024
0.012504593979142498,0.2138310648571785
0.0018406958975731632,0.23812468463226277
-0.33190803799585533,0.10885340713688342
0.5479893218600234,0.5877054650360545
1.0129233509670734,0.8409145060922537
0.9839076707852314,0.7548551609144935
1.9840687212099555,1.2801824379280775
0.5772007411488852,0.5886167936676845
0.903000009963047,1.0507097235305365
1.0392020232898642,0.8754607158606034
1.2215317574355624,0.9958479781102675
2.536700367087314,1.5109582733842846
0.5314028386169699,0.7498795677809644
0.23416443754730615,0.3583832353824764
-0.020826454428719332,0.15071917832107207
0.12733197819692282,0.1336643036249806
-0.5664932931706514,-0.1138648270654434
-0.9431022056695328,-0.2369719526536998
-1.6753338755411908,-0.8199634417844044
-0.5389109152853055,-0.043936597306590094
-0.4851874222754158,0.08028443662711982
-0.42056764627754195,0.031358762386663706
-0.41983775837089177,0.14625387438387702
0.3273513765883296,0.5668999039706029
0.12842725182270612,0.40910032673314894
0.41081855038903137,0.5797875241107829
2.3394576227374566,1.4524711278457736
-0.677863560396406,-0.16334705647562942
-0.0951506293957477,0.39924728837362666
2.0076744105374407,1.3177538934977704
1.0065778447728944,0.6777468827319434
1.4169010973275715,0.9804185140479514
1.0455549085391067,0.876017065966867
0.4532397464572472,0.5956436794417849
-0.43967850203735714,-0.07397366410521936
-0.6708643494495605,-0.087621505205394
-1.7737118856802765,-0.757687844581439
-1.3971353114345324,-0.5311610096035052
-2.2140969044263956,-0.7917027275502203
-3.3485473860271497,-1.3837736121635633
-2.074055056351745,-0.722673958548597
-1.882449945129299,-0.9122988669938994
-1.7324847212303156,-0.6702137778112248
-2.003948493329312,-0.4904800622833045
-2.071246236683096,-0.7580383575767862
-0.8725304501707641,-0.18581276132327204
-1.18058675231538,-0.5207254123727283
-2.0549286660761568,-0.8101597794778719
-0.1138331379354347,0.3777030732769098
2.426996453612084,1.542641838883642
2.870902267725306,1.621710390613342
0.6271687848487576,0.7677185459217705
0.36441834847275234,0.5289875581795218
-1.37954005912653,-0.3148869800381509
-0.46846014853435547,-0.02687818799570503
-0.7900571530463706,0.021192261435625123
0.6748739283784386,0.6541925156965338
-0.42642790523984997,-0.0017790905562177772
-0.7182637885988021,-0.184390283988579
-0.18121610135372118,0.21703552127810224
1.002496077032929,0.7832265863247523
-0.5511875067422651,0.08871433953891754
-0.9088095460390402,0.00193239376254295
-0.12693500025621762,0.2984845046897324
0.6114402859722733,0.7083132588299947
-1.7954491207201202,-0.6805550339736739
-0.7558106234679502,-0.1121482365905575
-2.56213821578503,-0.8583052734302223
-1.3097779751234837,-0.4760022543169036
-1.050558669750766,-0.21957374224634096
-1.1880300597519382,-0.27293612777493464
1.4613529487070869,0.9154039680799984
-0.45362000575365924,0.0017275978914147866
0.5849545403809897,0.3501111360104523
-0.09801478265704178,0.06460502612217367
0.075338669405886,0.2984091130281986
1.8590091350136346,1.3534637460672152
-0.42636632955708054,-0.03902456545396285
-0.5669209394266681,0.08658387430537144
-1.1444588186122422,-0.426982158801968
0.2581643511270849,0.32575154380112953
0.654015161093821,0.529059265461939
1.834501247335269,1.3581372303217394
0.9960826776681869,0.8240071855030071
1.6215786352491932,1.025873227292082
0.8785513182871071,0.6050014428971747
-0.38091839918392,0.18411777046820574
1.5089659591254596,0.9883773050593156
1.5933166084987127,1.0889599902453115
0.23765225219813457,0.49207169199100786
-1.1138550542938765,-0.16676036453487061
-4.22080475811554,-1.820753050768747
-1.7284379385128221,-0.6772986259945112
-3.0511664623042822,-1.151560640260576
-1.4125828578125392,-0.4353939370336025
-0.5977826099652329,0.006839209605452894
-0.9574376923160084,-0.1875768392382285
-1.8984139622486604,-0.8509412795673389
-0.8270759001300365,-0.10327816688745411
-2.0821313959667322,-0.663175040007806
-2.50429009389463,-0.8311770986529382
-2.151360381579545,-0.804516001162247
0.659688488661651,0.6890654799580395
0.24669479950177553,0.47553339715928744
0.9643331781561069,0.7162055139647445
0.9680030070362181,0.733314098424904
-0.04545501247952077,0.3940787854766932
-1.7095882813460967,-0.6876199611577709
-1.458398495160873,-0.513965578795851
-1.5383561053691053,-0.3196672771555627
-1.4320755088998485,-0.24314809056394154
-0.8077139383409553,-0.23769754359943032
-0.7999676359216026,-0.17364973449670382
-0.6500581067714388,-0.10537162306698629
-1.8865915632926806,-0.6194831858544831
1.4621551099304104,1.1819588124033507
0.4977042812105738,0.6531987753746956
1.2862802646906677,0.843117500891792
0.2514676472933931,0.38213242039384443
-1.1372593560632724,-0.408100228307122
-1.1430964221265754,-0.3937864414120511
-0.22157479112969947,-0.003809744672281734
-0.5747811402003333,0.023603778840165547
-1.7692472223401554,-0.5755410245939635
-1.7932298634551933,-0.48604309507099036
0.49073428884220016,0.23823935149013264
0.5226535325764164,0.5523627160545409
0.5452140448135622,0.4674982286412814
0.6444251295617985,0.5793909443685586
-0.5091567019670725,-0.052993219846827755
-0.3445549444533268,0.2532364170012925
-1.026990559072281,-0.16431482671788508
-0.4529055011504637,0.04049849544773242
1.1033016066241819,0.9264311364897425
0.9550142033171081,0.9875647117590193
1.8482799964107928,1.276135316121376
1.9190758343963323,1.4173540862034215
1.2899422340823932,0.8767309226878337
0.42424619020651533,0.39728418574868657
-0.3238704468325151,0.12267480899717488
-0.2848621703795053,0.16380477738593457
-1.4539554573353493,-0.5081958348740292
-1.6392674777028868,-0.44660239795177986
-0.554124434798619,-0.272977991114191
1.1905990978976,0.8420569903993426
-0.28946025967780276,0.23954212604491693
-0.9739855473881509,-0.27703737101399917
-0.36982478221585396,0.18362073601777487
0.6285845643784292,0.6203761735749358
0.9476166465563229,0.7693799531280545
2.3441582408687274,1.406422269637038
2.827767970878803,1.8427813906572827
1.627101606642833,0.9417332325163199
3.2809265552035614,1.9453291691314247
1.6873628006854398,1.1935232918916723
1.681123899542961,1.0252923849142772
1.023122957726484,0.7411441629392705
-0.08034513411023536,0.27173901464197603
-1.5308211891881787,-0.5046746916859711
0.42544700683821135,0.5464076693858149
0.3913283727141471,0.4218937928500646
0.17853375600346083,0.1649644239538499
-0.45914472747882273,0.14995453558452165
-1.405413700524954,-0.4309700968151764
0.2475304973075252,0.40712133315570465
-1.1452496129687417,-0.44326892421991687
0.7543267073094421,0.6520242731120923
0.8481263835007596,0.7576020863631526
1.6612827292470316,1.1031991840218491
0.8136722589326841,0.6966808914825409
0.13643403154005118,0.3811000474178355
0.4251347149897501,0.7301431462002133
-0.7500056389620309,-0.12502776128954912
0.3708788592826001,0.4582077647290304
-0.2093931901251958,0.12475050510579248
0.8284067208596939,0.7084784417369341
2.0446003089687954,1.3597227253379587
0.5964546881839417,0.6542218146525369
1.444015265072047,0.9539724317540917
1.411481453440874,0.8953930835521374
2.5391556959349235,1.5732469814730177
1.4998133679064019,0.9306983642557808
0.8248375160131848,0.6407712959274666
0.8551959116535661,0.8478318528521083
2.044852713803339,1.2075779095376038
-0.05530587084674132,0.27312784869843115
0.8667421719992859,0.983808581078891
-0.46317660434193697,-0.07945329492132619
-0.7269393592677742,-0.05605051492630902
-1.8441761141916126,-0.5114609610906758
-2.089865741672381,-0.7312728331448707
-1.7225760905556118,-0.44546819675852595
0.2897767674156395,0.3504708618245929
0.49608509098134435,0.5460715489728939
0.4839890966633444,0.6933921795343255
-1.0950042060565441,-0.2501413463892241
-1.6316934883699368,-0.36046687739440086
-0.8802989241664347,-0.2751760413093005
-0.737554367070596,-0.11051403846899734
0.3323221036505487,0.4430905474274406
0.8574730559583115,0.7180901786426787
1.707858503077205,1.0300378195144342
-0.2778627148621613,0.24195554172932013
-0.24077911003548486,0.16309970294813034
-1.2797308378367862,-0.3267272484280587
2.10477819510847,1.4612639881209961
-0.4626878570133157,0.07845600156430846
-0.8308910828857023,-0.1442818185110686
-0.665138162179198,-0.056211019754602964
-1.7109961996286225,-0.5157316435003637
-1.6396301407647265,-0.6610053023454489
-0.0451832245496695,0.41276301460325027
0.5418581390681354,0.5855844698608276
-1.2849315081717811,-0.4461059542029098
0.3138160364910949,0.3962902673101976
-0.42883207803969353,0.06489742234793532
-0.7421789540586354,-0.1265967634147689
1.0780365945776778,0.863480539500577
-0.38267236173698327,0.24109914821884845
0.17209361211877572,0.4506088987775585
2.4483406165816373,1.5940663558933568
2.94428957323529,1.6574151050196877
2.73331285733933,1.6482960776559807
1.2772170575231843,0.7919858532651919
0.8724700308498301,0.6969285697760456
1.34352585530462,1.1949915103021878
2.1206304978309403,1.587191049621217
1.8437421490905725,0.9692120928791466
2.089772514913669,1.316395066072713
0.3222692411991417,0.5061061043428439
1.6581337012250656,1.0555266760497606
-1.0048527634747586,-0.21506178752554406
-1.2152552811403439,-0.4533793823214171
-0.050101515750248016,0.16852341656395126
0.6080637530619162,0.7308135931004309
0.9110364592273249,0.7639525320015141
0.6719745940690722,0.5940036170524963
-0.7381694518592841,-0.13894707128555364
1.2364366951189694,0.7246450532730812
1.3282035679444926,0.8865283934928836
2.1533869352405564,1.3676777079542997
1.0676995087370886,0.786226050780857
0.09489012526133833,0.3274881316367485
-0.6729492564677131,-0.10463570139218273
1.0161697457606476,0.7416690534743466
2.0976826931561368,1.367217135031883
1.7284858026195962,1.0966210692956275
2.3007791336094447,1.3656415370633588
0.3226024250527143,0.4540573989403418
0.8523941239119259,0.5853415684326583
2.3079830878527225,1.6191955785730645
1.2624604191807096,0.953408944468838
-0.03812780512385583,0.39964729230609924
0.24326420987275807,0.390430642945495
0.2342394169558012,0.36999233162532014
-1.0808852041471886,-0.12917476214340418
1.3687278439331445,0.9839593522007404
0.5344516403286992,0.47378445935058217
-0.3846110811453313,0.16158877405380478
-0.3265612015989654,0.023699731828789844
0.8486334488257714,0.6803896864021711
0.8180587077579571,0.847463070071317
-0.30455379180524444,0.2188347992955873
-0.9104507532505688,-0.10224919802246227
-0.35433094621621253,0.23040642114027718
-1.9479243137967441,-0.6157423114214929
-0.4900473676807209,0.017209874730417463
-2.2531679389625374,-0.8477377639636199
0.11732026226223491,0.32808803949088844
0.9151552858662689,0.8027458922514638
-0.97016219973891,-0.17514037144412314
-0.8041234694878866,-0.17618407873487407
-1.2033007170724561,-0.373557231372118
-0.9444289593944433,-0.24715045087091297
0.12285683287016791,0.10158803237223907
-0.7054819534154394,0.019344814679246855
-0.6199906110305743,-0.17460259543312584
-1.418440528278675,-0.49112816694985645
-0.946055637359563,-0.1973766109807159
0.25845825969387815,0.33578892513385233
0.5066940962245663,0.6832802203876364
0.9297745289228488,0.7463415140869523
0.7981333231321025,0.7825957341157268
-2.065946574938401,-0.6795498742846575
-3.0994394080893377,-1.4022204072042332
-0.456502181805177,0.16248361039714893
-0.7179003245252153,0.010300453446272909
-0.6542597034488409,0.04610810357655838
-0.40468236359521137,0.07908904230075595
0.8742779399749838,0.68146080747828
-1.296415155867302,-0.28082028187836044
-0.30758754612712713,0.06279246877108731
-0.35459698683672797,0.27638831731105035
-0.23166130997589907,0.21046464709914772
-0.25284970737740803,0.10934998387583043
2.4155280399956456,1.635530996071692
0.6728072363505302,0.8469588486572828
2.042515077308984,1.4903243189974553
1.4285642947506583,1.1553967569334094
-0.157211720807665,0.22100658249527697
0.16576874828028754,0.36285757606184327
0.2362699881309901,0.3722242357019345
-0.25334733503868234,0.20918483964343232
-0.32678844944988317,0.14601964308232657
-0.5072369320108013,0.04323136647813359
1.6265217833790535,1.1297894305785265
0.06919132319294008,0.21191236509538108
0.905068062541407,0.7762218965780894
-0.44448785739083996,0.024852443072196938
0.2277041817480226,0.44308803134262764
1.0964546302522407,0.8552921315865544
-1.0681656161321005,-0.09784205848809688
-1.9802183349857234,-0.722516369016148
-0.9850092298339367,-0.24853178422400582
0.8338151576569272,0.8078148012365429
1.707638794490926,1.0730943239480775
2.702597072650648,1.6707642792467752
2.6116894035194633,1.5741682021095937
1.8563912988139584,1.2093736403417628
0.18787329730058755,0.44918019336518034
-0.13629149928526377,0.21131697865770152
-1.2441348363786702,-0.40976789880652964
-0.2997642320409297,0.09357427869129104
-0.09421322175458,0.20081730448188814
-0.8775822083537688,-0.10221294125985311
-1.10271013992463,-0.20321066339161692
1.1337142568115048,0.9521535543845401
-0.8551629040118813,0.02269315264908242
-0.16394595465817363,0.09532996220786427
-0.9364210029522096,-0.009294701346986067
-1.747054608473242,-0.5893512519331251
-0.8965714823039621,-0.08086980329556387
0.22340643873739907,0.5074001516294903
0.4218165903464922,0.402890398003608
-0.3102530080473222,0.1813791730645618
-0.43514509078537034,0.04243280087852347
-1.3730823140910788,-0.5029282306210278
-1.2636049183385984,-0.300572727865383
0.39309703801801343,0.46855947979584456
-1.0560748294464293,-0.2089770486315521
-1.2124998632378605,-0.35721044470620683
-1.8425229035427626,-0.6276005871575451
-0.9524257502131853,-0.22524919236303625
-0.030065466001879315,0.3012399674888579
-1.1490794101908137,-0.16873884972002978
0.39826077096587065,0.5626952861829911
1.1643711184138081,0.8152356259193807
0.5870835419964795,0.6803311608371815
2.2530782954088164,1.3533342856665047
1.1156087649200142,0.90821228075269
0.5229232156281582,0.3921315967701533
1.3296609944362316,1.0029397044279496
1.9956150245451412,1.415734596103045
1.0920638094387385,0.872187470910843
0.3819216048541398,0.5863672490352326
1.0503798934736939,1.0286397917422956
-0.25201564585724423,0.25643680252945045
-0.46030364557611714,0.09119906520432117
0.9304682772070749,0.606915671132294
1.0339664768171508,0.7768543027938074
1.7335108123099028,1.2953290645958933
-0.7706545719342794,-0.03737726410439721
-0.6503187669679921,-0.0424443555638391
-0.03430445777621405,0.1992033030545673
-2.1864272066468335,-0.8801984819303105
-2.305401833859116,-0.8116896486541438
-3.1491401107447192,-1.191290013807084
-2.5557109241700173,-0.9741735336627418
0.4996218409778721,0.5567035497150307
-0.3814070567206828,0.03227651546892095
1.6415992092474967,0.9545862915035697
0.36001915820212205,0.31833488375834057
2.294931446625732,1.5196339855620105
0.6345443219261416,0.5814686140999238
0.8524777443846575,0.6212926556220617
-0.13628713550463145,0.2667113435675033
-0.6146140457753273,0.021282489532483257
-1.0450032599653012,-0.1172998818478577
-1.7403472962597788,-0.7008912860069807
-0.8311729521489108,-0.21128652342572973
-1.4840155259259014,-0.5212949729388124
0.8583980112903281,0.666021017356851
-0.007062909638263393,0.1653351304958277
-0.5770717549256612,0.20564804954334176
-0.5436167878425328,0.2624285566416438
0.03694587912077074,0.3044759515412526
-0.2982593321713938,0.1091100767071427
-0.689992831418772,0.06420781121084597
-0.8702058641957451,-0.21749105670131802
-1.021103149627212,-0.10822796183059753
-0.22006738243941792,0.32320923770803134
0.29193655421962733,0.41857572392510634
-1.016789302884425,-0.210833154709539
-0.02673369102844536,0.3083466991776605
0.14027261993026238,0.2065387958161641
0.7861259321971569,0.7354455965614878
0.6485632332789661,0.4182768160215993
0.8900304857653354,0.7027929364892676
1.1739847281865976,0.9129718700502689
-0.8056118825327954,-0.32188477391805664
-0.3203136654834727,0.2081257276907019
-1.6212472024638185,-0.5363819430556963
0.3339964872536727,0.42858487517139415
0.10447113314244594,0.2406224596020489
-1.0066666911328075,-0.16370016983851254
-2.9971729453906457,-1.1321776944529502
-1.7748380555596164,-0.569797069185517
-1.4210914573354954,-0.5110688739937772
-0.6852945854524272,-0.17800599112725699
-1.5279893876118762,-0.5103254781164893
-0.24018734734696778,0.220939652147211
1.003487397502341,0.9390039955995269
0.764260120102258,0.7318026376063816
0.8714447657398319,0.7416728975816391
-1.494140148053872,-0.5129052535314148
-2.09127599976809,-0.774738061129538
-1.6255336491015848,-0.49455206428723847
-0.3237778322516883,0.12462776586126305
0.1982518950878806,0.36015694091383244
1.2914059193610798,0.9642081100746541
0.95300270729534,0.8227660585307435
-0.037322427458198804,0.5114797992794144
-0.4698688260387336,0.11044864318165143
-0.34879224548051824,0.19626195554149567
-2.581368343974994,-1.0895866397468004
-1.3210125704900582,-0.46782285492741216
0.07654421019620194,0.2692944295868223
0.7847979952106952,0.7083625690045317
-0.4714725875424528,0.28884636498550703
0.9011234507846696,0.774575777212773
0.23072445521716023,0.3961074947982061
0.6937846815931654,0.6297303301728214
0.019817453574220822,0.2115201906005575
0.04958851859621291,0.3961358836700632
-0.6518790482162926,0.08025326617913217
-1.1075903895285728,-0.14782512560754135
-2.3055006341203725,-1.01927957506925
-1.4137623399864325,-0.24280570843279467
-1.2379440573485665,-0.360101544017705
-2.230708291726459,-0.7133935983264341
-0.5837548443474593,0.0005274140008944281
1.1952768617023728,0.8893718150348627
0.9667607272266902,0.7300240366133253
1.543941799252723,1.1136149091358152
0.3912712991520876,0.4715721567421779
-0.7430366273092346,-0.19513117377812736
-1.5555534256071955,-0.46063437594173195
-2.9811807738251095,-1.0778731361121578
-1.2016544728394,-0.20914052054565047
-1.3204755425891244,-0.39095962450142324
0.36459673766024414,0.6054502422729406
-0.4908604918957947,0.04417043627114855
-0.8786156094344001,-0.054499666373286126
-1.8025331871325572,-0.5857620321018576
-1.5164173741854796,-0.44164344409637357
-0.7676509220212506,-0.04749907632797057
-0.7208682014338712,-0.1905759312495873
-1.2751232566990414,-0.44698832173972863
-2.575417123597145,-0.9746264382603598
-1.4400959090707242,-0.4115081661548548
-0.35297912923079444,0.24856334692343632
1.3283844878372262,1.0280071482781374
0.6430865395584813,0.6496012616375941
2.581660576985425,1.5510354381081994
1.4062285800358394,0.8643831855419588
0.9558564835253774,0.8669539577530235
0.03257613950926397,0.2940555365623278
0.6013080075757167,0.6277736806440993
0.3457734725930356,0.4908729868203532
1.8634206768117743,1.2059702162840762
-0.2578129985186721,0.17982397601491307
1.4337845973250543,1.1686476904625436
2.2822330656045935,1.3824577943255867
0.7339316877529265,0.6097835886787715
1.5186930227081858,1.2886106683650156
0.3801044260194526,0.5334057274106674
-1.4896731212982615,-0.3836484907451104
0.5464616562192874,0.43419643934229984
1.1718371149159017,0.8793695787460913
0.7447679848740221,0.5306454582571455
0.4591862827751092,0.5307354935387842
0.7864485006074005,0.6318209222939187
0.709452542643975,0.5152833013616244
0.16372911792132522,0.3329007670417028
1.6486272563572213,1.1800660547343351
0.734432376032339,0.5943726630392748
-0.906200084427963,-0.15450592609952898
1.7863726470422936,1.2438377280921495
0.6409013974242341,0.615701303593094
-1.1159372736369138,-0.3559310063251916
0.27951901833343784,0.6381223091579513
1.118806715491636,0.7588168847175394
0.21932623348890978,0.2837535770980055
0.03665223380903751,0.20683258154337214
0.6079733964854066,0.6368003853297275
0.6461186440208481,0.5989826720689345
1.5538264099174897,1.0282106468115817
2.6920507829269074,1.7277864365578406
1.8110592840816393,1.0108363807620937
0.597231857532412,0.4717085361082684
1.3434785326801346,1.0559212283434716
1.4191443232811383,1.1352833937653917
1.0286970198678989,0.8497407266936166
0.9115044162063312,0.7296422658907041
1.555978563941889,1.155193021045776
0.08258608919430865,0.3957454163313184
-0.5890883265367528,-0.06159961725188007
-0.8424162377704096,0.011208667804876116
-0.4719460845834552,0.08480183094159031
-2.0585378956512823,-0.5701855312902991
0.18907568063336222,0.3640952249981118
0.9683755891745794,0.8388328820717841
1.1305908807151397,0.7736736060195979
0.6616354920711089,0.5620650363770042
0.43437529006786796,0.6405602449227171
1.5811814286421266,1.005402208589691
1.870629929360896,1.2730036025024312
0.9519612287267396,0.6272239253154623
-0.2770800663506561,0.10655560762730296
-0.5850777913744272,0.09597463748235444
0.5053808782499392,0.536707668462763
-0.6264402827960163,0.29768082570642235
-1.0115960050602635,-0.17678285179729006
-1.726356127981889,-0.5220368714470458
-1.721345244112538,-0.46940740555789734
-0.20042315722942905,0.18102717256340406
-0.5606170725408309,0.1092880708250686
0.3855529897238317,0.4285537157182637
0.9001406006411886,0.8916146411105972
-0.4281799958772189,0.07481120894057568
-0.5918760279805211,-0.08003309797354653
-0.6587439595216859,-0.059914771228319785
-0.899461923371917,-0.11578319317932262
-1.1294181033090382,-0.32410125690086566
-1.2966680773980346,-0.47239155088262014
0.8613131736559546,0.9305772919469674
0.30159107919618994,0.39737987162053073
0.6961044734366805,0.6303319337507415
1.7240656643437637,1.1579642389329363
0.08797773360896888,0.4378873830080223
2.1937779733715383,1.4590079877284656
0.7979346986344984,0.5582589937383597
-0.2164055863363602,0.17338207032806344
-0.6412312092730452,0.09557975808746608
-0.7271474157298984,-0.21159554559449584
-1.590767110315717,-0.6159146162052488
-1.2005299209812297,-0.20458108385751242
-0.9292702079729321,-0.04382352375173226
-2.062957195534299,-0.6768363162906159
-1.0018769666050138,-0.10839694540573978
-2.05495595463031,-0.803909082897355
-0.15077203641343717,0.08472928875892374
0.6559539053499419,0.548481029726392
-0.046915784307838715,0.3871257149859235
-0.9860633495192112,-0.4473926143877259
-0.7396679115365118,-0.03935635466326902
0.16447758907870913,0.3438944450332497
-0.2633170213372499,0.21613468531772356
-0.6232313335238031,0.034266975144018386
-0.5850072242577224,-0.13278040093843627
0.5216816552558776,0.6242682888556428
-0.32698361531981573,0.02156925568103016
-0.6819196499038818,0.05329139230341656
-1.2101227838304625,-0.46189979602528386
0.6598506935059477,0.712754969041351
2.0557010555881607,1.4041298039726642
1.9234322127772838,1.3480786086521717
1.160484198537946,0.8210960220052353
-0.03280771950417838,0.2798699674863882
1.553326391550936,1.0148557818251243
0.2229072588734704,0.4577827220177554
2.3539266761026654,1.4046536752743275
-0.271649257291805,0.2993505136836141
0.5293676759407391,0.3253146018587826
2.458092067130044,1.6434160952188375
1.5267778973700297,1.088885850588685
1.4051511754364174,0.9620322767864752
0.6148830902561531,0.6241951581403171
1.195460555924491,0.9265869151780699
2.180022705532165,1.4926542291903526
1.8738971259232775,1.2869899912981435
0.03446518693529699,0.22145905718891987
1.9298551399858206,1.2994285872982103
0.4628304520323526,0.599899533342922
0.654403317441789,0.6360007217977427
0.6559221966606146,0.6510658077920602
1.0006783181641443,0.9853419955632057
-0.32894399816837083,0.14033560099453196
1.3246736877392673,0.8539373969132604
1.546364403379985,1.1374546140348651
2.452989608992924,1.4267235861340466
0.3572862245930998,0.3750631975834927
0.010867606903863125,0.1896700605320389
0.3138108454327946,0.3027644302039459
-1.9859762629593027,-0.7362833511700279
-1.9300691448663185,-0.7809443663991824
-1.8259797054957532,-0.6516645216397408
0.20212160866860707,0.25126280204445706
-0.13041704275953536,0.01795248141918318
0.5238632847875595,0.3990961312207739
2.222056832111932,1.5767026302799174
0.3940654541501646,0.47784623791873904
-0.41767238521628985,0.23774967942171846
0.2872288327728818,0.4978019383957252
-0.33122725272862896,0.1149967406082083
-0.7392875580222572,-0.11957661059484147
-1.1112231256713665,-0.22743627487701543
0.014446486762525468,0.6297897028010866
0.9926526921733938,0.8735357756413344
0.174016924181013,0.3723557385938486
-0.2526537179933278,0.29338281125035226
-0.15357654261967063,0.21981146186388803
-0.15829459269021134,0.14832779783953226
-0.699967078864347,-0.02890760291548799
-0.4006199860853493,0.2026390696246118
-0.651104506613814,0.13914888925803426
0.5738168399849486,0.6100403205060929
0.633121567940175,0.5570952676521028
-0.07219475558471822,0.13237623341757085
2.414272432076695,1.5086476134373499
0.5617798180035188,0.5236295660789878
-0.8841390426535026,-0.10987266273261423
0.13848718752404987,0.34547554637746153
0.530414365515027,0.4265312523253385
-0.03720508749367485,0.3518999772779846
-1.2655996204490914,-0.41582737721216423
0.0021851956634505454,0.23271994369711263
0.0753602876849146,0.4611475406740084
0.5137498443395143,0.41204709356766395
1.5426747895514252,1.1149996933236082
2.976831667437867,1.77732074270088
0.6367107546372919,0.6771582158456405
-0.3467163440919425,0.2647576003215038
-0.27084702432959007,-0.0037763786623374873
-0.725397392937603,-0.126088050238958
-0.7459710441147116,0.00929808145131529
-1.7888631195406361,-0.7424917138800398
-1.0979181843519479,-0.22608966371560102
0.15072588695727573,0.37306071144937547
0.5217338448095591,0.44858421327821907
1.0857544893452566,0.9743639738406316
1.3432716753994303,1.0220226462204776
0.3983646701861886,0.5724956557116692
1.3291553091701964,1.0628638064231266
-1.5404703453225115,-0.6516764095586456
-0.5176054548649042,0.09653335262341561
-0.9948788731597047,-0.157112443732435
-1.2029953387922028,-0.2675098684723164
-0.9845818743887851,-0.20956370731770627
-2.4154451771463243,-0.9906554443585939
-0.3026697116379836,0.1034484320015906
0.11386764146540512,0.2237386224238961
-0.18165432766417972,0.12065417649980321
-0.992806066664466,-0.20714771090029743
-2.3263815826829606,-1.1248854147973937
-0.0487129763594607,0.26738382302483443
-0.6590356521176208,0.08549023791789345
0.46322552557616836,0.5494029312170633
-0.34629244602638315,0.20041534626464616
-0.002629813442498685,0.19624654776838474
0.2966622150501301,0.47358356592971623
0.4424269001144431,0.48643416781684173
-0.21756654304843587,0.11797711278474261
-0.26775579778453484,0.32428798942780124
-0.656884291683014,-0.06298086655041592
-1.643066860073566,-0.3615173494999352
-0.19132200864183424,0.2067912281993252
1.4905049390100666,1.0736315636879425
1.2956097327431668,1.0797797757356582
2.1617504659953877,1.21784861348125
2.4264194168123936,1.3774966600013483
0.5645314637472773,0.5297014623546038
1.8083995001364266,1.3001550286690324
3.9390287089496763,2.2088506602714544
2.324999598213139,1.464834724310212
0.3931648639181773,0.7048349247361729
0.655854952362251,0.6353898357809968
0.4710785665153244,0.606347307660475
0.3309616534458871,0.45735424531080293
0.32410693154799125,0.3434596000858376
-0.3231529776127798,0.19122501973969125
-2.58309110988755,-0.9213758498177862
-0.655068690942168,0.1754514010745608
-1.025863765450153,-0.20026873312289536
-0.309370616954968,0.18585435234343972
0.15120620558251135,0.4197636717392796
-0.4287857454005638,0.09895017672143375
-0.726493978810351,-0.1326960807662334
-1.65724392474004,-0.46909966391404956
-2.2000278944805576,-0.6201553365974948
-0.14659056660097336,0.17550547402171657
0.4984121823775022,0.5033725499060502
-0.7383725459518243,-0.020924343494035484
-0.3133488300433387,0.37488879338448
-1.5951727855365108,-0.6403361955337887
0.6977073867535453,0.7531868876453196
2.2265009625209666,1.3377410757331223
1.1536714334943576,0.8040098748248308
1.7021854987451155,0.911897981831865
0.6337343966919247,0.6134968240203227
0.09999139440261307,0.4305013649483468
2.2845339922509376,1.4056823782826304
0.5097925724164203,0.40969491781358924
1.1895071081918203,0.8198972276817506
1.2084243258756189,0.8879144197378721
3.528132704606796,2.007455739643662
1.4889071886184313,1.103992755118293
0.8764293563506838,0.878090154477041
0.3624744252529075,0.49062854076256696
-0.8273574422626552,-0.2780415189656628
-1.274806279817138,-0.3588637625074097
-0.9969097793523851,-0.20210636421201997
-1.322649876826087,-0.2796912573289636
-0.38305802082548646,0.10925837123453996
-0.37342634644669725,0.14191109541399036
-1.182685746495126,-0.11645012341656627
-0.8948714682400382,-0.15195882212132614
-0.8144074538620589,-0.06078360985691988
-0.26504797189248147,0.24757728584725108
-1.0144239926456518,-0.1721959921047151
-0.057486339665622,0.220994829361765
1.501890459599824,1.125292200329557
0.4769075286488583,0.5646332921427483
-0.32172822684608415,0.17389760192813608
0.07174510965702174,0.26782175627350296
0.7080590162929135,0.5730205930448985
0.6106074754607768,0.5043296343311122
0.39043497884604667,0.5409131176741637
-0.7059106538401776,-0.1187377572244591
-0.36369398474283515,0.03673127416619244
0.05226380645649448,0.36269073309615313
-0.16989810153011323,0.0453827734386697
-1.301431151566321,-0.2753046172625839
-1.284772399498065,-0.4511554861384999
0.2009745838106034,0.3112517698691907
-1.9734337511543996,-0.7309723830653697
-2.2755685638797996,-1.0227126575079466
-1.34299281995325,-0.5149730423225416
-0.20649498365343144,0.21907032199796583
-0.1506354163382324,0.3102142129269098
-0.8459389016401707,-0.061891653819177134
-1.0011422617117727,0.04599841609680816
-0.46555814423684766,0.07991732632456844
-1.5037204152888162,-0.4648183244584266
-2.711282913289063,-0.9066778956256408
-1.6024802824808089,-0.5343728110376665
-1.29720746875233,-0.4624410167904346
-1.0625759510076427,-0.2620068138145978
-0.04195637403880581,0.2342541269735166
-0.8232843496766862,-0.14628942995592914
0.03718958599130917,0.3270182864913628
-0.2280513055801252,0.3028670859818325
0.06794899514567634,0.31406809472178443
1.116783154863672,0.9406883669129227
2.2524807107729665,1.526962111357309
2.1284787375976024,1.384692552331219
1.30103071194317,1.0721667865032747
0.6414004529184706,0.4815454775967376
-0.5888171465933019,0.03968354315379646
-1.320974120830952,-0.3920827459537976
-1.6867287991789008,-0.5180673862177483
-1.1477692777669941,-0.3881691735409841
-2.152380777912654,-0.8503984326348892
-1.970167357078414,-0.6521135025743532
-0.9552552633938554,-0.2411792749937166
-0.7185880471289637,0.03139326035324291
0.5488377944412461,0.6011232816378534
-0.7852593726747852,-0.20646835822284176
-0.9939550028364941,-0.06602667777501245
-1.433363683748515,-0.24436321093076935
-1.7599560001550865,-0.6531541569960518
-1.3728595178051453,-0.23556621485333906
-0.8982172744052761,-0.012884702343400722
1.9007376685398296,1.1529454465049902
1.7499258070936348,1.3407817220981617
0.3148113828094028,0.4266362481748641
1.0856623600887227,0.9022076423168052
3.4019432563326544,2.0166844289693775
3.7174799000852725,2.208984419789833
2.5191554992783294,1.399288301923161
1.4824843809258994,1.044234015685131
2.333271187801437,1.4051530875550928
0.41046802908246527,0.3900618143058403
1.3119896576434977,0.9430640343971531
2.59519060660859,1.6342842607511803
1.0015208519820125,0.6956159695033941
-2.4149763350436495,-0.7732600656196684
-2.131532276641036,-0.7210163217911246
-0.6938302842606046,-0.0954632677163128
-1.9101127143078014,-0.6181829911234566
-2.830495732710024,-1.1423453125673435
-1.146910684604406,-0.3098314664893855
-2.34071608018338,-0.7313232826295718
-2.247514587117678,-0.856725582070939
-0.48106326882492,0.1741224539806741
-0.4791122735428072,-0.058679184297384335
0.06884973828390639,0.4939513798393144
0.2969978205508246,0.43156614903639534
0.40992498135107347,0.7005734430593485
0.6277071148161124,0.6377433224838083
-2.7406586646143873,-1.181070760703002
-3.022314868079003,-1.2636941107037316
-1.8420499265060966,-0.635002620871148
-1.4428370379986903,-0.4813395069405636
-0.5198202717506614,0.07337076956821872
-0.611280908294085,0.055919337344392375
0.8900187205973616,0.8077736870159065
-0.6976146526739884,0.1677419877971662
-0.6220853458097367,-0.17778405489223045
-1.3881823727395792,-0.3227789870367506
-0.5293088994506487,0.16079698511635301
0.1462360257627418,0.292988625966052
1.0935953068285122,1.0004752974547846
0.2876498642073939,0.4845231055241301
1.3878757181468229,1.0406019578751355
0.29395531226045546,0.46066108949268125
1.1218200176506616,0.8967290142347645
1.128904960329168,0.9349944260366588
0.6203125169074793,0.5417986535157746
-0.383554398511341,0.18280438807773303
0.7421357238640587,0.6171652572459873
0.7440945848240089,0.726325651504659
1.1594490530211161,0.9223791636718448
1.1157880227613692,0.9342218139586308
1.961760466087633,1.255510831888831
2.6614431249853974,1.523182123823964
3.0892814854012376,1.8710144208082564
2.833441397372774,1.7940007495354533
3.4862658958024006,1.9147721476300146
1.6558691098907254,1.0765090339788321
0.7685516388610381,0.7090419430023445
1.043105818461956,0.78266706349268
0.678776432598392,0.7051230792951958
0.19867756819435173,0.46490701998148104
0.20397438324230674,0.42235205884240573
0.21903913960682417,0.5327087398023866
0.7271760523818089,0.6528583172247638
0.26922683886465615,0.520546113663939
-0.6961606022501716,0.11655620809908965
-0.5253215086348441,-0.041203986499124004
-1.4185055608587467,-0.5644105707470237
-0.4098351844088687,0.1859215126523922
-0.3649344224541386,0.13609798736326129
-2.800172980611609,-1.1257472395302093
-0.8756386632092464,-0.19859228952128927
-1.0746799175069182,-0.2600149042520314
0.7571349005856376,0.6300313946563425
-0.10118489037691503,0.30498821649991736
0.1898292807396952,0.3528907298326016
1.0034789770835413,0.6958846312860477
-0.7212685129466657,-0.14652429496421598
-1.058831397711239,-0.25999418744455105
-1.0983205579308968,-0.10927942733354853
-1.037288355552699,-0.13934163609119837
-1.9634422465201198,-0.7614947001336807
0.43741012085113473,0.4196789521582307
0.8062410255279517,0.6756161000176084
1.716594378389487,1.0859761286756417
1.9254113514972286,1.2887452858351691
0.27206066370542836,0.3843769912820755
-0.11737620423382045,0.20124373526395484
0.08980439298188507,0.39223865797708635
0.2629748154482324,0.4159640993501092
0.7368466715216073,0.5542533618164871
2.7996400112025985,1.6831683907483976
3.399534343961767,2.0250049139608954
2.3751893990908624,1.403289530170348
0.39061189437597976,0.38131029628436897
0.061140636251142355,0.3084865089248601
-0.6646733202750309,-0.11532828257269301
-0.7095957017061983,-0.13163033277064096
-0.6164135161286081,-0.12278126655075561
0.27620896098833214,0.42330900197412874
1.581301282071796,1.0871081097517215
1.0620928484945125,0.7029891686146887
-0.6491264124493417,-0.04347147469510722
-0.6497461854550967,-0.043161986476161804
-0.6541851153487616,-0.19487620461953997
-0.1852377658733591,0.3114019433615344
-2.2046173520238868,-0.8758771763602604
-1.8415678528513149,-0.74854140762935
-2.1775106690968196,-0.6510924633996898
-1.6329415863843728,-0.5143809726394037
0.12291299507599907,0.31242482006550604
1.5077473783622806,0.990799814766428
0.5611309213451463,0.5418627187753784
0.356540597895475,0.5009849514394613
1.4110251083020322,0.9745534696677504
2.3906378970543845,1.4477519981425115
-0.692368278405372,-0.07016820893942387
-0.380057343005758,0.15282841880030887
0.024838156848535797,0.3869347242565959
-0.3557229731355842,0.16903364836695514
1.6212000701489782,1.1271132799956525
1.0151049355690407,0.8719178594476953
-0.5202725258231796,0.08221558584123698
-0.893069318685012,-0.21823262874931504
-0.9922792401036065,-0.2207491351644053
-1.0345648924074613,-0.11255668009052544
-1.0392050594834672,-0.19797608391729143
-1.7121319837355666,-0.592034473018191
-1.4675716226850815,-0.4186362101474599
-0.17022251614753647,0.24160133527632424
0.4086974344421423,0.6192842948341792
0.46407701398567924,0.41935291258222485
0.2136872694189234,0.3574385656242956
0.5719490615013596,0.44576642674967637
0.07394821301204568,0.16968273365506845
-0.8961816468170927,-0.1498580811922861
-2.0599596997069325,-0.6631717720046828
-0.7809304192455648,-0.0459347190593672
-0.293479497899152,0.10652083246843172
0.6283717565542783,0.4837797887552767
2.0395138896974703,1.3772555965783055
3.1414235214988047,1.8253000255346163
2.4382204779292795,1.5401850644802049
0.963432570492827,0.8760113365571023
1.1286084724267222,0.9851088116546753
0.3223086783594372,0.5071408268602977
-2.5734510740173575,-1.0353779517985353
-1.4886143145911306,-0.5551268016788582
1.8508798856846447,1.1234789885186185
1.7958890709654702,1.3497954901833902
-0.26208711272346585,0.17886952568534534
-0.5904692409308068,0.008730206737822266
-0.6244133736361329,0.026364011150253455
-0.6407489864471239,0.0012241090301453976
1.7440371572946862,1.2493842376409938
-1.0285039116122514,-0.23090951252225267
-2.070815820405991,-0.7105808701391054
-1.2757881153093287,-0.1716869868092969
-0.48163728383092447,0.19356399343688746
-1.9911857308777763,-0.6681235829308069
-0.5472154603260344,0.12620276488088755
-0.8773815744546087,-0.02947210294704526
0.7054451387694504,0.6006105323041848
1.8144918496200542,1.2457951829605993
-0.3701685814643334,-0.037280135652112634
-1.5573485418450002,-0.48838735467975497
-1.4900315609656243,-0.41255537184103047
-0.03948868173081366,0.2667183269893846
-0.5805583416848104,-0.14574783261989205
-0.77903581100006,-0.1780231160122675
0.1675946431513381,0.261893814562124
0.5097195147630376,0.5327115856218407
0.11511713990025874,0.3982083339740711
-0.208733261869049,0.11337163774881866
1.054984992425345,0.7655598489799991
0.602028899403106,0.6952766701295984
0.9822982639825496,0.7671844384784958
0.43666645860842146,0.45686587975944953
0.8222516858327755,0.725284805873547
1.7757548318278817,1.3733652686426752
1.6923348809919274,1.1521170913338117
2.265175328516564,1.2414376872002277
2.46010753065317,1.4795278029762724
2.243332603438917,1.5897750586754928
1.9431069351338155,1.3648044732815683
0.6167448143097678,0.5872377540320639
-0.3971223201837919,0.04288055803141497
-1.3381139375352291,-0.3619180525789895
-1.536241398014182,-0.40079078574214144
-0.8795338918083215,-0.031073936560119836
0.7439207582177053,0.6785546061500333
0.2786033530207269,0.591010607201977
-1.1395874461269397,-0.17349431430028772
-0.9079494090703343,-0.2416159823835356
-0.9354884207998022,0.018100027592537482
0.1273330524886489,0.3389290094147917
-0.34409321691182015,0.18020633445499498
-1.3431601349821984,-0.2698810159043939
-1.356290859054584,-0.33295340390733646
-1.416803947323434,-0.47420431721262424
-1.083965426060063,-0.24976816234607813
-0.5827962988849471,0.03394496392091492
0.6563866272278557,0.6345515196877741
1.5273584110842628,0.9908623626431928
1.8320230091966887,1.3073135049472986
