-0.8024907066143722,-0.15189184987912258
-1.8358790933588458,-0.5845797734261469
-1.137293620202845,-0.27883735735998755
-1.0386299405038155,-0.08832870888298777
-1.1685478835494336,-0.29785203572057567
-1.9364443925380188,-0.5416241516316715
-0.8061747319119974,-0.217239756885103
-2.0004163697016635,-0.6132603295374554
-1.0065253534079195,-0.15064470728531218
-0.0738956399129842,0.19159424364799038
-0.36033979229750646,0.231465563182367
0.5466152889469187,0.7665897000812554
0.4176209302011419,0.6750107046429306
0.6411218691984328,0.6619663812152539
0.781118931196095,0.6316166796685194
1.4926836414343296,1.0694466814706385
2.7082323422438064,1.6462447015005781
0.033640397131202926,0.20233938628521497
-0.019681592915280988,0.44062843795530904
-0.7274875844671137,-0.0005623610160482295
-1.3023812371138084,-0.4187379550612257
0.9590091687560361,0.8951990351692669
0.8070203115081659,0.654077787477177
0.6261192435109052,0.7839756278228155
1.1584476853972867,0.994640290093482
-0.4969645593024795,0.12524157196248742
-1.8188923353948052,-0.6345866763378986
-0.31030701425937324,0.3643233403843431
-1.0193713243634401,-0.17109517036977281
-1.0263713671634214,-0.22048910071567918
-0.27059419315696354,0.02598783716132866
0.318112401463878,0.5133401504805128
0.633557137375536,0.6348488547853198
0.361022218869332,0.5197898984686599
1.5490742281610168,1.1054869441320883
0.6194825465129936,0.66002616744277
1.560148709489461,1.0445474341466936
2.7926107726203027,1.644936500303182
0.2111968512431055,0.43052500201206223
-0.8302257709014893,-0.14709512847134368
-2.449781078980804,-0.696954225907325
-1.3999345642917753,-0.34331635275765043
-1.3447626570803803,-0.42757154798159797
-0.8017254037020216,-0.21108601569768648
0.653434447590886,0.5249047357004446
-0.8233967421914367,-0.06027620587896121
-1.0006378234518847,-0.1786000486252597
-0.7573642447336397,0.055229074464336975
-0.8202681933554264,-0.1953903282946569
0.04793446889657704,0.33506837150345375
1.2032954920783532,0.9595179706201811
0.4628835630700428,0.48802629390989877
-0.36100054603304527,-0.08096004038934387
-0.17947814942535203,0.15851676970782838
-0.8106750497158904,0.13100073861027192
-0.0026213962276165903,0.1911874036947615
0.8739381141753628,0.6966743860501293
1.01985965413686,0.8119590971007586
0.7322472632585709,0.6670053268572519
-0.5279361022618253,-0.2013344200516579
-0.7512210028954651,-0.002247367888039392
-1.373971526817966,-0.3907031058676128
-2.4492712062811304,-0.9407882342081043
-1.247834680354417,-0.2693451444868422
-1.8247406525307655,-0.5435733813681562
-2.160897533363442,-0.7834893313594232
-1.1523696896565736,-0.29315061882614685
-0.700213717559196,-0.04602587678332577
0.4002130909625744,0.4625030375154808
-0.1782803523739812,0.3393434430852812
-0.25593918305348834,0.0696560663770637
1.6439305143170733,1.0747839875447067
3.0226598933096396,1.81559979378075
1.7476943364133688,1.1949807724400605
0.06527604116552099,0.28761948269012666
1.2466964703569519,0.8647565728891766
0.16040542513118672,0.44879905030985157
0.7562522223090615,0.7286343603053299
0.3108717791942727,0.40758448741518677
-0.8046115320500837,-0.0771048992739353
-0.8790602222452245,0.027358183138417286
-1.9888465708125662,-0.7060940390708573
-2.7297059940402715,-0.9996734423513739
0.0073016914982484415,0.19957767935113785
0.7032015094005608,0.5891342350353653
2.2693357097975033,1.5292709207692439
0.7899974415603945,0.7097013950639637
1.4866143514137682,1.1378341321055403
1.3065461976134167,0.8839253309144256
-0.2327416782192201,0.18756279586317237
-0.7398222518308457,-0.1486833650131419
-0.7932455727923236,-0.14985220573699445
-0.04524891518855079,0.474113425648947
0.13538389960477226,0.2746062210666398
0.35913472825849935,0.5571719492303662
0.6312394211639433,0.705588427682965
0.8933446061171052,0.6065367983827443
1.217730860752725,0.9826119364307775
0.9008875094580601,0.9137545937627564
1.929637666784369,1.2478133981680881
1.675786196151777,1.0833197806447452
3.9693133844551616,2.092588217144962
0.2102989795732968,0.32512968478785553
-0.8760982079647094,-0.24570340520042516
-1.1600801346823735,-0.4029829831428384
-1.9466032309046892,-0.6693209390774011
-0.9572427888562784,-0.029597424852103926
0.3053404235081091,0.23711530797539973
1.0804839736914715,0.8019993513675984
0.9073492361283343,0.6726558692025315
0.24749261259964778,0.3879395928173091
0.008925317882371275,0.2873473500260879
-0.20359920222108013,0.16328673584816614
-2.6218795180851995,-1.0567925616784697
-1.332456329158199,-0.3234673754806725
1.020467594220886,0.9653567792451212
0.2315562451046127,0.4611658765331821
0.0512421891710097,0.273798916675292
-0.4681883624689555,0.030348954654912066
0.008539518074875185,0.3649182665202042
0.5339866794837984,0.48365048369180613
0.9536198350200531,0.7566009816450635
0.10946093179726435,0.3720284584533913
0.09526235741817257,0.4605504644451326
-1.0267427533822298,-0.36564965797751703
1.156664770334019,0.8412061479587855
0.5877410930348612,0.6026013930846107
1.8972830233198184,1.2792743735449965
2.7302130234206747,1.6655452353771925
-0.11731812137612807,0.26022455060673655
-1.3110845520475733,-0.4886634215841741
-2.0369920472081624,-0.5431926724529947
-2.1808328144796083,-0.872176013108507
-0.6798915000136527,-0.0769288845727786
-1.5526524582532972,-0.4158444166219596
-0.27055116889915753,0.08967274069886372
0.37978809966704014,0.5043465653683286
0.2679603048688075,0.4324675393055731
-0.6881321044634827,-0.21165752286077055
-1.17109012007357,-0.38153619046891907
-2.278075992262484,-0.7951704965444804
-1.6044679239244548,-0.47273143477818685
-1.7591258538996222,-0.3896732079475576
-2.13778650920789,-0.7123584156233129
-0.8693995316584502,-0.05714315827587166
-0.8213184754457165,-0.08735960151100183
-1.6726432069511379,-0.5567778473105739
-2.3643093920367892,-0.7669754231217738
0.5825138739614781,0.7610710533246454
-0.2621904549861245,0.074368661898418
0.7541285040115875,0.582953135471961
-0.08342121978949368,0.17133436668449797
1.6935246474798988,1.0178559817787771
1.0291850768313504,0.9075593327042184
-1.0773847744983214,-0.19098753105596078
0.45018911160981756,0.3529068652091274
-0.961332988319966,-0.24755335008175244
-1.8371787147981808,-0.8006411220101557
-1.7312509203509192,-0.47703845803188816
-0.2509079434423096,0.22796548502674963
-0.40604903748315,-0.0846120173322622
0.05763201735562673,0.32237514406623186
-1.752282024716126,-0.71232890467345
-0.6583687048059618,0.01420503388846666
-0.7802028875561531,-0.08169679589459453
-0.8009077756871494,-0.10197131979326521
0.37207139535743994,0.539480845692659
0.2813380246818069,0.3462414158029817
-0.11870574337179063,0.13304711567081623
0.3316280579995444,0.6015822347028155
1.0773773909518185,0.7641323817287466
-0.017029029490475356,0.42536995282355095
0.24055577979914078,0.5220934877488383
-0.0829529837357792,0.08056475604615326
-0.10578813253446669,0.33948051575404026
-0.3734086693219946,0.20317028489818134
1.1167439701624682,0.8340627114873361
2.439757868982367,1.6570858260726375
1.3714420381542656,0.9680609709335981
0.0014820712019774085,0.3741663250676086
0.643780343915728,0.6259713809768461
2.024885531643351,1.3547375618137054
1.6215202032964067,0.842925772788891
1.7874184291846587,1.3176360899464532
0.655456731013077,0.5448439274228964
0.16947875676152158,0.38620435576795303
1.6853636600767155,1.242150698293804
2.270853250926705,1.3876615241388637
0.3200294281333924,0.43336736107841944
-0.41136328011537254,0.21994296818670922
1.2360487476227218,0.985867506082433
1.1252618360208846,0.841985992655539
3.178088645478664,2.0533538184931244
0.6881928340907791,0.6139178473510629
0.11359609428655526,0.3410394912498663
1.4405942456415177,0.9506359630932689
0.40099326411277625,0.4839823642605023
0.3699900180161425,0.44143151058213753
-1.5019089401775272,-0.35867932766944177
-0.20597928774503804,0.2067724801837915
-0.5150844192545525,0.04053449137791057
-1.2275820317189752,-0.3048267447522585
1.136254499433064,0.8868929049767338
1.768060709335235,1.1741277383162974
-0.04760298987573108,0.21735600067974073
-0.9602569157980292,-0.20114780680838887
-0.5801708156045657,-0.1572826356232578
-0.2505071457482487,0.19350060994266116
-0.8136406105037951,-0.11158371196189269
-0.7258598449165424,-0.06355723089490091
0.013971481829712973,0.244246416354024
2.550789832772263,1.6584357804752257
0.9907824074783591,0.8067677216755464
-0.926771920662039,-0.2805163336062104
-0.8327442626612364,-0.1138107470367136
-1.127079277324472,-0.26501089568554687
-1.4955992781527412,-0.5864436422580116
-0.1663618592624635,0.3047331620026412
-0.708825807871039,0.07370121446818467
-1.8555547934526126,-0.5191471924569647
-1.5428079855826522,-0.36944539689923367
-1.807894390902864,-0.6324778798412366
-2.662897020022073,-1.0724998330179676
0.588929168040514,0.5985770508497997
0.7125599641057909,0.7177413091294358
0.5774399718063359,0.5623433985799089
1.5363528524576968,0.9198487716987589
0.8015369927631475,0.5334765110082222
0.8396450756260787,0.6233095477020921
1.8342104416871383,1.2268429739577424
-1.8391849933113869,-0.7793126934604553
-1.1158389470988177,-0.22149492082982153
-0.12238353202787944,0.39977744967834244
-1.4566980227116904,-0.4272705962138639
-0.08326715795718842,0.1643720235170328
0.4744855564998132,0.5995201053171196
0.9315801132774932,0.7567965780493578
0.816785325573088,0.8892209314935785
0.8270488057782277,0.4217220501915731
1.1555022154414638,1.0201784119905986
0.13596654525409935,0.5254057874182265
1.71086603996381,1.236713149919241
-0.008477723344441301,0.21496715755635393
1.285710822496873,0.9224880917280146
0.0038040202398123,0.20908611804202099
1.140780411460736,0.8733709710663834
0.4289574400934313,0.5408669125172167
0.6747405656214891,0.6022795687312125
2.5250324527006454,1.5222042456610685
-0.08097608812672497,0.295173697727438
0.03924792795443671,0.48739172239794093
0.88778704911235,0.5382446973271431
0.48196770912381537,0.6671781403311712
0.36849078326115536,0.4627396432404676
2.79616526527013,1.7014952790090014
0.8282651834854813,0.8212509431317927
1.5761195689175482,1.2072715017103808
1.3057834198951954,1.0404203630964968
0.6783139989879423,0.6220273202955405
0.9938623701952392,0.7744807212366046
-0.16822165563790037,0.14221317278248805
0.03102724244810101,0.3749405992358702
0.13482043856217374,0.5443118409948569
-1.7067446521831209,-0.4728714366972674
-0.3331382504385938,0.02531393026997593
-0.13107679157763225,0.13007875645790168
0.2407306739349744,0.3861312343158554
0.9559903739769593,0.6677794535756636
-0.11606827321813917,0.2860889824867824
0.4773001473492034,0.6326731189884778
0.9481744082081007,0.9879730600596941
0.10515616295624308,0.2768360946194579
0.17401730323272022,0.4534181184374305
-0.822020588846223,-0.015492747234276877
-1.585337451347845,-0.3271702600295403
1.08433105907142,0.8103214466309967
1.7781177725526551,1.2205870606853557
1.6475054242848672,1.1793664627409834
2.5700090601681094,1.6510219238827053
1.1400890890877033,0.777449558277929
2.043551218852037,1.2750933000814475
1.663179805010932,1.1294924130101403
1.7498777240384351,1.3579456067292663
2.215196226351312,1.4111749834178882
1.2434910396855559,0.7620828497672514
-0.819248478117157,0.1650140009426223
-2.375319301214635,-0.8794368634410996
0.2835386429994389,0.33999691475810295
0.6150724204648432,0.571527466499337
1.5817666627649338,1.0658476771272272
0.03663361352644923,0.2775599361878226
0.5901923085818508,0.6180994343293787
-0.7209394983831162,-0.03599308763944108
-0.5507641202623095,0.15245340350955588
0.6423479050994736,0.7751033822018949
-0.6367938779107885,-0.0668382677342487
0.030941691953121464,0.3430646479830607
-0.5064108255122952,0.008954467833538503
-0.41970999305995393,-0.13170497337567794
-0.9068320578663533,0.016034142504899873
-0.8998119516615586,-0.14976089398734416
1.0219833709546995,0.6600733623057737
-0.9497229282211977,-0.15632806474124492
-2.0227339905471258,-0.6926957887622321
-1.425496970627869,-0.20793147016738836
-1.1820360395068805,-0.20267730303596204
-1.9133384498696393,-0.7247353854713401
0.9645136509498828,0.6785433521785564
0.8849793783785277,0.6325204813922769
-0.8539063984815951,-0.28311403374486077
0.8936304392669807,0.7665659080399756
1.67227501644053,1.145534834127628
-0.12623175979488255,0.2168175424830613
-1.148054496882392,-0.4322630694259927
-1.0064082916559072,-0.1673121841317352
0.7071377843788086,0.6171014148592485
0.8223954293403312,0.7777626715987349
0.2443092855576225,0.21920239848237472
-0.20536781680179544,0.31296479424245216
0.47025087692301426,0.4211319374942243
1.6355809816038531,1.2046939604224132
0.23790450877172298,0.3594612462533546
-0.3599475539152135,-0.08411713171222318
-3.1372243589977082,-1.3485454788625248
-2.2106725684665953,-0.9380878895366584
-1.1758696762466376,-0.2731779914045361
-0.6965539121234992,-0.004449993739120556
0.8399555839825182,0.7077574486377612
-0.7696119804835339,-0.07533154170912942
-0.6102960601625054,0.03119663572735703
-0.9279766646432692,-0.15543787042806406
-1.6122950420634221,-0.5380125249932372
-1.1406848249344659,-0.4683478128421248
-0.24358490482212725,0.09258279152769933
0.4693109195110121,0.47062818541636364
1.8224114884348075,1.2538509460387874
0.7410571589107405,0.5653167579175351
0.9119868211654079,0.6508514621750494
1.7228300132331416,1.25011112829737
2.4368511272919005,1.5176208599590546
1.2215285327191436,0.8796419053421162
1.6194075433132804,0.9111117103068059
1.4055820986394505,1.130471810284997
1.574626119801479,1.1645256122910816
1.0779413585733513,0.6937601825075247
1.1310978788839254,1.053820170744173
1.0178295828060187,0.8129930578353539
2.807760157733168,1.5343303308458482
-0.14195878745444857,0.1618019395977771
-0.02222682138374714,0.4560002737075239
0.9106384570880749,0.8379546405031411
0.0026213060055083615,0.37066533499002824
0.47500820827830526,0.43452230671103764
0.35714682441591683,0.5558014930746601
-1.6003788547806006,-0.7184106343695762
-1.700356637211597,-0.6135050738980754
0.014936874017353219,0.2750585213425639
-0.5199799875466468,0.10509772209923895
0.03487582410534967,0.25316868976697543
-1.4396714469237115,-0.5640121722125522
-0.8934329041251231,-0.10175405924805338
-2.4203238229207287,-0.9055899898133721
-1.122538105624839,-0.06756885360684503
-1.1342888700870994,-0.38634425150119145
-1.3961480502476387,-0.28874622413098483
-0.7602728044675563,-0.08058541623058879
0.15723670814332502,0.3046595496203688
-0.01795777788656433,0.22822093372570437
0.5645306526706529,0.5656871706068936
1.0369343685660022,0.7910145992435126
0.1858752648313733,0.5337692262951967
-0.7171591417414078,-0.10543868939169215
-0.44550209122505824,0.08931554520090144
-0.7226379102488589,0.04107318547661247
-0.5152822410246655,0.0767832576688895
0.8408148231953958,0.7354553030250561
0.5631627684052631,0.5585598514645335
1.3728022808294418,0.9672318052071421
0.08541236728450552,0.323290138309111
1.019048963755782,0.7594408589201912
0.5979485927785592,0.6842446146990975
1.5097288423024906,1.084088711049202
1.769322842150571,1.1421087432413481
1.0132524169146717,0.8888092587040985
-0.04550535283287638,0.28096427873643787
-0.2933935290060603,0.07813208129959737
0.135198937237541,0.3253725615697303
-0.38680060446185904,0.28331013332807037
-2.2104135385084995,-0.9514527016475477
-0.42602087698770186,-0.10009957072643122
-1.7133868462157726,-0.7928496645982667
-0.17870099039614207,0.2530479626083676
-0.7929645407379842,0.045901287183155115
-1.4473245637111785,-0.36737755690438806
0.14112347677049641,0.25797193038949395
0.4150020026895599,0.43471870601964
2.01625683284688,1.3086602958351776
0.6757799071204684,0.44511911207962446
0.8744719815468995,0.5171723448191561
1.1321186238315246,0.9458595648821204
1.461912720963777,1.0514882924624782
0.30144420623519885,0.4371761286691966
0.23156998243998228,0.528861833683734
-0.7840553074133346,-0.04749402449439317
0.791883841000194,0.8250427996741858
-0.41514848715381725,0.0645772936788809
-0.9677907933172453,-0.12603228206158126
-0.3661269463692592,0.036856110588200874
0.10678462474445172,0.2913385224563794
1.1250244807540302,0.7658100804533075
-0.04943878864468143,0.30488345120786436
0.18068943993773717,0.3795344452488838
0.02075725442988996,0.31909966419503144
-0.5617790705095782,0.021394506844883733
-1.8000580851156989,-0.5178097951099987
-1.1606944772092165,-0.24278054839649066
-1.795918443771611,-0.7021511154580182
-2.041528026380838,-0.7086649687197665
-1.204194711027399,-0.33940430629537166
0.5233551766820437,0.48812827120986174
0.5567987455057906,0.5623173082264407
0.6294830595465627,0.5136861368814352
2.709273873619,1.6370043305629571
1.3822865384377336,1.0427088285118418
1.971636134911404,1.3598735941478846
0.9808526588130649,0.8373140684681353
1.4444999179525475,0.9445739652877979
1.598655533852443,1.081882144237276
0.46169972331838316,0.5157201015181024
0.6872713917509028,0.6370707306652771
0.019193733781103894,0.14258289523372078
0.21952896493243862,0.33498697081820816
1.3899672042629214,0.8323141732759871
1.6450378085100335,1.1781390477997993
0.5131137935378088,0.4414186161742373
0.5646756958953675,0.5027515913609122
2.0062547145003746,1.2858427335933764
0.98539833194308,0.5663615958745112
1.9355175006293077,1.264734859822961
1.2772682574569254,1.0567230861427452
0.5826977682463879,0.7254614427940195
0.2465247092322182,0.48515912667427713
0.6976897357424237,0.44422687905280456
-0.1916738776076613,0.29157706418319984
0.5474508882716097,0.8114915001435534
0.5948735325154613,0.6220747065647396
-0.5653059903251682,0.11016841214391442
-1.3062068864960876,-0.46328862077185845
-0.3023406400957849,0.04478960110119244
-0.01117999627659888,0.3344001648196765
-0.4548118243568757,0.23548275495955484
-2.3326026570022007,-0.9750948253189099
0.032356138202175755,0.32904789099506765
-1.2126000980768799,-0.39693326301896154
-2.359031265677732,-0.8100249195105967
0.586214236523487,0.6016805410822978
1.4320183331797844,1.0645653428115667
0.8724509034624438,0.7159471965071822
0.5060866345410842,0.3337962522915964
0.6737585055234652,0.6563514613810901
3.113336980500717,1.7634301941700516
0.2072512564996929,0.49712857061764365
0.16792751169167064,0.4093594456255729
-0.7865799078290177,-0.1499013268769253
0.9001375806880478,0.8376245159759583
0.5833040719617129,0.6662082619702757
-1.1442974050787669,-0.12337411891308284
-2.1513081658332216,-0.8409251959647601
-0.7227500885755473,-0.11920491655792739
-0.5071276253064037,0.21076151782871416
0.5526618799331191,0.6926283829886294
1.8016643854662462,1.2274981359293546
0.7994722143102228,0.7756654917559961
0.7395861945927982,0.6985831307018219
-2.315441569164176,-0.7453052657505099
-2.241477512782474,-0.8233215614557562
-0.20554613467529603,0.1228270354499974
-1.2852159268569594,-0.25614865660331587
-0.2661426131614949,0.13435867963336398
-0.16771811058994024,0.4217758770560456
0.6878839812160222,0.7047925912761623
2.0407297832702955,1.3186049895916467
-0.32980640222409185,0.12117598734218406
0.7488195670826869,0.6869154066460658
-0.3509755438107728,0.2931446881332291
0.4337911127201246,0.4428098977116089
1.3441287149914865,0.9103641090449593
2.0732749394545054,1.2921724792142202
1.0459876039436171,0.9206804652230498
2.024627726969975,1.2018625393896483
0.19665600997196186,0.4065043650832116
1.0695421099329885,0.7962819361515453
2.667559741466471,1.7245134530368345
2.2657695222774237,1.4587944465890321
1.1625709636809307,0.8598206620054039
1.1893439574262281,0.882733339133721
0.5987662774020457,0.36167717930672505
0.7135919973071811,0.5448329481151077
0.4090342244612103,0.4629261677979272
-1.2760756372487283,-0.31630975285209917
-0.2116606775919312,0.04014363726341538
0.6625020908757897,0.5916027997304755
0.7379879094249147,0.5942539266481285
-0.30734810022625236,-0.06605012920591785
-1.2465022981439169,-0.3291439583807425
-0.20653366027482234,0.1244468078552435
-1.523655856317858,-0.5646507199347033
-0.8729453359975439,-0.007816818643962858
-0.734239886318328,-0.04978517472672607
-2.3379732426176583,-0.8448093756133965
-1.0572459355584043,-0.21989479918892862
-0.8701649307037846,-0.284102889618675
-2.2153658529178992,-0.7142726565886675
-1.9667204971657526,-0.7536991931217625
-0.9554024777717985,-0.20283981314716448
-0.6345376409811034,0.14186011359161838
-1.170210912397109,-0.24296721657710307
-1.5937705453733073,-0.4361031471479078
-0.22502958114707683,0.23821748639023146
0.9339890229385301,0.6786309527301826
0.6220642608909649,0.7612292738621294
0.9517053291828872,0.7484746107722644
1.6775761756008032,1.1402666118026574
1.4218657601936475,0.919888332880104
0.30944158691156,0.5235409910956875
-1.273017789446779,-0.3183722271889802
-0.024564304571703666,0.3582342609786572
-0.5516868779653851,0.006680415112598363
-0.76272781095362,0.037403781957561597
-0.4774114841369362,-0.07651091167767288
-0.7162315935311987,0.11195288765354583
-1.5329381344904327,-0.4507511545747515
-0.46555908642265487,0.1088007207085028
-1.3024003365645593,-0.27276135136891166
-0.23973398576115512,0.1529446623328765
-1.4349272820002814,-0.44174247269427486
-0.5741024178714205,0.34061846843086646
-0.8127165487768477,-0.12716420568986106
-0.23526612677377695,0.06116356201125904
0.6478449967914439,0.7187765725368996
2.7720490521735157,1.767278690510441
2.1967143325736,1.1126614691520913
2.3273312357145475,1.4293645570748306
0.10003744360043232,0.5464155300026062
0.3419121468119926,0.42335889703743657
-0.5156339142154795,-0.027910496364699125
-1.0656598036238232,-0.2717614578792578
-0.5695339873200822,-0.07098957727434892
-0.5171229364408341,0.027381443863328435
-1.381414090783383,-0.4137830215277527
-0.4066123850412503,0.24679404650487097
0.9361552449230133,0.6412889335209029
0.9720917016454165,0.9432517025059441
0.919385685050044,0.7116091348108732
-0.9062604481154802,-0.178899635033432
-1.9786904739876687,-0.7998799793261722
-1.1485662314853349,-0.3949145207741759
0.37391758207572134,0.48628434173451424
1.1328299959068366,0.9045730565864281
2.0742516933506945,1.186303977031016
1.1973200561764887,0.8303508986631927
1.9151433855024327,1.05754329546305
0.43741794345864626,0.2816279652198672
-0.6103561878234647,0.11224509548906386
-1.1669419434276418,-0.16946379761566788
-0.5903373266392457,-0.08061116174316987
-1.9287400395318604,-0.6613068375418594
-0.5222864707764646,0.0370966041154947
-1.5630945422247617,-0.44421372756796734
-1.455520048149734,-0.45097554727068434
0.43506641777166755,0.4289068666722502
1.4920917260166,1.0079609632403772
0.2928907868036026,0.4676923232952589
0.3409896319750343,0.49696036583859227
-0.589441806451908,-0.15560222461736586
-0.6485474116718575,-0.053157729414685134
-1.3721377332752722,-0.638342757548575
0.12859990242380304,0.3052207072653625
-1.0696378570656846,-0.12986031829353098
0.6897876032005915,0.5722383946788758
2.3581412024509194,1.1920246353617698
0.022144577226455686,0.15489804807973276
-2.130938027163255,-0.7918233564160833
-3.2417963408109247,-1.361549205475339
-0.8541163485734997,-0.03546297847673943
-1.9304624383019946,-0.5283781449342233
-0.1360095281327287,0.3276655030378194
0.49787429422679397,0.523322943350277
1.108981258702057,0.8348077845030433
1.1790304951585824,0.7751782378962374
1.7242719697616378,1.0812924234557746
1.6892073978137792,1.1599620798419548
-0.743487291098831,-0.09185251793026644
-0.5901889782187683,-0.11404267021740372
0.4958584551203934,0.5218174845785056
3.2748437079987758,1.8399802475795746
0.6497881455420025,0.6949364663711808
1.3871093537390724,1.1928941086168248
1.1435621491404677,1.1012127627081651
0.8127258425077188,0.7465874284470884
1.7926511372019749,1.2308644126501374
1.2362584711198603,0.8876012127754486
-0.029738749916787155,0.3890546854433926
0.06685016065314489,0.30012954300026623
-0.9147113550209722,-0.0572143299247385
-1.134894986921022,-0.17891102514055612
-1.892900261562402,-0.6668805898134004
-2.9807762827986153,-1.2675968834611484
-1.655666272249993,-0.5125256503465121
-1.7110551363024937,-0.4151628168789503
-1.3519319462729884,-0.4444189417283237
-2.536383827892375,-1.0466320911091556
-2.055532871490042,-0.6511253359470346
-1.0270737234649803,-0.18744011859626597
-2.162069473844493,-0.8144155469530407
-1.4310893749488134,-0.4343329485531807
-0.7243609321108557,-0.1163332997654665
-1.424034025031096,-0.3502625328180201
-1.6695225235512108,-0.5216106185835827
-2.1991485939076894,-0.8325423228193735
-2.6837735576415156,-1.1155542955789763
-2.657952632419881,-0.9692469749471486
-1.7149347992478787,-0.4679724617641812
-0.8149779696349677,-0.08081133195081693
-0.14952503920658688,0.3003129887773578
-1.1368848390929085,-0.23498520225391611
0.5634931414066477,0.4896722827697702
0.9972127931039632,0.672752203660068
1.2036748837895062,0.8981686351112167
1.675413854955552,1.0855575210864443
1.961393235922008,1.3494979583065825
3.8962466851386663,2.257166658174323
0.6699026735686867,0.8147445122301045
1.2273384620495102,1.0394112179088058
1.6018306508506348,1.3252817370844732
0.7001456917644193,0.5554254351341816
-0.19034251080991516,0.04986090331106091
0.902817319646889,0.954290102113365
-0.605720727147549,-0.0704779151961286
-0.7192043639080516,-0.35263661178241024
-0.1974585581800372,0.14262743046251128
-0.7010380293109316,-0.0945487026019893
-0.8604562433434214,-0.1894130209898175
-1.6163306933722614,-0.5783622104884003
0.21091479149361958,0.5238725704889868
-0.07084880203358138,0.38188576697558013
-1.888477950805994,-0.6109057973847257
-0.9662069607027743,-0.2791682539806506
-0.7556599760526961,0.03678087155291329
-1.8236477355622964,-0.5328279304526924
-0.015387987208791865,0.2126928576397188
-1.6551754581779532,-0.7218079153012279
-1.6168514313670412,-0.5585091474836208
-0.6725777549649405,0.024917939111941116
-0.2233623936206422,0.2726683795295693
0.8243974146701805,0.8561328650981765
2.03240503988935,1.327158565093556
1.6338181485945182,1.0627154744291545
0.4220242979969302,0.6742212741383123
1.670308384600327,1.1614099686600152
0.0708106916522131,0.3530541363423203
-1.6563250724906071,-0.519663687439378
-0.5774252831339856,-0.07535847813877357
-0.43479322256564085,0.14683046146142453
-1.1954820850615837,-0.45691337518750647
-2.4734560514486406,-0.7533747706426751
-1.2055726152858632,-0.20333269019913236
-1.32236971638644,-0.379652476031929
-0.3169353117061392,0.21939542080635627
1.1285279135004735,0.9333975941555746
2.1432466477253493,1.3446616564281575
0.6834138082300096,0.6594432538639644
1.1338801962526013,0.6871271597418753
0.5599006064339027,0.5844952292658578
-0.6990563772994138,-0.026208531476270554
-0.5630937793620665,-0.01353447069954749
-1.718318718681608,-0.3551457176473807
-2.1151422820211745,-0.8153585150902323
-0.7900085198384971,-0.3124822024507308
-0.17694981522566483,0.3222158218203426
-0.14703546379660548,-0.0364218792808243
0.07837885725227833,0.19948082055303595
3.3687349644136155,1.9986114012622254
2.6012835405829513,1.6221262460792631
0.32718244751659376,0.28582749821579734
0.5626535451353109,0.5807677786144009
2.0122883558644133,1.2025106523797677
0.6254727761927215,0.6617554727126536
0.1411542815928981,0.18382050975781694
-1.3038373063939168,-0.11737382207237765
1.323237188925688,0.885238454011736
0.8738709925373664,0.7698866909441915
1.5813009404626657,1.0809654237558723
1.4924806536752993,0.8466905102464573
1.6130932831472484,1.046730555802055
1.1400530924940955,0.6957937263220914
1.005381559656305,0.7913445797529043
-0.18094871324357442,0.161612908206452
-0.5812688385954835,-0.2643400702826912
-1.174191409852296,-0.4299991367036747
-1.0941009820659868,-0.33737565325094115
-0.29008171586504083,0.06907367044818313
-1.882272954911186,-0.7125139739564563
-1.9278129757206628,-0.6486685515788115
-2.4302619868263666,-0.9312637852413568
-1.035227018628872,-0.3256540125779895
-0.8691272173611672,-0.03134070472071508
-1.9886351268774218,-0.772889359865164
-0.6192877612955108,0.07588935102754069
0.5129401586650456,0.6046722230575494
-0.15495632351127325,0.2128978109423219
0.6033811494221618,0.5482679504999934
1.4442413029771457,1.0184537300229397
2.4858875858803557,1.5207022900015799
-0.309685403236897,0.13039078424428854
-1.7414066113946296,-0.7169671726909803
-0.31102705241997086,0.27212910444812777
0.532979329096363,0.4626558312471374
0.39199338298580655,0.369651179421708
0.08428823073377523,0.2845914128127539
-0.05650487416994136,0.41786380126776035
-1.0285602817782458,-0.24713108323588648
-1.6955365400969988,-0.5008059601640303
-1.0034326229157053,-0.19091933002378286
0.40447222832861396,0.4961188574473919
1.905637836555057,1.2174095046469846
0.7795681166905996,0.6913895814414509
0.6573631406900934,0.6189369106227712
0.7455838460003252,0.5984288779641083
0.27450482615868216,0.5197414108453481
-0.17524066141421002,0.3726660913983585
0.21516883620571506,0.43848021400601195
0.40340504911984576,0.5430222709906839
-0.6080135522662039,-0.025272511798968004
0.08256770310191086,0.4026683048005818
0.28798310267083294,0.39962228814624046
0.8576797065810658,0.722447957945682
-0.7575384178920193,-0.09208511892343776
-0.5327184626669553,-0.059422120974876286
-0.6655380754970063,0.09959881437888371
-1.0209121902113103,-0.07304331923701282
-0.3004158551481812,0.37656166971015614
0.4176703848825543,0.4132044770490394
1.8134457688884256,1.3390788586678029
2.264062957772748,1.4120653611467993
2.649276539392605,1.7665209334268615
0.7527289051192225,0.770950914939585
0.22622391994387508,0.2683764581217408
1.1872925379123194,0.9082085210814324
2.20040282561898,1.4174014788587452
0.6283082953276823,0.6833122149783918
-1.1529721893075724,-0.2662868112780171
0.5891952210115259,0.4553021979970491
1.0395909064655156,0.8427368935680953
0.06892884083169137,0.1658795888164782
-0.21585586617152308,0.3543378453580312
1.6902016408677825,1.1260378002586726
1.92749256055507,1.1784984974660973
0.577972603706701,0.53447406861672
0.9658327912578095,0.7846196342472637
0.9967332806790654,0.7160196623066081
3.1035757416738474,1.8207255504018451
1.7276947616242981,1.220136428797695
1.9910131729708473,1.2649990404822848
-1.1407351336938356,-0.3051501313577803
-1.5025867000522382,-0.49318002197398764
-1.592179625066477,-0.44396783601282813
-1.9045780611366223,-0.9493963827451246
-1.5713919143404795,-0.41639271087771973
-0.4266715825752837,0.0032456609986365043
0.06312405199291532,0.38432071473607443
0.39279918630904953,0.6345702867490516
-0.6660376922399522,-0.13904745644964442
0.6292804248576293,0.4887364348308547
1.0616380151579596,0.7498407224806123
1.1251058542267844,0.9200652884175848
1.9506595792818917,1.2307337596779053
1.7502488519313986,1.1798074607114541
0.6140628501220693,0.3688014594877945
1.1867867846596833,0.7953278798300889
1.5630098880841066,0.9953744067155013
1.0604093958241272,0.7602223540358231
-0.05505585345857311,0.34022216862043864
1.1179759044971709,0.8127640022489263
0.8470572893079806,0.8193682696086168
-1.503109211858905,-0.34373585191796013
-0.6648747988962309,-0.020486248513137392
0.5470831291305156,0.5062038173623458
-0.43326531109390665,0.08232602044304954
-0.4808141695472788,0.11689276554105041
-0.2145566603913827,0.19609988062395473
-0.13225503715488507,0.1974671096278308
-0.14322797881105886,0.15716616238365633
-1.4590741266058604,-0.425319921763106
-0.3206956829826427,0.05247071557665607
-0.9000603578928061,-0.13070419136853234
-2.160460032251887,-0.6111419791420178
-2.519876109091458,-0.9580023186995756
-0.7811911624705485,-0.09419926264528145
-1.3759294448876835,-0.36649024130564345
-1.0533082822170778,-0.3721320446671485
-1.255735852471552,-0.27658021562629004
-1.0613364259326292,-0.17840967228464033
1.8999569765118958,1.3542194459466221
0.7645145133567492,0.6110883237256944
-0.47470759384520334,0.013440318953087643
-0.5856205480351062,-0.06397713820512066
1.1267837059727102,1.0463118079119023
-0.15239671045231296,0.2914190522903991
-0.6099296597854628,-0.005217585826852442
0.892230737297465,0.7528648176644276
-1.29078759881909,-0.34907338736482424
-0.717111432415137,-0.21810446855832558
-0.30235240940041586,0.13967292020436994
0.7005522137393208,0.6169933928634426
-1.1499903266923333,-0.36530834072759133
-1.7927386306733832,-0.49860598466999373
-1.4031765161958871,-0.39623785610848533
-0.6584840472542696,-0.15221688140077244
1.1488990972085145,0.9383695237014575
-0.8338608996117629,-0.09199119431857034
-1.9462367252156407,-0.675805382356447
-0.32788556752378983,0.1897521883716079
0.2035277515905875,0.40364854789428906
-0.09501857509815864,0.34314752546616367
0.3178238962228359,0.5709538000540785
0.47733991542948095,0.48920773976254306
1.6963009186074227,1.1858384884912119
-0.9147764069453466,-0.10102556970407162
-0.9823299081529439,-0.32038434972301605
-0.7764379928187465,-0.03488131401525506
-0.755656468353334,0.0018269234344648888
-1.5677840493427346,-0.4450242879652181
0.9947591267666769,1.0375187755002568
1.6927128684182324,1.0906832623162939
0.4971218146251364,0.5802992282645713
-1.2495145373693948,-0.237526254790409
-0.40461814653009476,0.0767847736307342
-0.06669182490358361,0.30715041941038285
-0.3667223973172017,0.016467600070947497
-0.677559530276063,-0.05031107687508999
-1.1019914315508572,-0.35378541644052547
-0.2415299565380602,0.04160638442423992
-1.0124552475163529,-0.04083101094652489
-0.19514478273510616,0.13381394456388773
-0.2824904106779305,0.11091645449826434
-1.8363606632660852,-0.5730127578457069
-0.19743104570446746,0.3221945042915007
-0.8891889627931286,-0.16403010290017944
1.4361640136391243,1.0697964273359166
-0.2534232813529501,0.28791924826353976
-1.4680329348692678,-0.3357695257995718
-0.6878695491909703,-0.09005780195522886
-1.096280600759652,-0.39177933540636023
-0.03607847227077288,0.24172666996526454
-0.7431701668899391,0.04741483533403307
-1.1590264936333607,-0.2952301168525945
0.1020410191529929,0.47866233456778656
0.43366073681838385,0.5122114772550458
-0.5518776774323682,-0.010501538752347543
1.7008491918957582,1.0927900810296696
0.5286230096894644,0.6494042627047218
2.2042391311871614,1.3633120040180249
1.202921589082687,0.9181908046995945
0.09576207453661856,0.20706791501212735
-0.3731408759140501,0.13848049468848353
0.0034848707823847414,0.533535364673743
-0.045582663153826974,0.3900960562713925
0.5269346242014279,0.6510323086456129
1.0320599743592476,0.7208239649779868
1.5702591375722035,1.1692518346189524
2.8100247516277435,1.542773641089855
0.873073597045104,0.7438381409013906
2.036546648855657,1.3743766887701294
2.436739660178722,1.3952078506839516
2.104569762188434,1.3257191939719446
2.4106557707714225,1.5114659169296834
1.6502940770956065,1.035555644148761
-0.09833625836509241,0.2850285976735545
1.6037410234362044,1.137077570810288
1.1035654298033264,0.9515821057929014
1.2034727645886698,0.6630338230962161
0.3726932909433561,0.5731305800512767
-0.2291224956480859,0.23256400379265468
-2.0000872922663167,-0.745909479139226
-2.1011010122185008,-0.7716430823268265
-0.8458098460962473,-0.06573996797600218
0.7316341688041781,0.6284401800556183
1.3814472451299704,1.1110872184919678
1.5262556053773195,1.1397067881125758
1.0500241755067723,0.8122766107594642
0.5627911962227348,0.7120545880973912
1.1456357567075866,0.7217775115791554
0.7648212017256064,0.8979240621866487
1.8623531674420506,1.085492759915093
1.2871457006401565,0.9667137339103057
-0.8816701850947667,-0.2370613650730584
-1.019625131924898,-0.30018705536993295
-1.4663017640598217,-0.45751139859226814
-0.5498614207669492,0.15908718269108854
-0.18961703222174375,0.2812316423146337
-0.2800439388695325,-0.000395409668586727
-0.3691239166128172,0.08873606785297636
0.042189792132209025,0.13975191769290865
-1.8278374334623941,-0.6640601974950362
-1.362857019896515,-0.513884424788275
0.7712689371077777,0.7534078528726337
2.370263694937341,1.642760646887081
2.320218220543466,1.3717330519992743
1.9576641824709617,1.307180251721286
0.6711420886289913,0.5704626187604064
1.0353028252109677,0.6712865520890842
0.8339589003108757,0.6621759586860033
1.8018990740328864,1.2367393934928521
0.8418182624071413,0.758000242732034
0.8393296869134184,0.8005104685297928
-1.1349578997633678,-0.1777154852200176
-0.5048177273665144,0.17335829317926282
0.4114340070653261,0.41001998462405886
-0.15154742107533387,0.0821308572810904
0.7874271359937819,0.62908591857135
-0.08232321777585205,0.4334834194236006
0.6158196276225325,0.480893153702308
-0.09094294148707105,0.22310143682249264
1.051949515504755,0.8399207722354165
-0.825715250554523,-0.051018012399186595
-0.5061156481800266,0.019622477893150296
-0.7390372745125059,0.0183540062047524
-0.9823414501757379,0.048064926758342924
-1.3830231195957778,-0.2515398809773953
-1.0919662309916256,-0.36653561026082526
-0.39788803149627244,0.09190812827658972
-3.106971579201789,-1.4034286906715367
-2.8440189256606523,-1.0637209418499025
-2.4446483521220728,-0.8581041543760302
-0.44221824181425096,0.22103134006843303
-1.2290377821412446,-0.16953763689624446
-0.866258510475274,-0.07048991396898953
-0.6450677435992501,0.026214557532661317
-2.4282518072112156,-0.9547762293747872
-1.4067943871217046,-0.5208980833679498
-1.1886922111533078,-0.26803395757780507
-1.746686280520819,-0.6364240881928821
-0.20616725014313875,0.021668194462909712
0.7477356280867646,0.8405260650513637
-0.07564238639472087,0.37128862679063
0.923114757862481,0.6814425629757335
1.4147099675399715,1.0188799114449467
0.5813064474601104,0.5282358543120589
0.0922341959615185,0.1613337197922457
2.5951351944240524,1.664449198211372
0.2869900964291121,0.494038958869993
-0.006805727107200177,0.22827472668296442
0.3472812301897892,0.5048742426840309
0.14460191346139958,0.2040994352462741
0.20151259698800003,0.3262162783835445
-1.4143613826214225,-0.46858612836416064
-0.895476873526687,-0.1696133778787326
-0.1349293448745743,0.30580983975367254
0.1688403188130016,0.3607732088884369
1.2168611426752713,0.8798758971348468
1.0986691660046022,0.8165459142029293
0.005667899473750571,0.3913102822810898
-0.5441653472510518,-0.06284116447082105
0.551575230412753,0.8135893057430015
-0.2956819013099493,-0.0924211749444524
-0.45204527029427466,0.1148804261332017
-2.0946663003458235,-0.7839982190506504
0.19510784530208425,0.42421315096943457
-1.2822504515998512,-0.38266511869551323
-1.9616472546797872,-0.7704964546601908
-1.225492018810589,-0.41513231218011754
-2.0157830299188495,-0.7839813922749571
-0.629939599411925,-0.021664108226183035
-1.0807578778354738,-0.07933837972367108
-0.6532530277504847,0.05535761565426525
-0.4771952294135801,0.08996299712000953
-1.1002683393859298,-0.2563195458304747
0.7931173157256791,0.3893758142105421
1.2388028070203716,0.8224108209496419
-1.2463251734927352,-0.41656366790316635
0.06812900988915005,0.1578677725517934
0.576696260090549,0.57410003081301
0.723120740004604,0.5580441262304285
1.915241219893887,1.2310709459229223
2.810849691182495,1.821600168080366
1.4090893178258233,1.0445699143041127
1.8503109953772403,1.2271045043736757
1.5625481596172728,1.388079075200737
1.0519709919403786,0.9689318370957423
0.4076847119973912,0.35487228649113023
0.23612590782461132,0.37230534204521937
-0.6845983432962746,-0.13729737577130313
-1.003346483997216,-0.14534189942493841
-0.37292671701926156,0.23207810334233014
-0.8693559021104436,-0.2591943310429849
-1.7547009805056144,-0.6586215494775325
-1.7847576287425926,-0.7117985398340496
-2.2529281395288745,-1.084568299282055
-0.7327401833749407,-0.19676731994662633
