0.507896306069137,0.5216958639098447
1.2617402956287684,0.9536912952970995
1.4338492601641222,1.2518158077174673
2.4544826185891173,1.490662008999142
0.8573585261616496,0.7104741786565367
-0.32925818158158104,-0.021652417511736494
1.445811135775276,0.9866544736243181
-1.2546755386271555,-0.28759513283547866
-0.5711753330832772,0.049503744998017254
-1.0361184052484844,-0.33859822387381233
-0.26116038832860644,0.2520194865604518
-0.2159535754485378,0.2408997804439486
-0.8661282667577327,-0.11112772633722212
-0.8703428834460633,-0.2340095422535906
-1.8982240182950951,-0.5675930321390277
-0.7959579748106033,-0.21634589858694558
-2.342109156682444,-0.8714758830216175
0.43188247638838084,0.5012012002390034
-1.2249844499556268,-0.37633931221702754
-1.2094830851286975,-0.2575269603867192
-0.6002186992763507,0.07297833191459763
-0.9779008862229309,-0.028657204613057652
-2.1068805858474544,-0.7074227843147878
-2.254275883983818,-0.7800111228169789
-2.9831882391256865,-1.3331872925863395
-1.075471244661313,-0.26506041635993743
-0.12520454373209033,-0.0018043966930083033
0.5374323888845566,0.6196609138602313
0.07723652794338126,0.31932747418355273
0.2369505153682463,0.46788262601297714
1.92340017605251,1.3324217967571712
2.36899560439569,1.543923013061388
2.5523369176361888,1.492956331177713
0.5858675256775832,0.5286059359762081
-0.44977249758820603,0.09803380648332441
-0.33118807169226,0.10131947703301913
1.4298412606693078,1.1668401636446952
1.1186767399474453,0.9016709753856459
1.3307116685881115,0.996656670493789
0.4323201237368535,0.4245086056781275
-1.7833152763327296,-0.568072811985322
-1.6489330993182028,-0.4526547835280461
-1.7888197433713544,-0.6552333287028902
-2.1790444961262176,-0.7590542134283047
0.6008609933823006,0.6343898431875271
0.14220191268938487,0.44208117305651445
-0.22921770049324838,0.2447322584395882
-0.0028703607574634415,0.3067150462180875
0.04718703415597056,0.4025172391078089
1.1362138704541727,0.7962940921358733
-0.5088510768626016,0.12143359018040789
-0.6375258847480886,-0.06337740028793629
0.20012627683261142,0.4483234366198753
0.10258508557964091,0.22505868993308747
1.2921579706582735,1.079766866701821
1.0299472345774476,1.045699544396481
1.623402185191368,1.1682774708421348
0.698170518414008,0.6201650626250692
-0.901047943076089,-0.08417244702270885
-0.14340008765697643,0.32629644812956127
-0.7674235624079502,-0.045461256192860074
-0.031977759931005934,0.49836740565313337
0.5075299468442819,0.5963078729045986
-1.4816247752092497,-0.3395619318461181
-0.9727774823843933,0.008354985693812739
0.13775862394657967,0.4964936657812932
0.22307390629266555,0.6059563626360789
0.9904562243316601,0.7958710735281308
0.0027380917201493826,0.34090796517818917
0.18674066203851214,0.32722623948961316
-1.3810679011825204,-0.20833172085015522
-1.0337478601704795,-0.17189109068512584
-1.3044952810725023,-0.284713199407286
-1.3293383414014792,-0.3072984118730364
-0.9871755730121292,-0.1286814871389605
-1.2836839813748777,-0.3388785728850273
1.4686320396270272,1.091656920815113
2.1339901779390247,1.4628189457339982
1.577923782741046,0.9719049821760338
-0.46638287396215095,0.2084809745828851
-0.7533892672031848,-0.07307610263334248
-0.9068728555158209,-0.25157937360616667
-0.10562099235515066,0.24819793110691868
1.469685356661896,1.2363058690824378
-0.15802878758648753,0.12749382859003316
-1.3598196129018916,-0.13137225205769212
-0.6813172148870568,-0.030092708907330956
0.046613792512799845,0.3134458185406808
0.5134408680042918,0.4593720438497006
2.3719049750845222,1.6211323628154932
1.8550072997273785,1.1600031548565448
1.0420229174554914,0.9399694317943362
1.1901095665429082,0.952786127635083
-0.39993263152109526,0.0401079391139977
-0.6634168975777767,0.06547123230438984
0.6743874364393704,0.857301960006481
1.1277445361906233,0.9581924835632142
1.7782020792389952,1.2467099989527324
0.7660991881051814,0.4466181949627618
-0.5071046280109222,0.02652950731825933
-0.32139277217601714,0.16749087175471256
-0.7133333789874577,-0.0067408744723918
-1.2541504427026218,-0.4256856722774562
-0.5977195681581997,0.09597787890138228
-0.46394885029787974,-0.16472787089110874
-0.16747687592575294,0.14016596471581122
-0.5250316997840685,-0.04070943294751843
-1.57446320983386,-0.4464831660668218
-0.9375855511360194,-0.14782886926819522
-1.0978820230684354,-0.17794511695255616
-1.2891275999091465,-0.24216154493706704
-1.1534001575439417,-0.2537960789071193
0.9231973546116525,0.8685152667557223
1.426874150634852,1.020104162417267
0.992439413832037,0.9021724214859657
2.651637091265547,1.7219922301921835
2.0270033987234117,1.3300336964445985
0.0485979046099172,0.3094367377574959
-1.0231658313682241,-0.0928144774022023
-1.9812439912802886,-0.6345682415031406
-2.6848399159255587,-0.9533130450354739
-1.6350913839526287,-0.2645959383924226
-2.45072120261604,-0.8540669546793755
0.2868565758984962,0.7070324061420843
0.8002413767118983,0.8545692690598493
2.237129124906936,1.3804858851130442
-0.09528633307618706,0.30148413409072333
1.9166032347026603,1.3185801691959838
2.0712137363889247,1.1875040909737837
1.9775460190210785,1.301473883028419
1.206768634723611,0.9099910141891474
0.9523506035805527,0.6764598517383336
1.6347995995867688,1.1693673722525184
2.5713165291559354,1.602009618302363
0.4825265970222261,0.48621310026442927
0.9271429008244134,0.6528492555967984
2.1618188549506727,1.2252212002418144
0.9131748467721751,0.8013470652994101
2.213880140400734,1.3001241716089376
1.3658258116927076,1.042818329417323
0.658011520652755,0.5675789538969026
1.6852996610557374,1.0810510991400597
2.2155848213123237,1.3993479212667006
1.8639244520349658,1.2140846593207688
1.9820591131601462,1.3574661626979718
1.2760902283390356,1.116499539440381
1.0084561129419303,0.8697797548201672
-0.09156416795251221,0.11524630409800965
0.3591389572860757,0.4092099023668625
1.3627513967382785,1.0347350343186985
0.48884465736977106,0.4659080487277631
0.7787722636063865,0.7483800613617706
-1.217993631696956,-0.397130926979334
-2.610364016616502,-0.9570796998377712
-0.18944408635941068,0.08620207483490437
-0.5497390384663077,-0.04854466077976323
1.2748300455228312,1.020883968504007
0.8548534689094247,0.7992609271260775
2.288261828859054,1.2810451004834218
2.2702476148200863,1.361717413803681
0.6880451281029212,0.7297749016163244
-0.17453716929887664,0.1912839651758465
-0.9546737256067835,-0.24366961632985512
-1.4323274132257322,-0.4258909605275835
0.061858579396042446,0.25862258946873407
1.9339813187142545,1.2637893594598588
0.11349981047885083,0.5234296667207077
0.5013162180095181,0.702113770987195
0.762871666654376,0.6709422932809644
-1.7864433224913343,-0.6799812221527841
-3.2190560733046616,-1.3222077221759214
-0.5274851070188123,-0.06843134059097551
0.04715223111571276,0.341377304836192
-0.9749105506576916,-0.01884518017940784
-2.003802452964135,-0.7513619593808426
0.00205082241833332,0.2763794349650113
-2.2733905476975917,-0.7962511901668575
-1.099010313330875,-0.5361572621497699
-0.797664105585588,-0.27200861574689233
-2.0072365246937878,-0.9248895914868938
-1.5040971749819958,-0.39122295698168835
-1.1711715141502168,-0.39123344179231956
-1.5695353402328975,-0.6109297422307762
-0.44831548216396,0.03497237255741957
0.9704563188924494,0.9272706735296766
0.24639029439396398,0.26500966255219327
-1.6657218538015652,-0.4712860101928023
-1.3683689714784086,-0.40002137738249643
-1.4656339567533352,-0.39374920724401774
-2.1433845888328613,-0.6017364424819751
-0.8390286997069949,-0.04621771253403163
-0.5157435489367622,0.028104505993158127
0.1306926032310003,0.4923746555373357
-1.4748750010350213,-0.3716137038568546
0.06704389899219221,0.34998724324690494
-0.27032685532196077,0.12816373782716814
-0.986069463241195,-0.3025331649825576
-0.9134143076674246,-0.24266509274511638
-0.5324697855071325,0.06130600959204366
0.05342651823145067,0.33232954190076275
0.4534392865284986,0.5497570932217444
-2.6865031567087625,-1.1471170987586456
-1.0868328884932932,-0.2846703928253065
-2.714452035039767,-1.1008119167600583
-2.352096852968645,-1.0555814123817906
-1.8599977054058705,-0.5724782832289705
-2.737302252832142,-1.1825445818711882
-2.033880923067668,-0.8284746932742538
-0.5615578630604248,0.10659462237242005
1.079494425063769,0.8164111727188228
-0.3839869551225257,0.24815727961556036
-0.5571077347659887,-0.07183331305860369
-0.821536158712403,-0.10291076151359446
0.04815343776158332,0.288187291467963
-1.9759127222196275,-0.6730106500409632
-0.8178521460520012,-0.16351965809494645
0.796016664364632,0.7991912421720055
1.4711211722270197,0.9087599755853382
1.8301319763728054,1.3580536055226706
-0.5199686397195791,-0.17238774859231515
-0.42757392927741833,0.09523853081225439
-1.0448310166080865,-0.17819567440966236
-2.186140245202107,-0.8950357606755706
-2.7037854357809774,-1.051982024267477
-0.9248871887414316,-0.2688492430471916
-1.0868084539817706,-0.31974920833328835
-0.09821908348818553,0.2512234616813474
-0.34209902784442536,0.10588590785402512
-1.6140696752605437,-0.5179998747560199
0.7509160803244919,0.761992351093053
-0.5751353462105311,-0.003649572284500118
-2.0131616912383348,-0.7750389009823399
-1.265985571394751,-0.28741121410829396
-1.7207663556166046,-0.4995156243080628
0.5597799170216424,0.7124915593769424
-0.8809202229068079,-0.2581153466239795
1.9207121612440865,1.2784040169233564
1.391040121437099,1.051363962997354
0.5917302022886657,0.3662894015491137
-0.10160999232890522,0.35796314363452286
1.432569491985218,0.907446124300398
0.9392167232085114,0.7379619231948682
0.19201134029979117,0.5582322017170873
-1.3612434566140366,-0.4498306336359022
-1.3613660417814724,-0.45908093228968516
-1.4769373484803467,-0.2971425587618777
-1.7385273877062508,-0.6208152038887454
-0.2921642507747815,0.11527430213549407
-0.206834645153107,0.25716023084954714
0.6272249990847016,0.7410004709915092
-0.3586132841406179,0.030032172920526984
0.222110703058025,0.5917665020424703
0.7563552333850936,0.7143370383835242
1.7708529119668155,1.3758506225005664
0.18467741885192834,0.3868028199684172
0.7819753917382435,0.7979819436219056
0.06577422708280223,0.27295075966762966
1.3085844816448606,0.8692482460462694
0.8633359545452168,0.6833638931700367
-0.1956650888037359,0.20862810114188685
-0.7099892766117233,-0.09376690451375215
-1.2702821110478721,-0.3178189991034211
-0.5872699273773078,0.08299756290488809
0.9184136420174691,0.6325498092981359
1.384746260520786,0.9421700487281238
0.9484922600088413,0.6661130380397873
-0.022868123064095913,0.22643899015598734
-0.31100106582501086,0.17564372098202796
-0.4680988623671063,0.08972247794456695
-0.7967224958568971,-0.11227980739887443
-2.1538190588313877,-0.7052085149917439
-2.544241023488078,-0.9523406355675941
-0.5747394601023676,-0.030101780517048406
-0.7241551208893751,-0.1027250582086657
2.9326042140903366,1.6535709756075374
3.1965895882495383,1.9494488545502007
0.7215757350430606,0.7086918963235881
-0.5033914132860892,-0.12603533810605883
0.5833269797933004,0.45456646259554556
-0.4666851353920466,0.05156983184721121
-0.5777451618966415,-0.009114398818250755
-2.567760142138149,-0.8970081401137578
-1.8785782323969589,-0.5731014957538596
-2.4629451617052673,-0.8638010480240804
-2.008190034132234,-0.5401030686997796
-0.9583331412960345,-0.37314790708749757
-1.675170827518769,-0.5477728102687458
-1.9512293661255233,-0.6442022702104315
-0.5152051455010624,0.05805861011448192
1.2070422239016365,0.9501652891597507
1.8754279129387381,1.1595228881134878
1.962700389745585,0.9521972024323463
-0.23099033318097684,0.06675232161316813
-0.1341095984230022,0.41513977659130874
1.1500145647222222,0.8267801915869037
0.9419329208640582,0.8978503813764974
0.1311938998182013,0.3221805945740522
1.2000526907663027,0.8898242591839888
0.5635326146941546,0.8232118967496105
-0.40163941869277187,0.23427281406094078
-1.8935297397574526,-0.4800190298524748
-0.6385859172253778,-0.18360455515522617
-0.5444743546390286,0.19634333791909508
-0.8588219650927065,-0.24822419111505428
-2.0056233205410017,-0.6116244441154095
-1.7907549306669812,-0.592415587035139
-1.916364305686216,-0.5947683589476156
-1.5901892590267237,-0.4108662132368365
-1.0198861057391648,-0.21952469003770378
-1.514454660142957,-0.3361041466023875
-2.506034802314585,-0.9973411449642433
-2.1531280262678587,-0.7054242579541805
-3.3227745601557515,-1.351725498442947
-0.6613848131982566,-0.0012382265476546528
-0.734057973863967,-0.01685744432548337
0.5493970429722753,0.5497554159517108
-0.653026243862186,-0.15507683681997045
0.7837374711736487,0.8491599152632666
2.90913852546551,1.719533751362992
3.032423872711527,1.757645697266592
-0.5244272487884374,0.01860654260754952
-0.6739857153966831,-0.055333527345453715
-0.5892738045530456,-0.12122855698236265
-1.1127339723333733,-0.27600061001543796
-2.0694531195557335,-0.8057473934468375
1.1363475730424208,0.8567396283406605
1.6609309566699735,1.1538110317711554
0.27629219652636183,0.6338148525063083
-0.14539639132944882,0.2671831094262172
-0.7303423148294311,0.05818457950222977
0.3533403334602533,0.28675016697817
0.2598311440720625,0.48569031819709435
0.525285180302238,0.5341297322444286
0.38961451610163306,0.5524326279238678
0.3413894835624607,0.2961551908448596
0.45117844695671006,0.6817052929543356
-0.9094346560483266,-0.21176252427579909
-1.871929510234171,-0.5598430069873923
-1.7883241438903392,-0.7369792400122782
-0.8010636212232467,-0.1482317592250285
-0.8028720272550753,-0.07993871620290835
-0.550219829725381,-0.054292328498283526
-0.0133129598376715,0.2618640935687541
0.6072986694718816,0.6480191507406622
0.4344056876752947,0.5597909316546235
-1.2321149081292462,-0.3472543805835395
-2.1769753791254653,-0.8266526641405735
-0.7305246712634192,-0.046559136168592766
-0.7558057714923412,-0.07005628936902614
0.006653365382510601,0.2580208839069148
0.8341196970105054,0.7096730763108577
1.0296275250646976,0.9138687399984672
0.42659857861777445,0.5705841300073146
0.7171899895773085,0.5569881816603985
1.1438474683468618,0.7894839464138136
0.7381553299019374,0.7084903903539623
1.2930357149727114,0.8426688950628464
1.4346845743320733,1.0712960870794996
1.9937403965735208,1.3317230264841369
-0.20418703217395828,0.4191047414114019
1.0966819324127748,0.9640013047640142
-0.061436406647264796,0.2515114688655847
1.140150454516855,1.092538235547406
2.2304990488975722,1.3662787106003411
-0.08709824116967857,0.3558053888052516
1.4175123604180362,1.0626138931327778
2.5350922151725217,1.4964657285782137
1.5361696212592344,1.1880488507732379
-0.7918786132148508,-0.17539676474245375
-0.649903997032131,0.014263477335519574
0.13797471006336526,0.3849150011384865
0.8828375498935918,0.5746976556242374
1.217232583845608,0.8428719405314772
0.14638027002217857,0.5427909172420856
-0.7071418206343456,0.05466202817603691
1.5100469389650706,1.1860528101467749
0.34836206842041795,0.526411599355689
2.0801986580258522,1.434985144599115
2.242477403674532,1.4422316403186894
0.500600774091807,0.5303809875259838
1.5230931142110329,0.9915048470141853
1.0544130311685254,0.7127633983680068
1.374453034771482,0.8379619453284808
1.5414696589549641,0.9547268951702649
1.287614736602171,0.893983587185004
0.2778649257107758,0.4666605668169654
-1.0981338661884177,-0.05525972845546151
-1.2389036977857062,-0.3540251999726396
-0.973248372511094,-0.07941776642080339
-0.14055452238550525,0.11262549623349866
0.04022674169337756,0.21813732114949866
1.0800121924023756,0.8845996746170658
-0.31700698274430117,0.13493716980060322
-0.4099184223765775,0.18795119383222691
-0.9387812191092798,-0.2819004446773729
-1.946130853566625,-0.7239962615005725
-1.457128741759072,-0.5186695453600443
0.04391886705431691,0.34428577216480905
-1.1854511509109131,-0.24713848271707498
-1.5575363365726078,-0.3304906024137667
-2.1713143174817064,-0.6766489655645198
-1.6396780435596146,-0.5243490098786501
-0.29890216818904025,0.0713404385199437
-0.8225200521979883,-0.2665033990194836
-0.15806747533017285,0.2441784241801108
-1.0989867645244198,-0.19151042934783402
-2.2866730089367353,-0.8551427890181693
0.10426137458834495,0.46646134308069426
0.9114476641079807,0.9153379526293692
0.8478229582168441,0.6183180976164163
-0.34888189352409027,0.13105922364956313
-1.5306905207057808,-0.3852493028817962
-0.11374233276450885,0.17481066552072888
-1.8353123424159112,-0.588370418326648
-0.6490268579456373,-0.06842427933345188
-1.7856888867659277,-0.5613677746810559
-1.6753801083060371,-0.5982802966339843
-0.23596907550771917,0.08116486779523199
-0.9077753251404501,-0.1857348467166038
0.054782880975678516,0.3462706823353986
0.8429569099448098,0.5104903239295459
-0.9875329024690319,-0.25268738648759037
0.2820669283577105,0.34846048365080057
1.2254791489429449,0.807102109028395
-0.4400268170222843,0.12436623203416991
0.27516114557837656,0.5470700106651953
-0.10522256376398625,0.376849361035404
1.0499373280648658,0.6306448634292758
0.5476639976093186,0.5688447971726056
0.44928845738494266,0.5643632523008979
0.6524759215030715,0.5829842675169359
-0.14462011535793018,0.06344911930411443
0.2616460305043217,0.5835563283649589
1.2310669671975956,0.8758933298896949
0.7158999984789451,0.7143115725688571
3.0071661722150074,1.9267872820356782
4.332280853360332,2.5683424291532515
2.164644815729706,1.3990990064975193
3.1993502669764586,1.7857962946398502
1.5080578762685608,1.2013918238108552
1.8843746204744385,1.2221598690680813
1.1088243376291775,0.8266770667081
0.9012737672525177,0.8365816345837253
2.2770096329167187,1.5657099329946682
1.5569015998028326,1.2705730686122678
0.65765204819954,0.5923556676897267
-0.3051175496489784,0.16504731452472082
0.8430471013938696,0.7028598024725622
0.9647444217099652,0.6152715832496136
2.5038634732312057,1.6110405406967496
2.7221171609606962,1.8739772770108676
0.7021750107704794,0.6974993783451621
0.5659556228785707,0.4843118486653073
1.8106761269405682,1.135871359118992
1.2347545591744238,0.8635455959302004
1.1057343015575924,0.9033620477026655
2.252572250628379,1.4576890627344739
-0.3479727891922828,0.2694270998274305
0.5280358961178281,0.5964769885811051
-0.07495589156878157,0.2577928587755179
0.4186866623115415,0.5430758365853193
0.15822092261501408,0.17602174002493143
-1.7252795962159877,-0.5351336110518846
-0.5881069160353896,-0.044898166908053296
-0.7645409367710096,-0.142399711947727
0.021930966214415037,0.1381733421458746
0.14580545728844238,0.36523963140789056
0.24765652772055913,0.4481579006938868
0.9387584130854763,0.7443165663498743
-0.7386842884590613,-0.0005334697590048121
0.9814198771480708,0.817968652308576
0.8985211014950202,0.8214387215688503
1.150343812706741,0.6731806005582328
2.753679209131432,1.5851245635380313
1.4660857909386271,0.9925439814234317
0.6446015466893231,0.6409458716363086
-0.29654241540346804,-0.027918023086296623
-0.27640038372050557,0.177548422781187
-0.6044757783087829,0.01469876597526205
1.1622441374249903,0.7897689128904525
0.8534020344380138,0.8396139130382398
0.4209906034061419,0.5556214169117686
-1.2780615800178114,-0.40774063516260795
-0.1102095580947946,0.16927690891031524
1.099372374102559,0.6875227664209017
0.6783766274013678,0.5925256055661704
0.8488062614956049,0.9354989818866881
0.14749867487689683,0.3414712097304723
0.16806517229908483,0.3468786139231014
1.5244424620413985,1.0828432223193376
0.6006619590305,0.7044652367554842
1.015793070388925,0.6944758796919646
-0.27391081766815595,0.3770325401426077
0.09680312647397998,0.33113736320519815
0.9782198514762767,0.8987993670053371
0.6922296887350567,0.566801217296845
1.7510032415034966,1.2585743774632316
0.946401875001109,0.6041190673452846
1.8158520898128807,1.15773475463166
1.3837736757656047,1.0379532617576168
0.6398117400351719,0.7500082600837529
2.117108820158629,1.205627826217276
0.5698465109321618,0.6446670617555668
0.055057208047142314,0.3502285165492581
-0.40281242762956326,0.031166202283761393
0.3747554053949249,0.6673557550982976
0.20697429597618552,0.37612789820117015
-0.01893793100273583,0.23759544999064608
0.45554484867658523,0.4560564103940081
2.368030945795528,1.35749681366114
0.6283098670901189,0.4472605393063299
0.11593365368224917,0.35837763228161135
0.8677577518318351,0.7631362773223538
3.164828002872772,2.1105633099443604
0.9657396999556902,0.831206820913452
-0.05397385804731958,0.23518163182504648
-1.7898932902790317,-0.4714963940087559
0.06271211885451433,0.5492545388599949
0.18994483954720986,0.3026218023399125
1.6259618654205008,1.1555220681060536
0.5613015521397993,0.6460326755301102
-0.2575074468544041,0.250878977424991
-1.211674917525685,-0.4222163945897674
-2.04132562722328,-0.6607709388311286
-0.8635062587041513,-0.10535652258534407
1.2558714721371311,1.1466180663466523
0.7866742978061546,0.7148382134864754
1.20699806247001,0.8160137027914638
1.1816030418687495,0.8303240218955776
0.34877493861520537,0.373493852348296
-0.929939695159782,-0.18862981833165893
-0.7488170193947682,-0.17174887414779402
0.4993680494367929,0.4408918916826453
-0.0822262398820035,0.3725091230517031
-1.1982600655917925,-0.33063448669210804
-1.971163585341837,-0.7679268421692833
-1.8038320400824417,-0.6024289156766092
-1.0336130364860572,-0.2404301317569607
0.31214541124085016,0.3999626589665388
0.0006850945052712665,0.4044049599781826
-0.44837201406214483,0.03611776845461137
-0.015354147726842404,0.3745575252217269
0.31047100690482937,0.5433966365853627
2.514350798601741,1.419900066501725
0.7870246136519525,0.6855775490677769
2.2177141517521153,1.4002639753454662
1.21288004068487,0.9030118786191303
1.6634137618780207,1.0304056909928474
1.6022176166969149,1.1468815900106615
-0.19973669977842556,0.08442691863318477
0.3243718099841012,0.2926191412645848
1.1423491008321078,0.9559708128606651
1.3541076940061711,1.0018075209474888
0.3490830482198841,0.5304379500401462
1.6759717656464679,1.0045162471511822
0.8447775563292217,0.6144189030076508
0.548198686430294,0.6135499207229967
0.35476426490570145,0.5590584291181615
1.7786160242060816,1.3062085440409281
2.1457546521897974,1.4552774642469248
1.606777792007933,1.088019013094742
0.5554742471564537,0.6549946829137818
0.9945710115831197,0.9291732401539006
-0.21540109927657858,0.1755316887917273
0.27508449136770496,0.46889297718696454
1.4716790153716857,1.0850275697046579
1.6580541488059704,0.9724802520413277
0.7672189215780936,0.6304417932492971
0.9382924882615582,0.810689286027969
0.20441355932804917,0.36272771179200136
0.037078114958597114,0.4385374800099691
0.024068641771192858,0.30160991771275464
0.6175387384189557,0.46319598584498084
2.3969628237540004,1.4150908501183257
1.2255885295165334,0.7316865569184064
1.8766187118749662,1.2167085611144937
1.9541942267355186,1.3920118714535048
1.4428617510488109,1.1084073410166169
0.13798039884206148,0.3637761194003606
-1.6511818829328209,-0.7800170736000187
-0.9002601781357182,0.011129253623392649
-1.411178788928456,-0.3551924326819994
-0.1161075960313448,0.22685403134380114
-0.6943160429839503,0.010225922833689442
-0.41623660894543035,0.20022996484035654
-0.4620798117655016,0.03195117211710507
-0.7046063257107535,-0.12097898795628281
-0.8712913471948813,0.024648708807688963
-2.0094107588322934,-0.8330001127914068
-0.16102172520031077,0.37516638939007385
0.8989341494564591,0.8023022772684087
1.310271539380134,0.9444454600889718
1.3745616215452616,1.0320165763262878
0.988409887930262,0.9432937340896651
0.019823929370506255,0.3532612449325713
-1.4609028297435442,-0.42319638665874687
-0.9993432600684209,-0.10346423859662712
-1.0214338891654358,-0.18823376451361504
-1.7195341827789856,-0.7638323614515686
-1.692690532457874,-0.8098764205588567
-3.4032893017009602,-1.3363916865839502
-1.730014571405958,-0.610535102000825
-1.1630309557256293,-0.2711443326498671
-0.20579293045642222,0.2492796933385569
-0.4345310190376817,-0.07316402422042464
-0.7536219392107475,0.05214575551389061
-0.23253706207450486,0.2692847361400188
-0.3885061035115914,0.11175166170779195
0.8452573820027711,0.8125192887901208
1.88230090013486,1.2720959012378767
1.3217440401108251,0.9580851901844205
2.0713828251188637,1.4126949137448648
1.6090867487264313,1.3283027153957576
0.9827185925616724,0.766720236901064
0.6316863309304058,0.6676288377653884
0.17206514031474152,0.4420740467944683
-0.19910791605092212,0.1910831576382608
-0.6226628605533496,-0.004377255857858531
1.3982858105824185,0.9318199554767258
0.5318287239480406,0.5618802928211857
1.3316312918539324,0.8883394376033227
-0.9193399162986403,-0.1178808477137556
-0.3852237875956191,0.25997267081388625
-0.6904746066856903,-0.14766793820167481
-2.5166492912472784,-0.8949413560593045
-0.8970802631733821,-0.4091666656866022
-1.2006056008954347,-0.3675965222456154
-2.66915920250476,-1.1334284012762306
-0.31232190237019264,0.1988725092695656
-0.273875181761277,0.300170105156548
-0.22952532403520953,0.07256045606497646
-1.4185700676243274,-0.5398168820457989
1.23251943046515,0.9098094672352962
-0.9609805404340507,-0.0903377178286157
-0.25137849647277677,0.2142465491202839
-1.761220559185307,-0.5981745899266876
-0.7023852663660883,-0.07230728309037095
-0.31099754808405167,-0.0068476627287981096
-0.7507627229310903,-0.15282100269321525
-0.3409541963740273,0.2756880596873107
-1.0190815764676135,-0.36756307004426264
-0.3927165517388178,0.22626455638055007
-1.6626958873157442,-0.4066400257415278
-1.1224806016761777,-0.22553836725325294
-1.1815603789611075,-0.28033459388880333
-0.30020381633573356,0.16418245423425126
-1.5725193055801032,-0.3274974753474343
-1.6153913481082571,-0.38902824060802904
0.2885066103723688,0.3856056967393869
0.3096557773005796,0.49808194289522123
1.827752523651718,1.0080503684426982
2.1263761971190025,1.4282904350950998
0.519194062881763,0.6646005245577306
0.5872397593512972,0.47201689722532003
-2.07504608304998,-0.5258820211436958
-0.4846535489063687,0.29197888718587506
-0.1729599553528805,0.28820355193679836
1.572967010387752,1.1573548878755857
0.39627975498793977,0.4615491394039253
-0.2617055800481301,0.10956100608035865
0.08836415710509438,0.3038173805495685
0.549592221082329,0.6466655022923224
1.3564036190125024,0.9617826994479172
1.360364327029957,0.8848302016031696
1.2691388125728311,0.7045025207991958
1.6994095899783357,1.1237933277683154
3.233230057188104,2.015767862676562
0.8766525882368742,0.7140149102894284
0.26656513910608914,0.4631514014695766
-0.9400344367978426,-0.1825704019501894
0.06257975581433195,0.27890322363871284
-0.8941546855974205,-0.23294807945119977
-0.41146286084589595,0.25475826361360926
0.7495359010810503,0.5096113107987363
-1.0255907055347775,-0.2574517908922444
0.32887174620883286,0.4811493584934619
0.8425955294154136,0.5160680551740776
0.4818063541972429,0.5383519795823797
0.019300246171746305,0.32323655402111184
0.25423493281392695,0.5179894684299321
0.14990005303257736,0.41733994341979963
-0.8218043472808525,-0.06320086186611673
0.7497455850898946,0.6679816360260037
-0.9163448034942502,-0.27145716598097813
-0.07601948147966608,0.20848641149868477
0.46918553129136925,0.4171457990859314
0.8812374071588409,0.85007728355679
1.1516971177482147,0.7760850746445278
-0.0027347814944531645,0.19901516570019856
1.7947545835236145,1.1929554110804446
1.0686315308895329,0.9431886714641502
1.1551561943257558,0.9762754340196964
1.570005510602688,1.1123033585358852
1.0270527184762526,0.8808631161461178
0.9112708538617793,0.6788058040354217
1.0575011997164263,0.9298838740188237
-0.1628368053986241,0.37397754792929133
0.11889639142889635,0.27909957499498966
-0.17548670509307296,0.2642593529999657
2.8266558519698837,1.738753273027166
0.31578464947230167,0.5733954664969979
-0.7637374231902683,-0.22539402559731464
-0.3445203633771297,0.12901249012012528
0.6858329258932909,0.5832370308352025
0.9437534708637318,0.7904734639817101
0.7323895559012462,0.4823243703589257
0.21751879434460697,0.29640726514753707
-0.6600482110141055,0.14873816034334106
-0.04313793936591859,0.2166217323807233
1.1305331496446722,0.9686219081706265
2.95712544158973,1.5197970659843927
2.1179789220845278,1.4978733616707602
0.48529405412523985,0.5823366640548868
-0.5978430862752869,0.009107179521949864
-0.05944747812322243,0.37576733202704626
0.49019029921913854,0.5286147937048856
-0.4753720382941432,0.024052626591147513
-0.3631945797694055,0.12737357330667512
2.49318087012197,1.4761548471443129
0.8365688800187894,0.8068293012146663
1.3978654375336927,1.0572866094331854
1.7219779177608991,1.0043805678339912
-0.11196078129672804,0.21328674389453248
0.26323596302250507,0.54732912175418
0.20269695061098114,0.6345793975878091
0.8667226802404745,0.7774370836965313
0.003455269851230236,0.28933667549895353
-0.10335348717467426,0.20998197264780624
-0.7661951235089414,-0.13076610784490733
2.2294716940203068,1.274228655573863
1.132074416403366,0.9467264581463002
1.0583046871201371,0.764413712565026
0.9366001276029792,0.8561087733651368
1.072033991646823,0.836760313770967
2.0051155545625634,1.338596266311289
0.4274181892191091,0.6273023967672025
-0.8586692605563684,-0.08199599501366941
-2.038202187841322,-0.9409270454976699
0.31030807530325344,0.5462818411586863
-3.893012299328266,-1.5987106513783778
-1.7955952333755165,-0.41248838680994315
-1.009851527402077,-0.3705514381944427
-2.4341293039959186,-0.9324900663245704
-0.00031039707825741836,0.3261511838184435
0.22442428009259877,0.6283803357882809
0.3007290618189927,0.27909938242462407
0.23126469657480497,0.3456883713028152
-0.44221943220337157,0.3252156988949577
-0.021647293777348864,0.24305891829934012
-0.23340492864049336,0.21781293164621818
-0.9927395791357242,-0.13812676158398698
-0.9009884973860542,-0.11885488108566244
0.4382552852390197,0.47366071630371387
0.0761168548476226,0.2653614420195708
-2.784585966871371,-1.0806632704318102
0.015444831404243908,0.27317218220467177
0.667101826848156,0.5885013210068153
-0.5002108075339258,0.02839795601784393
-0.03370505023131426,0.3154998058785304
-0.8891026875889133,-0.2471615508678226
-0.6137060121005813,-0.08761246337625267
-1.7935971558994988,-0.5612674730604095
-1.71905820803851,-0.6820929794005735
1.7374405811947942,1.2626211170030546
3.0199368615263635,1.731240002593759
1.2329038689223495,0.8707243031556259
1.3832628542682948,0.8764150745965592
-0.350533728071746,0.0304482122452166
0.6830847526494606,0.6822595564964063
-0.35944500235877863,-0.06742926758594317
-0.8057824808446628,0.07295369191188714
-1.9398254517321238,-0.5696222220686293
-0.7079294696969932,0.0017678834629945711
0.6945182855962289,0.7711425107544759
1.2747408001432399,0.84839278951833
1.2353771308870274,0.9779508970852535
-0.6499307112053307,0.02009270803544823
1.6736310788781001,0.9949996587518365
2.7758369854875586,1.6999341901016414
1.5864032100051553,0.8800666610889551
1.672240202516623,1.0768182741443113
0.47177574301795266,0.6002915324697048
0.20418433814972958,0.6032172896511782
-0.6194460507259105,0.02507720418739301
-1.661337508669685,-0.6882497074953897
-1.6191819070722375,-0.387973772737729
-1.1013495972629674,-0.24970706387942315
-2.618135948275363,-0.8340842553967547
-1.4832247614042544,-0.44058906510298496
0.08276806285702143,0.2739740931556591
0.9857565447535349,0.8482447612940427
0.9342424921613683,0.8634613595650037
2.5663489821292402,1.561641913333845
2.2217319801252096,1.521253005152579
1.5016691783670344,1.1538003630762583
-1.078852281705943,-0.2918482398454724
-0.6398913786694332,-0.029281370590434674
-1.128092603018355,-0.4233209102376526
-1.7034596871160026,-0.5078008972897576
-0.08977365158833062,0.25950317207278906
-2.065091301944265,-0.6661107696077976
-0.1230701867681725,0.10011568665872062
0.19654715088604952,0.2720518656935951
0.2554341443142846,0.5547920734296548
0.22472607184059798,0.47967754647571287
-0.19738092111689892,0.13760112457784027
0.8180942894421035,0.7967104519331425
-0.7669413756686339,-0.16890622950616416
-1.9929925289017982,-0.717897303777873
-1.86178654067299,-0.5958240446590546
-2.227972537857109,-0.777719618637625
-1.6490545416313076,-0.4938297087054472
-2.1634380492076124,-0.7587779319000247
-0.7629521229354375,-0.09132946776403719
-0.3259779677086138,0.0703727421840175
-0.5981112845346506,-0.018943894815752753
-0.7874406972031764,0.10954369496418331
0.25942750863977704,0.36383575416888747
-1.4691340315577968,-0.39879286695294963
-1.305350066134816,-0.3633713578151337
-1.4156626323338124,-0.4803816382862679
-2.1239731088211533,-0.6262853961762535
-2.1679888425961313,-0.7426748785854517
-1.4137081918966847,-0.4685923329623145
-0.9036784966587112,-0.043676809021112956
-0.28590266032357237,0.1284109572617603
-0.1079461947572978,0.32571458317174784
-0.8039402563751348,-0.17919182332213193
1.166044346615335,0.777695178615402
0.14994690340463412,0.5327492473443716
0.5772067767222387,0.5162151600235724
0.3036080322911816,0.3958817089217362
-1.086680370225393,-0.2721048131711624
-0.5142069228792088,-0.010453507523810579
-1.9157984769644347,-0.5477502246322673
-2.8969698010424985,-1.2306174443331581
-1.8966231013056827,-0.7215586164510431
0.7492525336184548,0.6657076365782196
-0.21250912200500693,0.009229909850886814
-1.5339963935084584,-0.42573855825081014
-0.9651968991910977,-0.31330564789385984
-0.5470192239136036,-0.010229246592790946
1.8978928777847925,1.191764153476416
-0.22592533010340876,0.23348780033626193
-0.650626089466604,0.015102666873379071
1.629518156351973,0.877799118059579
0.4637971951729929,0.402997091327838
1.392748639361609,0.8843749965128433
2.313839067377368,1.4751410335408013
-0.5108034316173207,0.0707354394922345
-1.065439215764771,-0.1928090488063057
-0.25312275992757716,0.17796262475851188
1.2687259506057833,0.93775177138929
0.7646810078253008,0.6558812669227057
1.6370871067008648,1.1828919544685392
0.5621116260877852,0.6756240158778305
-0.580057990870235,0.016900910021849142
-1.3209714965302042,-0.3945584985618197
0.703975690070275,0.5703249691243079
1.0687153325304504,0.8410682201676697
-0.083519113296182,0.29241173450080216
-1.2920041352987437,-0.2998482198201616
-1.5909896259785374,-0.5145913651798497
-1.0651635433002402,-0.09409262201407778
0.5721198242209097,0.4664122840543958
1.1492720402681202,0.9192223959488658
1.3075776328677375,0.834201636766394
-0.3235605615884515,0.17915910599283652
-0.3712036545184603,0.0011640342502230727
-0.43528388545758007,0.09503664646963046
0.7087337835341041,0.6526502367346042
0.6736212539233919,0.8348103839109468
0.34254591431162784,0.44422394006562993
1.5131304119817615,1.1494413507722956
0.9667995973437894,0.7689223001038912
0.7482968945751859,0.7092030079757147
-1.6632743036575495,-0.5337351310269749
-2.0404106105231348,-0.8509342257303665
-0.8999594681663166,-0.057948810835978706
0.3792417010185851,0.7108092031439588
-0.15044897277627128,0.16578777598284114
2.3195000817161264,1.4507213562360017
1.9787150211305273,1.401163626709981
2.2242483743540267,1.4888812024732148
1.446069545537343,0.9492208172943409
-0.040627358172379946,0.25080050499255896
-0.2418260408156058,0.14548283679714086
-0.14323109362825182,0.38266502959782756
0.2000908244369669,0.3927164985968839
0.7662900377026793,0.6291633515346103
0.1734889284211682,0.5247008319240345
1.5036850071207248,1.1898670150483586
0.9066811654907382,0.7434088005982298
0.06934302520079916,0.425187958509269
0.32867716090507426,0.6358777748724525
-1.0514487978125733,-0.264293686399514
0.8145378667368453,0.6992301468310653
0.1928083146910226,0.4322550942585159
1.5550475846613334,1.034745226169254
2.702593192698889,1.8534772381305002
0.850955445427878,0.5753080040587799
1.5033688718539506,1.2618159076289985
1.7777185330858971,1.2364869614292966
1.6223200591339582,1.1250935746777213
2.1117766503898325,1.3144173918995625
0.26801547766958167,0.3749638495484684
-0.9396593650051445,-0.06739834732523825
0.030645857108101415,0.34054451007967745
0.45112444394873014,0.4635830195597788
1.0161362571066834,0.8270352842762579
1.417514873497698,0.9963561770345813
2.869033031862644,1.7133301345301137
1.4339570859790363,1.1070920076418342
0.9256513841209059,0.7956693059324222
-0.31029515337432934,0.11076493780705926
-0.5218456559211077,0.015494148712102335
-1.6586891100375236,-0.5804569353762519
-2.0673334042170657,-0.8059575721489627
-0.6276972547168298,0.0582205556885612
-1.1374822769006527,-0.32760660053052115
-0.16785907833066804,0.44334335180236156
-2.339336187567048,-0.7401906004856965
-2.673773550335602,-1.0195554371247677
-0.989348079445781,-0.27449287937979316
-1.3096649577569446,-0.3224091264901461
-1.2809263458262108,-0.3581044849032926
-0.12566610742104223,0.47745372280033965
-0.31353110122546896,0.10933744912370373
-0.027698308241660752,0.30257769153060554
-0.732081362627701,-0.133188014448601
-0.15949368713030937,0.05250229687613037
-1.239698406139391,-0.2981809882409131
1.501628965301324,1.0055553075269479
1.3772798474757602,0.9279043465667993
1.8122035398547125,1.216527244844112
2.9856495753007017,1.7658757243538261
1.378835062486638,0.9683323630537981
-0.8060325659959768,-0.06968883238440168
1.640893649019684,0.9944893257945525
2.031285671915149,1.441819083490035
2.4381409977133135,1.5722327672855374
1.5238739906253007,0.8910326128654517
0.7441896269385897,0.7164749989685426
-3.26380123576426,-1.2582259747517501
0.3043591711289728,0.6105209402042157
-0.12666208599354,0.20891352374166033
-0.7838512458335767,-0.006893708015153932
-1.0217402576530188,-0.18613573583000495
-1.6386553522412461,-0.5204587929342936
-1.458043003971894,-0.5932805291569456
0.6977439970889706,0.7752851823759501
-0.06323809051308404,0.25212463194444895
-1.203415579324207,-0.46701642463911375
-0.4448693386361147,0.025502260983602337
-0.6772128239534572,-0.0977793752331036
-0.9561097860237431,-0.32226251853104515
-0.8263996810438636,-0.00296862516439636
-0.5439730716750015,-0.07469313987863661
0.3747393518806981,0.6472570864769536
1.5781585268723666,1.1636666578730883
-0.4214895827224565,0.1493466370500422
0.9286921202367586,0.7743613634036718
0.14064720882099624,0.44781197715069954
0.31912533524193676,0.5580114801024376
-0.2569933330037895,0.32652435132022245
-0.7002194708699143,-0.07066014488075278
-0.115796058033306,0.25864364578715854
0.8125766909140558,0.7016422349126816
0.4721942253503381,0.47861505419757683
0.10568635331299048,0.326335962132071
0.5808816143587963,0.6841421239996764
0.2725331366486415,0.25419841778482766
2.5848443082122747,1.5650106478781547
2.3466392602398987,1.40216135851403
2.2067835987142095,1.2995028880476924
-0.2987213356115499,0.17729378831921389
0.09060693362020261,0.18613740675031984
0.6499370852735302,0.538829309274614
1.6353376981349559,1.2653742801842218
-0.2607932794476886,0.25633452185317285
-1.734841820272585,-0.5837204456095699
1.2246095002928088,1.0281608001428888
-0.1829540975009244,0.13282326075634582
-1.0524520681905785,-0.10807647279409889
0.9287750909728542,0.7614820863469034
0.6263636085790447,0.7682272339469022
1.5656507395660548,1.0815179099788141
1.9106173950889715,1.2369445256578089
2.584574412384545,1.6331396951470205
2.5090291723386224,1.6876922705890836
2.27320282266262,1.3972820743264647
2.379359921114575,1.676344996067639
1.4381962720617159,0.935056526518124
0.595022672938484,0.7317805226056181
0.22895295089883205,0.49369192881899737
-0.324099193276283,0.011100280408421315
-0.09474393401677425,0.3318807152576426
-2.2069313134388207,-0.9439002164790093
-1.7508990734153098,-0.7064427367222762
-1.57119736779396,-0.527165686834718
