1.2263316193576335,0.8823386449261512
0.17918234870128769,0.425157068276438
-0.1932241644957534,0.10868495824375335
0.0029182631348988186,0.33614846809278864
-0.7079967698892867,-0.16736675655925048
-1.4457179716463253,-0.37064159643180566
-0.5839982537787283,0.003890644213710665
-0.8273101990202016,-0.1454271632433154
-0.6882058839739479,-0.08982243954629987
0.7358126560115698,0.7454165806470147
-0.1469161056190964,0.15180042124147136
-1.044912713676525,-0.12180301010510762
-0.19001417069772297,0.2094405575377225
0.18734715882080671,0.40817184840972803
0.7105011611013703,0.6284876152477582
-0.1950667053167494,0.3517437800986152
-0.4336523091200335,-0.06374370529793946
-0.39011840060448066,0.09872940441608745
-0.9719089309268152,-0.2475142779224559
-0.3610705521661399,0.25759850564482434
0.8675592776301757,0.6781798012860766
-0.593355402638431,-0.07933850769809574
-0.6008945039132179,-0.06967015612413112
0.6696568893693666,0.7564202958989835
0.03800635809236663,0.41986960858288297
1.4782917749794746,1.0114109430359643
1.6562867556377343,0.8825922557167287
2.3363292773699103,1.4969302137279514
0.15223094672725423,0.39131701034206534
-0.08700426716334361,0.21615669801013043
0.5767829244645704,0.5968951692270259
1.152490167981909,0.8065847641070212
-0.2702441238954273,0.08391134121378556
0.8394257053979997,0.8732163135670769
0.5026997460032794,0.563314219555047
-1.3103646632541746,-0.3706183956423807
-1.1349254494489733,-0.3561064696063897
0.24754767102910935,0.42506213246655117
0.16627689583098876,0.2648931637062064
0.582372876172482,0.522624514428289
1.4674105621195555,0.9515061904926728
0.6640183191320685,0.5119218916438453
1.989161476000502,1.1207784942286314
1.981240058178687,1.2900832865596112
0.16636953627861328,0.4812672340638947
-0.5664914939322077,0.04466151292213977
1.0383696502137214,0.7865605581814602
-0.04317679186310941,0.30470549755436815
0.7386515495144216,0.7896817580320235
1.3776567308332108,0.990573809157233
0.6659470155474172,0.49294910669307773
1.0238362661107454,0.8294742299450493
-0.20625830922494237,0.2898469544535494
-0.5161281168385984,0.1703990733373119
-1.9008592390254777,-0.8507650937818897
-0.603248806917072,0.06728661826824676
-1.5432270903220138,-0.5638483768827001
-1.3646343304596815,-0.3927367191369935
-0.7497494894210257,-0.023402444708887776
-1.3015956987424842,-0.30687334386691584
-0.05916576502357351,0.15891895359057034
1.123846669150353,0.9505338414550988
0.36712370422710927,0.5752598195542584
-0.03574758002031514,0.28496266504747847
-2.016567767358468,-0.7724868832024124
-2.251448462735685,-0.7883552722940994
-0.14637755727333812,0.3886383606569947
-0.16762760729730586,0.26083131694945905
-0.39661191078260183,0.21519009888051552
-0.7322958854288363,-0.150442227648189
-1.2195443734845413,-0.29018566553907343
-0.9212553730289931,-0.2056816148866322
0.11175070937622933,0.4049903990415333
0.7771321506631917,0.7973662183315735
-0.14536024073365306,0.2717263382037657
-1.5743287418136385,-0.44866606752314747
-0.16347106399446598,0.09443266246900621
0.4183801085976264,0.6258383119436819
1.456195522289887,1.021557724859631
1.201002633493802,0.887035692865982
-2.065406052510822,-0.6852133042015642
-0.2601726461490692,0.23889733600498753
-1.3967574605469233,-0.41211453338169507
-1.5920934674282052,-0.46796387815382956
-0.3952427644872597,-0.02502867440842968
-1.8752582144966998,-0.5440687674717108
-2.7688327467741782,-0.8158316146678486
-1.0223834202446116,-0.18845542541128357
-1.898447405499315,-0.7154001196194713
-0.4253208164010922,-0.02018229898341052
-0.35153786480902505,-0.029271989505416096
0.9765574171119626,0.5621113237164833
0.5665741958343616,0.6982412469698779
0.36283861089927383,0.4190424518208644
-0.0873148729769947,0.36934045186603187
0.1849572581377146,0.35259204273920397
0.25363063545712944,0.526861119136025
1.898190987947446,1.3008053407371953
0.5534884819271648,0.7242223927587688
0.6650547127815475,0.6412460113000478
0.15085323195308076,0.4836260446704872
-0.6068079525983588,0.14316439085543742
0.7715523107025676,0.8107962683891197
0.5698819046791899,0.4364296475915589
0.717865142127945,0.7394015825789373
2.192399362465604,1.4244240056150617
1.2253454719337602,0.8424666374695171
1.7977931183003157,1.2620932575662558
1.286792304392411,1.0109886794542489
1.1615334383593972,0.6734587767012362
0.20223180888443937,0.40012746566863433
-0.011711649387342676,0.20788971831185654
1.344318784963726,0.8130901214153892
-0.7029783345585932,-0.13944658373030278
-0.8553553469731713,-0.009030198598998729
-0.6231028965657426,-0.020631137918100853
0.0588703610897936,0.38307435087664776
-0.16676217249035397,0.124259929960326
-1.1573648840867041,-0.2361886415743994
-0.03604659182533776,0.18367084769814657
-0.3750930737730522,0.025458879052065037
0.04903605768410185,0.28055486688646536
0.7237534744465633,0.6379545086555513
0.37614318029996463,0.6516749255642279
1.573745722898254,1.0849096875241884
0.29560107171157224,0.7093806016718394
0.24748570553137428,0.37108246922364385
1.6358376043876288,1.1416619600547127
0.15255626389857135,0.42364496184858363
-0.18902134205333654,0.17888832858169848
-0.6282786272716526,-0.027987924651956347
0.1852833292336108,0.43177874867780464
0.8595549939166627,0.8943601895583888
-0.3638851318489953,0.03627033449258715
0.6355066950605432,0.6875400200435006
1.9376365948571537,1.3049351389677029
-0.4638543553322003,0.01724854946789256
-2.08678926508526,-0.6446132890349255
-1.6644215984955817,-0.4483700179050749
-0.676738640981289,-0.07334696703074314
-0.09798753901278423,0.3404098065444289
-1.7259038788772405,-0.4917882061672008
-1.0864745019223525,-0.06057667424075178
-1.998486198746499,-0.7440126445160384
-0.5683183074048735,-0.12325548101944755
-1.5479608822393875,-0.5410100615465715
-2.0661724742213257,-0.656754068962036
-0.7027816722221945,-0.059540903527919214
-0.2889026976907781,0.11871407708996912
-0.28978306291154865,0.20482899496731674
-0.5672022378873702,0.0355949288236215
-1.424604886775559,-0.14522370776252141
-0.37168541851406156,0.13769014997510587
0.5666742983797349,0.6952170220511404
0.6988214968085605,0.6646886500206163
1.37693711837176,0.9418002255461911
-0.10734600547117301,0.25756216298605683
0.43564640688009076,0.6316848892939717
0.7755054319116633,0.8000875347060951
1.3933461865896513,0.9083363808082959
-0.022814696672402324,0.3477737406831236
0.37476319089022,0.3848295758608349
-0.33291996510810234,0.31256748695376835
0.06826698270634463,0.4664983987128135
-0.2867672512882066,0.2826878682724875
1.856360747714719,1.317060957642719
1.633873268802236,1.2651031508561368
1.2080113180833476,0.8827824671403488
1.6996024513002284,1.1263257043057726
1.8738967553291817,1.3037911192993104
1.9118594186677096,1.2731109781488914
-0.43960567780498794,0.1469497072972736
-0.7837841674836166,-0.026108572994213722
0.5933741059175567,0.5617521205210879
-0.5508772818350641,0.10340487619179138
0.23317408880989998,0.529880704923247
1.1275206662301291,0.9334560999289804
-1.4387887018462273,-0.27632466038173153
-0.8073197603441483,-0.25631199186604386
1.2832061972564173,0.9026922924585619
2.010811393371964,1.132410690251735
1.9215426045525796,1.2698839346062838
1.5340971779692716,1.2827584683207194
0.8842274225713205,0.5405940240423966
-0.8359138253947945,-0.09936513992434415
1.5765168210087233,1.046857555974288
0.10624774134659043,0.3728618577244994
1.351001984304644,1.0726085017341012
1.408525485610322,1.0197484490236186
2.3604063816064427,1.6399462490600811
2.2267767393013034,1.475243281390218
1.8022323762826367,1.2508472934097028
0.5759293587202404,0.8416800546754706
-1.3407434569349233,-0.35701268612395276
-1.6821747554506339,-0.6398862364112807
-1.9738514803976068,-0.6552056514317757
-2.041563297064405,-0.8867687052781452
-1.040374260901736,-0.362181038552708
-2.4948407504515573,-1.0757229159555397
-0.5795177221811607,0.28547112298278265
-1.1844788823788697,-0.4638366390634375
-1.1457955507472606,-0.2787925898472221
-2.066392291273222,-0.8999865075864457
0.42494298292156407,0.6086402094351481
0.5599852131925787,0.5841494222728785
0.33620861085623066,0.6652592474454664
-0.5272071214562369,0.07589603445790596
-1.5376992548853314,-0.5276628394201212
-0.8456427978261447,-0.048243292259875406
-0.6810446763958484,-0.025724602103072727
-0.29853457616728235,0.15406119055970685
0.2537439080902953,0.35723538431312885
-2.0708999290170023,-0.7493541162858599
-1.310299885073828,-0.4030002276064751
-1.4381043439003336,-0.3901756435612086
-1.2091204377185962,-0.1864184785138499
-1.1667443063665535,-0.466298774850161
-0.8636051003482652,-0.0620745486137113
0.9312960318089488,0.7111748715512325
2.876954917580094,1.6517488235115942
1.8803203950619622,1.252494698278409
1.5948445963952842,0.9851144012475396
1.10872820612176,0.6804892939034592
1.239112324348305,0.8630778345010099
0.9536780292201442,0.8402438980141695
-0.33801594228627274,0.016421967840218044
0.2522789216921456,0.4743102384323236
1.510295395279605,1.018121299452936
1.1997927932811467,0.8623782903340448
-0.17063408680524839,0.16684136097797023
1.0890715168799332,0.8905817911673302
1.1547092730089525,0.8786874668435904
-0.07994790206392344,0.13457563095005562
-1.4643348950234962,-0.4477528343755656
-0.06096991987964695,0.41753393257720695
-0.8840795904352958,-0.05341999639470951
0.4116027956022462,0.5786348954197926
0.6450472877301094,0.6545752455976399
-0.5752106110689426,0.1071050031547061
0.3230433496752265,0.600531060256662
2.1637249532618035,1.4559353341849735
0.14371883547533493,0.30198445719038086
0.8498651250566696,0.7140160767725423
0.6172184637501087,0.6403158052539625
0.31290292522814667,0.5505972640952977
0.18654448295394144,0.40231725164283816
0.41102298939666615,0.5116860775718819
0.8654756073590821,0.8994957741286795
1.4072687106021058,1.063314803301395
1.5631507385894317,1.1289703849356838
0.49391222763422726,0.5705415271962428
2.2248747105564037,1.3521999809184229
3.1077301005696745,1.652534525335869
-0.08303905468490869,0.24956788473778352
0.9693534116791945,0.9638860416633684
1.4489178810162995,1.0734286333926997
0.766426157522972,0.6029852177744099
1.9901415586757367,1.028618652753285
0.11014738326575335,0.23936242621539508
-0.6184832814378755,0.19503247075008825
-0.5466986992291267,-0.1145801851306143
0.8940161007431954,0.6485144391108809
0.9359490110337804,0.889575259658336
0.2684830071413085,0.5805311111771341
1.3625459737711265,0.8285136628920848
1.850888491180391,1.2094065619525551
0.024677658360835464,0.2074670213565074
-0.10598078145837733,0.45603664893436624
-1.2267429438604809,-0.16639457731808857
1.2410152039244198,1.0062236739789274
1.253132499318503,0.845945015220779
-2.0762153755093258,-0.7484518273458856
-0.49888878093841826,0.16910273012815757
0.5966869305926991,0.7261762987571224
-0.8610991841604507,-0.16444914202123317
-0.9453470732623791,0.021194271537957887
0.373446481766025,0.5063110677799162
-1.2547308867874194,-0.48795761552182726
-0.9897422361402841,-0.25008925551497624
-1.2063652091412866,-0.36673078903834117
-0.6223694105310023,-0.11066366683795947
-2.1760762083693397,-0.708135800790934
-2.6106742060078867,-0.9103158996774017
-2.805522806412922,-0.9610340459947813
-0.5398346857506777,0.11478715502984847
-0.28743781478971187,0.14817237192809277
-1.8609218518159376,-0.6742921297199913
-0.03381599509811606,0.12643232398772547
-0.10803043410017038,0.12159196656192857
0.15820703208793224,0.3544499248075069
-1.202916715581755,-0.2299233238142059
-0.5952796714429333,0.12088946724448556
0.5230523214060323,0.4060705927851129
2.238976484577229,1.2815120563487055
0.05256134692104908,0.41642608061875624
-0.7286466785165479,-0.028944695447103874
0.43007196850185825,0.5275056474794457
0.5270847541553153,0.58950531771249
1.1409281844903352,0.8800486754402244
0.7712058975758938,0.6150241513794917
1.0147089793234545,0.6678385903421646
1.3583265494156382,0.9000607062257744
1.1359495862009057,1.0022183395544115
1.019921866004019,0.796931766228742
2.057298118142529,1.5009254786520745
-0.9792119675791795,-0.29993885118846547
-0.9153379700592901,-0.06293349170790924
-0.39864847532587505,0.13307628631528823
0.046332733880175114,0.5061780230941788
0.6603706545935558,0.8090921397773122
0.6757822509051137,0.4013571023333097
1.1142473967906494,0.775420824417702
-0.6989371148721286,-0.13435466930788748
-0.8610181275109683,0.05082592875760844
0.17545217476406283,0.39449601954317626
1.0773994193758019,0.9248587357980695
-0.9153791419416302,-0.18505843343280665
-2.2557774176695546,-0.6816681682112193
-0.3945786680513922,0.19578167759212622
0.3215172126847351,0.38794937005326036
0.1746192658893365,0.41043516912744504
-0.37071280570463944,0.23453902582117958
0.7906127881541246,0.8048418065189638
-0.04498822998698426,0.32774123047500514
-0.38713843257142494,0.3063283412016355
-0.1648281812999096,0.2858442432904059
1.0338169723035062,0.8426583173416701
0.08675816118192015,0.29403427831390055
1.4328965391671489,1.176839232055447
-0.41289759900311984,0.14668919659387977
-0.620810153926812,-0.0706364121621302
-1.3562672502394066,-0.43907582122631045
0.05890345647363826,0.389189402670888
0.5257734579273587,0.48399570972600825
0.0366898864664687,0.4987815865240737
0.4455796819225851,0.5093686421166358
-0.6660221946487784,0.03885688866731614
1.090208975274961,0.8085325246152866
-0.5368769691551868,0.1183494110063329
-1.1602074449561866,-0.2011393933886823
0.01065606282366216,0.1287733912539272
0.5899977302546098,0.5747632017150602
-0.6875840256500871,-0.19125457078467964
-0.6056921452293101,0.03271663412418765
-0.7059233105393259,0.029076696465810237
0.291179099470111,0.6086734784375467
0.5201687222351695,0.541924702339673
-1.3753714586023493,-0.4294194527172915
-1.148776649888371,-0.44283005861223945
-0.023718229230139887,0.3506433419257216
-0.10530404422908167,0.3175555821685486
-2.171029680678114,-0.802071812463309
-3.05952493499057,-1.2357562562838598
-0.6109616333465596,0.0050512130712671716
-0.862084930927282,0.08685626346493308
-0.2830805585529688,0.23455785574476745
0.004057032549463435,0.3317275504143589
-0.023436453292075814,0.2776760728049165
0.8881324250951975,0.8322387496441475
1.0581809523570875,0.709956840858898
-0.9843286275548442,-0.11374617350306358
0.7869528524083154,0.8491165018953492
0.4161949818359264,0.6576522836662213
-0.455985639459766,0.06560602844683552
-2.491427430004172,-0.923911764724939
-1.4327187168021518,-0.3825660459290332
-1.5272488375971278,-0.4183788347970472
-1.131026416609474,-0.28102880670423036
-1.5876338123645337,-0.47409198357039256
-0.8883503742157532,-0.09817229573163563
-0.36752923545432276,0.20428530106905318
-3.054520777247024,-1.1269425891830303
0.03502223720459585,0.48562938545915624
-0.5532645186697891,0.007304215573388596
1.1432201976223935,0.7185002668541858
1.3676793350779026,1.1391596622627862
1.8505581194212875,1.2900427816627587
0.25144800519756616,0.4892718482733343
0.4037563528638791,0.4422462832831665
0.32145731658191756,0.5257755615796446
0.19775189325892356,0.4450624043735387
-0.9636035762952757,-0.2633445759652635
-1.2560090017852108,-0.41605593853279105
-1.6077309293222024,-0.41149154844796526
-0.8299221411787677,-0.12081473039389024
-0.290452012131137,-0.01449296425952118
-0.6154533891651577,0.0008830324176277923
-0.9316238538007464,-0.361127280750458
-2.8454329094080713,-0.9947088697349634
-0.859203887110034,-0.1976571273418331
-1.1569124121020244,-0.1369532415609119
-0.7012472487678326,0.06251300646184613
0.6347204019404598,0.5240901388807341
0.7215767585812812,0.7928431994197433
-0.22632705783475437,0.10976227476217709
0.7092551791461243,0.5082700214270494
0.2826227292840452,0.4231161682052155
-0.1501701957932754,0.4755262294102507
-2.7176016363554805,-1.1293912807670765
-0.9055323554911572,-0.25316078596929215
-0.7111526252701954,-0.13770799584687632
-0.39767381284426373,0.22782864267997463
-1.4397598345323077,-0.2740787148939269
-0.3317474278693693,0.06967833922312827
0.5365262916503746,0.6080991492055303
1.2301388275623315,0.8697338709709367
0.9083173598811045,0.9287863902494867
2.5412867987462797,1.6159668714242683
1.3736613349855684,1.0212591435533942
1.463486388499858,0.9202498059963115
1.091631142757223,0.79673670210543
-0.06777122511300882,0.2932795841987629
0.31486784673919965,0.30111414898945144
0.48754802472470943,0.5166712694316263
-0.959313784777449,-0.1740612076024635
-1.7019405802556453,-0.5103989797036307
-1.4399863184343555,-0.29563946570905275
0.5548633168030337,0.42734772504891627
1.1383096610440808,0.9258647850907649
-1.3001917575934385,-0.40495966585621185
-1.9604609252674043,-0.5685326406830797
-0.9877811431565202,-0.25363489257547267
-1.1191115304692703,-0.13104090170664262
-0.2929894486031708,0.20545164497531354
-1.302759714384727,-0.4106461157321832
-0.2914149220090988,0.21557072010362313
-1.8655594101532809,-0.5501828172605849
-1.642169142594835,-0.6235568302160704
-0.9724873875528783,-0.19699423062004537
-0.26097939473381027,0.2664358010310184
0.40321380005611057,0.37499454287354117
-0.1823846287894877,0.11683649254247226
-1.7108057333341098,-0.5869078017578481
0.7258073885662317,0.6523225099978225
-0.8779675738125673,-0.011378704330499118
-0.5665288612233571,-0.1469729500685036
0.12080772892786995,0.38280637747115365
-0.9385056375739249,-0.13510016045292844
-1.0798956394122585,-0.22317677675517447
-0.8914485044286876,-0.1964047723729565
-1.4841674266222449,-0.46663161559350935
0.14811895884250914,0.23451984191238973
0.32294287546576195,0.4679781083047836
1.0414421990304459,0.7928422083307497
2.8371209969847895,1.8287794711728025
2.121259405494322,1.54047160245748
1.576146173747842,0.9352117720562345
1.4473727376427026,1.2302142654154842
0.565308500801203,0.5110466519987393
0.37383707893588636,0.32567266823214025
-0.168927110119707,0.14029171034837296
-0.037082858778060196,0.20293037299781364
-1.0000502685680834,0.020516150145922507
0.12611921170622353,0.3576276977791105
-1.862716650527108,-0.7235269637970448
-1.3583368135674267,-0.3237211466307601
0.24042899131826312,0.41242486839189435
-1.589183127947359,-0.373336226696719
-0.31106781266777417,0.03854108416996499
-0.07736969867943375,0.21106377790948244
-0.03829700628807327,0.20245961209360339
-0.44429912977081376,-0.008278637154195231
-0.8568958654586067,-0.19527716100203996
-0.2954845643870201,0.028016785731979216
-0.3292158490372205,0.003238144385348418
-1.5086355705903203,-0.4376904679088246
-1.507585884257482,-0.3249019257678737
-0.027497263985486797,0.16739896643886698
0.7598511159346079,0.7925552103800196
0.27442925785755884,0.17719235102979058
0.1811284400424259,0.4949078002802476
1.0538856683977897,0.7315046064890397
0.7122593222443647,0.6459904759476814
-0.7471384840693565,-0.2598202399705876
-0.018104439292285335,0.20906866987683886
-1.2651124761513914,-0.4287098581758955
-2.813448822305131,-1.021447412876058
-0.4460640082845384,0.12126407337167898
0.6279840494608083,0.5389295175683545
-0.6925796409880068,0.12422637432241557
-1.8536614524128985,-0.8512889157271243
-2.414088404061488,-0.9583349929897317
-1.5244861414837803,-0.6449506221473162
-2.1392942860713893,-0.7916184415518559
-1.7291050288022658,-0.4898370862487919
-0.15870860265948128,0.3102749672234708
-1.5916114408924702,-0.5951609697964343
-0.9660796821746163,-0.04878861206330337
-1.1375713219443921,-0.3585670640653883
-1.0180131558509957,-0.5035547374420069
-2.421243763190865,-0.8715706761305629
-1.0156583267337365,-0.3007135565183971
-2.07874767647186,-0.6542124907640292
-2.5520366760360673,-0.9831484221831525
-2.607587755176545,-1.061455711315999
0.889412383304137,0.8720616713010121
0.7375236495107568,0.701499621813239
2.3353593764780265,1.5261433806221427
2.4595329409012288,1.4278508027314971
1.0800143198505339,0.8222502288934112
1.0672494816203957,0.8198852287879609
1.3948147145461225,1.0440811685772462
1.701779967016868,0.9452649892709645
1.5313252758070433,1.159062277955965
0.5333855605047038,0.6870779856192716
0.05694225460592961,0.27441281035521875
-0.21799984538097855,0.07151122771980158
-1.4915931887472198,-0.5105187449373484
-1.6820684408327216,-0.6826978373252746
-1.6731026456997824,-0.5399447017090572
-2.1672476817017614,-0.8392403099345012
-1.3014462490170766,-0.3246487927790234
-0.26149418450671835,0.22909096726252776
0.314335570268328,0.3921409531722817
0.21461329813911093,0.2823541556509938
-0.5678533057231538,0.11216095349496065
-0.2962627589149003,0.19188031978466943
0.18823573559585816,0.3701806637509971
0.39857026049580013,0.611334322122312
0.6435620982900965,0.5068375837071925
0.9007325821537107,0.8076414422430506
1.8953625870762871,1.3665609143614619
2.014683148264146,1.3946385488301507
1.3472899185164378,0.895368672419405
1.9119581611629588,1.1515621609899236
2.0605973196372944,1.2633109783529193
0.6082372548951137,0.7723586805856938
1.7913513033040607,1.2737861767849674
1.338410545086814,0.9157686578633222
1.246572019335379,0.8169230961905357
0.8341875889745153,0.9274147324554524
1.0929781187525014,0.7761929397392126
0.9449211043431799,0.7296764907146066
-0.13894424433885189,0.2877290472863408
0.1658678706506962,0.5049490584002979
1.9083866559059626,1.1896688287228585
0.05302446524903193,0.28800214224288495
1.1966121845835422,0.7435962651415177
-0.11471705508956198,0.22398444081791732
1.6689067543542884,1.1838030180589196
-0.7476744127409005,0.01330521545573271
-1.4393134329014505,-0.45769192491107846
-1.9239835642418188,-0.5898789496768179
-1.9913758422260885,-0.5310902506224267
-1.3704512497521224,-0.4515979130548047
-1.3541987569661342,-0.3901805911915899
-1.2218467332237402,-0.17823028632458934
0.1977787521472648,0.3344957121896999
-1.359782623579039,-0.4234312978423608
-0.3162592926525789,0.260904342251936
0.7344222545288399,0.6052352472983952
0.2944999235291522,0.37984409806790537
-0.17799592538014314,0.2823921497514832
-1.2107075456173093,-0.3721936400838722
-0.5165713632483155,0.19832333414815317
-0.7621607178905447,-0.11370724591647151
-0.9205450427732537,-0.06599267821538261
-0.6016534374343776,0.04279922524393767
-0.4256865476614536,0.13284213087752444
1.6319241082720888,1.1731991039694543
3.0856493729061243,1.6926317561874953
0.5059116497218867,0.47995752517183765
1.1434781353971686,0.9005715385554576
1.0289261359293096,0.7362216904728559
-0.5031502396209403,0.1812202574381941
-0.529361303504497,-0.13379916243029755
-0.606616355959524,-0.07968859072273649
0.09246734003768198,0.4097936135171191
-0.318464602220334,0.1371544484932245
-0.32780511465340145,0.34030311631984694
-0.2755493855111015,0.10611781512782353
-1.0126498550846463,-0.24771872791035282
-0.6715916317972965,-0.1208887673275831
-0.7144155551785714,-0.1681219895317288
-0.4233849387604447,0.2446336683481251
-0.21074878491517698,0.09742363050541003
-1.2002579484490954,-0.20725688028517503
-1.3334846257961446,-0.3313038925189835
-2.227716600257806,-0.6790449347381364
0.226218430621834,0.3517171566078639
2.1103550854156916,1.3151040440841737
2.171195309875621,1.3515719860934892
1.0123816329970867,0.8325017113197
2.2494560733953137,1.3691192474110094
0.5044985801937677,0.5030812789989496
-0.23146600387030225,0.1565430916845741
-0.354574656828605,0.10411879918592366
-0.47535888966484896,-0.11318711619263946
-1.0235426263222465,-0.30670561825629583
-1.555774632801563,-0.5683220121982723
-1.0223345037027793,-0.3558228451986549
1.243745368597833,0.9311633864568619
0.8886377416138782,0.730777489626577
1.759666035205636,1.2873816828713975
-0.03163720893288802,0.3798695336742729
1.0953223340076261,0.6867973465531089
2.3473514006946417,1.3481062804841204
1.749297572567264,1.0363745265579505
2.644864580438008,1.5444708923639858
1.8294727125774148,1.3145493484108517
1.2416939957789979,1.1489470112411673
1.2473210889123263,0.9214742716745804
2.3881768571582054,1.2879684570703283
2.4409483612882332,1.511247800994014
0.603959614578417,0.6611224851587819
0.19511219481010145,0.40062531441672583
1.7392790959876292,1.1642593534513712
0.8695459152292321,0.7371021148431833
-1.3455218977077645,-0.35647784468192917
-0.9089200362492879,-0.1699743627486213
-2.902751416025162,-1.1235020082104867
1.7324926960184481,1.0603944002225514
0.22638799413999222,0.4129018379391758
1.1477880350137275,0.8626308923312724
1.0850614986803166,0.9119046930562491
0.25505634879175076,0.20654100420809757
0.5808617262416553,0.6322586401198295
1.3113501369548588,0.9631601523682738
0.6403564125399821,0.7509047162998448
0.9055682810988097,0.8085055658555867
-0.2065188789070862,0.17223942904374806
1.6699182224067894,1.1441978388806457
-0.002922286106190164,0.2093496632287099
-0.32193836099575396,-0.016895315305986508
0.9137698728845054,1.0118518885202172
-0.11368124141880742,0.4057028906281264
-0.1508142722241217,0.15357023905653883
1.2866525565804414,1.0382843960806336
0.7488456869957159,0.6709651088022874
0.6443457938217705,0.4513598887229864
1.5667065842456356,1.1763911560904354
0.865377578809603,0.8038210573038798
0.09718703172441234,0.3338336517533249
-2.0043329578371387,-0.6106549624519901
-0.49294815467090614,0.08992163499736303
1.9691096750689994,1.3126127879988876
2.500455351619724,1.6947763484362397
1.4402794485559005,1.0547553545884731
1.0341426116205694,0.971666212416965
1.6903244059993523,1.2627674076736224
0.16610510461773442,0.3140185455426697
0.5282933444780133,0.4730716166314841
1.4730714573508723,1.0633108297371578
0.42455980885311695,0.4936658218034828
1.8076948866666016,1.2667145129610897
2.621890360319245,1.6421462920253924
0.7563651164764627,0.48712745072204866
1.3502577239828142,1.0089112962304732
-0.30675235842741067,0.1669957184356715
-0.11795396776567654,0.21724208919353566
2.3335712535277953,1.535199667290748
0.35416709074757036,0.21955935005153066
0.6643312663346523,0.6802523990022729
1.0006179647468199,0.7806837126746028
-0.7863677171026411,-0.03541101370650387
0.15861002196236962,0.3358816282389595
0.6395034880136006,0.713918654511136
1.807938940083429,1.1967396481705392
1.4124452790102384,1.114216252166561
0.8649083379607176,0.8080991613456076
1.2520380131852522,1.074337688591589
1.2948117714638,0.8170676820308975
0.2725747611029602,0.29521742565027065
1.1188242102128678,0.8452668165448715
0.7125410382701196,0.4961140516322924
-1.1116543253575135,-0.28931007062272496
-0.263868409775437,0.200067976263264
-2.5324803983798603,-1.0971896713308857
-1.4774532897544217,-0.36523680326383384
-0.7659218903760971,-0.13673460505969065
-0.6038048288020389,0.17388221105309778
-0.9429809871694916,-0.1905355661288519
0.5136962553973611,0.5063410031026891
0.7822834409635249,0.6669247238131504
-0.19348262561091645,0.11494409978534259
-1.8204525358638062,-0.5289138607087369
-0.3137139309325565,0.1888399347337888
-1.0538587629597516,-0.2560687333305975
-1.4330040534156436,-0.4600728571510782
-2.234989566615324,-0.7447217673267086
0.11780600586023127,0.2210784235565737
1.0889189131435641,0.8430511869903888
-0.5881337485218612,0.0280976983478745
0.5245393883798813,0.6124361971986501
-0.5840540620635222,-0.12121322865964881
0.2761379324126574,0.42989071847418353
0.18438510751999995,0.43794090041001915
0.6076330922945886,0.5981213902708017
0.9397887897623294,0.747811677552981
-0.27413303184961646,0.32149458726623614
-0.0699260056994036,0.39808304147043383
0.37221226041164684,0.5089456963240071
0.4108130956933841,0.22186309530322995
-0.7862074559203323,-0.12371683679863822
-0.2957140202921356,0.08323270694684261
0.7510618575618974,0.7611984305605989
-0.06643676905165052,0.16845743119938617
0.8443246921629097,0.7192357321977937
0.6107021498378221,0.6135338770481649
1.381989046156865,0.9504582463656028
0.9384397378676437,0.8651206239964269
0.9019524766867232,0.6617888035476986
0.35454632702545075,0.5037237866347879
-0.608319030377183,-0.10047951319046933
-0.883988845996987,-0.17430353327451298
-0.26043419416069996,0.22328775353712121
-0.06701969552935519,0.38711086263409844
-1.416141988448571,-0.5085802953883746
-0.016053500003681886,0.29087250467355813
1.0954124797014626,0.864790940381925
0.23811475473544852,0.43072906267153793
0.007300209540557379,0.2211342674106727
0.26476618842152694,0.5669310150866474
-0.30390471549864606,0.0021396183137657176
-2.372606735834401,-1.021150860755143
-0.8736724027067597,-0.05840576931730798
-0.11356475439379321,0.25951598228093153
-1.2742203609838536,-0.30559871361486424
-0.6721571244264825,-0.04810986060907376
0.483730067503259,0.576441255271429
-0.6403400223688082,0.10140532466346482
-1.6427589935884246,-0.4872654032672851
-1.3851940443247324,-0.5391373960329635
-0.01988825600920885,0.25026039351864593
-0.8469348818924001,0.02710759346879546
-0.8446039446800968,-0.22070786118002766
-1.0596766831979108,-0.17972188232795194
-0.8241009406076966,-0.04223642304378468
-2.5915306858322658,-1.0686159921821006
1.1653380452966189,0.8353416663890367
0.8885009827726182,0.7174826908070245
0.9018503195462106,0.8068115520594829
0.5290856277393194,0.5252934098404369
1.135107819725225,0.9325389239186593
-0.03215153274232774,0.3343060624474159
0.37232087233593764,0.6276038613479072
-0.791004090439922,-0.1804750080119069
-1.627261499196249,-0.4885986849464659
-1.2343933985501012,-0.20733330062752323
-0.9585100858199727,-0.02569485639750485
-1.2911238357241899,-0.31943977222223596
-0.5268878904755235,0.012904910708699022
-0.0007326101620441783,0.2715175048412819
2.046772316128942,1.096209882254119
1.4452757849573106,1.1677065210455442
-0.08244404724226506,0.13745416864840548
0.9756052526088124,0.6465407716016917
1.4162325324858378,0.9467342911737181
2.110390763353999,1.3729201755195348
-0.15763456397764664,0.020254563524625013
-0.6688039640778183,0.030161744113424788
-0.43180071128957337,0.15837928007617208
0.6914726156951119,0.7471366971015071
-1.1671454393158949,-0.20031008518247684
-0.5879164543790625,0.024364794320364643
1.3255294008119822,0.9562992649483304
0.306645925550725,0.706817133459493
1.180944152873669,0.9193241216490067
0.5930667803967622,0.6645304031503725
1.2688002251324169,1.010284585689182
-0.8831751144843147,-0.3117667440247657
-2.0414243180412632,-0.4661462880636008
-0.36405961157847266,0.10089451823837008
-0.06240200090783038,0.31995250833079714
-0.6464082642070397,-0.03490151784497372
0.1372652652266082,0.2894130570318654
0.2097545922984661,0.2818195721248307
-1.3910372043194927,-0.3347403483492335
-0.36819359372922333,-0.016320932017410944
0.6800413890917847,0.6364564176944023
0.971717793347797,1.0426429439949187
1.381883786337231,0.991025350993721
-0.32178720698623364,-0.017872473546131223
0.3570860049294269,0.48398495485778226
2.329321300224897,1.5840396675747153
1.3335552598201648,0.9478253421763537
2.0585216607161607,1.3858130272408469
1.4521898076723172,0.9551204234288483
0.7712410676518773,0.6661392551304558
-0.9969155150939162,-0.17392394468731315
-0.16547534079353543,0.2912993557261155
-0.3116614144946341,0.12048992509259578
-0.3836397266242432,0.2898368199900283
-0.07859771490989231,0.17638467444532535
1.0630841123367607,0.8482724519673901
-0.2729951570023337,0.0012758410205943038
0.12115808535732409,0.33235070033990444
0.2801498140437353,0.47887037942672556
0.7139512000309164,0.7534800623184705
1.6197117494678708,1.0168146031646876
0.9552584987910915,0.8761689540438377
0.7144375832378591,0.5290294164376599
0.5840942084384191,0.5518161979912265
0.09619013055817371,0.4233971917485525
-1.525320971924753,-0.5003007444337803
-1.7192512502729898,-0.5605017423104258
-0.03827824198551211,0.27916330171875176
1.9008732077617096,1.3136882401043364
0.013724960853485957,0.32791912851255656
0.11539059975160423,0.3919163905343078
1.2659777813878474,0.8452276947381266
1.5592990754575404,1.0574417860934795
1.705736363240712,1.2078433349775317
2.6765633517534217,1.6017847087318962
2.360019599044456,1.5777176096101364
-0.06608435423881343,0.25939848312524366
-0.3968816865537355,0.14716566013274723
-1.0464552845595554,-0.24820750135972267
-1.6689236194959503,-0.6055622747067178
-1.7214727590366925,-0.37711219058163314
-0.754305433686087,-0.09388188848178948
-2.987463970198841,-1.0832484122864872
-2.6029780174957136,-0.8442760990964803
-2.4121995239898233,-0.8109342475824602
-1.804090500251678,-0.5102582514961278
-0.035333191728508906,0.11319299428353663
0.5310195198560355,0.5339814060170264
0.9186210871821963,0.868379469333731
0.9444412919253419,0.8782590922490219
-0.19457167825422095,0.31376603231618805
-1.0231316458533324,-0.31131295890179606
-1.5621960999776614,-0.33073978711238394
-1.3842762895815406,-0.49103689275407153
-0.918180929239912,-0.16980291562603242
-1.9549398048149387,-0.6830741017110032
-1.3482400861511077,-0.33671484298138876
-0.9419637581844893,-0.0407159746859575
-0.8596958127658386,-0.21562304361578294
0.08627555086417493,0.25226752607837033
1.1607937832752298,0.882695049405187
0.7888993750713129,0.5682218237340135
1.7031962931777764,1.1046572605510443
0.5503137989678616,0.7258904100280476
0.10181949751419667,0.2639692537306305
0.6673030194448251,0.590017499173341
1.3649506804535556,0.7300235544599221
3.7988002457092946,2.176893270019475
2.000236895645773,1.2515277220648877
0.9174815183114222,0.6712187844218761
1.4547821627846647,1.2080685907101965
2.0053949168226213,1.2513782149897532
-0.7080739836194367,0.07483631108714023
-2.284840547256708,-0.7001301285514059
-0.6135755684543323,-0.018000959611262926
-0.23509314340582887,0.164438525401913
0.3986120025168053,0.4280771604139361
1.072215741235396,0.8860567711454121
-0.5207581169565036,-0.05007775350441655
-1.164109337924372,-0.11286749213096686
1.6062186690803475,1.0100985531579239
0.31543182523349056,0.4980164127666249
0.22138905925987995,0.33116678148754813
0.13976024207374613,0.3287825226787498
-0.8210638508911104,-0.040694101369839086
-2.303343367378724,-0.9288926029144288
-2.3805758211588293,-0.862070619387401
-2.1149657788208542,-0.7518725018401944
-0.4294441780470879,-0.013129186727839123
-1.3398338602726056,-0.3124327609674496
-0.511958778216608,0.23717625278664117
-1.5529598968626583,-0.4745529863522764
0.17055583147113673,0.5811696971692071
0.010766822264275944,0.3300740192063583
0.16939477259142313,0.4182043220100264
2.299024578043401,1.2898679122607886
1.7261367463842663,1.2261037210090748
0.04957502751273679,0.38610038147772235
0.4758091892521689,0.465804822252972
-0.47633486334631253,0.17063361327012766
0.1855254572519588,0.2866606720204416
0.6258619591570472,0.6127444114335645
0.8149484693959377,0.7101912500702727
1.1421251570920528,0.898085280510919
1.4207424055513558,0.9258814935074302
1.7578284536161362,1.2119445702305265
0.23387453171576333,0.3393700561876184
1.255965447994179,0.8342497113373946
2.8141794010611125,1.695820701521164
0.7834813375911667,0.6361375058415509
1.08246864125413,0.7525685255595765
0.7334971391202179,0.5775072824701567
1.784208444813331,1.1349457352187209
2.6801431687776285,1.5294092169354485
1.1990075339909707,0.8486467388482197
0.4065299737703007,0.7340667116504533
0.742634485046293,0.6051991106813874
2.139903638253595,1.4751711798199374
0.1742023486497224,0.3718581296492551
-0.326989154452652,0.07226493398734019
0.6994362142739134,0.5649672502935382
1.1517604399686427,0.858313808932811
1.5999545502239911,1.0654007354897415
1.8798253872542574,1.1329913861330603
1.4976630847077919,1.05289363318622
-0.7722637484048592,-0.07256749014266203
-1.5029194688916307,-0.3340015291799267
-0.6131998174748452,0.009614455001785226
-2.367663371502072,-0.8597645552649326
-1.342468092618334,-0.32771892507023237
-1.034698478002155,-0.17641335158469879
-1.6803081178398245,-0.36172191728252323
0.8359771659237252,0.6315053657425853
-0.7057756971013647,0.008884120985127732
0.36134623073632544,0.40553472104018007
-0.8808184692721936,-0.40371017410952875
0.22142773130614857,0.4318588707132767
0.8673923865357557,0.7781591029028879
-1.013010507058723,-0.25266533238954225
-1.74688843384655,-0.5636002601029387
-2.1107143808451987,-0.7557843939463816
-1.5962559664636264,-0.3639557753703132
-1.241746478152546,-0.29986076879533174
-2.9600401073827793,-1.2152127246622435
-1.473707082872308,-0.4718869658871715
-2.5028868414829626,-0.7691712890069283
-2.9171173302538476,-1.0461914592581079
-3.240140164339425,-1.1472081834257943
-3.662403493847621,-1.5140542072800858
-1.4542787771365018,-0.35684301425706866
-0.4283173845953402,0.1853376490158931
0.5264346666046481,0.55096958864881
-1.4506835059350274,-0.5112850845090738
1.1546974379191353,0.8985247142601747
0.9108587118737391,0.9053052801046658
-0.3329256275226903,0.06915893369808412
0.3923620822094454,0.5334621970851142
1.646778428389919,1.14028010800684
0.47831592368729825,0.5364685496270304
-0.7110136511975504,-0.03636365961604175
-1.1690402652319407,-0.3417408457265997
-2.177581675503702,-0.7914190626454821
-2.421734312260865,-0.9221235199679935
-2.7421464472358696,-1.1640124157903136
-0.2693025436925558,0.4104493673363896
-0.5227009270870577,0.0002563196307697954
0.19447057791979078,0.3138748637646862
-0.4914054190116315,0.1144633407847323
-2.078661082760144,-0.6777289147960524
-0.4746954266733665,0.0019426086744541715
-1.0034956322432764,-0.26954566498940924
-2.432220468622985,-0.9281653788988649
-1.2102245784588745,-0.17477898521754223
-0.6170450281165878,-0.06919912612177712
0.37644162081765764,0.3323583240901379
-1.4024742197248825,-0.3478484835445271
-1.7668746547502132,-0.5416632805566903
-1.9827853099662789,-0.6549567435090826
-1.7302046311943013,-0.42322408744127893
-0.8096957050100188,0.018377278664437557
0.07020645898811384,0.2252098630680558
0.7919522501911402,0.6787566471829236
1.1579479935109966,0.9269924869032081
1.4969501226441788,1.0272092753405144
0.015509741696412171,0.3672480692472439
0.16343157178594567,0.4046151736690412
0.7430108966102609,0.7500523471268519
1.6601859308953668,1.157409960430618
0.5195466620704193,0.5513565794071712
-0.015415224831265784,0.2371804117601373
-0.35982696743363374,0.10325163639030145
-2.77398170074186,-0.9787024867061567
0.016275755623149646,0.4182387100297775
-0.1248383192207099,0.36577383569781513
-0.19162319423943508,0.3207403470817329
-0.9736863034340422,-0.11577273545173729
-2.0551638650708157,-0.5750580221401894
-0.481022870598803,0.10481557482271955
-3.1608276373395485,-1.2444712581244366
-0.3232024327974966,0.015691057808369144
-1.1610659586237637,-0.06165538971200818
-2.4611797905543282,-0.9335504770660173
-0.37415246931989077,0.11197799242398652
-1.0797276762620838,-0.2588380753978882
0.16096845663187564,0.45631431268550643
0.31620499710250327,0.5336393966330922
2.939574702793822,1.833012534815423
1.7987778964119459,1.206442105210437
1.3648971102281284,0.9397450519594361
0.6578576719256084,0.5779736485189219
0.3150128946254538,0.45207472725715714
2.443668900068106,1.63221906529956
1.507222900604431,1.1768132621491292
2.160530368607856,1.4336518987623068
1.5358709202742675,1.0417604601225814
0.3456743823475853,0.5496245161933905
0.20590560328789528,0.4570192364864507
-0.4767650271009881,0.012565987631237473
0.44079390559572007,0.407755930712655
0.9669599358749306,0.8573222522830835
0.6357409000355922,0.6769654985492697
0.27363854548417244,0.6466946916000994
1.936026013455281,1.362623459848358
1.4168698759083909,0.8412955009921039
2.030733057300613,1.1347703021884297
0.2555779598961244,0.36447864430447247
0.5329564519959396,0.5119987481581662
0.26763547414258415,0.5176958172785382
0.36162993531716375,0.616953235792728
1.7327509214859853,1.1745277868814883
0.7755383362856931,0.7674041374257476
