-1.0194139010522316,-0.19730808491737914
-0.24691662346073484,0.3374807053153015
0.25608674113261254,0.43401405476843774
0.24311316715367445,0.4055554656881314
0.8687210609321074,0.6812753002005466
0.4122164198099965,0.48105004226017056
0.7396717582740038,0.5012758014037022
0.867859311911402,0.7253012304181164
-2.111522470047867,-0.7546404621456123
-1.0199156570790149,-0.33015150042617214
0.5149027101595539,0.43408618863833204
0.3912599583412263,0.47606266180153894
-0.03776268609503164,0.21802952723389002
-0.9370617426061392,-0.0660837611234315
-0.25563113173127305,0.18448751334809665
-1.3854096681928763,-0.4510614604703504
-1.820414161455301,-0.7146834159203813
-0.05765215741530749,0.3146167399604402
0.951355953574005,0.80074097766183
1.6935855240671054,1.1056545739831913
0.5153431616749755,0.5115079148732788
0.5640868430738797,0.510244929615439
-0.9752185332417429,-0.06588584623592136
-1.183715597990036,-0.35474659423985194
-1.0945009566314776,-0.21549723009994348
-1.8335710266602645,-0.5435211448736657
-0.9651196689123233,-0.060349492197758814
0.34464810423739256,0.4833192258224402
-0.5926691045486707,-0.1958022949326743
-0.9405437069804032,-0.2970671822573323
0.15309492588442197,0.2808697841816812
-0.03574362255825958,0.11664130532499992
-1.5163908916935889,-0.38687417013526476
0.21211888001647627,0.41152417900479643
-0.8778559567542528,-0.34417173647815136
-2.0466309992759784,-0.5751986933266225
0.5744143107497965,0.7947554146416181
0.8145568068988044,0.7267491175363916
1.6656805852479706,1.1265898212147385
2.601478307853331,1.6170706871543516
0.5155106353599246,0.6186568843032629
0.7468872542075857,0.7159075516280793
1.0711348847723468,0.7406870217319931
0.2354651520430997,0.489512084873197
1.6644559563311878,1.1855774023752055
1.6066881546042862,1.0764471308402208
0.17656751628639022,0.296443989613251
-0.16538761669800484,0.33299435159451085
-1.128395836592061,-0.30578212024193774
-1.2828637311308706,-0.16795115920058454
-0.1427668034663402,0.26969902582577654
-1.140316177061934,-0.32889584870724287
-1.6021856401230685,-0.486901715432171
-1.5466141438609906,-0.4072444080436946
-2.151320791725243,-0.8080068164401223
-1.3469780492625454,-0.35131701169207574
-0.5125131199839325,0.24669678675452933
-0.7017222715984448,-0.04600453551735288
-0.3320928856113608,0.11772016185315107
-0.3461515864883842,0.10938644963100852
-0.9641379284651277,-0.23728239780281626
-0.8420798793223487,0.058193558913293975
-0.17385830164801208,0.10744227530446317
-0.9700420018191638,-0.11665000474935378
0.12601931587492032,0.29824696913169874
0.8047638379462708,0.9017733091272081
1.3691815370062623,1.073922336684818
1.5678347361016707,1.1274243883278123
-0.04372384327412515,0.36425584741411715
-0.5567284611473085,0.1557715124271529
-0.524161719144134,0.10995824769774841
-3.1524808368548642,-1.3472918620464307
-0.9337887794765376,-0.28297861215182263
-1.8587614348484487,-0.6210233941938893
-0.31844116849525805,0.2518948468225456
0.040731077593828546,0.4575636270434179
-0.6792340942507145,-0.006825111956376001
-1.2590439545372751,-0.2769859688573478
-0.8093440498673761,-0.23721099262317547
-0.38093930152459743,0.14749057741789914
0.09054384520932907,0.38985570028817707
-0.681918365969782,-0.14143602108715606
0.500213512171887,0.5263532532909746
0.28035945025165676,0.5620141931338989
0.43292511149096946,0.5502660830324017
-0.6523650403600865,0.025975993215045526
-0.394477757683283,-0.012431366300143437
-0.3568362862698411,0.28343286531219675
0.31783181028282476,0.35107530171849877
-0.0316680064465969,0.37732813770388907
0.385600632237053,0.42394823643999113
-0.30858781456480977,0.05009589679579862
0.43158603052545,0.5322667972904768
2.2448782071154296,1.4365330727104517
1.3749598425556795,1.0523263197231894
2.24145242259173,1.4448449227694136
2.798719528503586,1.6475786139033535
0.2469525864348353,0.5201499692477936
0.8397488893293031,0.7381980883972586
-0.4299635305057369,0.30359997577456915
-1.034212437648316,-0.1091652643405044
-1.8746436084487006,-0.6702898358838113
-1.2655718648454748,-0.29143732390458865
-0.21111502911386326,0.17335459193538266
0.8383643848010645,0.5414536937903243
0.08761002732002798,0.356457948773414
-0.7433464976780755,-0.08640561050640862
-0.6304620866941932,-0.06643444077536828
-0.7443926362072047,-0.050883436568232035
-0.6445025806964624,-0.1680545257528039
0.9221785363874865,0.7797003315472182
1.3204438760593686,0.8684281293177593
2.014811963499434,1.28190402082054
0.5229601097554668,0.3669061137711939
1.7784875927800654,1.2203551571535995
-0.7944931614744268,-0.15609058885965005
-0.3699027050108893,0.2849406608152466
-0.15884084870581675,0.147057835758133
0.2770860627734126,0.34169663002959405
-1.6251304300207945,-0.647299697841716
0.3209774924647826,0.3966560306129543
-1.482055415055902,-0.3757216080123926
-0.9400138303081734,-0.2407026749808946
-0.5985902407326198,-0.039823104143231536
0.35836782469237527,0.49135676817302854
0.5552246131262688,0.6349638087039142
1.53210246866368,1.1483478837461532
0.9595279353602286,0.8254656270193975
0.18770754454178573,0.5768053950839371
-0.6422539771204676,-0.04254324293684922
-1.3597981580569416,-0.21924570726577264
-2.166028928207793,-0.8475781160978769
-1.9344633030159808,-0.6860042391928065
-1.720040605372706,-0.5162227425825561
-1.917245703792104,-0.6427362791028742
-0.921225364712672,-0.27877801501707267
-0.0709477243794181,0.1749562879764821
0.9412698922644378,0.832666531465557
0.7443780769462967,0.7372418176089129
0.6697900471061042,0.5504870010399177
0.9507564312387582,0.8680311995448884
2.0376878199605417,1.5419717200299092
0.18051737787156896,0.3530449068404087
0.4788209964781419,0.6019591988679384
0.3180282810966212,0.44365208394578987
1.2997841483146715,0.9256717725942394
0.6771525741687011,0.8144766058983575
0.6061062885433187,0.5655411333855299
1.5676313796292312,1.0282976881174581
-1.54925517123776,-0.2483873344220592
-1.7065868689676942,-0.5990762909739129
0.20792893944693147,0.3103720988353109
0.6264396403784518,0.5706417790858646
1.3487136749902775,0.9927709356306543
-0.5154986218089982,-0.11364260996881026
0.3838421172498632,0.5497406855313915
-1.098507039875726,-0.37332471388872424
-2.2142308898884626,-0.6915477286032499
-1.4937827731907725,-0.40416209603404785
-2.282315436368104,-0.7497341286692161
-2.0023971091792774,-0.7371399174588735
-1.0907883173416164,-0.2257780066092344
0.450752528558398,0.6338140967192598
-1.3207309269644838,-0.23920868555070157
-0.9298909768007109,-0.3300918939592725
-1.0182223000176518,-0.2868175460425457
0.11341991279188568,0.321658877834381
0.48457966999108465,0.5753345929512705
0.9744369960280557,0.8742837527716724
1.8558281059595345,1.299769156142609
-0.0798280731398151,0.36511392217168726
1.015008248244097,0.9713708068638818
0.3750780217522632,0.4397047058574388
-1.5294964789719623,-0.44045294393009515
0.8537442613669319,0.831694588072384
0.11180461334089331,0.2227729854668527
0.5997702654478887,0.6549985400415367
1.3786104915743103,1.23978819243696
0.8222528224254844,0.6869150694695804
0.2619092533000131,0.44504995422768384
0.37230774797446153,0.45301935289491296
0.2501727878036488,0.4003166309353998
-1.0626217284194355,-0.17948262196310974
-1.888291633278666,-0.6418106645699724
-0.7155363599171692,-0.0784934691891064
-1.774274877116402,-0.4762152046045966
-2.82259690928157,-1.364070599580042
-2.269848438397812,-0.9128968177397037
-2.39443209979333,-1.0285725015641056
-1.0303751817902314,-0.18850006727993887
-1.6103442590191304,-0.4273734364253017
-0.6582903798080475,-0.028310263992466906
0.8129034683271248,0.9040063354376047
1.0405183175024524,0.8655491810558953
1.7407165890601024,1.192514297492572
1.525203409422541,0.924750621339661
-0.1969573595920595,0.3593294818833799
0.045737643267092565,0.31781363316492206
0.8757247882999771,0.6070611008433573
1.1663697221942302,1.024163638992487
-1.2256448504591109,-0.4039051049028437
-0.3835199396611857,0.23864219366857312
0.19591249449347964,0.5612965953273561
-0.7218854105887725,-0.02144371908660611
0.6531483636584466,0.7010443293778005
-1.7384361701656692,-0.4227565585863257
-0.9320415681766739,0.029437413361214804
0.4857529988546717,0.6654661097057599
1.3770421950689253,0.9413953783070936
1.0566287871343327,0.8968286309767416
1.9177553934860798,1.2991906354704836
-0.028590258946866065,0.17817844365504648
0.697114716767479,0.6371825203502608
1.6749285710630486,1.1211796915155776
0.7110787578900517,0.8212248168357911
-1.334934613104152,-0.31977422774129627
-1.014531269663168,-0.0680157101981047
0.22505952890538394,0.34759483624890736
-0.9583543349504657,-0.24158485571265248
0.18356288210926286,0.39069675978334795
-0.3025200526402378,0.10278109259127452
-1.5746370353270864,-0.5274137848924216
-2.5268616060346485,-1.0019199263532657
-0.3048599621060152,0.28157133434217324
1.051001689811735,0.7713422547605281
1.512039002012183,0.9165318794345265
-0.5537117017001268,-0.1162135518534381
1.0319933660508975,0.7290336465087282
0.6456577922149106,0.6166769485427458
0.5945389484337202,0.5475500414207757
0.7279405241871317,0.7503555895691352
0.7900510664203388,0.6816723590843043
-0.09596702827758419,0.12561141531107944
0.19063142139498682,0.37087800051812164
1.184879125492173,0.9285643073091104
2.8210917511280704,1.729940321020632
0.2430371039998126,0.367397106608615
0.12941051191502512,0.4823305605706581
0.7184069375473898,0.66220243485153
-0.4982010263436035,0.0175518682078386
0.2733267115809566,0.43786231994201075
-1.7216573565596331,-0.6079439545958384
-0.998745769819319,-0.04951091545312755
-0.3542283028108095,0.10193143591587296
1.033011738465698,0.7381191119904179
0.5541091756065989,0.6003940589769255
0.00593320992709645,0.5181877678529198
0.043771999200609465,0.45511988075443577
-0.75673581536124,-0.13932029588261569
0.18362806416418742,0.23354673853445454
0.5178368472458319,0.4560513037139714
0.5931805254481656,0.4471729913976192
-0.16034803036345946,0.30294984427719374
-0.11680674392953777,0.13121958600831932
1.0153665195782797,0.7587133398070222
-0.10125941643801717,0.2691563538035983
0.2530967300227594,0.42020049099138057
0.4216648745804452,0.7701244403149643
-0.47141261460257544,0.038012979511119704
-0.11732064293779082,0.1385578264215316
-1.0909074146334188,-0.26224198114050157
1.0186501177215153,0.8158005813839442
-0.2142351340055637,0.25666156159269615
-1.4282644151308976,-0.36553113810812865
-1.314153337115427,-0.4369441734177993
-0.9572395085113315,-0.1661322070093606
-0.6969816810795277,-0.22535678459874844
-1.8400750373285235,-0.5364604662737253
-0.07337064509092406,0.43587509130238034
0.21461475724363663,0.3556282824467176
1.3406334116270764,0.9209464671087392
-1.1946980881387887,-0.26820598947031155
-0.6744992621664733,-0.06334953255409542
-1.7648580368149793,-0.7178183451717675
-2.1648686060599935,-0.6256165400627046
-3.18416094288114,-1.305269064811501
-0.34177585043220504,0.07193339851209955
-1.686063964806842,-0.4826780891700669
-1.965670520842818,-0.6575928038205602
0.3294340218137104,0.39585796410987095
1.2741564118783129,0.854245859963968
1.2907638767050165,0.9357684034996577
1.4484634549313398,1.0604720329745958
2.112322038511048,1.412803020400697
1.105686534361448,0.8243123084490717
0.34889022416622567,0.6604053643023103
0.25634278149874473,0.6561441465068139
-0.05812069260261288,0.18295079983573698
-2.0029206941296795,-0.7967433066898317
-0.9188787194846446,-0.2379571873335111
0.09748498444773768,0.18435495702374763
0.2839507370305139,0.4359887191848327
0.6876344051293074,0.6815758145460249
0.11415539045225365,0.48106508749501314
-0.5655667126927093,-0.028443006346962216
-3.1072585447128165,-1.1909399001509342
-1.4879171400026339,-0.26815875932678024
-2.296503255265791,-0.8531650783494273
-0.8279346248266477,-0.14436014743589207
-1.0468472944972738,-0.3783851584300413
-1.5192135830177524,-0.48162813421920414
-1.1326328241515695,-0.26262724762166617
-0.09172333423975687,0.19989615082010773
0.39913483230114066,0.5061516305946279
-1.3365760331134133,-0.4798946539522714
-1.7056954354225646,-0.6141607621903235
-0.5181766679718766,0.13976138467490223
-0.6774774345030665,-0.03945317204356467
0.6881137115234369,0.7508878715463894
-0.5224134416627655,-0.023048439059212437
0.9453390100677083,0.6389778359937889
0.22139137450701585,0.4361242598853291
-0.23735023781348802,0.25771805400884285
-0.40019583458222896,0.11878326746311309
1.1309652002655688,0.9733921835522092
-0.5375735899632168,0.0422740268041358
-1.43837234218178,-0.43533184382117385
0.15018499305017174,0.35581070684056226
-0.4998820014324791,0.07349013451165202
-0.12670126784981162,0.513262690735296
-0.9780529362703461,-0.11820012877217786
-1.5538262680679509,-0.5710219111531064
-0.9953976004621422,-0.34471140074426354
-1.3401233805675368,-0.4240106968690568
-0.9502145771585158,-0.27343141180081987
0.8174941529328826,0.7271207814937167
1.1863958155472227,1.0452840443523235
0.7599986586080262,0.6417635999931554
0.6224011067225976,0.46788802905103155
2.031126597107982,1.30497490140708
1.4979163991755282,1.1999963625912506
0.11166924162204417,0.4880989307789334
-1.268942527862905,-0.29331651393678576
-2.097879720512617,-0.7406014742635708
-0.35666596400828166,0.1588477441322551
-0.23246707231072739,0.08854579326567924
0.13771245629348486,0.541969680503032
-0.3737252022824634,-0.15819084834260572
-0.8440392588063191,-0.14387898375274735
-0.8686880710327547,0.06385521549095066
-0.9284524373948103,-0.08153107806492459
-0.823289015294898,-0.13896807456508192
1.7361713749919254,1.1681959104301818
-0.7874475589784784,-0.11204418148701581
-1.3215181470988235,-0.39574845300092304
-0.7134292035920999,-0.016281107794340922
0.49557183802023275,0.6304727378129387
-0.021798537765710835,0.3808565578308267
0.9184951421976815,0.7380789059499702
1.488268944131866,1.2616756569725354
1.2104604186940138,0.934076442139489
-0.2249616978901553,0.09078437663862243
1.38379763201393,1.0791331443208103
2.373397243952888,1.5420937070916936
2.2001357387901135,1.4586961272263232
0.7775305226255651,0.7415551754288071
-0.041455416355424934,0.23108603819637222
1.0306352638670409,1.0252110065659634
1.2753476877613368,0.9523741803321183
2.0087088051004187,1.3093756532905199
-0.9389930828189716,-0.10978406457980583
-1.1924134977948677,-0.28434342338017665
-2.406073544009082,-0.9971374827911164
-0.44571341092158,0.14838375505576953
-1.910863184575487,-0.599358663155087
-0.8035802422393885,-0.06859516809979796
0.1382284694613436,0.2881312414441263
1.0528021010087631,0.8126154916300775
1.0905409330997544,0.7074237285277705
0.6750925974986557,0.5574789657915135
0.3609760023737321,0.37858113623805373
0.9189972097880295,0.7178304475454792
3.6817818188882363,1.980266060451903
1.4192432316598382,1.1451304361545012
-0.8652117652631206,-0.07642646524008914
0.8371910959248552,0.7399565324001649
-1.6877182962741963,-0.5848351014356112
0.11378636878505888,0.490432464108446
0.34769561454648845,0.7407347089592471
0.7264356314210749,0.48988432660120046
-0.2727338641110294,0.25918632476995795
-0.22868903368444715,0.35044216592818367
0.5367298927829182,0.5701186443119766
0.854064236160543,0.8191425870120899
1.7874392025326775,1.3399465923237308
2.3126858343793826,1.4009022630564365
1.4386514952074978,1.0266366651022125
1.634334480569448,1.11127716336396
0.09735096330743864,0.16097292765218452
0.8332201189413976,0.7731523589976674
0.9775720762432671,0.9229303080906356
1.0882658731735793,0.8261513994544434
1.326073030736907,0.8973319505836901
0.6178843480000038,0.8484997124042791
0.036778682132384444,0.34948032029468545
0.09196470209553528,0.49198370987295004
1.1341679897677028,0.8557293910073556
0.08508207231886888,0.42503762681691537
1.9499657467440692,1.1783481408492569
1.0109831356556853,0.49507387163229666
2.1381909836766524,1.1587038556690603
-0.17822697561230938,0.09779705527211197
-0.9895658627526501,-0.05059168193495914
0.19754345667058248,0.4072445711059701
-1.3274887883766646,-0.3970112070729653
-1.0302504912843298,-0.2383303643793267
-1.655900290575298,-0.6319495439410301
-1.9382943779566242,-0.5457896560504798
-1.347775476222195,-0.26611659390541914
-1.878063742418417,-0.49767153342653614
-2.8259794572792227,-1.1809153326325754
-0.12099725427983632,0.00021554039546073378
-0.7563968367601285,-0.016977553618324148
0.6766274538854328,0.6544114530949457
1.7928826563356948,1.1455049737941139
1.0359097883963782,0.8011034452069076
2.0400960632033853,1.306410813682509
1.1337821875986662,0.7077819400113515
0.7829768597432973,0.5522364163473389
1.259953881651115,0.8745445169159061
1.1976965019476653,0.7162079967503172
2.998244391326501,1.8407616564085296
-0.04293711116640608,0.325310705031114
1.7773098764752728,1.2213890641091651
2.079981535784976,1.3924549279921825
-0.04998695361113836,0.433383271467348
-1.2191971720914665,-0.2970354145850429
-1.3907533845768918,-0.33893313667244296
-2.274484112500974,-0.9190269363463498
-0.6837490480378774,0.1711813036402971
-2.7738705905217644,-1.0472816941547576
-1.780625168784951,-0.5502551020058499
-1.8845108700106503,-0.598933534166077
-0.9820215228917205,-0.05887716093022741
-1.2235053883148077,-0.30931099932306644
0.438611022129454,0.48091563261812625
0.6660052478264866,0.5791184023858867
1.7160967849175446,1.1063344998375808
1.5651061794401953,1.1396117325405293
0.6681401820099142,0.6258229712555912
0.7987677772458437,0.6666075434260856
0.7290600381242305,0.7949511901521464
1.1922867046206413,0.7074450787754593
0.28735249437329313,0.3171212942292744
0.29194388606228766,0.4860494649843942
0.6603861685309032,0.6586318511076935
1.2137197531350057,0.7671288293817972
-1.4103291495933012,-0.29792450707517626
-1.642216448275148,-0.4127712283546738
-0.6271024703691965,-0.04396995860329424
-1.1570802557475566,-0.219004464082534
-1.1911422036625707,-0.353975002069083
0.4869071153725141,0.49680422781190187
0.5219625033646355,0.5243224481231163
0.3497257329793287,0.4220723839584899
2.1025470005715925,1.3579513063296074
-0.35990011299824887,0.0639832356202647
-0.43778929538676437,0.003692449253528962
-1.4235328395288387,-0.4754647223588016
-2.303511219842677,-0.9246276293406608
-0.47231250603339714,0.24433985754911305
-0.9442570737563186,-0.199251425056773
-2.4633892905833936,-0.6540929743163605
-0.8832065898624354,-0.09880544926523532
-3.0966281127723634,-1.2462006773323762
-0.385367927410997,0.33848924751137355
-0.6908730501879293,-0.014903725178789955
-1.167836475837381,-0.2036194504612241
-2.5134205591944943,-1.0603699136124634
-0.6951618199718137,-0.14545160832148257
0.6814654500518839,0.6468187331681315
-0.2799974271456699,0.1346605988455477
-0.7051281756066827,-0.2760679846722245
-0.08924868822276089,0.2243460016109622
0.009227372951920276,0.21711173450848031
0.4852551870142198,0.35123453649881176
0.5512887834110431,0.43643110480996833
1.030021567586104,0.8066609302862142
0.9406213452260905,0.6588611711104695
1.858783876055655,1.1586245290337145
1.1333583759970332,0.8630588621121419
2.490424081393161,1.4989456143089994
0.34350547529353403,0.4111550690250928
0.2032472289325733,0.2828666112045911
-0.7659223359854955,-0.06702854786566982
-0.6263329512984823,0.09082496628645415
0.5706879864844645,0.6289124825707821
2.4082141758169104,1.4324159845333178
2.5639682210810233,1.5987154237277514
0.27293567206577785,0.5878337822547317
1.602199389840121,1.0960033077236564
-0.00265397708805426,0.36904765101450787
-0.2885487467350184,0.31780698009051284
1.6524492167561595,0.9699054432717813
-0.02811226793980537,0.2951637875257013
-1.2077983730979358,-0.31344305121646837
-1.6973646331855254,-0.4861964961015055
-0.42407330653100983,0.0482587881768347
-1.4389428197661829,-0.5688744522860193
-1.6078374411132885,-0.44856633285878145
-0.4649260677247433,-0.04180593166952053
-1.5324641225441769,-0.4647858598313968
-1.7779505618579439,-0.8602550762449974
-2.0283026224884475,-0.6635437012444445
-1.5721279674109214,-0.49623343786023216
-0.6016442884652862,-0.030775175792657157
-0.7973877823384752,-0.10964458505145726
-0.6542757460196428,0.1171988056537221
-1.3081775999615985,-0.39069053326816705
-1.5782086119026855,-0.7238209322337799
-1.7473542786246457,-0.5315246570232931
-1.1905788205786731,-0.28980786828505445
-0.44433541081209427,0.08806522927328785
0.023224117156375346,0.40215767329562546
0.9865999835792542,0.7507619694239367
-0.20707978767344182,0.11487995497122475
1.1424981729397485,0.6175624397007741
0.5712060002120422,0.549717833809586
0.11226994351823821,0.24480615358666236
2.0581344980637826,1.2903547144709357
1.3769408729167627,1.0783721468729568
0.688722034261025,0.6020046023835516
0.7538849315702449,0.5443267223768458
0.30448691119671806,0.35940530179186986
0.05382466740335065,0.247538011995801
-0.2238998408431423,-0.045977070457488084
0.8959826019460552,0.889721639465465
-0.6073538898523876,0.03251156492094139
-1.9713589401021485,-0.5563378996276472
-3.537261326096741,-1.3815946924178237
-0.984570427483987,-0.20801478780088833
-0.03462844445745128,0.33370729672107863
0.08705697370483219,0.3939371207757613
1.21787691074197,0.7964168902420329
1.677631987709343,1.0774469264769286
-0.3176639119685123,0.09825563768709575
-1.1179200202889503,-0.03284499943880048
-0.37023723070417713,0.20205536322385048
-1.1875040665600827,-0.31026644314651336
-0.22049325731294978,0.19501401334027843
-0.5242660377149849,-0.024928377714805217
-0.646990887116494,-0.1569601025789892
-0.2092691406879023,0.22549229151144556
0.11351351178886324,0.5008772527073356
0.6525547350891315,0.5570317560294609
0.8127054300160595,0.646162174037138
1.1298629796848552,0.904851532410728
2.7879468365015287,1.5738161107720887
2.5292167718574383,1.6619928081355135
0.05587019017837935,0.4989800018634162
1.2516362940775512,0.7292598030708161
-0.0356566673067491,0.30979851572762207
-1.3592581394663183,-0.440742809520832
-0.2069039878460308,0.10983221542842886
0.28758520342809496,0.5161350685604199
1.602919077228126,1.163596698133801
-0.08239959385604867,0.15508030795457656
0.16239327760625902,0.5851002482274092
-0.6040590849595249,-0.03891281666419579
-0.29592650217963523,0.18055212114118896
-1.6214696103459796,-0.5012058714035342
-1.734492566613267,-0.4849835865177517
-1.511899894363956,-0.37687661332670086
-2.0206284731473714,-0.6354628107787358
-2.7976577048791658,-1.236566175675696
-1.022644877775654,-0.24551338561942476
-2.3617221656178637,-0.8503445677749703
-0.1977107092727335,0.30476161439322363
-0.6955179546242289,-0.0844992630155313
-0.9487252710009294,-0.018799934215333658
-0.2701719642332585,0.2678993439765479
-0.49410277031798133,-0.07458073904246504
-1.430236093508826,-0.5077108439101157
-2.0764273620413656,-0.5607782415069146
-2.0380620214015663,-0.9300504312496343
-0.6795542409775593,-0.13983049225625593
0.3380072124788833,0.4508281396549356
-0.40818869270901875,0.10924205437957638
-0.624592653921543,0.012747589119240305
-0.4816336794030648,-0.040032194603212834
1.6186637880806438,1.088670944861429
1.1670855213818052,0.8482045324749532
0.5979915675253633,0.5010193030062546
1.188350250144039,0.8825448220707404
1.5062495819736044,1.2223198707504568
-0.41993508482993214,0.021746401125549777
-1.1319375144792145,-0.33617235626769615
-0.11606204334386538,0.29399850831272145
-0.9475028874818666,-0.20903140406484394
-0.2783946400484141,0.11992912339880821
-1.279969035959547,-0.46337211876731654
-0.3141811105920107,0.15848715483583292
-0.7299783262369194,0.055569277513068116
-0.6849854257314206,-0.07343136376815687
-0.4327457272496115,0.061582582234514384
-2.3782603383617547,-0.9215827592582159
0.06972784189577985,0.2814467700238662
1.4810908606170254,0.9847368503851553
1.136200953290776,0.7802402931218075
1.7925877948758409,1.2626791023184505
2.0690903202608433,1.4014744574000697
-0.9967001843245138,-0.21050627910504607
-1.7761489696308148,-0.494110916001614
-0.02566720713357329,0.12378678405309973
-2.1455539687457645,-0.7457832047608851
-1.2154167532138573,-0.38855767000404395
-0.30685099832879326,0.06156798826023285
-0.7009892625217775,-0.08672482519829286
0.4275921063739355,0.5158627877486368
0.7691960090736922,0.707242148349406
-0.08473897186661161,0.15395733766902997
-2.88138587340032,-1.0743737611207704
-0.8206985116048356,-0.17040678332103837
-1.367569625348775,-0.31708416126649025
-0.12232152086348447,0.42477700963683407
-0.45244207809153786,0.025478974684566287
1.0922239821005713,0.7566730298057702
1.2229062572061231,0.963273788952844
0.6673451485978479,0.6900765787852845
1.0505319781745424,0.9477044418961849
0.697355058276629,0.7380265023873477
1.4860951184354536,0.9921504204346167
1.708950702902405,1.2361553210006266
1.2467886505300452,0.8913123959062322
0.9684209735167791,0.8465472491890786
1.3080983902794032,0.8588610845396911
0.235418369722024,0.41884695415695283
-1.675801612237716,-0.6271483470813287
0.13267472211836728,0.47906894915038334
0.2119543438746394,0.2830410970474175
-1.1680537240803313,-0.18232159047566965
-1.2651150157366025,-0.2550521458458961
-2.210926171702175,-1.063382604384086
-0.283960841865177,0.046648688203201644
1.233574406087774,0.9312009089396643
0.9130021878866661,0.7744716800712924
0.2040719394253906,0.36630070403845727
-0.5099174971758864,0.02162189717925327
0.6240495410336286,0.7707838841764114
1.4922427144038322,1.0298839092556014
0.7645214183475106,0.7026212438968438
1.3393030408594826,0.9041365190002704
-0.2789379473571245,0.25708952231509846
0.5287549860634841,0.5058282305696464
-0.5092848785974661,0.03180940391343769
-1.118841932502832,-0.3924548939502446
0.14649882678959958,0.4917508772585144
-0.1974029787259575,0.25188139814058014
0.39306514022602423,0.4033324179747164
-0.023520302835358442,0.2925372815073812
0.09421998967532133,0.3583816307342477
1.2867705687903737,0.7717564070255711
0.824631242956797,0.7152821026579004
-1.757718653938563,-0.5595896431002834
-0.9384939983247658,-0.2500096874646717
-0.7004521877173868,-0.1219818985684822
0.34924057890530236,0.5551320537401639
-1.3495589063887927,-0.3376633541904105
-0.8971056936409358,-0.10260128811580702
-1.5680023896677677,-0.5615537939225769
-1.6120069153022363,-0.49714335817429045
0.0073242154135135795,0.17083686559994213
1.3519296162298242,0.8315605969568041
1.421104702651075,1.0916566317695546
-1.1553637167182993,-0.29616682304015957
-0.12932744358541493,0.17483793645744217
1.0738659031812727,0.9726252438023947
0.1913739371326686,0.31571712196619667
-0.5142495373735013,-0.017645001189526256
-1.1834501202679168,-0.2513723345469548
-1.0064680825486634,-0.12586944423674135
-1.8231995087571693,-0.45640760132873603
-2.06539826406891,-0.8056091473685932
-2.042616436982859,-0.5740100794951724
-1.2353057209849685,-0.2342059668784508
-1.01992527875409,-0.13804019014635976
-0.5365248897021712,-0.04887241490692665
-0.6296336427008087,-0.3303949902046283
-2.049279222356155,-0.6689083331083727
0.5661905554882933,0.5323561866508751
1.5435649598694083,1.1115429148955374
0.3255016643862233,0.43675524230134233
1.0427829239009625,0.662440424154612
2.781858806908522,1.7826045648446187
2.3064315567761176,1.3346046788475725
0.8107404636359414,0.6760458932718514
1.0091716252348013,0.8692281783588214
1.666124478786938,1.146526985397681
2.294130572886405,1.5976687586941873
2.1570384283968798,1.458447596204809
1.0511630866945478,0.7255555725405299
-0.5076736444594775,0.04752383408492815
0.4731280608346621,0.4188991286626695
0.9397651106407534,0.6425800318269318
0.09148673661364559,0.2252259235230874
0.02901093620161442,0.2985485823843646
0.9965070767770912,0.7335383677500428
-0.43636098392272027,0.1415711493174162
-0.31736009375198637,0.17674535139961248
-1.9709693570070164,-0.6253987287673077
-0.782248329297937,-0.0019284016606487264
-1.6553816779501362,-0.5669030293513362
-1.4137008446043666,-0.4062278470115563
-0.6386777401144738,-0.06099381190361272
-0.47412287827819344,0.10473949053616008
0.19760916221650732,0.2881487886782591
0.3317408988103826,0.5391539551691382
-1.365036143383106,-0.17437102202464494
-1.607822090760632,-0.47257879862154634
-0.9448021815804168,-0.16568499105351114
0.5538273182392233,0.4809428863274602
1.260959033477905,0.8257080276520017
1.3311962255507344,0.9584175186638887
1.2881588993358453,0.7346430904012059
1.4615168553777382,0.9571994447175151
0.8613381238641994,0.6368673658673661
-0.24142995822982183,0.2081350928194545
1.0774107026568212,0.8737889522592743
0.5512178562741841,0.6302268435247522
-2.0049256743998924,-0.7392623440525888
0.00033953189379287707,0.3234109207687562
0.2707231664020381,0.5694673545746177
-0.4382834394350538,0.02129067172933788
0.23437543778886316,0.6304036097411615
-1.591718508965253,-0.5201192311617405
-0.9312547023103169,-0.2101674615242724
-2.7101091472053374,-0.9251019179679043
-1.6320546398297164,-0.4453567904818062
-1.857142544511672,-0.42849451854031717
-0.8786193809898972,-0.13292258187657638
-0.11995685006623669,0.4610774800983775
-2.6223228825004763,-1.0298756459449352
0.5219795364702025,0.5127396035780419
1.7345351535884608,1.2044609551086045
1.961313272400269,1.4008122832934156
0.9808152610061378,0.766439645625277
0.6023164481482829,0.6834224968318355
1.782402192328541,1.2547757073418557
1.1490067025826785,0.9075417921575458
2.5392022835133963,1.4114181940879265
2.3937278555605177,1.7041498076134851
1.4514149978272428,0.9628486436301079
-0.290999519906604,0.21329247681827612
0.9456235522936205,0.7045389507556061
1.908284490513765,1.2647363237426839
0.3135444435142186,0.2488379017106992
1.218067802091027,1.0289660201619304
1.6635568870129016,1.2409582174546665
0.9057712518635971,0.9257404465410122
-0.12932995195212682,0.2355466885064767
0.044280482026300166,0.304970623872485
-0.2560112857805781,0.2621753545467458
0.7140322223810494,0.47239461101018665
-0.2775774047429692,0.25170781497688527
0.4862937698582088,0.6117733650720656
2.4085872082451565,1.4200093695576808
1.4595428094664054,1.0149039944744216
2.7415237106950077,1.8072484865618796
0.7702237672362086,0.6231555839751708
0.3844400946721233,0.37581453550114036
0.836487295291379,0.7230084771580125
0.6136176084400203,0.6874345252185422
-0.21310709829984975,0.2785770133924934
0.29189495698830203,0.5251559058351357
0.13157927415967485,0.2511027985144024
-0.10174001022879536,-0.009307173160209209
-0.013769692114164636,0.4930352337329186
-0.6867303876751092,-0.06117013375283406
0.5044571456153534,0.441256699493538
-0.42683100598570545,0.11710748131556983
-1.2815766570939209,-0.3192739422978436
-2.5434418581833036,-1.051051489652771
-1.073407145759041,-0.38785217356992174
-2.343731416710488,-0.8252485617971899
-1.14765447241341,-0.29506630712235254
-1.202343793680706,-0.5198287699289166
1.2003935066097766,1.0712556225234886
3.251185543051885,1.8681778823663058
1.0991039643316607,0.934219806423391
-0.8978882740418349,-0.22924095477986678
-1.7049281275488997,-0.5359184923439155
-0.7028474403047076,-0.14490656054315196
-0.5842193491626976,-0.11508478701156631
-0.36945855116207194,0.2672734573063368
-1.2657235385750527,-0.20092230338354505
-0.9290734511784433,-0.08139759999215297
-1.1037875198710503,-0.30745392200222044
-0.4160742470777292,0.15754846287812468
-0.30951104223280135,0.06655867816542439
-0.5375526814892353,-0.024401043776799886
-0.0427927383126695,0.2472805838025762
0.4477318770151254,0.5679904285078589
1.6120071974652412,1.1712330945141407
0.1329165949098846,0.560760764917802
-1.0387982793147925,-0.24684811325282446
-0.7896889195786749,-0.18454648531732198
0.6757481031487,0.5615739244923792
-0.19186373120607492,0.3295208646290393
0.048698663698596545,0.1834154891935117
-0.0793305106161366,0.18995929729346142
-0.8150606714299875,-0.08220448012320597
-0.20997644551550482,0.16218697655921477
-0.14228614100692719,0.28212740256694846
1.0871372778100534,0.8946938201960967
-1.1718885625442443,-0.4696556505668211
-1.7297717607715741,-0.4844291154604746
-0.9474672165707944,-0.08271100180613099
-1.2227538908858253,-0.23633139005758272
-1.571117227839344,-0.4022233881469738
-0.8117626694617293,-0.1982614262601215
-1.279539621597395,-0.4518988001760918
-1.4744895737217805,-0.47603791548647234
-3.680351349681279,-1.498571111969862
-2.1229711426815667,-0.5941682362918672
-0.1556227663196651,0.1971068165172401
-0.20153546129190303,0.14568199563158984
-0.7338184978961209,-0.20124629764924437
0.7227757114334259,0.6182339240836108
0.45912058811080914,0.4092340885023069
2.2551056781424323,1.463014485558538
1.2602251304602679,0.9717401980195837
1.7659888346349035,1.3937202236828534
1.2451662495107467,0.9746799072463056
0.588244879083214,0.5246293051363049
0.47282286917033867,0.5963135503739345
0.0930199101925861,0.23247679004736493
0.08289841290925737,0.30365735308818365
-0.7392527848211361,-0.024723976204436844
-0.2531417758702926,0.17568814748303163
0.3100943733196243,0.4818988360681787
1.1817144005762024,0.8982881117902788
0.7714499749432732,0.5667228399269573
1.7351693064098628,1.2016188162482058
0.9115767261790941,0.7519132962322069
0.13348223046367025,0.41243279796636956
0.9194805346301383,0.9592967206282106
0.4566196705872899,0.4453432298311292
1.0831479188374162,0.916224539736601
0.8699642380700526,0.7808409660406213
-0.4352822081859056,0.07535544691322404
-1.4156708233116655,-0.28224227230098275
-0.9930794787605579,-0.037389588871937524
-0.009100454836417193,0.2440894338674533
0.5790173488932706,0.5101791170903659
2.3107382975172492,1.523175584035286
0.5009127640307977,0.6321954366840348
-0.16031600200242052,0.0923507735750321
-0.6221965329009201,-0.20228976341973626
0.5657984479335151,0.47269820994371015
-0.9731086037072153,-0.27559712474724424
-0.0846829785711074,0.17264705153072823
-1.665892866623724,-0.4129450109353433
-1.9650786481178306,-0.5409187316214056
-0.6146470918156153,0.02849248571816737
-1.3484757404234857,-0.46992566167358746
-1.3848251968118386,-0.24071570634180864
0.3408922553167735,0.527054892104228
-0.1180569289530074,0.07190790945771636
0.18418381201046502,0.3271904252874492
0.47621188301742934,0.40584793147133047
0.41120749116219163,0.4298388422914541
1.793065361598842,1.2784694107209007
2.1561338425917773,1.433871084608522
3.097691390179447,1.8506121281823094
1.0171445747361454,0.8239853021119491
0.4382128197371032,0.5617950684366829
0.3814749362400045,0.6750682425966864
1.2791813012008075,0.7978941490369723
-0.00015566193538629758,0.21003004270102654
1.9192739148421043,1.3371576998214232
1.3132999251754751,0.9985752450396416
1.8189405942509853,0.9729531633342833
-1.3637450199631678,-0.3635288001908992
-2.3050402950403868,-0.9362529432036759
0.022357020424657925,0.22482946732029202
-0.7109421528630326,-0.026925787949406033
-0.6966826001209964,-0.14905214907079384
-1.9680145201257275,-0.5773487644169519
-3.1000337122959234,-1.4433139183144827
-1.8554042686249852,-0.675736419468687
0.18126051414930067,0.5792895711296131
-1.9071666814778783,-0.65291904210918
-1.4543716248930363,-0.41366478655230066
-1.2736787833498915,-0.24987541054608364
-1.5227071292043592,-0.4113308395636383
-2.380322669442118,-0.8956073338062404
-0.9765528756647145,-0.33392375486985837
-1.4856210488023358,-0.5621824013284947
-1.4529409640719655,-0.5346271805055797
-2.9503321394458077,-0.9362898125027265
-1.974805906137774,-0.6838629512234101
-2.059204178923651,-0.7217959121429856
-0.9593219603569406,-0.033422358038202676
-0.6470856339430412,0.035845431323253435
0.21606889295010967,0.6622702163979433
0.5978881783019252,0.6267051051606383
1.394337435220026,1.1413421675732436
-0.38875889409278863,0.1752628325595984
0.40414920375349395,0.4465251413195125
0.2131188909708641,0.5499956312485222
2.1176835771038385,1.5098283925900133
0.7205718117120867,0.7081356123346823
2.102238165404322,1.3521681579577831
0.19104508329074765,0.42023054945329424
2.050327444622084,1.4209710001096592
0.8110001682349404,0.7137815345884595
1.3756910935755027,0.8852070956085738
0.4889046704586992,0.5521659854537789
1.2450567463443618,0.9236945262854808
1.7382061129916426,1.0913317702784093
0.15982614122178307,0.36712432544467516
-0.4036883328822083,0.17299405429385056
-0.00909016446663835,0.2493304094482479
1.144589584546403,0.97120083306763
2.224597651424901,1.285650237665752
1.7650046928728491,1.2126276064638981
1.1583005796931312,0.9212446455339982
1.1622622904952369,0.7402003536746475
1.550537355875751,1.2497879308525077
1.8455589709573912,1.28680477135715
1.3619990556533168,1.1020640157263448
1.3651052271313973,1.0259158682580096
-0.2804108777795197,0.10917452033011543
1.3768844813374994,1.0152666712478207
2.4079139674561496,1.5969869924202322
3.10635153568913,1.7184236929973264
1.919235935269016,1.1649432246246556
1.239519554578687,0.9250842537075433
1.9157861667586324,1.1529612202625295
2.4528243355935433,1.3875651096268211
1.4121245322338078,0.9853430315232307
0.8225488114874648,0.6899106633806471
0.23461481652103633,0.5757396866472114
-0.1955162328663137,0.24157527119537625
-1.030435719268544,-0.18755856965615714
-2.1089754787245534,-0.6375466134881068
-1.8375364529988603,-0.6744782479968102
0.8879625470269503,0.8632759501751548
1.373438073778419,0.977936238377063
1.2195528460750111,0.8740467790946246
0.9367573526025467,0.7246847789100936
2.244872163989346,1.4175091094561192
1.0418120515380829,0.7129881141342223
0.08009353039414657,0.5665539430536435
-0.012255581549711694,0.4550361045355463
-0.8504877375239962,-0.20054458844576017
-1.2251986938709816,-0.3685618247167341
-0.9116448245230704,-0.035730643045954774
-0.21022200892655674,0.1408211967297204
0.8709025557016208,0.6834424879182395
0.3810382966617628,0.5316992711368346
1.5516262402832546,1.1562820836708432
1.923705998614469,1.0903997285168305
0.6502271811354314,0.45611072328527624
0.24468736770801358,0.48734480102682076
1.9371166240806081,1.2978930579684855
0.42809290481627205,0.44810733860330254
-0.05500022435848667,0.35968190358921065
-0.24563558110969347,0.19003205496363906
-0.4899892616562338,-0.07265205599327759
-1.1051900776666237,-0.39755158113507016
0.2054999314428524,0.292018564737672
-0.7968242609748538,-0.17494648672904484
0.8819970415804943,0.6754967722715645
-0.43111200817329176,0.30285656181929327
-0.48914749785379685,0.04922830420768985
-0.18585456761051566,0.22772757713639952
-1.6030875070374964,-0.4380581727640124
-1.6488033290335182,-0.5090543541041912
-2.3504482379053897,-0.873350689238297
-1.330284045853578,-0.3773487766714811
-0.4156063174453525,-0.025416571607574295
0.381693867143166,0.6556641157164143
2.024240452453225,1.4180667552366204
0.5894663580589694,0.5494595985967383
2.0388194013557133,1.2200182143077283
-0.2576525583251974,0.1942474836599712
0.438663067282983,0.3712677889723316
-0.5873224441318966,-0.05187811468112216
0.5039345313664315,0.658721942872208
0.4160947536907947,0.503656045843978
0.5435629506103216,0.7503008500123366
1.1185445353601173,0.9031466740971948
0.3793151837168083,0.5176019731443264
-0.29602591543826967,0.3816075347466422
1.6083403895910613,1.0631848210833985
0.4860460104153035,0.5102468993149034
-0.19118493248043478,0.40903950505904546
-0.6786841876777447,-0.09806671271880801
-0.9733289062596593,-0.15983284439267867
-0.20785916614822764,0.12426175594292276
0.22398949524554912,0.402123855060614
0.9744970511969667,0.7227793547809587
0.881271803947637,0.7609882368548183
-1.4965379850866205,-0.4440036089227475
-1.969106353430175,-0.6032767578454237
-1.5164984390072778,-0.49273230749300106
-1.3662007442688318,-0.1784730484002811
-1.0646772208110922,-0.2761335139708834
0.14195728667928487,0.37512704531208796
