-1.4143256597750324,-0.3605607597162229
-0.6357565008802838,-0.10200980026146268
-1.8113584010496817,-0.5169216669403316
0.6103621333699654,0.6028882954740833
-0.23206395650657097,0.2517643614102761
0.4362587475842916,0.6835459112048435
0.86417960959653,0.6092825453945507
-0.07675772319164009,0.2862712328712881
0.4181499734655123,0.556824922590228
-1.0722517051823954,-0.14013371194205532
-0.1537618218428758,0.264256157157232
-0.973329085223504,-0.18242943967456907
-0.024311076701627132,0.19925506368838097
0.5874320273629955,0.48709211491788673
-0.3617004957980873,0.14939195719973936
-0.5000512417196012,0.15211992711328842
-0.45350003498087854,0.13133229993043802
0.0952938425986441,0.31993763069880765
0.21627604512883225,0.4147192821226509
-2.401059913735657,-0.766738565317837
-1.5597923727677743,-0.29185410130980777
0.8226503247582908,0.667878825601402
-0.26234595843618413,0.12170524558154086
0.44767613253244865,0.4492029169356019
1.7448312844255733,1.1291695664002823
0.9764983810593186,0.8055119634738072
-1.0282215060363173,-0.21450823539456165
-0.2810752400221227,0.009000042250344231
0.7279241841051038,0.783628407848344
2.1351893738489247,1.4754198638918234
3.4512224973038883,1.982462958674327
0.41880853019013486,0.4846208152004326
1.4103384338121094,0.9778074431850134
0.64156577990532,0.6003383883241913
-0.9926880711737273,-0.42234312989718825
0.5768483075256379,0.6547595883648145
0.8812720881146161,0.7580095272066768
0.028783568147798033,0.31529087203487666
-1.9379883691455628,-0.5959544646567176
-2.0260803130363367,-0.7211595334479016
-0.363032378592799,-0.08193396926078822
1.2122049090247116,0.9384383757326076
1.8206834265673288,1.1817635558107598
1.0803738848368154,0.8780250911465188
0.10437220809581127,0.5097255226714774
-0.20878522520607368,0.0779082956671802
1.1774598684497688,0.6360432742154258
-0.33767638507971054,0.1656342230882544
-0.94521978098637,-0.04868579696444973
0.6044235036220063,0.7500308871564196
0.7673410395874325,0.7370016119534484
1.1694466743849594,0.8215538072470073
0.31122652809455575,0.5017355832592871
0.38000923271055437,0.4138215713189332
-1.4150917976092896,-0.5358562927979373
-1.3556721136835996,-0.2964763154239318
-1.141712531878397,-0.44374820148574523
-0.6731945257719438,-0.054983524437911296
-2.186375727551419,-0.7624018462423408
-1.7731090500990594,-0.5503113038312921
-0.5727147189792292,0.1657914285723906
-0.037974637531348665,0.09848022618234953
1.993250030374182,1.5830751430379213
0.7519980270156164,0.6379211276884851
1.2105848872120517,0.9698352688451943
0.6502351527733292,0.7619292863179195
1.3721544486075903,1.0034494330394101
-0.2618798425758556,0.07747673158131334
-1.31074968820125,-0.4930915444069899
-0.9626763728095551,-0.39140832823926686
0.19161161582490593,0.5063680507749309
-1.8879140917825807,-0.7242336069625593
-1.015991767011136,-0.12788832555993768
-1.161554959930024,-0.13999753963474723
-2.286702500422238,-0.9578500049835272
-1.085975102645927,-0.1334881816913796
0.7614362496580145,0.7287984007568268
-0.7090263354244348,-0.007358093749957384
-0.8347873762599962,-0.22764234181988363
-0.12961151848906427,0.19841491300100317
-2.364588837896241,-0.9901928833654081
0.23228174319341366,0.36203137991874473
0.7648177980976542,0.7203423352576186
0.10600969115030201,0.4006200721853571
1.8574156027015691,1.3243682557689813
1.1049216492489708,0.8566910302867289
0.7240691119628284,0.6162813391952413
1.168168455628583,0.9881077669059467
0.9262748830509439,0.6705114312604714
0.8233255474147099,0.7410647721092429
0.020284464196921426,0.0949431001923734
0.6793514613552575,0.7501499307678592
0.057158553348542473,0.43968652897602306
-0.28534478589448314,0.14380216306707713
-0.99890858477763,-0.19706366820453036
-1.333859358928858,-0.5170948872163362
-0.3803609688402777,0.1245576853556918
-0.12249484435375932,0.35078971051936364
0.7134282055511294,0.6569004318629909
-0.31994913272894,0.12310755714554303
0.4280412475480704,0.6992601957548836
1.4436706755085535,1.0003256264574372
2.3365891548703672,1.5138912584480204
1.2042527059805508,0.9212629958784537
0.5010529592577839,0.6071184880125691
0.47437973204926,0.6356878756090284
0.5772912358929891,0.5768662016101885
0.10042959411529345,0.169637028516207
0.9342654780235299,0.7377997271150647
0.3006169166971641,0.22439593670233415
-1.0278616225173618,-0.2771304007143761
-0.8200817985422647,-0.1676863016879844
-1.9136263317680586,-0.6822599957887764
-1.4614395312397142,-0.3641652035050058
-2.7766047342541342,-0.9500478787695962
0.13770965651571387,0.4082284277824473
-0.22888406124669328,0.27964433252044635
-0.6254052081278877,-0.08701483468174641
0.8300763621499385,0.7547701193330241
-0.804046964028117,0.04036361122327112
-1.144969133515004,-0.3467574355446216
-0.963221725682628,-0.0654241553008103
-0.48606628719099754,0.045086372489211615
-0.32522847799988674,0.05062873971929786
-1.9493599147514644,-0.6062338751415817
-0.888162214688081,-0.028715735167988365
0.6937667139992275,0.6063227265468136
-0.806399896638273,-0.006233861803280727
-1.8267497537334862,-0.646878661312912
-2.8342642643264027,-1.25202839246898
-3.066290425037655,-1.12323255407279
-1.2835697248013425,-0.21422358443664138
-2.7525621710256396,-1.3248740897403766
-1.434079231838284,-0.45490519012999425
-1.5749849655002124,-0.43682356640020203
-1.5149261059749581,-0.47950725112686476
-0.24795262107680227,0.14000305232932578
-2.161151693256289,-0.8415126047878752
-0.6540429475386695,-0.017936757068535755
-0.06480091473560279,0.2753022239019606
-0.18001560207431205,0.0769578056634484
-0.8464663386276255,-0.2245953531783209
-1.0634102766301199,0.004441192551996487
-0.6776744353731963,0.03998935591816327
0.08598243646524828,0.40263264336593024
-0.5213186108479658,-0.08064869688925574
-1.0299329526216963,-0.2374962651178617
-1.6023857567685988,-0.478598360870066
-1.5657543764434658,-0.34012254940197273
0.46987709144061984,0.48519959929888
1.243257170411628,0.8563787753843197
-0.3062995665107531,0.12759936785735604
-0.06844302017832796,0.24813019269455905
1.137239638873175,0.9736205561202429
1.141708949921757,0.9375372963866934
-0.06696845108874372,0.26545259267297866
0.4226112574496647,0.5234180817412997
0.4392647471015126,0.44891925288572765
0.020595109001819212,0.28770299655187825
-0.08035664782537885,0.2657826248649325
-0.09417786309630358,0.22346199627330787
-0.9520083747824631,-0.015682635709185683
-1.6688932666905216,-0.5771816534894189
-1.47280495840912,-0.47031034926593607
0.021544970360451443,0.04179957676306989
1.4766678996975386,1.0312666924757707
0.3952178908066577,0.558227874069318
1.85692157373399,1.1822311533896597
0.20656765309726066,0.5122590156934821
1.3979594352888802,1.0496896494557668
0.24675820057757636,0.41935088649550584
0.2617131320175854,0.6170791188528253
1.0097118556901252,0.7394482845463481
1.1824066111735316,0.6817632652658715
1.1305235353578589,0.8340564956126589
0.47695720727145585,0.63808543006292
0.8237855047374465,0.8020055102745358
0.004767532173495903,0.4229003957329566
-0.1475230965046874,0.40072407495125306
-0.9368381347447655,-0.03187852932539653
-0.0915747605293491,0.2518505978653699
1.6870237679237803,0.8401154172534244
1.1476090287909388,0.9303126956859034
1.0760461714237621,0.8665587473374607
1.3023095594681529,1.0214380460834427
-0.4015511289246251,0.028108563373999793
-1.3526990626514825,-0.28895205544345404
-1.421858177597169,-0.328213074823881
-0.25626249665471756,0.2710491555276069
-0.18406664966508382,0.3438058701006502
-1.163423655529331,-0.20008360313152207
-0.36390188271278107,0.15339087915498983
0.02796745403144013,0.3060375526737826
-0.39390255059417284,0.15816597284396622
-1.0857030648085586,-0.17646205214509464
0.533540506155962,0.6402862052096776
-0.3744162056350966,0.07200553807533237
-0.17746656074938927,0.061059178062748465
1.0180591403994492,0.8659115898231142
2.0602862399892574,1.2640421160458388
0.9968735710570327,0.6698558651020518
-0.5341732245781348,0.09730270293253286
-2.0489906380627096,-0.7499422317065403
-0.6616488782363849,0.031808564493674196
-2.5415091371215297,-0.9879650243518902
-1.115187316670595,-0.24564621873471476
-1.4087321160750688,-0.06338885213970458
-0.6146657793843386,-0.13274340067727222
-1.6352871219465532,-0.44958236380564875
-0.06450307101312491,0.3580936062303272
-1.5106149453846829,-0.3572153522750433
-2.525392440247052,-0.9809463811242441
-0.9496417077580782,-0.11204588749086554
-1.0126282104821154,-0.2044740453041253
-1.2014164142560873,-0.5396770373129953
0.6865047648940158,0.6351700615385533
1.2574659148884246,0.9113353393653676
-0.7455596371552012,-0.1968624160306679
-1.4069159023990543,-0.3721269855491305
-0.980340921609494,-0.28294206456294324
-0.8123574145404188,-0.08981497323376923
0.8499819690318997,0.7703273199966422
0.01622621096149557,0.3688716219837348
0.3281375331294164,0.39288669343358407
1.600838660976714,0.9688635716351902
0.019579425766613534,0.35362467586315044
-0.5300483977252888,0.08925297661623827
-0.8259668908482739,-0.1338324496349455
-0.7387039319873018,-0.12257859984285263
-0.22354654378004762,0.26643741323736725
2.2160512279722218,1.5115742499792757
0.03250457019579467,0.299004991435514
-0.011534408607095738,0.25553848714836813
0.38824090198917083,0.4732062761343514
-0.827800214157615,-0.029220760610992408
-3.1377989727706743,-1.3160645772089872
-0.4670166385220017,0.11515841268108128
-0.528332234047442,0.11277365753413254
-2.461583155932992,-1.0451522055929647
0.6961077019348632,0.5563722852563637
-2.0284604657504994,-0.8651346884601061
-0.48375392011571616,0.16937261357516953
2.3044903883657337,1.5096281349980702
2.5749467595333146,1.5615961418046396
1.4383901629529283,1.0206165402595868
0.3649228832122695,0.5115838156635018
-0.17382013838542631,0.0842514047347199
-1.5087968491157218,-0.6488403129944808
-2.468332683897219,-1.0773163409865345
-2.4051349101353305,-0.8344404310463329
-0.5043900699368759,0.04951247599842138
-1.1853827091506255,-0.4053766693811644
0.014137850681657738,0.4073972754456541
0.22272114293642045,0.4068908052951918
1.845089572119573,1.34128111938248
1.4796626579378318,0.984810453782994
2.7577169547753226,1.675860555569025
-0.09005957459561342,0.352696714727616
1.7874198584644359,1.2667763583590084
-0.6295520272309512,0.034000430769984574
-0.03643908158648035,0.3029715000223302
-0.7481064654373731,-0.17454847894374909
-1.5379065767582891,-0.37305797476632035
-0.14911110321014032,0.2905127147337902
0.3127171999667486,0.38491917238536577
0.7713265858769871,0.7027590017028966
0.7677336709436917,0.6795455983056161
1.8802883980397644,1.46608164743561
-0.046294685921987266,0.288394828167094
0.6204125482612051,0.9177083963758894
0.5548546795222579,0.610142071574823
-0.3878012723015827,0.11486954474473701
0.09452831174486542,0.1329940170680664
-1.1189639816405885,-0.3524642483144155
-2.2926045383714415,-0.8807140940533222
-1.6119378666169548,-0.493914620215566
-1.1862727670794353,-0.37245258901474715
0.7742751127941407,0.6491063122089507
0.7475386828034534,0.8225992533547722
1.2423383968957196,0.7925800814943156
2.090035573559556,1.5059138737961977
0.7570331476834413,0.7092850183840571
0.48916608563100367,0.6315512888684991
1.1206411299916321,1.0212719529129903
2.389254117347944,1.4848040935179847
0.5902908952137859,0.6703941574026703
2.0849256400190854,1.3933519170729236
1.496482625011337,1.1261009144789236
0.415907527943162,0.518272175687656
1.3290110907717407,1.1151254210134454
2.2917143315268897,1.456110404907323
1.152539495871142,0.7985463154943658
0.8178672110273063,0.7712020476549846
3.0959498323252355,1.782786014855451
0.7872311979250247,0.7066810335815868
2.3238763804146054,1.3552039913449914
1.4035953823117562,0.9468670927820061
0.48059097133431117,0.5485864071522785
0.8505327952984254,0.6105546752282578
-0.483634845206356,-0.017208211992597255
0.0348405394594713,0.4343469311658948
1.2782418794464045,0.9382333911881151
1.6359379335323683,1.162022460210225
0.25461108648641595,0.4822087340300992
-1.3405856080375977,-0.23703212718083808
0.4669152937887934,0.46086710783255097
0.04288870395773542,0.36804403824075116
1.7502079072875254,1.1323754330638303
1.076902532135224,0.9584604215338615
3.0118337163480726,1.9042798308059188
-0.07415838457701152,0.43034204668364884
-2.1271543514387488,-0.7485227597999609
-1.7686538544528658,-0.543076057922065
0.5974677445204799,0.584829440079016
0.3715310190934311,0.5038926785116022
-0.08991359190887516,0.21049672859657387
1.3689810869591292,1.0224780162184468
0.6079275454080744,0.3898443330583068
0.1142125227349699,0.3495943977525684
0.2507179731540845,0.6450109617313955
-2.2226850036129715,-0.6623325421235964
-0.660367718419969,0.03834475838649945
0.304490610394089,0.4080117118142792
1.4753142464239026,1.1469282712534374
0.7250550075420488,0.5354007215392701
0.15642736687934067,0.31928250186525053
-0.5210392835197571,-0.09351978374872025
-1.1029998181618637,-0.2491921251512068
-0.8865716682741572,-0.12349506976590054
0.32517388955372983,0.4754456581930794
1.4506943990627,1.1199683166704952
2.1199688474409646,1.2797715626145498
1.1306219431372524,1.0620931949742851
1.4538692013805972,1.2154554860178957
1.168658457447538,1.038504178882561
0.9600341118007789,0.8312690007263599
1.1846377408402973,0.9720044515238115
-0.5558811321060978,-0.08660572242024345
-0.4739894376296154,0.10098489260492516
0.3675180569890012,0.4142159575038029
-0.9489779841492977,-0.18489382630142953
-0.639606599910138,0.02095847279866425
-3.6859405853886935,-1.500730618417487
-2.2249341924123027,-0.7057655801203363
-1.2220791677812144,-0.28644504144190663
-1.8013064482214698,-0.8173537083127969
-0.43935831022251204,-0.0021174481618805863
-0.5008551540734988,-0.12737623171231752
-1.1065981845543438,-0.035218354705944754
-0.7710019201255076,-0.17442262107501327
-1.1763225280606242,-0.4761548869678681
0.46953728210168155,0.4264657294625298
0.8022961498089685,0.7263284662354841
-0.17531050053754893,-0.06707703245777297
-0.6426129235937214,0.14999561076674708
0.5228250948493868,0.563329156606434
2.226694377816294,1.5413395034180435
3.0377773063444953,1.7405490068909557
1.3063122370984537,1.0268737183762737
1.7271024029011828,1.3240376926028659
1.802931882523291,1.1806746881256318
0.9512722582036477,0.7699318681596697
0.8669508463416467,1.008896729721434
0.179691288232665,0.43861909058185183
-1.5999200750265725,-0.48146277379507196
-2.248700087074612,-0.5205061144779943
-1.385926511734912,-0.4017288892611254
-1.1478700486362254,-0.34569981590773674
0.24694971451580428,0.5348288844699832
0.15887673010380854,0.22620290013969696
-1.1255576850972173,-0.14354665625343177
-0.9366066864036282,-0.03995520218474541
-2.14622351687602,-0.8492158463168153
-2.6793645456820894,-0.8572613548368959
-1.4135204991085344,-0.41774874957145336
-1.8239718799035645,-0.45959545533811696
-0.07853411617228023,0.0902773034296617
-1.657607527003494,-0.5468514829701868
-1.4113495089273072,-0.46498136692709824
-1.135779981111337,-0.3654339999199475
-1.692855276965012,-0.5230813368065569
-1.5232194206406344,-0.3652626867767481
-0.7208258239725531,-0.0402314931619385
-2.6512193177740633,-1.085213998479245
-1.9984891919612455,-0.6277670536704153
0.7272096584048331,0.8009859277841697
-0.6162699928190716,0.08353583595831252
0.19829541638580106,0.424636182424089
0.16720598433804404,0.34155775835100755
1.3436624061490283,0.9038612499667967
1.582167425511951,1.1449566556669013
1.0682009496963398,0.8078429143264835
1.7387109462703705,1.199288350453514
-1.5134313506571564,-0.5094315571954482
-1.4672499405087795,-0.2647421824985904
-0.29884068085527316,0.08923022592031685
-1.021365436596138,-0.10601524204766116
-1.237448588603148,-0.27835022091563905
-0.8189569617011833,0.06233415321522873
-0.9102945451515316,-0.2879650408346358
0.533617365874014,0.5948062798797551
0.4020566244344583,0.5497396224505369
-1.314180116808612,-0.24664305954768878
-1.1920618779377203,-0.3231466461969821
-1.282766410613911,-0.4898113851600242
-1.251254421618253,-0.2806434701765616
0.014602478932655982,0.2415134305147973
0.5736316639452882,0.6512384081600775
0.8153728078527107,0.6488258768592216
1.617632318107723,1.1748432897426484
-0.35051383065344655,0.0676580573376469
-0.18801996011190442,0.25383364364877326
0.9751435547012903,1.0237163988875655
2.0091909925589992,1.333207260562641
1.21684640298753,0.9994760697301782
1.1916193772460768,0.5731954575179137
0.6931472561628218,0.6827631023030797
1.0852172631780834,0.9122888082798539
-0.8905661992304009,-0.29217978881436246
0.4761899986326281,0.4952969834948836
0.46285796899605586,0.5552099591244001
0.5165223930359366,0.44480304244022595
0.8791140107009098,0.8273404423820412
0.4102180141375602,0.6150092054664894
0.9351895892766668,0.8302964048225077
1.1413385291285174,1.1146667288795087
0.7082098407256848,0.6080399571745894
1.1978209708629008,0.7900842521373308
0.8341722907823341,0.6584442455186948
0.4708202525646157,0.5580044638179985
1.0236608363410176,0.6550656812915991
1.105705801732952,0.9197678362395455
0.23049972524479567,0.44933361931287086
1.1723775277939814,0.9505056069374007
0.8027755950332156,0.8042794108209307
1.5139229048457925,0.9242488221014683
2.1402759646376395,1.358519332289406
-0.9426077736029572,-0.14252681315865864
-0.7032224954487712,-0.3115442896169088
-0.13685554287544316,0.5240225117570829
-0.21516777209940438,0.1610647953979218
-0.8793649455152761,-0.02080581033215599
-1.9505409755820704,-0.6084799558746081
0.7043513844193721,0.8050026356365035
1.5408511890399386,1.1068018932931456
0.3786046723733293,0.4039227660578273
0.3149428098423454,0.4260612643183107
1.866543061051403,1.2202945590847731
-0.8217622888648484,-0.19063043041554695
0.5862549174055465,0.5776046070045052
0.6389637570803478,0.7207630556659314
0.9848113514897661,0.6879842634773952
1.2090933442732767,0.7481247630230485
2.393840439213303,1.5032315924750097
1.76621877904559,1.3295813616590126
1.9199470840550124,1.2983404917753034
1.5218624286122417,1.2121689480592879
2.1949551065378285,1.4386344098261572
0.5812536318843682,0.452371306976056
0.5252451031628064,0.5789712453732857
0.048669958387005,0.07893380199242525
2.1999751541028583,1.4064361881916183
0.21104505898978743,0.6873539149696004
-0.5054841430345903,0.036993172243081636
-0.8089116544992374,-0.1194244892983803
-2.2984417113225097,-0.9632062946396135
-1.9894394440822625,-0.5995511615709129
0.6203600381486436,0.6871139220557706
0.1923321472298165,0.27772271246098446
-0.8035865382365988,0.10977653588910041
0.4167654268416604,0.5490267508609044
2.0664567951753305,1.3673684195870148
2.961643240382179,1.9089825059914305
2.4575443482682027,1.5494549058181433
0.28276433410572266,0.3140603380331253
0.6616932980253676,0.6955466593075685
-1.1239968973941403,-0.21044593265437794
-0.24301658532138948,0.10791954019245505
1.8116682046769754,0.9878591753967676
2.175667431316276,1.5381926278794036
-0.32251423297207027,0.4731511025907526
-0.5559783097328576,0.12260779686458954
-0.35785228654483714,-0.025071532881336095
0.8169073331015071,0.6561719944397127
0.7472741386037206,0.6806395926263423
0.1336756826859069,0.4054808137668778
-1.2943764221445768,-0.35835192947654165
1.2049523755928555,0.8036423288271222
-0.23825495213811587,0.09619158961930557
1.5559213268360255,1.164589775146328
-0.7522305409805431,0.04742692292176545
-1.926559179764843,-0.7973977658446298
-0.361545704287885,0.19356201829742598
1.1835020367083655,0.8039088792215734
1.6467153188767072,1.0184342463958604
1.2658382500689398,0.9848112790541089
1.0726678624841421,0.7634131709240264
1.6866790968098055,1.027298947065294
1.2407190554889598,1.0324832145790577
-1.4366457549315859,-0.5330438349104063
-1.49863613314835,-0.37019184711618935
0.1323366397155039,0.2666446970911034
0.08976515880264674,0.3085961387676934
-0.3105617347795522,-0.025089734959877985
-0.3633388434898608,-0.1001813414803176
-0.4685367993262791,0.19876392292857137
-0.6572087792276446,0.08521933477617694
-1.9024152568441481,-0.7761121939480137
-0.1526720180140836,0.30950553735048736
-2.077761798866643,-0.790521794113493
-1.302500812070356,-0.3129487124759712
-0.06323174982692703,0.4762442338091111
-0.015125340706280653,0.32082497142209304
-1.0256379861859524,-0.29378279893970827
-0.21512671168330288,0.28639505900234297
-0.8415640730293332,0.013180993062942459
0.12000402480763506,0.24378484514816423
-0.29752995109078895,0.010387346678658982
-0.25115301294333925,0.1454964342493345
-1.9134514156171063,-0.7071973334999031
-0.4356028253222526,0.055827246133408795
-0.933529505865041,-0.33381367810923246
-1.6041623066321797,-0.5397723385047828
-0.5285817045934682,0.23666277375985503
2.1524065809912742,1.3179851176269253
-0.9579858372758252,-0.25706591390595346
0.07425412425759281,0.19846456605864574
1.794025700194914,1.1319272267521339
0.7267768199729097,0.5901639640807238
0.9888940834366783,0.8688063527320413
-0.9862577945918402,0.0111888103876982
-0.953429644263768,-0.08366778370593596
-2.114279984063945,-0.8146810685946813
-1.6940576177467284,-0.38796548274255505
-1.320441498933623,-0.3550042529505901
-1.8876795585487915,-0.7931148573527318
-2.873529268268208,-1.1757916436058027
-3.3157870283234905,-1.5629451077654346
-3.1834439669316694,-1.2139323777588236
-0.9505535678246606,-0.17596869502750356
-0.8475461129776649,0.0469424780995083
-2.068364177046926,-0.8877247047531949
-0.7229458668531485,-0.024350908946174192
-1.7707944838581828,-0.6053402953314913
-1.5004886818085235,-0.1620682870305319
-0.8887618312431309,-0.152155320969913
-1.2489454004514908,-0.2702915093570247
-0.21205559820221564,-0.06906100187737496
0.5704637746484338,0.8289499787223925
0.21387204013444727,0.45640106620803894
0.06512454490747208,0.3706011583360443
0.10116961882381979,0.3862722202874251
-0.6102235468510815,0.04277079084869897
0.9067907162949278,0.8781700159313948
0.7618015851136827,0.6259786981015805
-0.34300830034036,0.12038887733938924
0.26649914761244325,0.33761682468642823
1.2511553564531963,0.8805879610208092
-0.7611451522283131,-0.12132473380271948
0.5090770214906566,0.5803099260675002
0.24758441315211957,0.3423003835658462
0.43602503806918147,0.6225789938924537
0.7366911995425297,0.6684786181376249
1.4651444256976642,1.0492006306113404
2.3840131892637735,1.7315448631307393
3.7118617664837252,2.1539687697258847
3.514035386449876,2.02489434551111
0.42471006625428576,0.6379226131055179
-0.3700953135758851,0.11705288181106963
0.5612047832329237,0.4905265285884268
-1.0248671124856399,-0.2540416490476295
0.1171462839702695,0.3234640949614687
1.615468888737765,1.2227435952410295
1.0230265620578016,0.8150982644685577
0.7949696400420267,0.7331703367043267
0.2963824998234162,0.24969312185069165
0.12948884398975324,0.2506970844398349
0.5422503225608003,0.5005869325651214
-0.5157212271423872,-0.028140404650412162
-0.9932659938301418,-0.17244603922254884
-2.4147654218980694,-1.0447433498626089
-2.4971215033112264,-0.9273628584174571
-1.1328201850992679,-0.2579450024347231
0.07788997830806421,0.2476131174989974
-0.7819860427273845,-0.1464986718854449
0.579953191781107,0.6866795763763841
-0.012483573459922126,0.29313676057664195
-0.782171770258832,0.060634949810046745
-3.1505904083134677,-1.2904179664870365
-1.001085058226948,-0.22969241101030088
-1.6854906165883392,-0.40592369779130943
-2.5569283815576185,-0.9772281846606358
-1.2055097583236423,-0.21709383484857475
-1.5826143734396472,-0.6340578863656947
-1.070713757684107,-0.503246286034084
-0.3342912597990005,0.14518641585834302
0.5051510143314918,0.5106388408873606
-0.9232940194424872,-0.31109258069981816
-0.7136565587842114,-0.06597070866847082
0.5557790671700298,0.4953058186610392
-0.515184092319268,0.09455938696057956
1.2220964349787022,0.902056160298531
0.9058468437558173,0.8396728731325831
-0.7072698106271653,-0.06131870818733415
0.48153170629288755,0.7467890018889155
1.4978046397240126,1.0359965944399234
-0.5664131753339969,0.056408929453161775
1.6079553749823239,1.238109193688793
0.2936529328046291,0.6564290653541149
1.3181702565590316,1.1467794882361841
0.21064237266987362,0.3590171178892006
1.523732372046376,1.4118967295888112
1.5505230468251403,1.055053154429769
1.7353198526328768,1.2059153144285968
-0.3801896193120178,0.19199245012832772
-0.7738157027501859,0.057935857385639805
0.6519986258280831,0.764502147042982
0.9641355683383022,0.7104885116487348
1.0887012581869726,0.9459610596455122
1.3417389090278289,0.8469679785742369
-0.7904921408555814,-0.07552207267052043
0.5859440954309356,0.5996698261101934
0.8895159393149468,0.8054594426609926
-0.0886527799434863,0.21203131085585908
1.0714950759655053,0.8903815690686192
1.5840420847530674,0.9544274899928626
-1.9498723254682648,-0.7528489331641461
-1.7335732642528265,-0.6790368852828081
-1.2941791221700427,-0.2922992777524991
-0.6832033819452346,0.07244160395476351
1.2928405840512376,0.9332860881200723
0.5566391880477705,0.6875441146573649
0.6911206640382388,0.7050928094849607
-0.03760501913791858,0.1923272164347425
-0.6467845552008774,-0.06420769931061128
-0.6440026095292815,-0.06871606694660345
-0.5041905800559731,0.05447518772386356
-1.0143958306021215,-0.24042635601681195
-0.16736633597052142,0.1824087922239648
-0.40388007824958894,0.4670774610290841
-1.27918313643059,-0.38872896716806826
-0.295008051650938,0.32271831062640743
0.7310929120127945,0.6477385718831247
0.8217435617012202,0.7163071534743697
-0.6953847090901545,-0.24564182950414498
-0.27508095055320086,0.09097958265108899
-2.1681721083705785,-0.8066018095631307
-0.7382082813738237,-0.26983937736173513
-2.974413670197367,-1.0931693279866674
-1.6718074336872117,-0.5047573715942909
-2.164643629402311,-0.8104287654901261
-0.055299614090680516,0.2504315915070963
-0.3186956726499542,0.07080718325642595
-0.003080822561462082,0.16761413689665824
1.373473340582922,0.9652073400058537
0.7492203194735427,0.6875103431099068
0.8786377010688959,0.6412899344956887
-0.46312269207778944,0.15831787143461873
-0.19599324068814933,0.30176107488377696
-1.0893628247274814,-0.4897858020818291
-0.5572687335510201,0.053344618366374656
-2.218205353457104,-0.8822032947615766
-1.6046959116202346,-0.4558299263187196
-3.5234265891501346,-1.5079334315635509
-2.5494076864210005,-0.8830775863006711
-0.0824793170965823,0.27780333928606193
-1.1440657311149642,-0.28194792089956405
-0.38053419693909496,0.1585774550787306
0.9239154308222324,0.6811127386264377
0.6539172840762033,0.49820772669011537
-0.19631294218037776,0.21771291057710254
0.04954505900994269,0.3353669247171534
0.2909960716805534,0.3895553047121971
-1.507035730627565,-0.36701284752981106
-1.1447177992502107,-0.46049829684790633
-1.0651435004364507,-0.33648763201036547
-2.291494343093842,-0.9183416280531873
-1.8458701177716055,-0.6304120588715421
-2.150817957009245,-0.8338062269080989
-2.1301031894330733,-0.7427962608494504
-1.3983576240072761,-0.3285344367133041
-1.164387563639205,-0.3144716955034969
-0.41792390067775054,0.1361496204644939
0.31935622540040987,0.5030850178106444
0.7136911872023903,0.7904071696751201
-0.23006180164693357,0.178434468671575
-0.028728217297747105,0.25876165901447334
-1.213176012957623,-0.4301140754645961
-1.3362340624300675,-0.34209792739465184
-1.665544687648194,-0.4440142110287227
-0.4721622750636544,0.09653898004234726
-0.08418331233370635,0.36883720334423664
0.7151244419932372,0.6779533607065934
-1.1402809618740912,-0.21501366134643424
-2.4515069218659007,-1.0919806585937444
-1.88553551957839,-0.5676618020305427
-0.4106837960662324,0.0920910628609622
-3.5942213639133724,-1.6199229429512907
-1.538385384543056,-0.45158692051277594
-1.4757108781834987,-0.5720618267900495
-1.1250317278899056,-0.268844516412246
-1.0021369676372183,-0.4069794867959123
-1.5499337881221273,-0.5176884736115601
-1.3585540611327447,-0.26200292450540824
1.0862808301690272,0.7812530119309603
0.6267424562685114,0.6677940538789203
1.238593784629912,0.8754359481663793
2.3622015069512674,1.2360232846380763
2.426037475706086,1.533168864789358
1.2724810717629238,1.0347842751900538
0.9161457192932836,0.9539954640484549
1.2112903144110332,0.897290035707236
1.233746335935419,0.9911289534885029
2.7449605805437094,1.673704762396942
2.1165228208256677,1.2226109823636053
2.4156804823987628,1.395222951207669
0.7867523193486712,0.6600764603399252
0.650667538785226,0.6591403121530756
0.670445850021323,0.6510478474898572
0.9711465472460816,0.6812298298332302
0.21870853441088434,0.4893561642723895
0.9071801477329283,0.7472699799287378
1.307204511115955,1.0034771633483823
1.832828707478091,1.1204713855538841
1.6748793694348028,1.0569631412372635
1.6169547013052217,1.1066440884372437
2.389438642049679,1.419957726307729
2.053537469146279,1.3032347528994264
2.2146960015510855,1.3770329361749165
0.8128379963718282,0.636581345134188
0.8526782509958121,0.7248072182958304
-0.7951644808644646,-0.13171874718974838
-1.5430593326863518,-0.43893294748503503
-1.0846262277846983,-0.1421428291698888
-1.1551538760990834,-0.35113394915434964
-0.7098276069258043,-0.07580123869052648
-1.0277639118068254,-0.060265247584393056
0.12114856343600533,0.3630066410175543
-0.10640702720764511,0.32550305685084324
0.23469945787643928,0.38690053642161376
-1.7647505145861504,-0.5838370917849711
-0.9843925100657488,-0.10735801004695844
-0.4050486375272796,0.22911265830295283
0.5704129499343569,0.5827769458163515
1.3669223928311243,1.0221359516120252
0.9994472272743661,0.8693198832649527
0.21070417022119514,0.3827211356680794
0.919551169148273,0.828001143943619
2.2201433292396353,1.3500752402398084
2.166286616657052,1.1539322171502129
1.3859143441749302,0.8940470357344815
0.46376986920575886,0.5027206276161741
0.9564797659137871,0.8278027897058163
2.59065701622739,1.610034279127904
2.4702388621040896,1.4256517057987872
1.8847911250446197,1.2600497309069127
1.7185617256691041,0.9964710485918876
2.2407178794762084,1.4461274899884435
2.3365374407281596,1.25732895096536
2.3850747340387564,1.5579169574821636
0.2650314729613461,0.3947593211617332
0.4362766171563336,0.47789310437637117
0.27644394284055973,0.395736876229985
2.278651464946411,1.2956577220726164
1.2971153743472397,1.0617610639822601
1.6417823284118327,1.12000906076605
0.7784501964553232,0.8541104424334522
1.696529987159447,1.1910333944800968
0.08293990499924053,0.3610067598563029
-1.5842892542398792,-0.496155957719292
-2.621715210377487,-1.0176919520050907
-1.8110409651234556,-0.6907141521531392
-1.1831209576010073,-0.1692656698415786
-2.139499800771383,-0.8158653134931221
-1.2236600716566741,-0.3878479195901209
-1.2609634439394783,-0.3479531213333222
-0.3782966447950159,-0.01045722969888059
-0.7762497042402474,-0.1348307291022331
0.18176899392501078,0.3803068673278707
1.7417247885295963,1.118683834592317
1.119796551128379,0.7218803557131412
0.5039945301825204,0.45602528081925814
0.6872178398483814,0.7574199897364878
1.3593997299652645,1.0390830520950523
-0.29144852386233033,0.23678989371616332
-0.2880212805896035,0.05887002165780679
-0.7057178918293323,-0.10144210633545545
-0.16264574872720866,0.31491342533556094
-1.677822318254224,-0.5383301070304084
-0.36595560042900377,0.186640415781139
-0.6033963105133575,0.06146550938694559
-1.408433055813925,-0.45919607910502214
-0.30363887133194134,0.12976151329112207
-0.2090343250189246,0.14029215642126894
-0.10241204157687912,0.270899378487816
-0.0754957430425316,0.0992055801354319
1.6813009063635858,1.161379773851278
-1.936548642071536,-0.6995152916030856
0.7408329201777595,0.7380945789925916
0.06203393795692291,0.3630831813693826
-0.3600268177953979,0.1783858181455874
-0.1227649246911687,0.16006835062041502
-0.60116995870561,0.059199311643079934
-1.094608343023023,-0.3347536269296567
-2.2295180238884162,-0.8665843693190097
-0.40399700022602236,0.31430784568959436
-0.19134227783625313,0.39862762739970237
-1.5619976140867124,-0.4336782937112488
-1.0337489040513164,-0.11906466734431556
-1.4986812602741653,-0.40940328526719105
-0.8606603886639197,-0.12332577880384324
-1.1906235839427441,-0.1917592387350399
-0.9319953560041947,-0.3661626312017222
-0.18012612702230457,0.19313170997575368
0.41379287131352327,0.3766684316738066
-0.16846984783075308,0.4068366522474164
0.8330611111767181,0.7319152281780318
-2.1672010730580094,-0.8002575994783326
-0.4672159534605971,0.23216077011505354
-0.4631890349131638,0.022211705625844784
0.9042217475048018,0.7063887800073541
0.6895479303327402,0.8555072406523343
-0.447926205299474,0.06422246704015802
-1.4968468471068301,-0.586136324713082
-1.298299036965943,-0.37349980480375566
-0.04922244954515054,0.20465059467469068
0.6922278435627252,0.608806621791227
1.858307853900408,1.2534343152725276
0.688097747842269,0.6817239321426363
0.00834558370374161,0.39591122308518867
1.0748706958896634,0.8717975886907308
1.1283365780820223,0.8631123315375204
0.2617773177308357,0.2988794050187136
0.4084073474499261,0.41590701732766977
0.8025430661175748,0.5283584025299504
-0.8432868085991232,0.07849301406281128
1.1083180843061915,0.6358781393963207
0.14613893949273127,0.4739327489731813
-1.9764248790287509,-0.7297074948213856
-1.7900149760951576,-0.6563777775511609
-0.09507123686000063,0.3201143305606888
-1.0798376500760298,-0.24810817944877073
-0.7232855439473986,-0.013843595180963647
0.36578772788008207,0.630511354368999
-2.0344068770880144,-0.6360131664532716
0.2794398145748902,0.6060833381829015
0.5590921783316072,0.579778815564668
0.6469489514548715,0.5071123545972275
0.010573874486084933,0.453757628448986
1.2744326842669647,0.9257755847081328
2.2938252756741804,1.419335964333592
-0.27028622148795356,0.29180743133867704
-0.5436063604932209,0.04157630175628711
-0.8544607435517377,-0.09304806896903814
0.6655041865747032,0.6283881921760106
-0.6969860296894239,-0.15139226754499757
-1.0737850647241318,-0.11650910318852103
1.0216072058132735,0.8083031176782494
-0.49657403610449546,0.2523442541308653
2.0854352189715146,1.396461054002043
2.4830285290019765,1.6429660796381378
-0.11629815786476816,0.34730097216598743
-0.32283862686448195,0.2681475112720749
-2.7846848596483857,-0.9911041841202728
-0.8088842256084461,-0.07119836998469026
-1.4294768376220615,-0.5799116801846982
-1.752610211738483,-0.6473304077421582
0.6764837281929144,0.7320195326027097
0.09753401356286184,0.4368154928435408
1.8365730586136577,1.1811893351652083
1.9208643947789994,1.268108114301886
1.9118082612628733,1.2753027473756804
1.069067205425745,0.9604866812741655
0.7765363098875986,0.8947544251209492
1.4433367136751627,1.1344913990837435
1.6581086001071035,1.2319104570728578
1.8976030875545704,1.1597446072046478
0.9523866512610974,0.806549536438052
1.8210244940035998,1.3196599717545687
1.716064968837793,1.1199663984528114
1.9774036903543597,1.2793677648259232
-0.338758086762311,0.0855882123676786
-1.0165899181978473,-0.14531054517533304
1.1155636500576107,0.8334958996609962
1.1891290979739138,0.6964015556329869
1.6770301378664243,1.099498799463761
0.5916831739060358,0.6151633473910512
1.2269931865466046,0.9049712937977096
1.971268704396844,1.2773669769860254
2.807902025544931,1.6950805090320862
0.7886582183757112,0.7891341758107397
1.0623094350710023,0.816412598060133
0.38854426575259604,0.4562619186620357
0.35743796171673897,0.29897469114909303
0.663673100572115,0.5823146751398739
2.8949989365907696,1.7816581296807568
2.3400625821529726,1.3367621455611656
1.3576771351154597,0.8400695930893917
3.050232346188414,1.7388102530189817
1.5032440581549624,0.9958271829117096
1.276758446114112,1.0210464023108443
1.2973843530511033,1.0314734345434082
0.16948175279808808,0.33793007727535085
-0.6431123683263245,-0.06879043657012215
-0.29921394611875024,0.24949468513287465
0.17886832809578257,0.31052673868069985
1.5462635627688852,1.1511472482668301
1.480364678700454,1.056058308423411
0.9875545552556333,0.8126190353953545
-2.094068892233112,-0.858212961584146
-0.39490408491721385,0.18933400641109382
-1.3576136076187062,-0.39666241567005034
-0.718815189468726,0.04718989790429885
1.3288747108899037,1.075135242354817
2.258288651912817,1.4362079413144473
-0.1554692394620345,0.24579648366694817
-0.6714379552570495,-0.011136046909906185
0.3689997638947754,0.46258967406423834
-0.2205187000359562,0.025961507038299497
-0.2818280489724475,0.2949502821715203
-0.5693885977060693,-0.04156835001402342
0.05087512897030888,0.2902699519917155
-0.8454356336673702,-0.06805568838836873
-1.085333579429358,-0.21997680555561933
-2.2172108321548163,-0.6297667974555251
-0.2877743456295222,0.21422820013106283
-1.97658730262891,-0.8363498984610327
-0.4206300487050465,-0.14439916250048662
-0.411037323984487,0.0795938606411194
1.6804620469193965,1.0943051387889773
1.9173520299485263,1.0928884721853822
0.3838678281276169,0.6217399177158112
0.9287721833920224,0.6603431523490649
1.0915294416505317,0.9570048775026874
1.0560085727807982,0.9111054971707456
0.9070575709157398,0.7131084228667148
0.7952191219157728,0.8840899142235068
1.426844700640458,1.0195289580039373
1.3356487575559406,1.1103120916089764
2.4305393454154767,1.6145524802034896
1.8881053669825612,1.2401505079215742
0.0490562995603494,0.10100407500874004
0.675623326535532,0.5962028531057004
0.3467417991676714,0.4166485718148139
0.41355043511643325,0.3743856425946567
1.5812266694071102,1.0491120040672226
1.3098831082846019,1.0031083579968483
-1.0854435594950083,-0.11420693089452888
-1.2695760184551044,-0.38504000359875223
-1.1210540021858442,-0.39674835777279893
-0.16262362924932683,0.24507836089196555
1.404866270834146,1.0637574993297307
1.6590587521266138,0.963748482249009
0.8077724198174678,0.8238498087201956
-1.1002801278762715,-0.20681107205462387
-0.6398846166503996,0.276669576655209
-1.227661817197669,-0.3412046389547902
-0.6277238952264927,0.03398865268719901
-1.221459807186989,-0.30991065384852784
-1.66407013346083,-0.39082698618467215
-1.1056320407181355,-0.13878623908690502
-0.5484365101679589,-0.10536937286970668
-2.156750275390347,-0.8078103063539347
-0.8316670256647279,-0.24843937278773914
0.2528824342729472,0.32209791640998986
1.4294022428505995,0.9403530340654742
0.9041387192676377,0.7595560144322551
1.5710634561535906,0.9817855067523031
2.9028426404098107,1.793301713513914
1.8618115914083326,1.1958024330791364
0.9874839153110228,0.8657558977980433
1.3101483717989326,1.048249527603479
-1.0173610486325586,-0.11135199704201587
-2.6881506511291624,-0.9021879245126458
-2.615553300740112,-0.9564542108315673
-0.7250510200516902,-0.07355471636667736
-0.20011013945280653,0.11889966799024054
-2.5294677409604702,-1.0587444691170125
-1.2622354340726074,-0.3692482479725317
-1.97597163933338,-0.7701908379521671
-0.49523672450041123,0.05002092731026859
-2.083723774631227,-0.8782180817001242
-1.5657329179643187,-0.48624586466108916
-0.6577172293290443,-0.05297878510771452
1.0295342845039461,0.8203528346387026
0.7370559790628124,0.7528756834617447
1.0079790077040511,0.957312651688613
0.016030168269056233,0.3610904084933476
1.1307683508469328,0.8198071781614998
3.4548693661438894,1.9892651601619509
-2.0550360134839183,-0.6973319124871064
0.3181946370813853,0.5469700207684095
-0.000788448144361964,0.3104023821218385
-1.0853355901918313,-0.4339244383943914
-0.22749466664555362,0.22268406588322862
0.16839986877636615,0.2435747187673227
-0.16097265855976312,0.20337040025511086
1.2947902958607587,0.9950873173346739
-1.293525915005704,-0.4077419604841041
-1.1878554082381831,-0.27738468159079643
