0.61585546329521,0.7253270558027711
0.0695999191419166,0.3577405239670819
-0.1979224971994037,0.16821935657782117
-0.6091380582181326,-0.12863649392926482
-0.9241887038127037,-0.22019178887966973
0.5837333689874277,0.6970061302684946
1.0361383083678213,0.6150120104988319
1.0737796179600365,0.7142971564779607
-0.5608517130115219,0.11975856446894934
-0.03401502897119835,0.3434793582910032
0.5816717127659835,0.5892440350022086
-0.45084255424911424,0.096293173171071
-0.06213839716410341,0.17322778587981408
-1.0136907127286134,-0.2397819000713794
0.13211800898411163,0.3688164396049357
0.45266367347525494,0.5273278452002003
0.8542914854375496,0.7208633090006737
1.0540707396884832,0.8685824700666226
2.92810483819589,1.866508995787861
1.9553771013861851,1.2053490660617527
3.0304193723750914,1.8736859487712278
2.124755441788168,1.4332717195901667
0.40321117172111853,0.452541139691914
1.7677773960833276,1.0605494528911414
0.1866319916205772,0.648414690336997
-1.7940100189029922,-0.576717494712764
-2.061013955376256,-0.7967576209624071
-0.8539171692790579,0.008923526113753938
-1.3670559179397517,-0.425084863949155
0.8077265068032464,0.701715162087544
0.3002627528010776,0.43823133164768924
0.6236750988812612,0.5992248437663364
2.181101238320822,1.6155029662753932
-0.35165707096988563,-0.09897315897385589
0.03200860152082735,0.28657681756324105
0.9470479285828144,0.8403124880539782
2.1091965834643993,1.5193387595275172
0.7989691734754821,0.7779920942690048
1.9154828239175479,1.3269459778172679
2.3188867811575267,1.2813698245108516
0.739354276420829,0.7941461513922888
0.755198656210195,0.4721619959030792
1.3051901478323076,1.0406382627395239
0.3202722146470244,0.3294578326344648
2.191768929754896,1.4443242722124507
3.346261029027454,1.930195548595349
1.1630545517517972,1.0223107069548245
1.235795195117026,0.6939408197705254
0.02968927061919613,0.18479956128216488
1.9983628008541985,1.2416130194049748
0.44846601658223284,0.4975763267305195
-0.036835762464275335,0.26809349569748975
-0.9537455410917899,-0.15404445876984352
0.12117638901575822,0.20260623277228926
1.0516418964062364,0.9214555778271937
0.2906713048545927,0.4410193801896061
0.5142543482047648,0.49924512502387075
0.9686564126620062,0.6639375620801653
-0.5481447619361196,0.15973862896136645
2.605358573034427,1.7141008271779556
2.7911817284660048,1.6423441273004449
3.8202840099233586,2.1986660494792063
-0.5297109394751418,0.19732331170626088
-0.9107066167653275,-0.028336405176659307
-1.0960410434249948,-0.32966732250183134
-1.7194636084182047,-0.4122143276691495
-0.39415014222473665,0.10687008028973674
-1.0966148953551564,-0.28820592310825144
-1.4470090556861197,-0.4765915313374789
0.812359764712794,0.5866463409874665
1.2336299728925852,0.9640275573539158
1.581940255474448,0.953542518933366
-0.24650968629536063,0.16253967334461467
-1.5858200063309593,-0.41799393254126105
-1.1768028359962928,-0.18047707971322385
0.3217314591604963,0.44141081489055883
-0.6046808846276361,0.04785358384556515
-1.266166413193829,-0.6444777386942311
-1.6188819774034222,-0.5240549942895343
-0.7683669774934412,-0.1399396291421004
0.5394549846337279,0.657821564003505
0.553165835906715,0.5972414798065462
0.7119836008777181,0.6368184871349662
1.5317408417042213,1.1240625538988753
2.3117009164040634,1.2904726310619004
0.6028332736196208,0.64398493751656
1.3098866707738002,0.87939033511469
-0.500766847262957,0.04478993369788029
-2.6679612030430757,-1.010724144318472
-1.639781070905707,-0.4043891391536931
-0.2874927740520883,0.36263260645519924
0.4212748305324206,0.5582784431786254
2.3086251673294576,1.5357752701443383
2.0912953608911975,1.3538134023363066
1.8131422053605113,1.2603517837168214
0.8453273128202494,0.700892049772463
2.7029378248052502,1.8294201105704366
1.0169972065777177,0.7860590354446152
1.428432999095319,1.0308920389867091
2.17266014749732,1.3751383371954957
0.31938822270639466,0.5202933221954996
-0.9785707174772389,-0.3725967130791459
-0.7156406037170447,0.0054178237161023185
-0.943814787086376,-0.15335400047856676
-0.7839289475021585,-0.019150252699552825
-2.1944499562167765,-0.712771032415339
-2.593837656753296,-0.9412944541234154
-1.581994209748418,-0.4634834356511184
0.42108005536637916,0.576054787396695
-0.7797334556049175,-0.016794267697327878
-0.026676653324631316,0.34530945367473687
-1.572565934131882,-0.4956230651230705
0.1254600641895165,0.1302261743059378
-1.7026222050902828,-0.4427324069290991
-1.6024403365595759,-0.7215912921391892
-1.6727156753013714,-0.6890533376134224
-0.3183109478954096,0.25281122217067054
0.6716341412535887,0.6408188373352864
0.19302395472843104,0.49553438125242383
1.733402862840566,1.1621395539353063
-0.2356099289793383,0.12307705253808196
-0.7054153710416344,0.05068199611367469
-1.257148754743766,-0.35748608296925755
-1.3888334306153065,-0.5370481941449047
0.10128752952076081,0.30769677563178116
0.02806670402037971,0.29026221985746853
-0.9388471331392725,-0.35442812370908133
0.086053780159984,0.22931119439118136
-0.5842171839359201,-0.027391156381447457
-0.08976794687192113,0.2724232898267396
-0.33431636997237846,0.20296219427909923
-0.8135893535404701,-0.17405351664086566
-1.079101352406371,-0.2816649051693547
-0.8441483330212716,-0.07810516537477646
0.09560090537615673,0.306289480707064
-1.102917303980481,-0.3751296721480908
-1.2244005491396825,-0.35747141947641053
0.2668081938392146,0.5338213880413097
0.045192241978401354,0.31515900785734874
2.1413136299759308,1.2299735931772584
1.0901275442275382,0.7648239543376302
0.658974281401224,0.5298829416244537
0.6938950438505285,0.6115139619093798
0.755803176612073,0.7396083096283119
2.4619910595327577,1.493385052354405
0.5459643590080316,0.6221479513013598
-1.2056149602554032,-0.43831998037349895
0.6591102172885291,0.6705395331405228
0.5783822731155447,0.6424875591422639
1.131135157915276,0.8366962797393769
1.7926576926917621,1.2816215271702327
1.2702647609624484,0.8321591453574108
-0.14946585837463167,0.29471876080104675
0.0792718147391521,0.23010373880877708
0.4279225314483441,0.4470370369574081
1.4435230363230427,0.9293526115639787
0.031095301693953914,0.4863256102527761
1.1243170187789329,0.8989497092917303
0.180175288257849,0.25162682428166033
0.6740301905919777,0.4645323665197043
1.6756207178047309,1.1108706592129476
0.9149634667008801,0.6414083746643616
0.4333817918011255,0.46591577265037887
2.446383999435869,1.4898340734607942
1.0594385240191604,0.9439190079140559
1.0118728254131006,0.7320491647283078
0.857856710675821,0.7741953197748727
1.0765150016157476,0.824347113176417
0.9266546141838342,0.7529951603412496
0.24578743076131637,0.35035727920551857
0.5427056173140742,0.5242559724682727
1.5232436849587538,1.0796391618396688
0.8942091858004608,0.8347716707905664
3.0206281679212736,1.7180438716647712
2.7157520114243106,1.6992697688884353
1.2181459224775233,0.8356919046152703
1.6947833071308862,1.0479505034613914
0.6052024401089866,0.5928678474486688
0.10336322799011483,0.2919419617190411
-0.5582437705812766,0.08227811190485457
-1.093646318210171,-0.3111973971781313
-0.2196214829512655,0.0782795449374944
-0.9340830229120426,-0.24201313084699927
-0.061691779445553374,0.1858439594106586
1.2396058051727736,0.8535175764255389
1.0192143047819324,0.9186950720373022
1.2066048578754547,1.0380606476714904
0.14386119543074094,0.47351713285340963
0.5241436300989677,0.661268455604934
0.16677988463254728,0.3848812153011293
-1.0516790603296295,-0.31736132248904103
-0.009223123819310008,0.4165235993184343
1.2897527695134599,0.7894987128704793
1.2214700815555464,1.0168391822613014
2.0272346614662626,1.2951509557728682
1.881325205277422,1.2994274424640349
0.9439200480417105,0.8428967244211895
-0.2013299932591115,0.08959101206162053
0.5016230327223747,0.5940032000234187
3.2447899355506244,2.026110239730018
1.8333770181542266,1.2119100639644746
0.4596335907670914,0.3761421438501042
0.4692671899700188,0.4763203488230129
1.606143525388847,1.062884653351533
0.8333198990773749,0.6207829371245741
1.2366324886641342,1.0312627188054875
-0.6444982069633762,-0.04530350741445889
0.37562524609920156,0.5725042971876729
-1.8133258446510345,-0.7737955655902544
-1.2802872304952442,-0.2995114228652187
-0.668821370884839,-0.0862842682682137
-1.2320878567558653,-0.4245471015989638
-0.8583439468048006,-0.16909460945670268
0.4449778882670118,0.4060575943312618
0.1707792886974048,0.4994229567891531
2.345871303366337,1.4269100054092327
1.3697582185769035,0.9619185334993265
1.0965473462094422,0.8277144995814332
-0.22110067047724336,0.1469634021487409
1.2161939479916528,1.0528405675028698
0.7798683908603605,0.7914763823451627
1.6166259359463033,1.1532507804240764
2.6197034201313065,1.7435408544618825
-0.4843110172943852,0.031694114782897756
0.21196136595375853,0.3361855487337766
-0.9804797458187545,-0.2535879435831768
0.28094777426225914,0.4181821981015858
-0.05551418782340717,0.22218974891262142
0.9062693701681788,0.6006043039755942
0.15530683820014823,0.39241298633058724
-0.30949448992810386,0.23927519760563698
-0.6729856672026782,-0.028827525920917377
0.2135398957138397,0.49246594094697516
-1.287033557398179,-0.2546115548226794
-2.048905799679961,-0.7306511659171845
-2.0404636266953826,-0.6904205147083892
-1.6051773383753645,-0.5211994540491904
0.2842044743666343,0.2761548346943005
0.12129135023530957,0.2927201328474618
1.52464385310318,1.1271607895329943
1.120981210595439,0.7475019033616858
0.4265043564616033,0.36182765760530344
-0.8474384971660168,-0.2092152506286804
-0.34410387580269813,0.11131082447456876
-0.207381303667756,0.28424212185703224
0.5254993455726337,0.7232201161896669
-1.9000087014536011,-0.6086537970804944
0.11997139481944363,0.30287372390737
1.9350759880872797,1.345678467445333
0.9348050422777481,0.7340514207965965
0.7090821250245808,0.7288598558043674
1.7925412365637412,1.0853193625924809
1.2406107499775059,0.9202047862018099
0.8431765005922297,0.6377005100573455
1.0745403510362062,0.7979134741146768
1.940398032076517,1.4197096263611422
1.0233921156197843,0.8032337449361688
0.8477261020642419,0.7114696481464471
0.6814301922691306,0.7813733112174026
2.3774038917322287,1.706759941526501
0.7397587473296673,0.5076044332677299
1.9989679446346407,1.3221173519657832
2.5569386557050873,1.5225430503000879
2.372625237810345,1.6273586861957527
0.25030504297083067,0.23153188418017073
-1.02475358701223,-0.08960829547867324
-2.2122913692480344,-0.8645466030759874
-3.111375711480643,-1.2053903022886239
-2.015688196317718,-0.6734358704944843
-1.055452705824229,-0.3015085764434533
-1.3375644984725745,-0.2632512091656073
-2.623968022587525,-1.1101480679943065
-1.5928822095085553,-0.4264516034465582
-0.6081154515615905,0.2666882431884522
-0.580724351396691,0.043485298289528344
-0.8750713718652388,-0.17781606050936496
-1.360404910746218,-0.480753445495759
-2.6433399812047687,-0.964373834628691
-0.5009214738979006,0.012363844728907482
0.3226603606639115,0.30870546477301075
-1.2958725021523199,-0.3638667318967702
-1.6736150479178296,-0.6055641875378739
-0.4235152040125071,0.009995214588867637
1.5630045940920778,1.0376560188517123
1.227822138987809,0.8879355397633854
1.5463756483872126,1.1019613106154145
1.0731938047256708,0.6798452182730311
2.210449127065215,1.1881124024769347
3.7926984324820996,2.2701854201027727
1.1968737200122601,0.9529714567659202
1.55474155519003,0.9859856513196594
1.0916160049535248,0.9204158120343547
1.086420137074406,0.6919521441111288
1.0726415539549947,0.6350512835550027
1.2480375610011307,1.1929749328144086
1.2173668049394735,0.8952059522656445
0.06266219989369848,0.31827912310761386
1.9513968739399072,1.2084607469626685
2.6397972323260577,1.7756048932993
1.7416940803637582,1.0820796859230049
-0.16285134969689996,0.28907970532111915
-1.1419636609749408,-0.2749741674111918
-1.340067769587577,-0.46842541534409043
-0.6539269485414243,-0.16634196821083838
-0.1914686377385557,0.2893636594261679
-1.0801451800185955,-0.12243973904498243
-1.8710573191122215,-0.5830934498382174
-0.09911284838806378,0.126621113818013
0.8497893548102927,0.6983549485234859
0.3503871629075482,0.41575719125544114
0.8740974360338156,0.6378186666663586
1.452051830505993,1.0715346273813864
2.219630303932253,1.358950406504411
0.4225821790886226,0.44717044765383906
1.9067263502064653,1.063100307434293
0.5819093958287495,0.5766287194251608
0.2021997657230225,0.3866080155438649
0.33097807751972663,0.5862735608668027
1.2732385610067014,0.8111774026889949
0.3644795702325926,0.34270679142048543
0.18836285104960748,0.24620130832261874
0.9360424419109536,0.8730682510142922
2.287351252540674,1.6428362799580494
-0.20337647207694687,0.22514197449868018
-0.1870281087809852,0.26053579746059513
-0.15474705710566264,0.18513396744896693
-0.8044583584797681,-0.10339535351537643
-1.4984321259118154,-0.5504165017890429
-1.1046429586543873,-0.221540131253172
-1.461203897094526,-0.5446803012173358
0.6064697088747971,0.46570104335347734
-1.2031953384471832,-0.43319464903933236
-0.02984963176351363,0.2410513963576021
0.6966357304122612,0.750434450983456
0.5638335091805753,0.6762252471971457
-0.09598624571558934,0.2750994240295193
1.0363550322442567,0.8479671263405935
2.0300064372554427,1.1750367104757398
0.4414911172530237,0.34943199161098487
-2.2127060063335016,-0.8547457561535949
1.3747092469172206,1.1205262806112395
0.872861489870794,0.6909187526783925
0.10177642525630703,0.30023108656912384
0.12773298735294386,0.2911433663979282
-1.0871900342311307,-0.34691394005544307
-3.1003992175470954,-1.163226190304819
-1.1748095968116719,-0.19869241517901914
-0.5790264017668032,0.024421224892636477
1.1404281542021844,0.7430573049479453
1.7282639046883146,1.198650561841388
0.9865794241295779,0.9642158748262031
0.5081543744608376,0.5751009216551699
1.3753211890541637,1.0008003806519965
1.7219038593895832,1.1082215899142558
1.44669010799973,1.0441115512383283
1.1087329602524616,1.005686313875872
-0.006710070920212252,0.351370830513119
0.38684513778174057,0.38453598662621463
-0.394308595426918,0.03282734208804926
0.1724209036660344,0.37396403018846364
-0.20959102058260984,0.23740121551736887
0.47416261983923524,0.6530296249547156
-0.1994578089144492,0.1831025384879696
-0.06874397710145871,0.2530248124422701
-1.0777229401065778,-0.24450858893070768
-2.8649734211924116,-1.1898531099848755
-0.9341132488020192,-0.2283165506584956
-0.049689052111495546,0.4223693685064567
-0.5918771666201791,0.1661493765073102
0.17776361025432907,0.28106954864057315
-1.7741060730249982,-0.45656643466742486
0.565202546792849,0.7129997082073478
-0.897947642918647,-0.25655115143262364
-1.5162297105054314,-0.5265468188588384
-1.6465657774648284,-0.37283864635329445
-1.8149594745892887,-0.6311397166068998
-0.931832107766916,-0.16679612391987036
0.3063820539199895,0.18626251849824815
0.854628246758639,0.73562405790953
-0.41260565937997906,0.09301801453040286
-0.08574938067614779,0.24526794075985625
2.010028333175162,1.1999319341800412
-0.6492415331058061,-0.10950177310625603
-0.2853751931085771,0.09645566021436167
-0.4034213887700066,0.17024158280672813
0.3810056002716835,0.6746265780032223
2.2952859595438637,1.4998969518176406
0.6987868044158421,0.6397936599886076
-0.033153812457241694,0.4171707378623477
-1.0160270396435447,-0.18082724539816578
-2.312911471232434,-0.7519857886378476
-1.4847140959875351,-0.5182614918444125
-2.6730425725123794,-1.243426128522682
1.6846270857423262,1.2629090297788805
2.7033868647239165,1.6216645407655284
3.0224902405472016,1.8320268976322773
1.99445186263848,1.4152665318823625
0.5201317496458533,0.5183148605242854
0.5877714050386248,0.8032265253026496
-0.2767705575506967,0.18444956446644692
-1.5165687999339004,-0.4820179534929725
-1.3998292645423922,-0.4185834250592568
-1.44257681404867,-0.528847871651183
-0.6784875770101464,-0.0782184444470074
-2.0958696720233627,-0.6480036623943148
-0.985838088027791,-0.3069783103341898
-0.4583856584123214,-0.030796762087488494
-0.3551613179595074,0.11464434049743896
0.1729702425114899,0.4946843688823894
-0.16495551299943956,0.11236773758259577
-1.5810710112981055,-0.4680160824386904
-0.2310039351064307,0.27471982416391355
-0.9402498774761143,-0.10666618489907519
-1.8616615652908501,-0.4812424201866745
-0.9535659436837587,-0.1962516537392708
-1.328575794627393,-0.266545607161033
-2.3957279385231387,-0.7915162789003172
-0.540545905261199,-0.2090853706607049
-0.03909524688376914,0.13640199645889187
-0.24156433911834213,0.2993474131039028
-1.3067565107026562,-0.5294997281200806
1.2165212648306591,0.938606283584261
-0.21579492268606304,0.08885453182149254
0.3364641394279677,0.44465259230181403
-0.006702042536090358,0.357266213561942
2.0080736726944792,1.3116105264702766
2.2690984743854195,1.3515025452750302
1.7949782290248713,1.3068249382562942
1.0540787722841856,0.6731095338682921
-0.25448185206260565,0.07906426620521807
0.20695640224798964,0.39671469164545664
-0.9474184749529032,-0.10455570719658477
0.25674179916291384,0.42328807832886256
0.052265196976416906,0.16262233718384456
-0.8975799198172196,0.002300147395154467
0.5586415394577432,0.6809822403383732
1.5807593488749818,1.0749501724482247
3.276597595320678,1.935515148309853
1.7337656617286448,1.2404442990002416
0.9030673397800375,0.8163267107743991
0.6356855022200572,0.6555827872920988
-0.9598132643169,-0.2541401453471717
-1.2716338983234545,-0.30998316565838896
0.7581160248469375,0.5829203578969805
-1.5056719373169245,-0.4682011616459241
-2.9124151377789707,-1.072405352457368
-1.8106441592544902,-0.40634454871767267
0.048661733927964024,0.37686393002919594
-0.16468264893963716,0.35522280340489076
-0.008525558926865628,0.2922646266478926
-0.1475517218978832,0.1928128458017911
0.1922717330510202,0.3669159261350488
-0.9999479278359675,-0.3776544362499962
-2.2269351698270494,-0.8364640315773948
-2.3438341848804813,-0.7256335272469832
0.34326295344271807,0.4975502326809781
-0.2905649451166134,0.04745440751096906
1.0561357475474729,0.9887065366469681
2.2818910057462687,1.5005665172861744
0.1851187694311619,0.21717503897557464
0.10871244489684952,0.33908579585014076
0.4253863571814774,0.3750895748652092
1.253659615655824,0.940868103485655
0.5035279004307012,0.5746986976211842
0.4503417401445554,0.5221352455659553
2.0873566650321798,1.3101398378722926
-0.37625197793628495,0.16545229037348042
0.6911116638275756,0.5007258714643524
1.6935314131920736,0.9965171211500968
1.6447970620547965,0.9691126050124246
1.1720636168287073,0.8542438258073497
0.6537047196577148,0.5187292026065474
0.47616148060419705,0.582120593578539
1.1455886948179392,0.7412040940652187
-0.11276150588252642,0.14386017154370478
-0.050536596770961055,0.3531880961852838
-2.461947394439805,-0.9958095359378654
0.7528618668746838,0.766056470533196
0.21453495120740035,0.46900296076261627
0.213476613866749,0.43911966813795933
-0.41747288376816055,0.28617718747066384
-1.0235321363959629,-0.3314509645162274
-4.304634574300248,-1.7631644054086937
-0.429236839309751,0.011262952520352768
1.910927131425412,1.4051391568229694
0.5071799069779278,0.6227665321212565
-0.5237811917049673,-0.06159266505076612
-0.5299904716052141,0.18420962843958952
-0.524193571808132,0.07295526693453486
-0.8185219846271081,-0.02417379709586838
-1.374835222154432,-0.4649893328524395
-0.19850135098298594,0.27784932791511063
0.25030466052198214,0.4353558745943141
0.026356890797376575,0.34956727614201055
0.021933675648422454,0.49839862415245384
-1.0944953661285255,-0.2928689213946827
-0.37794878200626975,0.04726759679366836
2.216325448304595,1.402385164190647
1.9121582591160695,1.337516789902945
1.7435692926602702,1.200098156566239
-1.42136714106012,-0.37177749075224065
-0.2898640354939529,0.18050105492947804
-0.625392536565677,-0.02364529406164355
-2.275297986484369,-1.0428999012314453
-1.9500375560186847,-0.7517084813484907
-4.054924765350269,-1.5972327623533378
-1.7591477719853073,-0.7586851931388414
0.16850072097751156,0.3011881971967085
1.1996340054056125,0.9437779505754569
2.5918274792700804,1.7396421346033977
1.5185634843613176,0.9004401754965211
0.7874412466767375,0.7322167739288904
1.8785244512587922,1.2261134366145723
-0.14076800817517898,0.14934919412193715
-2.892174109199756,-1.0287345523832347
-1.1371881117332978,-0.2545124399728712
-0.12326809579841636,0.4105422791595059
0.2380154447331001,0.3656121853384903
-0.7483096677920739,0.02471663167958836
-1.2748768199747327,-0.3679769004709541
-0.5284225793476083,-0.021029579280013568
0.6754538461947233,0.6076648378747074
0.9855146958728435,0.9251084750346112
-0.10179826366033484,0.18489776333196778
0.2196895544170482,0.3926497572783487
-0.5911604561253037,-0.06993201254605234
0.08527272795513585,0.24675378686346822
0.44724050899343426,0.48304136934553066
0.8234951216757083,0.6425678246647534
1.656361693331942,1.1290333020534182
1.8753071347021895,1.4141459281334354
1.1953202413445347,1.0381678964456995
1.2045045835301202,0.7547808006124946
1.1376203267875846,0.8228243536406978
0.27141762748554554,0.5121389240074088
-0.2588990306827142,0.31984758998298735
-1.305896390904705,-0.295332983771557
0.3936044536299257,0.34939768671131377
0.7138363417071742,0.6636133308297587
-0.8355384521686763,0.004106317954271577
-0.38244285241769593,0.12426686528247122
0.6453585374723081,0.6348617775309592
-0.5026307534900056,0.27774586811722657
0.7653879862412988,0.8605058690691483
1.0042612461703557,0.7336058817368942
-0.15026716259418138,0.32868753335015977
-0.6244216342504809,-0.08165331375178231
-0.43210388358603863,-0.13922435647930803
-1.212240863112887,-0.500526119011129
-1.0806573531930512,-0.33354940197636557
0.49293583754336356,0.4639262523027982
0.6039346845928644,0.4715875470342462
0.3215427848935829,0.3955959303469863
-0.34184778789706294,0.19359723838341664
0.027097946413025042,0.17548248098960414
0.7544889891801806,0.6384484614638515
0.7543507027061076,0.6028481688263461
1.7184175876240197,1.195305087134709
2.671529643148678,1.5474760325040278
0.21845456820247133,0.4762966872245086
0.5929715905424632,0.6240660856248903
0.16213217481116898,0.38929218433944784
-1.0675146068544419,-0.2726604448052652
-1.4792443865515108,-0.3736823409788569
-0.022364608750597093,0.2624769029482262
0.9679325902705447,0.9032662666754423
0.5423932923175512,0.6972874768578302
-0.023093759823309246,0.33659650670600183
0.04427389379747326,0.42779072253073475
0.07045307272217838,0.28932735657183295
-1.2905504845916518,-0.40703545856784223
-1.0280717109245983,-0.21583763298647302
0.4738815437600734,0.571328054867621
-0.10805139909649358,0.27013942653314194
1.2804833928966204,1.057345275429459
-0.5914195399984405,0.020421720701310382
-1.6037083545095268,-0.580661878173822
-0.7128106309131186,-0.033432962135299546
-1.073639976260792,-0.2333924204774326
-0.2066639117561172,0.0725756231794833
-0.891749422736111,-0.14909686376862816
1.8084224059746299,1.2006898617194266
0.4954659762607284,0.5923293637661594
-0.3403033678124234,0.11487762542786661
0.8090285805000936,0.4574583804424591
1.1522546655893742,0.894156749876667
0.6393360369928673,0.4817818341520573
1.102842515343312,0.8647984945758598
0.05673147454868033,0.29343219498604783
-0.45702525772791425,0.028690408683841588
-0.8918357010724862,-0.26677805837832635
-0.532234449075236,-0.00605792914249615
1.325506291976211,0.8993119542966123
1.8427140323594218,1.260689782476641
1.324029750606571,0.9969170630485131
1.1132031609616417,0.9600915544977112
1.8969422222919312,1.2699640956230216
1.2023170409702086,0.8670039307025627
-1.1862950070325395,-0.4842189072093639
0.6779178902260876,0.5422407473218437
2.48621353119295,1.6070124861178012
1.8729722961667825,1.32446281015177
1.2065915780672745,0.8478546489663745
0.4637241885801369,0.6620407648226108
0.4323823942548842,0.4591708310004983
1.3318374217669553,0.9567543079299761
0.5570707576170337,0.7238481189006603
1.5382703079644044,0.9847609562234217
1.2358271701769987,0.9517706853488204
0.8651351656812406,0.5974560643879221
1.9526851991283856,1.5719218865492448
2.5092923081864624,1.5774655523376522
0.5552002398736436,0.5663691854818959
1.7284283659850241,1.1876163996597202
0.4729032513069893,0.4016749724939732
0.07649090390251256,0.15132516618759545
0.7597431197413098,0.5851362427584834
0.40554714024951544,0.5975028702828087
0.8391349042369878,0.8774493185501584
0.7278113278626488,0.664798303852876
-0.38777296695206076,0.07205366236866312
-1.1817670367830302,-0.2729999624927875
-1.0549242309454834,-0.11289722453982252
0.5683297902135233,0.6825150350069402
-0.8235445596291053,-0.035319658194018624
-0.42093682126201304,-0.060223924510661025
-0.9743809002311962,-0.06269937202637865
-1.414497776537179,-0.38300876479402435
-0.6402316400692099,-0.033782616871874324
-0.31814710338735464,0.18324489305513772
0.3772570049229884,0.4074406313332089
0.2787494551173001,0.4885380441709387
0.40949924368483964,0.27710684842661515
2.396842158783497,1.5893142045274007
-0.2185352580391804,0.15345897706314499
-1.8469506027249212,-0.6130901290981708
-1.2650200311001665,-0.1659480321740217
0.1090544251950587,0.30606216514596635
1.6172784478772284,1.097031035566593
1.3335312466112657,1.1236741353550934
1.802025741956978,1.20793471092789
1.0140291816250215,0.8727785764626844
1.014464599121269,0.8348695540592572
-0.6851604768203106,-0.22326283082775505
-1.9183419508802273,-0.5925180984914985
0.3536154617318268,0.6166724108755427
1.720296790677091,1.148229370549842
0.950856230841958,0.7339070859882261
1.3474973943048698,0.867308599869406
1.8313760137034638,1.1560975318115319
3.219511744043212,1.985473820056926
0.15465921583221798,0.5576647617924126
1.6141529099781002,1.1773169293347678
0.5760659617303427,0.5335676013239495
1.2929918821449968,1.0726284621257103
1.9919493166599431,1.3178411966180457
1.3188544261576722,0.9265186186897316
0.8718813650045052,0.652174756150128
0.2854862618326619,0.4376429230596929
-0.03117562356761916,0.42401201943097605
-0.02938450823266235,0.4084169464046214
-0.05708524399191043,0.22427418804325416
-0.21316798727907946,0.1456017453678668
-0.39344574903136753,0.17175064128851494
-0.5303709866803306,0.02434295940391637
1.1790802390090913,0.8575331506560907
0.2899438670443726,0.47105722886755136
1.727204541484948,1.2521895432963537
0.41234318902507683,0.5651364562947404
0.07779304907420953,0.30712185565858324
0.48992992059847856,0.5522997488255631
-0.7714711259221396,-0.02782650171168522
-1.397118696869034,-0.5554370059432536
-0.3632399944269341,0.06907319661819139
-0.2924822062748462,0.23427247163452852
-1.0390181335892903,-0.3798993126972331
-0.4771551022545808,0.08905575322661652
-0.9848548988470931,-0.20198248143517403
-1.8306707833473161,-0.5615360397332261
-1.719659565143267,-0.3670816575260207
-0.7020581008724296,-0.12397106682290034
-0.4839828737295992,0.08644573069853784
-1.5967601284205772,-0.5018195071651798
0.6788595673450977,0.512274630586294
-1.0717467843487973,-0.34504372032304176
-0.8830933845172309,0.13036916300950374
-0.11036488649301124,0.2599745085631094
-0.4639880277712667,0.11888612231684828
0.4996391325060634,0.5753388016418209
2.274728373088966,1.5219991196026137
2.8084828865337457,1.789074809220731
1.673829532432726,1.016557494307555
-0.12685316587367446,0.32379996180163095
-0.5873974048697584,0.11625781155545611
-1.4536481096268585,-0.4355788382579537
0.42622690774709826,0.38211716197064
0.8241469676781914,0.7570720781422047
2.7065263318030546,1.5726330710085021
2.8582428507742286,1.5523869061179398
1.6511988740975712,1.2048797615635534
0.9641027996071202,0.954714352093875
2.1281409087294136,1.432866021017279
2.4476546570586244,1.5574077413128575
0.34809169834706044,0.35466597112924897
0.6498631122524368,0.5273596454982161
0.7114048412372458,0.7198266913453384
-0.7494635513319702,0.04011340174295959
0.31593016680492936,0.45790523733157756
0.30635247130993254,0.4732658349028292
1.0761079976215557,0.8006282927692492
1.1598842016835418,0.9338419759134418
0.2760216948900519,0.5200927947511931
0.26817702911273467,0.3932253352531916
0.2517111254374188,0.5339706238512322
0.24418466338041347,0.4776809630080885
0.24522416207992667,0.42844710461492824
-0.41693718212382125,0.050066059148744325
-0.14482032096720493,0.19377268920198792
-0.6522647418706291,-0.07586427887352065
-0.4215405594581102,-0.04207258361464647
0.37195598723805384,0.27216791100464743
-0.0556672984085404,0.3718995987955561
0.5164025329433274,0.4768451188782973
0.4088771738674802,0.38794483721133965
1.134537763176186,0.9220079206663002
2.0569403514415905,1.4086667597044678
0.8898860394051855,0.7124807569602313
-0.30260677308865014,-0.024833903746559832
-1.1723815131410575,-0.22716908100311378
-0.4174674456206111,0.030972913509677513
0.6215099190425968,0.5583976580777573
1.2527641331360888,0.856006046195198
0.10755549511861018,0.1974676996080125
1.7268286336395353,1.3073231597183383
-0.04425605280775868,0.3206042592336891
-0.5789592396976071,-0.0668513700256072
0.20016665393117195,0.386209902758853
0.881886418885337,0.7666446859057486
-0.6387173304318875,-0.026676433222247935
-1.1915801844486849,-0.5302716561281324
-0.9641151395009747,-0.1103557906074927
-1.05309847928487,-0.21766784656975613
-0.19715344653352307,0.23026448758776336
-0.5308100213977055,0.02585189801043112
1.1816135013205569,0.6452702464863097
0.3379301145899619,0.5204475781536969
0.44185016102826935,0.5750560520796207
1.4182282495603884,1.0076538676749247
1.0691023528504848,0.670710540123172
-0.6464186349688137,-0.13735954245810705
0.02318640730220134,0.31225414448611105
0.03379006738315204,0.2761894484672067
0.49043056319023504,0.4364393278290324
1.5081291045784244,1.1495662465096108
0.5796000483140099,0.38967774254818544
1.044118434324813,0.8027002418588609
-0.8970872701597766,-0.14975044106382399
-1.1456983508619274,-0.19401870277430727
-0.4294992452287707,0.048089608905604174
-0.9976546452073407,-0.28055204087775765
0.10194776391773408,0.3204516712516522
0.14250470825760211,0.11288107742784559
-0.4599772574347578,0.006882316788996187
-0.3972028018290149,0.17754097101209984
0.18010407564518371,0.4835121892037822
0.4300667356355302,0.5405553382027035
2.1995812503633703,1.5273799750612058
0.15510363888119538,0.3779328018211771
0.6266037592518197,0.5268259605065222
1.1773191669496272,0.7479038522747155
2.1877692967822826,1.4039719051036526
1.8931236637378153,1.2564553810515804
0.2515092642394158,0.5061363285352003
-0.23711707844068383,0.2801821867900317
-1.015777835797484,-0.12222885928523133
-0.2999704484360836,-0.10976583144528593
-2.9159445034611395,-1.239472913132676
-2.308358471615265,-0.7644187447657289
-2.0699943821956728,-0.8738189045755129
-1.3546583536920527,-0.36373460990689077
-2.3925194854026746,-0.9387055868601385
-0.7559207316034353,-0.06460431642852332
-1.6889969765926702,-0.546807860929029
0.12239884579514326,0.35332527910440675
-0.4085252215651841,0.02247899896389262
-0.254177214621952,0.28500116807583037
-0.403841447091137,0.10951359158267984
-0.023162633707669744,0.3250411911442761
-2.4785767189067016,-1.062082565806476
-0.33797142917956424,0.17959310007389873
-0.3581542830131972,0.020330460963250196
-0.4431152884394191,-0.07923805672497378
-0.9639293119724769,-0.17804413503843
-1.7470337272360243,-0.5250408762884302
-0.9976103531192005,-0.1455362714714788
-2.197198971997801,-0.8080552567912247
-1.0228972651896748,-0.26201231225663635
-1.1354107910193258,-0.22531234997499744
-1.2763332651212536,-0.3977810360767152
-2.0430536742042826,-0.741912189912765
-1.6232087272211415,-0.5722879440187953
0.5385933573058652,0.6027394650634745
0.9926152881116155,0.8397749743896155
0.3897821122943642,0.40720069700007694
0.8263702076833899,0.8834419769129237
1.2573571136552348,0.7841818637950376
0.4480487673940256,0.4037743203596127
2.0278551720855975,1.26682308882701
1.645068283935415,1.1354244769159754
2.028090588104686,1.3699895199631411
1.187645152533085,1.0702500671579447
1.4988801030118895,0.9880699006808481
1.3502248688442882,0.93038938421835
0.733887156548315,0.5530791276521863
2.3173945363779236,1.4461707022113586
1.5995695984329676,1.0747742359586248
0.05412657960559253,0.39479962015026404
1.2235031017949032,0.884690654227641
1.9534131423731316,1.3880672667591
1.1594611159530273,0.6556186393730711
0.7089985698122745,0.48375398005557646
0.13244420779406796,0.4522064835908457
-0.13122815464304322,0.40126104657730505
0.3868845111286302,0.5224678409087404
-0.5992512196051833,0.06053127859864232
-0.8054450461701115,-0.13987838541904357
-0.21906189381262475,0.24404489750227767
0.31484695713514066,0.6178421485216419
-0.18790463603742658,0.27970883721157097
-0.2907686429884477,0.23524519446986
-0.24580975449681086,0.14922125578590859
0.6140574865005393,0.7712695128072089
-0.3859883821024155,0.22359656796147015
-0.7099594288620701,-0.09709734161461417
-0.9835619309255059,-0.26155388686681275
0.8208187104886736,0.662542893819899
1.2072521810312586,0.9956406390837419
-0.7867516280910879,-0.23724638536779952
-1.0992891983933537,-0.4435436117253647
-0.7324966398751651,-0.06494885739970477
-0.005368631360756937,0.24119036076621542
-0.22180395703444175,0.21123678216969471
0.5942972680626135,0.46857052431947305
0.7774492485106109,0.6848608791029501
0.6996952922286614,0.7178725971613609
1.226067038674017,0.9199449897746921
0.3808966808100329,0.35863950932245603
-0.08578401107219213,0.1337993097810433
-0.24681786931426963,0.252654097384334
-1.1770342117877008,-0.26047786107364407
-1.8102486626999656,-0.5673284532385526
-1.597072012885232,-0.6559031226809946
0.3360875007758206,0.5364467305826631
-1.57804100063387,-0.3380395092421502
0.6049887660967792,0.5543238431710775
0.7023358282695973,0.4715660701949349
1.55409054235481,1.1388532325229617
2.4441789699380503,1.6132968117043536
0.5839536878366801,0.5422510813439103
1.143959402164209,0.9559125182665613
2.836968664576027,1.5828231868232159
0.9567403873636191,0.7474011564043678
1.2891069624813207,0.9407783662310248
1.4387456747238154,1.2219137911511613
0.5968119618200327,0.5719837136490598
-1.1315070745658153,-0.2861085949523665
0.14654993523322413,0.38640420752153626
1.0150383557642924,0.7073747964895652
1.2457612148962494,0.8545166482515686
1.5514749097815224,1.0768089197258772
1.6235412735870283,1.1474668717292928
-0.4648746002252775,0.11426335597062381
-0.13697984191851326,0.15618232957329758
0.1433059831732851,0.3216468029548892
-0.0008731880925373636,0.1648604172546259
-0.9961021712841359,-0.1544029085226984
-0.16021146598052016,0.16941067016328348
0.9400918068123638,0.8743596689958064
1.8986875848466749,1.352374643042519
-0.2753400889149995,0.22862435403652387
-0.476298072856533,0.16794837577685504
0.3577566499995062,0.6730517610434044
-0.17017804404286835,0.37518373249588177
1.3905632581522458,1.0174280406779777
1.3946014270642397,0.7893054013236609
2.1525012039628355,1.3493976382687132
0.23918492138041592,0.5289866357721758
-1.1810432379968183,-0.20788810319299697
-0.9411208968294463,-0.005733456893786709
-0.01551967284452438,0.2344738713850461
0.37000733854795503,0.501311941370329
-0.41772864297817974,0.056325999936452
-2.031816894118001,-0.6698416807427914
-0.9297492704836222,-0.12017187033448162
-1.037097513820898,-0.2781589997065831
0.1379598829599078,0.28803588429621557
0.983433077800646,0.8429558463648859
-0.15765704521853374,0.13772820211670833
0.8454274004494027,0.6418378740592131
1.0448340740301332,1.0374812513069567
0.03868323229513537,0.3820987840631185
-0.4213441163984195,0.2505935321422654
-0.7492969384133299,0.0034815364791386666
-2.0005024032134875,-0.802226132515161
0.01592788694569225,0.3653481656915941
1.0341509399460167,0.7605503294529814
1.9115688173738827,1.1552314526850012
2.9329652952496197,1.8819856539525608
2.754685623831235,1.7210809536347285
2.3091353130804047,1.3748763382409324
1.8389090586854182,1.2372139617986309
0.6969813005501607,0.7087986052351475
0.25765915130003425,0.2740008949377034
-1.000898857373682,-0.1809469863762176
-0.225914913557125,0.17966364542898317
-0.8477712164703171,0.03441395735425318
-0.2151054244181949,0.08210533678434893
0.04526068172478043,0.35815503040928265
1.289379901589909,1.1525345554744415
0.9815210042522176,0.8060859573542033
1.1450585757161562,0.9226153304282947
1.6442165401415205,1.1718589822450456
0.7247098644598267,0.630796900720028
0.6646438570099951,0.4668317597824202
1.5907796638834562,0.9022542465543124
2.1561054611536212,1.3048898157260238
2.063225070993047,1.4027946312928001
1.4458524879473296,1.2085424789853967
2.911385292489275,1.5751936156632216
-0.08774153386306938,0.38492741075460407
-1.550985918452571,-0.27347711592665536
-0.6062348811730573,-0.07117866052573506
-0.16540453160850382,0.1662777312348763
-0.3598382443898487,0.17062624727635933
-0.151680123048676,0.26122574399867576
0.6297626697177432,0.40381993726433246
-1.213376673912769,-0.2129621933391706
1.2916847121238044,1.085260659249517
1.0003444037078721,0.8217040645443862
0.9805246372517039,0.791085515281704
1.3299542499393238,1.0512848538899866
0.18203786749511486,0.40472264472680475
-0.6062078925902565,-0.060800919854685234
-0.5736713172818093,-0.01923881708752518
-0.058239756963144484,0.3188171923764792
0.9302757716926683,0.9604093207658708
0.8684776849698721,0.6923742094976527
-0.35796222109525566,0.2700864901236301
-0.5458916167271654,0.024069509160706704
1.609360240861219,1.199858365854166
2.1038861685242303,1.3256904279041217
-0.2536518442435687,0.3424763817589057
-0.21119105997567988,0.20338509385767456
0.13528965349117414,0.19661852201927654
1.1589048617222686,0.9823735267343316
1.6700772083657036,1.11905182510124
-0.7349387730598629,-0.04355126784038858
-1.1125282891765882,-0.32467861732919356
-1.8925918574398555,-0.6367569578567095
-0.03010738226215426,0.2881083304387158
-0.5430304214921506,-0.12396326917644016
0.43951762163858143,0.33530666420749367
2.650050898256646,1.5308733127069527
-0.1680870757923858,0.13922030087512444
-0.2669288564999105,0.14729369676024978
-0.8637581764404656,-0.3331318208404328
-1.7251926976989096,-0.6225926432439703
-0.5013941514545477,0.14410208820436368
1.5699711163782926,1.1472649680621245
0.5434351666170328,0.6564030510593275
0.11005904065240901,0.39268240970885476
1.7864797323234867,1.0588136157695507
1.324836756275415,1.1332831815096207
-0.38460749504791025,-0.04270240928541302
1.0570471028894486,0.7527315278973996
0.09062332953813623,0.2627059071015014
-0.11268594697482764,0.2400636404218453
-0.5776619620621866,0.06678517881868917
0.8672819644822056,0.6822398570219194
1.8414778740789917,1.2559449570335437
-0.44007333149688455,0.08265377086500848
0.28969998289502846,0.1896491726363957
-0.6267294645752668,-0.05514954064311062
1.2382764471467844,0.9259083062868222
0.38946833781875756,0.627307346848978
-0.5909773572043382,0.031121441614614515
-1.1923971982485684,-0.332838228497198
-0.48493206833484903,0.07205252706235159
-0.10303999625888272,0.18213970838441318
-0.5414637886914558,0.031208005209285315
-1.2465386358256934,-0.07085041308734896
-0.26700850962463796,0.1801544942970975
0.5234074774124229,0.6072993412123158
0.18308358183760648,0.4669394860031493
0.7390485052769997,0.6649526066908464
-0.7314005999729203,0.12311626908371504
1.475601385033824,0.9220509530989724
1.2593007049606673,0.8890380708238184
0.5357227196798676,0.7666951615123403
1.4344885138586643,1.0248705802523903
