-0.591341093402944,-0.10984870665641984
0.6426748002467586,0.3909436092845311
-0.38898311811833663,-0.07865468538908121
-1.4700713272581343,-0.5214897035531874
-1.5290560464642042,-0.4644378451018738
-2.0288299771398837,-0.7867398411238646
-0.8269631118543586,-0.0381618749203933
-0.7651206776927507,-0.14383127712491775
0.4600461039297482,0.506184549896817
-0.02424097983781842,0.3437656381433109
0.35325785123809555,0.41322872040999015
1.6278465248681027,1.0738431576563323
1.3391460505575044,1.0956010169012373
0.7604185473186507,0.6648596023182263
0.8020640067394734,0.5861761263499091
1.1858006687905185,0.8170670277462602
0.8777677613774552,0.6611630705565773
1.484099128029857,0.9821765805616023
1.288147846937122,0.9372995178105538
1.6528751940286308,1.1470361799900148
-0.7072686005116768,0.0321372260548059
-0.7192492429391094,-0.08533175774154658
-0.9178084673811842,-0.2763835093833451
-2.7110443603635557,-1.0051985476248588
-2.1270327886890223,-0.8530620089401533
-1.6323102889679229,-0.5154966998584506
-0.5783807437964084,-0.021594549773945503
-0.6778657956787237,0.09309087852424225
-0.8226541702921473,-0.09101557713157446
0.07161181410184791,0.311189863153488
1.2477739832444052,0.8281965589386384
-0.7938515344693052,-0.0041724316206748074
-0.7010522626299113,-0.06727899400159924
-0.20924465652802315,0.12324423769064996
0.8072682395448862,0.8051996612879592
0.8026083923361773,0.6199092080497772
0.4692073408361963,0.36784198642590105
1.192666330252304,0.8296527614643087
1.033771481259623,0.7254235866701844
1.758637860542404,1.1088996466031484
1.5277943041905158,1.0319328824441687
-0.4080364379259678,0.08189150429025177
-0.6687300133764789,-0.041235051222853564
-2.8248157847671855,-1.1767369878137248
-1.1212099033948413,-0.2602240748705356
-0.7310688128033935,-0.17838124621723633
-0.7520113241970827,-0.01845091516933492
0.962314666814188,0.9331861391873296
0.6245841501309106,0.5458028549481854
0.19010903560056686,0.31093608542069995
-1.17488631847941,-0.27737597389657626
0.01786625830327193,0.06738137545189596
-0.3480188317274377,0.29755218244719966
0.013633397056936114,0.14871488924306925
-0.7220629254262888,0.13739465870991108
-0.852933761356917,-0.06028721126767231
-2.537079211337146,-0.8942932228451411
-0.013197156509281882,0.13307109913274823
0.29025358333903045,0.4558202347333764
-0.27657541650654927,0.09376656256197051
-0.10749158319279731,0.11714994397898335
-0.3398317946611275,0.09954731494997011
-0.10562165807484195,0.5698846459096347
0.5382452922337876,0.6207848361294762
0.19649491807566427,0.5398030843138276
0.6894136707898632,0.5719151767011345
0.9394312593068725,0.754317123020428
-0.17047431292770343,0.2227130608090452
-0.1763105339801163,0.2638127224850132
0.7881902423468294,0.6424396157766782
0.855637418653172,0.7414976402848165
0.19106419009190057,0.5867154645705874
0.19136468944433138,0.45842116677428196
1.097916935202884,0.847935151026371
1.7075558898850256,0.9532395118947622
2.5004206001372786,1.6009077404200542
1.8823572925768597,1.2528680412014994
1.2677920191417245,0.7624751585392153
0.8000541528081998,0.8074105065173437
-0.9367737125218413,-0.12613879594996769
0.2288775069775616,0.5133588298533637
-0.2528764515150586,0.1352732054979157
0.16585431399475076,0.3787626006033446
-0.6502044631054166,0.014351242072812666
-0.7414886145953449,-0.0762227803896702
0.2118393020033511,0.47173292526525057
-1.3305833110672274,-0.45769513243521137
-1.0970441370829949,-0.17967683611074212
-1.0477047983025904,-0.26065685739413597
-0.17881993601571466,-0.015944776939949973
-0.7793905502745233,0.06146960561667664
-0.533358900428907,0.12715509885582063
0.5309823307866322,0.5173546812706913
0.3805513408070449,0.334787065837176
1.3233125549977283,0.9745949388383518
1.36142249010817,0.7519622225670444
1.53061559048207,1.0471730518959246
-0.24660760976197893,0.18444564286266318
-0.37504795171047123,0.13026196471255605
-1.2793658585681484,-0.36570034902025317
-2.9032564699336647,-1.1312163393648687
-1.588628877681551,-0.49683897489615714
-1.9830399744256741,-0.7884163968364235
-0.9959917701813067,-0.18108574743643352
-1.7658036000571702,-0.3051978147670635
0.3543152638023397,0.5283616669245329
1.0581327866107977,0.7928560096051639
1.4101099009258777,0.9793082985143773
1.5483503499524338,0.9621458156188449
0.6610325283138514,0.8056297569276107
1.4153147959253394,1.07137668754198
0.33708498616855564,0.5347049107180196
2.725177570435877,1.9275258098656405
0.4474111932588761,0.4925111779021265
0.4364913651203556,0.45824563794279677
-1.9666875056193274,-0.6969524593634867
-1.8482436000561018,-0.6105390713177277
-1.2972644479055309,-0.3601499937430522
-0.7027918635705299,-0.02415290292900774
1.3389089184967196,1.0458817386677686
0.2596955095702951,0.42621564218284275
-1.1059246316788456,-0.3532388158631204
-0.915866009093461,-0.15316582385255995
-1.387518447458436,-0.3614910534609271
-3.1909657811993997,-1.4629205770942615
-1.4861591134416767,-0.41783136167862883
0.7867579143181797,0.7011194966657989
2.0200580068616283,1.385216976438846
2.3017244692378953,1.5134128921127614
2.373067578535497,1.439231964994767
1.3489496131457452,1.133346835014099
1.3876031159387732,0.8934764165913133
-0.2635189913334949,0.1594987782054525
-0.15588954875099553,0.21446994010803405
0.6979166273649808,0.4223518670905043
0.11259767744104765,0.26265513240759114
0.4432243184341482,0.2521112185028265
-0.06739262731092127,0.22435870969106114
-0.5252988897401111,0.05056624131674198
2.3824742301675124,1.4099646306433888
2.770090373217987,1.5988028218444676
0.1325165723193762,0.44594562176831143
-0.8229104230387304,0.04241698401689953
-0.8830781296741494,-0.00026094612486105007
-0.5609609086712677,0.08590879051775711
-2.886855170873025,-1.0924350896220547
-2.1926298785054907,-0.7077080609302624
-0.390647464275493,0.17209776534488763
0.35258925151666337,0.3459370314896876
-0.7205917228320511,-0.24900486699963081
1.0047498016658962,0.9676779309829235
0.1450103711390287,0.46237747890150854
0.012158641947888904,0.36344650621472846
0.1749021822104826,0.4410342573045543
1.1322127128743633,0.9088389408010333
1.4349937164765674,1.0711245073902727
1.10833572171813,0.5799554684171119
2.7858360499572217,1.5379056278887413
0.8076890255183933,0.7517735837361019
0.6178990334622402,0.6173991379802908
0.7473481564264448,0.6503395436856644
0.42933511600323515,0.5392639405593702
0.46863013085431815,0.5040130509705112
0.15315396013637617,0.3798354228765225
1.7007277865882222,1.0110972012698936
0.24725695744464926,0.40756489361740544
-1.2280671732691761,-0.20978291402008548
-1.5603384258523605,-0.5763863003317194
-1.1416789189128298,-0.2983614922044135
0.3219756055644998,0.47990274494897095
1.0047323432633841,0.8261413564786219
0.4832924313404263,0.5016085320538983
-0.3001992894849472,0.09316146785057611
-0.7245854296960138,-0.1055348902524054
-0.5047651077371451,0.01951015841241464
0.5027145146518817,0.42074049464101976
-0.22553197969356398,0.15191401980075603
-0.3064259084981428,0.07907606410170233
-0.8022663353914021,-0.09238624269415406
1.4136561607511902,1.0178388876069593
0.677525486105106,0.7080258667143212
-0.784672577573722,-0.10427331147531962
-2.107592592104827,-0.9216417269644374
-0.21638500953483486,0.17034197740565316
-1.5269033355267503,-0.3392313927409356
-0.48063744983554224,-0.10313871437053379
1.0897672052581344,0.9400347854999844
-0.9580693508049842,-0.21064644282513778
-1.3447362027947398,-0.28721345115737534
-0.23913329501048985,0.025805237495813205
0.5643831117702267,0.48182504245615
1.4395217359090922,0.9726303922573195
-0.22711322021078106,0.10688363225519742
-0.4800440206860831,0.07152230308510152
0.35728053288629724,0.4300607080394694
0.30636503910891477,0.4539821361077281
1.201335530560646,0.7138338262594904
1.4920456703127132,0.7173977339012632
-1.6980882620083344,-0.6208892846562615
-0.5783373655402153,0.018936048916121544
-1.0521623012258776,-0.19201167734397334
-1.4698076571172378,-0.3585814048085292
-0.691179169513652,0.07913321904609535
-1.5858947401001724,-0.5655752259189759
-0.7985739502071447,-0.13318888641847912
0.9824917150731506,0.7161756134943378
1.8828711584112452,1.4988680696743673
0.9529885850369327,0.7027561987677536
-1.5976739486968239,-0.4918484657410868
-1.1348322063898202,-0.2755975126415023
0.06949298474875465,0.2773261388127667
0.984098168794443,0.8142059464413537
0.9871194912680245,0.939718431794971
0.5732924284408317,0.756458901578795
1.4366556546089329,1.1514111352639511
0.8497093477548486,0.625760928416547
0.7448802613372242,0.5713491056300375
1.0315107915767212,0.8542706470640237
0.09470622108548399,0.4352454295139896
-1.6242354749763825,-0.6184809907323373
-1.5395544942719983,-0.6826344861579294
-1.253715237769591,-0.2613185382949534
-1.2598404914514834,-0.2832522833148467
-0.847154988262402,0.022373288135707242
-1.4601049759971283,-0.27535520569860195
0.05624909179335136,0.22461835664632496
1.0107641904320865,0.8794678166658807
0.8796608780276207,0.7982403551656365
0.997365766400239,0.8728276480772469
1.4744422568925792,0.9345350051594908
1.3580032056452844,1.1537994005106103
-0.6838890540734774,-0.19852901187912542
-0.2324833691215249,0.16127751142111763
-0.055272167569125286,0.2573585715035193
1.2741028123183076,0.9828144468143786
2.0948008737354957,1.4053661988717552
0.9124280365933571,0.8255047900748909
-1.0744306958571763,-0.25939911760345025
-0.5849889350846427,0.01216700790780079
1.1639607368645668,0.8781532569977628
1.2485432676714532,0.9786453423493338
0.24641180852388733,0.4244315356778983
0.07771014988189653,0.1954777035919623
-1.534892555767149,-0.3950620540263753
-1.920432551641229,-0.5634986573237712
-0.2307014347109525,0.4863398903112
-0.060029949875023525,0.11823685784396387
0.18059065528135515,0.5144248610052629
2.161134513176719,1.3782902777562165
1.1465010581456279,0.9392543187129433
2.487993897601556,1.5855642503306644
0.5746378307911574,0.5303254001442401
0.06005807699616689,0.14819894964759142
-0.5696014805746497,-0.19537802417927752
-1.0201223179819179,-0.07671158568309117
-0.9015361124841408,-0.14204417278186549
0.730585011808336,0.7192962010912018
-0.0660734431061708,0.4364360115927695
-2.6195662290808626,-0.9666424837874532
0.7131082298684679,0.5832866381733476
-0.8912487089103961,-0.09906082455073954
-1.0939898512096478,-0.14256400558872964
0.38264969524519754,0.49368576964153305
1.4926367712593482,0.9336729816451595
0.23606832051069437,0.3923960593223565
1.932325646136454,1.2482797362351814
1.0720061617158656,0.6312450807233972
2.1455778561709895,1.3944110642762262
2.3135378676610596,1.4731926543125249
2.234523852366862,1.5921508991093294
-0.4126995272020353,0.022712678294254454
0.2060693541088216,0.28063893481346036
0.33917886611495274,0.5170429938636201
0.23874143235212708,0.20102233793015245
0.5210847332079984,0.5778703687281264
-2.399074350924393,-1.0168307242391865
-2.268721839136396,-0.9089741587653368
-2.242164946492103,-0.7827602789844706
-1.9910861326038294,-0.7097270175011183
-2.1977182402452975,-0.8748392565164518
-1.3981940948179723,-0.3928225261862189
-1.7439824650690072,-0.6297711487925477
-1.8809611545714824,-0.5269051561898799
1.1121006190988454,0.7328467954097804
1.0086811140963978,0.7773142844617801
1.7837556222810662,1.2593067603962032
0.37455884816206164,0.40724519770272494
-0.6986366826213074,-0.09644849342285769
-1.9983321772250924,-0.6871856321563883
-1.4014876813091557,-0.4219075426552131
-0.9147938276290255,-0.0684745741716482
-1.8662034163185663,-0.576275850886788
-2.7027293657487546,-0.988667334934298
-3.225535355335105,-1.2914391863468926
-0.8328733490761351,-0.13359604443028383
0.6827144530307518,0.7602980550896317
-0.4227226482273392,0.006909011307851959
0.679334669255552,0.5815318811015197
1.5390309706232848,1.1591637704928839
-0.6962039919439923,0.015377177718742738
-0.48672126488400236,-0.027982483657054733
-0.17963927603447927,0.29288412077242554
1.2846384451976725,0.890657331646154
0.5859975982307375,0.478946490474163
0.2058326316790421,0.3896585173505195
-2.3680511474495223,-0.9368502224809596
-0.7388503880032181,-0.0848779853862349
-0.43662114754714687,0.1835445290814673
-1.0246948068521888,-0.29834349839091834
-1.4705328272861993,-0.5917761964489782
-0.8732376030665534,0.051246650279117956
-1.4978419106979346,-0.46381802808748357
0.6621059163037291,0.7268650434366077
0.16961103065984673,0.45828547250618923
0.9716314057054496,0.6856782595232418
0.4519857332723127,0.5588782818484861
-1.1151187902478854,-0.15928227774444592
0.6066634485623018,0.5916700018970994
0.2729738842506092,0.46128309336268947
-1.0885721949960157,-0.25221519005331505
-2.1350445766935224,-0.5638168935421803
-1.4991281685826632,-0.502666797584329
-0.5573988637392757,0.10718511707290056
1.6167842460174704,1.2725732550516524
2.305210638189118,1.5649385957196265
0.5991570636991801,0.5422972603829619
1.4929735187979212,0.901367569694229
0.1569857926581264,0.35801841332230777
0.21826828252022823,0.5790847288154861
1.304114076428328,0.7939790925720961
1.087841739222558,0.8651692238753005
-0.7911778562805472,-0.13536025065642868
-1.8922580156632134,-0.3954444882485056
-1.1688726962229827,-0.4009743678552722
-0.9719501497278661,-0.09709086757998339
-1.9525611435111907,-0.6867650715739414
-1.5519365072256783,-0.4155318967658108
-2.6936026345867705,-0.830511332224642
-0.8730622435735811,-0.05113451573456608
0.12095932381070551,0.2528386586916564
-0.09915237727165128,0.23914727832376767
-1.4448450930400238,-0.4132193048577983
-3.151237729358514,-1.1958311342424779
-1.3043036140985884,-0.42901671132874875
-2.965213227989012,-1.1133806639103165
0.417891833328931,0.5855859355167947
1.509758100671811,1.1005864714721318
0.42995870663780356,0.6504362595734487
1.293994928276181,0.835123260083267
1.221107974848278,0.9289591263517015
2.6235889711273748,1.577039206487836
0.5155269937391437,0.3864068226751983
1.4779354268605231,1.0628230322457215
1.7859358108860985,1.3140927249456025
1.345165928884562,1.0078142251583997
2.321992480755875,1.4635051263704892
3.266344078858375,1.9155806458517146
3.812711279676721,2.2336599757140907
2.638478486609302,1.7071404061759394
-0.0803749107745022,0.21070383576131957
-1.128830596464373,-0.20067328177793992
-0.7336328896775358,-0.1129060301546364
0.17186229050794122,0.3355969822091703
0.4405570667903587,0.5485355139208019
0.11766014687410364,0.3725574246013602
0.4351847343059455,0.4213968674438399
0.10649957080607608,0.5280319473484468
1.0270928690282477,0.8871429045894279
0.6557438035956757,0.6091813120405923
1.3383583301641448,1.0133853569390752
1.9390335856400251,1.3923918240524777
1.8483530975058582,1.2398055938553483
-1.0529694282886586,-0.23114299317204196
-2.6016362974263836,-1.0337618979134489
-2.121613125946686,-0.9046209843728682
-0.5676639733265232,0.04445038282477175
-1.5514096824134411,-0.5473127970000591
0.7368355902017552,0.8377752338862666
1.6719682225932617,1.1730790754970994
-1.4323953121962218,-0.44348573423015236
-1.659644480439979,-0.5563468648437687
0.002103106727255888,0.336191709200641
0.2127901362196635,0.5475968913910065
-0.019086696497247146,0.150560868646216
2.4409049817352093,1.4482330698358634
1.1212694068696347,0.8401929735686408
0.86832267648336,0.634837292383659
1.0396728054129643,0.9429332825176739
-0.8603984444993106,-0.07088183670607344
-0.4276637227977395,0.023971278126098387
2.593650741434229,1.5780448723839198
0.227931117889847,0.30062634527395693
1.091160877993424,0.8633453076725247
0.4238676701965842,0.6220209228349262
-0.06969686900863747,0.3273768133767552
-0.1624381779174655,0.21297247148145004
-0.5304321027090346,-0.09817849970977269
0.9876886819265193,0.789790818774346
1.7053944888059727,1.2968641923037842
2.1683834034886367,1.410182784618077
0.18866867849626834,0.3822062535273579
0.037427135031822795,0.25721012946938343
0.3077695274114846,0.4661334145106358
-0.9613472431898721,-0.11009971205694111
-0.7189168610005444,-0.08154942161612305
0.11481364157264318,0.6148481001023152
-0.8715536473987658,-0.09319004515135523
-1.3538164222471911,-0.28161337608046444
-0.47546723362824905,-0.059122486357083504
-0.3224837890143245,0.34445831351216294
-0.17975510562876712,0.3716657389945588
-0.639727134575752,-0.24378240788037278
1.699099494065191,1.1183683085716067
-0.6705465882827661,-0.1008273464235548
0.39006381090593,0.5061388804017058
1.0963076394997862,0.8952057430814856
0.43163077859808013,0.438635854116834
0.942645275462771,0.8443987065058541
1.7129232004688482,1.0634651036001983
1.3637499484495967,0.9344523014243746
1.4322804860548302,0.9131093205515943
-0.15850950879527737,0.1874327933315505
1.4249629068483223,1.1855207895693343
2.878601011524736,1.5665061329454841
2.3027062326233656,1.5453538872095713
1.8974716872263993,1.2381938188993455
0.6470144223094476,0.7301451523931769
0.5116953939967334,0.3856380004451254
1.3671489471220934,1.038835763929907
1.4196097634838765,0.997667288971954
2.091155497786214,1.4282850479416374
0.8027154337466921,0.6133931914995624
1.4989365111412298,0.9454825828319093
-1.0527081108166083,-0.2893296473794964
-0.519705314393569,-0.05212826240051227
-0.4715557301573188,0.19629370281464267
0.8565257011046654,0.7072640476640131
0.575023267503699,0.586045053919191
0.026280171879083714,0.18362216527976233
1.744463773476947,1.0467294926167572
0.8492689025411915,0.576043327825456
0.7650132069354467,0.570153218337801
1.1658736963470075,0.91592070903073
1.0183574108842748,0.8718786081324311
0.525054403529558,0.5277566387444947
1.8242873241247175,1.1830197118155716
-0.3076489262494062,-0.001816417422604244
-0.09553682231561125,0.17853861262695792
1.1850003056523568,0.9106693476552271
2.5842847583172723,1.5111562445957654
0.7387747310460395,0.5652553170458671
-0.7314951048773212,-0.05465818931100291
-0.20023847366116948,0.19618125938192488
-1.3992371721153993,-0.3253348533660813
-0.6142970528364945,0.010607808074528272
-0.4294033768295898,0.17493129291575799
-1.62306580201054,-0.5874891238345976
1.36642230573917,0.9315806765178497
1.1302512413607007,0.9097745761089499
2.3213852392865584,1.4001982746935449
2.087928030667846,1.307040736196675
1.81538783988531,1.1320754050999435
2.7800249739384064,1.7906541057726724
1.6884527742652855,1.32035368027258
0.6615932405120089,0.7010890036334999
0.458805565664987,0.41544344781834003
2.0648565142632522,1.3265018174399223
1.444788057554953,1.1430626620230808
0.36312884311486193,0.6024350764975979
-1.136559169600356,-0.3445047347576606
1.1743597761885112,0.7512734683741276
-0.4203195047615489,0.11923084422734068
-1.5970081411640336,-0.49990460817443433
-1.7835590104497259,-0.5374014257371316
-2.78339827610867,-1.1341746305563747
-2.68111473722052,-0.9083712060125222
0.289623165714201,0.3079155868166269
-0.137053070325666,0.27922284663612373
0.4909617382435686,0.7318693749575118
0.04847018141085574,0.23153487328969669
0.16606283257433624,0.4119215647681239
-0.368463170939603,0.06887966071553422
-1.9020132468193762,-0.6259930586573483
-0.6598579708597094,-0.006799235065526613
-0.30160598564651614,0.2331210925155064
-0.05730911681691589,0.4124106598382934
-0.5621816770885599,0.05567061421210044
0.4905567070495451,0.7162839349161136
0.03711411428921901,0.3099887496034814
-0.6921384061889956,-0.1637734943069478
-0.47518347007518436,-0.03468241389125215
-1.6390430851270494,-0.5832465300214943
-1.0935217616524642,-0.21511492065431093
0.6197755011990339,0.6056088202289217
0.23899332405783907,0.4196361675735144
-0.6707523957672985,-0.18923555159317032
-3.470307671990438,-1.2167528629017732
-0.47615578795245483,0.21161995100227224
-0.5365772090190023,0.10232225029327567
-0.7360504025261558,-0.05273849692135292
-0.3099348103601626,0.32771901600510944
1.9581661131761794,1.255053113857893
1.0171121048700695,0.781866070051045
1.7769654554811563,1.1361583300039
0.8369271334376063,0.6374173496480313
-2.469576373801748,-0.8646607342903738
-0.9746310940285736,-0.10268501532822379
0.3082903777707774,0.4213594697492837
-0.06561230972612125,0.37317527791071586
0.3167266402974247,0.44502177406502363
2.1110428096295504,1.4216776920374459
-0.8005950830089896,-0.1604656722687059
-1.3166326415101168,-0.43363804619206814
-0.6518589844781825,0.03780199460935056
-0.40025175290936577,0.1423454278861057
-0.4295606510051126,0.09469381596042371
-0.6817931587006163,0.028704644001088492
-0.7570731398784021,0.02853823904248559
-0.44423401917696614,0.06534504666472733
-0.007889719096290881,0.17381771356929587
0.4531759462338025,0.5250827970395908
2.046113232924474,1.393805699240051
1.9418535668305719,1.35684245100013
1.2534747597130778,0.8466569210440225
-0.16438483970090234,0.3416028784539476
0.508264054421607,0.5556274714386676
-1.5325038154965902,-0.4266870180225576
-1.4842790168122695,-0.33443519387223575
-0.2595439712642632,0.2821984114392293
0.44024167167701744,0.6272669611156851
1.2841256947717683,0.8797756606065245
-0.1979404295654279,0.2639380893040615
-1.492053182560186,-0.5800651094180478
-0.5196816663717416,0.12256588358065645
-2.3552013902086855,-0.7014251761018793
-2.639131210850727,-1.0203644142702002
-0.6035675327069752,0.05730450773430902
0.7173695073776803,0.6984327534637443
-0.31812216715620834,0.12216927436003981
-0.17303251315118184,-0.013120916798191551
2.0576393264979136,1.4198910819073527
1.3024914907792866,0.9831476212410528
2.4918187531737863,1.402510337385729
2.5011573946664702,1.4825163218431023
2.066843325633786,1.493444602706912
0.6319039819088095,0.5260301543860513
3.006267696010464,1.8053000565160264
0.24803310893319397,0.42184798798500467
-0.551411836343454,0.050357077104540196
-1.1401039334624614,-0.27939999145675615
-1.2939802466977408,-0.2436166469455246
-1.9955760039496764,-0.7130725234562966
-2.1841558366969327,-0.8597423254878526
-1.0902537181608587,-0.16973552123914815
-2.11825900349453,-0.7490315865201035
-1.511717033551635,-0.4075015014461005
0.729534363339728,0.46349434996538363
1.9712435738658942,1.1039374710163485
2.105337887495887,1.270136298400422
1.7709315209539398,1.184874942507824
-0.4514425054000528,0.11712953074360724
-0.1908394378337375,0.2882011115253776
0.998908814778321,0.784023898981719
-0.39678622719658274,0.16607196599607094
-0.018011150016651156,0.3127792233767659
-0.5324963796969708,0.17130636780933556
-1.52039424454608,-0.2786352451819206
-0.04864011927875378,0.45102329084319936
0.30166175100761966,0.5206754476623697
0.08272148890935063,0.3256285505921178
-1.6017334085117492,-0.4961413294731003
-0.536614047953196,0.03575817958896187
-0.5161786904368338,0.0842508133175852
-1.9210399896442063,-0.7145171311482171
-2.3919046062752596,-1.0738927084943282
-1.1894716100398728,-0.20695615069288553
-1.2205990040893837,-0.08329421467708567
-2.1728004972652917,-0.7059693102329005
0.48318007790339457,0.3100388932809869
1.9470723700356423,1.3272494469467184
1.0906709644111354,0.8041925913982438
1.725750348302659,1.2153925885348364
-0.5830860356199632,-0.1636112433141561
0.04967337077371081,0.37585053535009827
1.0013004094523068,0.7306502054156977
0.48672122059380435,0.553935227995017
-1.411383896804123,-0.4561503067565712
-0.45725298429472083,0.08294492767500389
-1.2194310524715282,-0.25519122653184334
-0.9864905407941978,-0.12351683671547646
0.7173712906850608,0.5809590300562665
2.6843499202805923,1.76213643993692
2.4084660076654076,1.590064386302227
1.810087200648821,1.1547307515164804
1.9079458377505638,1.2101481910179681
-0.3080388751053571,0.20606936670115153
-0.9344689980591738,-0.2588256277371044
-1.0313471827330185,-0.03686223195025745
0.17589566817902857,0.1803205497251797
0.8642575404063402,0.7233446124535633
1.3171684613170391,1.053051346222083
-0.47334941383012863,0.0179327553169246
-0.6188620642648929,-0.09329838209574348
-1.152234046227763,-0.38584854899623083
-1.2925164997103011,-0.3953222059446485
-1.2869904415240063,-0.40835619450200566
-1.079397862964199,-0.2622400032841552
-0.6403982537088656,-0.04325601947646043
-1.016989329338208,-0.21149395506625523
-2.6297914776706826,-1.2200486297569786
-2.175168480959747,-0.8480276841842534
0.71600330862156,0.6710151207020013
2.165218399165311,1.3466396107367544
1.9946009703168177,1.3065799142658647
-0.4133753277608734,0.030025284862395252
1.0212998287475314,0.7996249828063889
0.752814874958386,0.7487016918251963
0.3576566934100539,0.35116787097850594
1.0506202550191683,0.9096163294329145
-0.32450689034208735,0.11958986140307434
0.9652327999338314,0.9540832011845761
1.4932436338114037,1.2138798518269334
2.1912491113632684,1.369383958431707
0.15900100006522044,0.35547981739118617
-0.4289213036246783,-0.009265306274922905
0.23197475964917202,0.30445886663883265
-0.6816271861929846,0.133337379825827
0.6156637220449018,0.4977216724235374
0.914129802969059,0.9261145434305499
1.794484288833539,1.1269614846621578
-0.5149076637646426,0.021332482004065085
-1.2745635313538508,-0.4464340722221699
-4.30344328990496,-1.625292858663046
-0.06658979438151613,0.2647591427920781
-0.5481626179245874,0.08595953644632343
-0.08952035303687045,0.29137583348856844
-0.7481390068599478,0.024232949109391652
-2.9853168998528563,-1.206511052856022
-2.5263334587063166,-1.0274646100974565
-2.209580037080773,-0.940543457580947
0.5947153093281352,0.7129869301442354
1.6732691252379834,1.0709705365456066
1.4213849490418498,1.0017168645906298
-0.34787291973084267,0.2757007675078117
2.0505021685053535,1.334838700682267
1.3095168517192148,1.1761106558064438
1.8194894068879113,1.1834088024081777
1.1913556566395709,0.9257043088944346
0.9177283145973358,0.7332806413652507
-0.2092843639610723,0.2858547237212409
-1.2216630438076503,-0.3024770910366612
-0.018128001066990862,0.26299010711846127
-0.19630566690575246,0.26279622456033713
0.20329926544608698,0.5013043263731832
-1.0382540215296254,-0.31393426644722316
-1.4694359750896067,-0.3831743836319259
-1.515926889072394,-0.390077065157832
-0.9236653712345945,-0.07556951076088934
-0.8704552725588913,-0.05064756819032225
-0.3697976469712615,0.02223568602636608
-0.3669451004814998,0.11778967390428424
-0.29582314266057036,0.15957832838486138
-0.9209860178435197,-0.26641624917837703
-1.015315358130271,-0.21683071115931346
-0.3599137074427848,-0.06067803139151248
-1.1051846727595618,-0.0900542355618103
-0.375280258531018,0.17196810710765292
-0.21824509234851644,0.3021822890614646
-1.4404271200360075,-0.301273435329145
-0.017778116050753634,0.48229719566461204
1.096893076999525,0.8291956866944081
-0.13211750951936863,0.18697197541996025
-0.5057098150962719,0.04863307908830121
-1.693745089264366,-0.5890762208372724
-0.7664860628367833,-0.1300803819890375
1.4850183652316753,1.0795128871178759
1.6401164204854664,1.2256434805107637
0.702643496144684,0.694502533258061
-1.2135842421893437,-0.23235399151030767
-0.6821098973159816,-0.19872449947932988
2.1830880465815543,1.42050165249063
-0.11309945391047882,0.264591765264486
-0.6804899618104342,0.0044394362580567615
0.24532974204190006,0.36062223899136914
0.9312028874801984,0.6627928334297877
-0.6661971096057875,0.04208449587170035
-0.4585601413118213,-0.02929378933259806
-0.193556205030269,0.24898243361520683
-1.1102713196680447,-0.3677126610124658
-0.0302634521103069,0.15395249103635875
2.089375662424787,1.4119527982023528
2.133507651233031,1.372339609070873
2.5584341373037747,1.4733122456241292
3.9715332457001544,2.458128118504322
1.0016906976075393,0.5814884699031804
0.6891755632512102,0.6595628225430021
1.1495541537393281,0.77716268400968
0.4121431201015711,0.6122712952495931
0.9719877028274178,0.9576697919576872
0.030029449305072453,0.3213972892991377
-0.11750512133979266,0.3021233732429359
-1.7526606754356253,-0.5547443900692461
-0.20491481313897386,0.09626090956895655
-0.9466191349614317,-0.33284929493435667
0.15549045604348055,0.45842007149093367
0.5912341599027137,0.6590267342350438
-1.0398761530697058,-0.11393777801763938
0.0030865472340482203,0.13576774817330306
0.4126626688409298,0.44040190796181977
1.4597761397766744,1.0535525697248838
1.0360564818443152,0.8658824699826211
0.859055238636368,0.6198756946936959
0.3217518658439563,0.5264583148820908
2.133834510212698,1.3423435833689799
-0.0034849056463817085,0.14191671988890167
-0.18059335718530833,0.09952826219874439
-1.1205071287948452,-0.18422673042519305
0.00041523276792831965,0.39756394792205246
0.07398026601619423,0.42048951162589776
0.7826051639426941,0.7501530289202963
0.28703799049146766,0.4404948510680711
1.377593829002087,0.9022473735965086
1.829388337436623,1.230510986103966
1.5799402316758657,1.1079900734341828
1.3269055087780741,1.0449090711532056
2.755858736892964,1.82639532792782
0.8552747897669838,0.6741639770309589
-0.3563322859452682,0.19077075279247907
0.6655228602451218,0.562196293869937
-0.5669285898474128,0.04253623108553675
-0.5329941389621533,-0.00018312741066725535
-0.4842453494247311,0.0783021453643688
0.13764343274192192,0.4732189398428162
-0.9917754406612196,-0.07315913284898101
-1.2747087813149116,-0.4159315721634492
-1.2848915229125957,-0.43399369306517527
-1.544582360187197,-0.5439009108837453
-0.13799257418645883,0.15800853293735315
1.6209902706904753,1.111029046398657
0.13571179952268497,0.37385220361747584
-0.019732358002603728,0.295750128329302
-1.5131356567885372,-0.4519659410812484
-1.015344139981721,-0.35197366867365654
-0.39400385312449077,0.11713452828581626
0.8193941017755533,0.5904431677605684
1.030732316058005,0.8376529269515569
-0.3525938399268287,0.12470060808048393
-2.2362225937462283,-0.7041063195044928
-0.6408005376490274,-0.035907972992582
-1.3801696261472225,-0.39087657940215187
-1.1466506208418883,-0.43833805704563644
0.4332470480114734,0.448744414956874
0.3492170262685155,0.5024390979048599
0.6072613254044981,0.55804038497253
1.2055178932032826,0.960523229931635
-0.4400699311431333,0.05317475984962253
-1.8587275078662582,-0.5835812736555773
-1.1891886652835018,-0.19509319591883817
1.1088806064730035,0.9892820970938636
1.3956700657668732,1.0936398899561486
1.689085386608377,1.111067562212515
0.7739266311560903,0.6375684126083502
1.4097161026249954,0.9382404803475399
1.4990665486315853,0.8987985500194463
1.0602810083535765,1.01206271615155
1.1410568176158233,1.0643412554318217
0.1674562570095277,0.3868264505700638
-0.9110597093578916,-0.2604253278335086
-2.2411268521165986,-0.7870115981125314
-1.0909111622263823,-0.3738631386345914
0.4259271166735906,0.7041352592213113
0.7311960480439612,0.7670298627492871
1.1105877868272525,0.9349515250528779
0.24474672125318242,0.49642904655746833
-0.06878463798399842,0.3522221801775414
0.8130837492551393,0.6658294290887632
0.3669296683724289,0.4230143289785307
0.6362211914089727,0.6159523791399462
0.453433156054889,0.614903639731798
0.07886558149703443,0.24233267606928427
-0.04715784247704659,0.3192600394862771
1.4251405564871613,1.1651487784343872
0.21628954156140767,0.4382900662947356
0.28548201543339635,0.5027469911575747
1.5001887907769054,1.0126726473388326
0.9789845943307324,0.6745738245068997
0.39239576058004894,0.5396868573747048
1.3822337878648545,0.8598729681282805
1.622155710772321,1.0883137050854559
1.3008767094141287,0.8535442352024494
2.1216659177057595,1.5590618624060695
1.7662586913756924,1.1484098640074678
0.865084403345226,0.6855551281204986
-1.4025965823251643,-0.47659261532813235
0.7809350153948289,0.7213214076139812
2.68718434018907,1.6875751760176767
-0.8276142307628438,-0.10833284697086162
-0.5752766588035657,0.16350290993901812
-0.9140570727670165,-0.1673693638254587
0.17113342450723745,0.526496985533599
0.9011040291038795,0.6253395395543293
1.354979778533513,0.9127160388637965
0.3616534280671396,0.614929583692726
1.3470193172617453,0.9643871111451231
2.0526852785907734,1.3606522744475853
1.8027080131398279,0.940983456177021
1.5705943539931209,1.1754317113174333
2.7076216331075953,1.6588530566961714
2.228346385249756,1.4879455986737793
0.9568887180296971,0.8196202781816141
2.324462920654699,1.4610626512747433
1.5789736558620213,1.0815982417106704
1.1005095091557968,0.909671653625248
0.9493772498132098,0.7258433964838674
1.7540217021480358,1.1957448047934163
1.9670122529835123,1.231372896860283
1.3954903333280768,0.9603998833856515
1.0592994243267793,0.9034722079490753
0.6318375593522051,0.6465792459434739
1.1363972241541758,1.060781578702109
0.19604812314499198,0.26652458727151385
0.9800291331402528,0.6519604477890535
-1.3243220968796017,-0.48601013012833655
-1.3244827037726035,-0.27845662407150956
-1.1855419386008048,-0.30869642546416
-0.1196240875365483,0.1384422271990664
-1.0840040797735204,-0.2724052416012594
-1.9285749003131953,-0.6084433871955487
0.37385917563137183,0.48975078515855136
-0.11585366342530085,0.4045170986198225
0.0307317256204086,0.0932221402356628
1.4577634293712498,1.1950201983885573
2.8202800479444714,1.6889748056968026
3.079429775283427,1.8125611164814535
1.2968139820873579,0.8595337753112922
1.668928340747129,1.2201961511248778
1.663514188038096,1.3046861248435688
-0.4009504400651711,0.42224978870354374
-1.8198098030891656,-0.5989214844196532
-0.8286622349111162,-0.07831159043118635
0.16455502757362062,0.3344460314766055
-0.35264370652824584,0.13225081861085197
2.0610168881237305,1.4660419695771756
0.9422528749105531,0.8988076974170895
-0.4361275333304787,0.1351320844494961
-0.2821536795662214,0.19245571862317115
1.3750057180097994,0.9528219760031044
1.0960180593660156,0.8137938946379707
1.2469868560955844,0.815549927294491
0.6914336761579596,0.511071483320276
-0.9637637803653513,-0.11171456408913077
-1.5144976511245383,-0.3180119898552348
-0.21646213778885892,0.4123146419628146
-0.5415482870027283,-0.14012521236695463
-0.3673575703060354,0.21607722742911917
0.05326151583854388,0.08264347552619114
-0.9539773364282127,-0.07936077442326356
-0.6051668085905975,1.2602368861283977e-05
-1.3094350038713136,-0.4728511924841097
-1.0122797690079084,-0.20138992776198267
0.6903531908933949,0.5941617000263003
-0.14988007690889693,0.17188985746230073
1.0920555209484308,0.7588952590952028
1.8796773469159094,1.1284355963936132
1.989068969113772,1.3532155635693264
2.83075777616116,1.6010599859310457
1.3113437183088275,0.9323123364299806
-0.6265222644892485,-0.01922645588769069
1.4544407990861385,1.0916218254617676
0.5660894278967626,0.4846321601282039
1.4648545095064103,1.0814394931564801
0.663316323237972,0.6249886225135782
3.570975914966561,2.3657136596943262
1.5688002043719738,1.0297753142263686
-0.19529557653676877,0.3242578607404833
-1.1555182021772585,-0.3046559887463896
-2.0511516620327055,-0.6970292774475952
-0.25287567442574366,0.23918066246191577
-1.606805850597998,-0.40152708934147097
-1.6238279219540857,-0.5335815416588198
-1.1981352128798137,-0.18273321670064802
-0.7984012322787297,-0.0288328998630938
-1.503089108692893,-0.6350590826373624
-1.2531041508435414,-0.3662026037808784
-0.544642332112536,0.059509714314509146
-0.035349159359916005,0.2656069157751603
-0.40752461829185027,0.13164004509100163
0.42776606095934516,0.2234816467998864
-0.2712408862784773,0.19739501267225423
0.4813716239444348,0.6650190267036942
0.6698196770796916,0.6707456797602386
0.5490396379195028,0.6091459876580744
0.42242465712744526,0.35125699299096863
1.0069134306957286,0.9523077383451372
-0.1406261881937907,0.24908010670196656
-0.6953196666432353,-0.10371000064473959
-1.0898301558367929,-0.3024099979264536
-1.0770972337624176,-0.32845423785784644
-1.0011312700694828,-0.09878510531795559
-1.3073543388245907,-0.4386791722450203
-0.542882835823961,0.05661126125310912
-0.2964994266687151,0.035988682161076146
-1.0503192403601707,-0.22218130264805244
-0.12459048360191316,0.2381185369292283
-1.570593057950837,-0.615770925963839
-2.971464482160675,-1.1761411880037003
-0.9595669533148441,-0.1569023856597196
-1.4936568324845365,-0.47379875106733427
-0.854813705609211,-0.25666553154156496
-0.1334916168169652,0.10138963395697165
-0.5859946380376773,-0.1340930066830661
-1.1906251651712014,-0.19048414463451896
-1.6978300786878449,-0.4209334022996065
-1.7067964411840553,-0.6518955723211087
-1.0984785954189256,-0.25588205082128906
1.6781667151010609,1.1454688910477473
-0.348715563125622,0.12229240081052117
1.0103519208148786,0.7338701233340131
2.8105520319325965,1.754801279614052
1.3414598351967961,0.9516252460907824
1.629603314932879,0.9962981764854714
-0.13215258194734636,0.4088004881654435
-0.07244820388630036,0.3325521696929429
-0.7009558146505968,-0.18640363704428484
0.03376963405589872,0.3592394754544706
0.6701869974110098,0.7094403256700209
1.9992048874038622,1.368172311582807
2.681774590280601,1.7799296437123093
0.1839070415744135,0.2587277878751617
1.728352456914228,1.266982122279969
1.2104418833686712,1.0268577802713361
1.9712213030544286,1.2323030108807773
2.128559650831538,1.3142600601653038
0.9966890986898781,0.7067485489486127
1.0410342509355044,0.9109156721831562
-0.817144322770423,-0.08649412454591793
0.16237644598403056,0.37123208591433643
0.10510817344090592,0.45451758641505424
0.4251696263093321,0.6108997342046631
0.646039196204059,0.5582864794941469
1.4201918358983758,1.0142645720649228
0.5218212749567537,0.5664850993633089
-1.0251600040134954,-0.18091587914781382
-2.7821077795491247,-1.0143562487289646
-1.104600074377117,-0.286526577283731
0.028449722737578953,0.13147452170465673
0.07697454438160514,0.15501880226113904
0.8846510363083263,0.7891715487817261
1.3808276350594941,0.9768688741624973
0.9685365573796338,0.9338826568903426
0.10278803078334331,0.26217957605154546
-2.1093368100723193,-0.6550768981987705
0.23387694905099998,0.31457052960986676
0.8488596829403047,0.7124631582970716
0.02551345589247689,0.3009963537821096
1.3171595152363467,0.9547208279387887
1.6770216733241337,1.0267645662304474
-0.12847532021176988,0.3213072496397616
-0.3889050826365853,0.07357953167100033
-2.223243600819182,-0.8046804855619416
-2.3006725735627587,-0.7150612709596311
-1.2329920992147325,-0.41840573748958454
0.32541722789148264,0.4038674833762669
0.17716132145107183,0.45582264354464413
-0.5990331991910842,0.11846468281349148
-0.8608591888907512,-0.1712110464060454
-1.04286369740764,-0.4701459860194353
-0.1921265079204696,0.14753759408035177
-1.65281682955371,-0.4488245928689785
-1.0477591191355533,-0.2576831977753513
-2.5082962262109953,-1.0981913114888244
1.1136485247525878,0.9458739331175359
0.022400390714990448,0.35617739637448437
1.7056261013861216,1.0011114149267806
1.8366987104078532,1.3061265651985896
2.341329780996862,1.44228716759907
2.8783378183824446,1.815084433888864
-1.068961344675051,-0.19087660734379885
-0.054029001985554825,0.1827012537629507
-1.1794514691414313,-0.21247508769862938
-1.5077384910672578,-0.4729311485955211
0.32151791222074977,0.495625192122088
0.17364492414136606,0.45423214587429184
0.12550978625008702,0.26166074696036357
-0.21481020994933908,0.3022604504874137
1.3692488587494251,1.0000720256272846
0.1307947818042169,0.2981807084546781
-1.183591953668184,-0.20167917644000252
-0.8759899774465516,-0.1922610590390003
-2.976577758878169,-1.1527895805420123
-1.4042494107961587,-0.424960018029225
-1.018226884107939,-0.300617214770878
-1.6253260585146299,-0.46255020694734167
-0.6914076420300128,-0.005730414540911027
0.5642989367266603,0.4896454134741585
2.2716040583031694,1.5311272441497914
-0.25325268510693033,0.14486411069860644
0.9241527094995386,0.6342863035823774
1.7758173380473625,1.187755808802037
-1.6544680412235777,-0.5338518263056695
