0.08591562361986457,0.3682402947129422
0.06842953915722377,0.3953062500719039
-1.3491433184633397,-0.3646244660457601
-2.4115221365922657,-0.9461112398455543
-3.0696002979506556,-1.25156549843283
-2.405548406678933,-1.0122779966460271
-1.2579489371803,-0.24817748147846808
-1.0805435195224202,-0.09565186617709207
-1.1799716740504722,-0.379894267646107
-1.6078532884300507,-0.578896476197815
0.539026480184422,0.5209842546963919
0.308846694781148,0.46804694386308976
0.3669345457876129,0.4645133904972658
2.7633854414259478,1.851134907412653
2.495342067151885,1.661154541942681
1.9833811164213522,1.3284967742938092
1.1649333150281602,1.0224973171207987
0.20866864059820223,0.30857007721833274
1.1337642771853944,0.861159267614253
2.016253423186555,1.1740332522135817
1.313142203788389,0.9805078482155221
0.44414027825032093,0.4229288025220262
-0.6954954856493057,0.14470433729220644
-1.0282119036692947,-0.14477597117910096
-0.16608857874660177,0.1622336501391973
0.636428153013728,0.6369371996742828
-0.32664842846250897,0.30702339556593516
-0.5752012215338173,0.1261489311918526
-0.18520675109555307,0.07515631167648462
-1.1377715744311294,-0.43814609993504994
-1.7561402112180313,-0.6244485204031822
-2.726901260660795,-0.9975390904519358
-2.0580871714299773,-0.6239223177393932
0.011953913833040009,0.44028640101334837
-0.4145284962651373,0.11654856523366541
0.9367172579070651,0.7732364296419766
-1.42242703983282,-0.3197246360502466
1.1772576924038969,0.7047703761508578
1.8261994723419743,1.3004750703281907
0.9495803096807657,0.9198069704769539
1.389064727604601,0.9789223020252575
0.23070776960325534,0.5529444490648225
-0.5487850456896598,0.044698296129117285
-0.766835046023563,-0.12348235596831386
-0.7425060364400068,-0.023615147442507124
0.1691048107074441,0.3184612491767523
-1.4272670431766197,-0.4643447612248562
-2.329328897179461,-0.7661434132046827
-0.6023345881845502,-0.1300524805182668
-0.4481872932136621,-0.04513376093666974
-0.43172872939426676,0.20168945703062616
-1.5216863703455004,-0.4191989701240407
-2.6433568998955392,-0.7965968589183504
0.09486546494679193,0.3657986633912612
-0.1436567953648025,0.19334143621564445
-0.9785570689864616,-0.2761083690867705
-2.880957789898517,-1.1304580833827673
0.015158232262338922,0.43731498087234444
0.9741981411614626,0.7764606569692125
0.5163586410625502,0.5755496487898145
-0.8050892137274426,-0.3201732180335002
-2.1310787948118364,-0.6176944714281921
0.5719581774040525,0.47093045563782876
-0.08465412087737834,0.28369093419210734
-0.6602233759792348,-0.07902501460609121
0.32248441954298124,0.5074717972132744
-1.0228139484267018,-0.2343535469751117
-0.26789221883777514,0.10199460872812893
1.7742159462739915,1.0912615027548418
0.31355290261925706,0.5437666223053292
-0.14306479851030174,0.3250542271297918
0.7261623850787224,0.8087224186323091
2.5072399641542296,1.5433393433969311
-0.7945623355942331,-0.1588228506210304
-1.5899104316949546,-0.5227385639992561
-1.7939774178514198,-0.5815131367846834
1.4196788374106282,0.928140470797954
0.8280575062868106,0.7141457723266613
-1.6401134149154457,-0.46516067562813374
-0.6667794805403866,0.20507253466992137
0.36194995774622374,0.6009283777581106
0.716669564427735,0.6613934399005518
0.4029663887968641,0.5045562807604783
1.3747125940932214,1.1916534031117605
1.225523029810621,0.8547955088862881
1.6454957522678022,1.118700722236521
0.6908734286726166,0.6207382970483437
-0.01510045862747722,0.2558015681817477
0.8396576623363808,0.656630400388345
-1.145040878446625,-0.3884787947554201
-0.41532432734426616,-0.05471470294942926
-0.7555785090057788,-0.15084274262513125
-1.0759198072157945,-0.2848259047965645
-0.9505767470574125,-0.1319876706079673
0.47313559788376025,0.6704627828346061
1.5272737776630705,1.0791024539676652
1.0043472667200959,0.8289378980153812
0.7107918424059451,0.5973182833076797
0.3234152065153532,0.45186676679090937
1.746736999727122,1.0833574645239559
1.5797163566271097,1.1259565116912291
-0.08737955710556955,0.12548816580709177
0.041803870018863765,0.24289903641696198
-0.656036770097723,-0.10359514083681481
0.8852433919851893,0.7417600059068448
0.8494523564383727,0.7962295510011146
0.5371767608038479,0.4531245824388549
-0.2174179812906067,0.3535348608765604
-0.7218482979009445,-0.0825468327509068
-2.5506785284548577,-0.9533876459732735
-0.5980642139707375,0.046915236158575985
0.46408311548534364,0.49619054590830675
-0.4631991727439925,0.15649929511546934
1.4418109351205104,1.0480059343457144
1.2323781561688292,0.9886551636885015
-0.6768063162890818,0.034281301104119574
-0.46239587823847794,0.15461071233103096
0.403388837492397,0.47617677654763907
-0.1665654674875482,0.2737464802640045
1.079374328139529,0.7601476291924733
0.35015449284319217,0.44596728460802987
1.972600699701851,1.2495858979242662
1.4553261897334844,0.9774153048449925
1.0647351053125362,0.8758525445584521
1.4075370923372534,0.958184175826081
0.19958959795477194,0.2462265181262777
-1.6822684043495817,-0.496779528307133
-2.014356630146617,-0.6388615393177463
-1.1368316925470894,-0.3715442233338724
-1.990323556389702,-0.6969466856238273
-0.8913559554953904,-0.16523988858483846
-0.6962443314289543,0.11088843499930878
-0.5376154476073943,0.42884611535151973
-1.6425176967081425,-0.6287479840349981
-2.6846434118568028,-1.158527963709593
-1.60556195234372,-0.5603986184142798
-1.7030028094496834,-0.49989575392625285
-1.1759035413055432,-0.3775562196339331
-0.8508569339348143,-0.16053671851040505
0.886294529237384,0.45570649709578276
0.3055849934027483,0.5010344863576615
-0.9144147681363821,-0.19608700907325044
0.9769047467269565,0.6604235620366157
0.7135086624733117,0.5694187554192945
0.974135217117557,0.8311471521085856
-0.17504807177002035,0.16506098428040702
-1.642761340902931,-0.5064507402857874
-0.019783378766234927,0.13339995021148274
0.9019454661669363,0.7060975991840485
-0.8235570264962524,-0.09573324303080291
0.7300213680792205,0.5537849276660715
1.7530582831611692,1.233304761801403
1.2559263774243843,0.9047253191858542
0.6698263664384294,0.6969235820352679
0.1568874423640505,0.45649896698068776
0.9732694512602758,0.9491856581473204
1.4440337614519154,1.0659079439199253
1.8521172824675292,1.30376218428519
0.4224732101131138,0.29599990526034503
0.457072041421121,0.3367396027003541
1.4329290252126798,1.0182613727366685
0.2083881869350429,0.5645795040364241
-0.9907491027351365,-0.14405907942139184
-2.371544854787623,-0.931042976155034
-1.4911693385982976,-0.5239979105792095
-0.6932998530532137,-0.1630192542729006
-2.1471128665764545,-0.7963754345871142
0.513654101508161,0.5615228362860332
0.811488015296166,0.6424672104416178
1.703565004771608,0.976798708536941
2.3001512434884517,1.312037692593048
0.650913721337673,0.5123287889767675
1.0559451689151844,0.8623616601040239
1.256699572838521,0.9970325388086806
0.2026928287552775,0.41282844408561004
-0.47788657732499046,0.016515939462911584
1.1640412126173683,0.9638892501138236
-1.2744532474251442,-0.44229890197708344
-2.144166155435291,-0.754208302406141
-1.5436856096228015,-0.5992400113333306
1.0059851123165795,0.9485888416781079
1.0574945752186082,0.6986280616171126
1.013779539613375,0.8121163115631335
1.2509101448834181,0.8917950875284829
1.2588311113033788,1.1084528734608614
2.296945596130956,1.308608253440635
1.7010617435754258,1.0815629940833624
1.1395678032767826,0.8605024688840037
0.5067816606709524,0.4460304244492967
-2.0706396240772302,-0.7360307287733235
-1.163063512594628,-0.2600692340707463
-2.4018403240150192,-0.796524601692669
-1.2086899480170405,-0.36421775117653166
-0.03911291526200489,0.27332789771289157
0.5656207454833604,0.5185281437708712
1.2990025530779485,0.9343771370422012
3.1606837310905016,1.8158053467333117
0.05274493012220027,0.4242294846223405
0.39666153290193007,0.5956336464237668
1.4158755828450376,1.025103190030481
1.741977172681929,1.0824879590158565
1.0627559217585556,1.1007046154251074
2.5616383194303696,1.5613963989754094
1.290958717726235,0.9792942041771836
1.0259389447041276,0.6980474937651387
1.8173614018175361,1.0921733432242005
0.9397990625076116,0.7872360866042608
-0.29853659500697527,0.1497541128689956
0.7850704078529802,0.8333323657951996
0.18544200062694344,0.41155641578936697
-0.09941945878690422,0.2330623461906157
-0.3972915073733339,0.03432363326941276
-0.4969540905013431,-0.04081682498667967
0.20055500865105114,0.4561964884009424
1.080461282530547,0.8652924035990764
-0.38104879881984166,0.06465160332767367
-0.9198210405228509,-0.1564948648096178
0.4474672602194859,0.46331518417265494
0.5834537202911501,0.5795696194635618
0.5797104015266663,0.7012344426261619
0.6369977336532904,0.7292153587600441
0.563004658225992,0.5363265485183929
0.5676408043935108,0.6732159241114231
-0.4738545314185275,0.019879373143509897
-2.5128154903294986,-0.9976717838399629
-0.9596175759320505,-0.19113763204914486
-0.5627887746110581,-0.050762190401180116
0.35716457873018936,0.3477661485152958
1.7995526837492528,1.423014830288352
1.1825688319410705,0.7971622740809362
0.5347901609238168,0.6175105303674726
0.11487875628661137,0.471370783344601
0.4193157921285795,0.5850629639622372
-1.165510357538363,-0.5478611107171197
0.52643512457776,0.7059836949204206
0.6853356230540469,0.836456603118712
2.3479795708577447,1.5448549752639482
1.7950731984232284,1.0866920756656795
1.3396331143391824,0.9464756547250253
1.754926843061833,1.3576679890160661
3.7528495621044655,2.0669843772765533
1.869905578544441,1.2593152957349585
1.0246674739536588,0.9687237865489432
-1.93940510915711,-0.6395994962063334
-0.06572904716739636,0.3084128332806908
-0.27578649563550484,-0.16537052774067723
-1.1400309247816693,-0.24647759515712406
-0.8012260450318154,-0.07744658147760082
-1.5409244147550119,-0.554836747827306
-1.0876965677374162,-0.2683449646807053
-0.7120234208033581,-0.14674230733887378
0.07164167224809515,0.29473449854142664
-0.0650664171799369,0.24689547019763983
0.5153720430788862,0.6622647227353271
1.5072224044642342,1.1215591981851205
0.6045606221705615,0.6437523479311096
-0.34037869755735706,0.15011306825446333
-1.999954929737615,-0.8029094288708547
-0.09590930965655109,0.1259929670956846
0.6681912543923259,0.6539361637048252
0.40542100077006715,0.3908286792079757
2.182356928168406,1.308431565574344
1.9593907868519655,1.4628496983045787
0.8544781994639206,0.787723044079979
1.301278520921569,0.8024958905963315
2.762560748349504,1.7264291602082888
0.6353837753460182,0.5851770141059722
0.8736460930887892,0.6910769665952766
1.1506253091660406,0.7035013039322521
3.1804204693093405,1.8779664782318675
0.989511042939029,0.8096760626872319
0.3589430891208769,0.5442074035170223
-1.3821000968054593,-0.5547493449141294
-2.960929371654329,-1.0591599057965309
-2.928136337558467,-1.0089253432278877
0.6315568971232572,0.46850170296370197
-0.0026822656193283834,0.19287633935139065
-0.7446350265592998,-0.2756284739659606
0.7074696613754426,0.40389953213939944
-0.7196007276198355,0.007140702897115533
-1.3226693559509322,-0.5056474855452837
-1.606388123718343,-0.555364175171341
-1.4689277579497746,-0.38474332245365395
-1.5002439167609265,-0.4500342936744461
-0.8959667763024659,-0.25060975337678126
-2.0172782027735314,-0.5419883257131219
-0.5528666763104784,-0.07299867935021875
-0.8632785919521377,-0.07523942822992638
-0.756986925656184,-0.03621330796834013
-0.9542628343076079,-0.16989276877354154
-0.5747556923346616,-0.036618586036710636
-1.049135934601789,-0.4166598677796474
-0.18864088758973752,0.335113873855828
-1.0820726697655862,0.04117419017215518
-0.9488677046281176,-0.10311696784496359
0.4813525122162703,0.5199556850540151
0.2245346868356938,0.5823811093901947
0.5798780915671905,0.5652041990248688
0.8662333303762875,0.7352179503454237
1.3256929901529628,0.9816106134994993
1.0605887236957148,0.941407640373005
2.849352027605386,1.9285873460356322
1.679990713209499,0.987259895523911
1.2520767461790066,0.7202764936867414
2.445739407374103,1.5666980427424042
1.8381345464193983,1.2850635416427567
2.2886338066878706,1.400545014087576
0.4392338525621148,0.5590727091347739
-0.1366013925108675,0.30050749353665734
0.2510958535126039,0.43318989269554975
0.0278773159472904,0.40951763094305793
-0.09630293710830805,0.20896629619512974
-1.2772446970156779,-0.37669568998624664
-0.010301330608907366,0.3227754849639768
1.1418386082746441,0.6641675475417709
1.5297645792362289,1.1875726905837052
2.0878766844633643,1.3683206135696893
0.5387505683113973,0.6055252508602736
2.2771937536680107,1.4017170220484816
1.919090127542769,1.0287677472510763
2.6394767361063316,1.643361599686499
-1.4503216728549821,-0.30711508190870124
-2.068088323228449,-0.7589551499324808
-1.9855073152166238,-0.6285677255261978
-0.5953518461449409,-0.025831306815311407
-2.8053745776883248,-0.9683460865739696
-1.8211967508016933,-0.5627645113032111
0.5170709345502915,0.5575842915335555
2.0175616878065883,1.2175578595088767
2.446328931978144,1.7074924612103162
1.8189661855414543,1.1511492597255009
1.0588098883939496,0.7007612028989824
0.13714463056435378,0.37002549879764357
0.036854497329648114,0.2878498998476628
0.9961380906107966,0.8227600049940245
1.4563801428794094,1.1094013320573848
1.203283661610494,0.8019373749586233
1.0893923309615192,0.7570398163826388
1.1898852579639425,0.9966183361480063
1.0702648422160457,0.8003095463901809
0.6169635691603321,0.540483546674331
1.1906268373216733,0.994515953950186
1.0748840575134928,0.6411608835732103
1.0069196067777895,0.9380378553594632
2.7162201774810337,1.6919877655345978
-0.5975427324201394,0.14401850774873406
-1.2020921422164574,-0.36760353033339266
-2.147374416518088,-0.6909587035203671
-0.021457858112902573,0.16049450015070502
0.5268547100941857,0.6314176619882328
0.4754629765886219,0.6081062105573404
0.15909913589864366,0.24543980816696956
0.41189937296908774,0.3791778127948632
1.2824460807219902,0.7976318242272622
0.6506889066959992,0.7162560965639989
0.41696687843145175,0.5088731115947968
1.585643775015851,1.0955257853530662
0.6729537300181928,0.5874001162446694
0.6316447577850364,0.6653920582055958
0.4113257573871334,0.4341976996407718
0.46068474331243603,0.514710640823884
0.9851484275567219,0.7344348778686703
0.7878344043609289,0.7282705037911512
-1.290258567718562,-0.45574704413305817
-0.9456316000847088,-0.20784244311745026
-0.10252296403136862,0.2559817601421298
0.23649105385289917,0.5478457144022976
0.1145104180874711,0.18161810167804424
-0.7516011970352667,-0.3061022193578002
-0.8899398449586637,-0.07427704888861093
-0.746291923017824,-0.04244261283395874
-2.037467112974261,-0.5817153807017881
-2.1142027812179522,-0.8380975518516829
-3.1225196064420015,-1.3357572237093194
-1.3654697341216557,-0.32622273284959075
-1.805327819207208,-0.5077474805702713
-1.293052567587433,-0.24009839938743974
-0.17152801570411724,0.135309785150113
-1.7198678903711988,-0.4148683690477837
0.6827610956558368,0.7818133893369906
-1.3549259504339004,-0.46640581701297545
-0.5352241229353831,-0.16536739165012945
-0.46323690330263373,0.054584683101097986
0.11160677189452878,0.41780716713807464
-0.057408397392057914,0.2660751196001586
-0.6655649300997405,0.12934855515792573
-1.4232658740746496,-0.588514881417694
-1.0142987659594243,-0.07321891241543299
-0.12691340328997924,0.07729957278930227
0.399344606939524,0.6362712609052944
-0.12281653058136927,0.2831860527972746
1.7267408536303888,1.1552510447195137
2.68426547004431,1.6551959953527562
-0.147166014894065,0.15413294324984358
-1.3146713954574367,-0.22014899693411957
-1.4958529796080824,-0.5059269301778818
-1.1574519179013063,-0.321159536957178
-0.5832897138436268,-0.061687250011738054
-1.6004766644491153,-0.39134679490320196
-0.3719146929263655,-0.008698889551562061
-0.5498964789185778,-0.0405896574863429
-0.8254501630288318,-0.19153641643594527
0.5552712102256475,0.7288960601457318
2.046281395677237,1.392176129407316
1.3721987983631034,0.7796954342431821
0.6311255279606036,0.6306432379213194
1.370440506439886,0.9963793118693977
0.38408899163466004,0.3165093619401376
-2.2171211590963504,-0.9360874527605414
-1.4180032825382547,-0.38958872855760096
-3.122227642034072,-1.3266392388969626
-1.8170500089881538,-0.6813776646238808
-1.7654225614106935,-0.8287273884828854
-1.7309550699210248,-0.4447029754257905
-2.999423806403545,-1.3155972367130606
-1.5605563461321856,-0.5522554793562905
-1.6090651039122752,-0.6318113614361095
-0.8101340759169255,-0.10963688173861716
-1.105056317570187,-0.16407710988144686
-0.715145684843522,-0.055979398334348666
-2.6494476990257994,-1.1050876851799167
-0.829424752766863,-0.012890214616329873
-1.489720122666668,-0.3453533911313541
-0.4426258761558982,0.263578345656455
0.4815269330038366,0.46278831547607563
-0.28698447145816364,-0.024284085946637224
-0.43587228629152885,0.11636198344973946
-0.2628114682920563,0.14807420515587577
-0.3032095765994642,0.19326749033597124
0.3775370969955731,0.5076480519474406
1.7615630318699578,1.243230913861084
1.1519399021804348,0.8266345821299266
0.6653665978896606,0.5671052324491661
0.10239268445832533,0.40309002338200534
-1.7623303759746811,-0.5643159798746378
-1.6276324580796864,-0.4848037013749535
-2.537489407191909,-0.8983159608097478
-1.1963807609847827,-0.34388364905545926
-0.028406339312322393,0.13391451675707608
-1.889641532909234,-0.6454456004216775
-2.576528351984218,-1.1839985451138264
-0.48386548275805574,0.12570958450253383
-1.95352384299767,-0.7508397562343587
-1.071746347496252,-0.33858293998982625
-0.23925977791674735,0.30863858244159803
-0.6674944604392099,-0.012940757298567376
-0.9258055878527219,-0.1985012136809512
-0.47256478700876386,0.057809739066742444
1.1914908416893868,0.9060383064662165
2.249155686797286,1.447978349377322
2.3771950133885,1.431848102222675
-1.7188627783933812,-0.6977512544122556
-1.5821513873190987,-0.46166177896302074
-0.6658513227257135,0.08620830687776572
-2.903723952207846,-1.112015597076156
-1.862171555050601,-0.5195212086431673
-1.3752835905346752,-0.2610282544440521
-0.5362185741169536,0.09079112445667843
-1.6981311170961146,-0.3784514318175093
-2.9363202353698172,-1.2401531399107117
-0.08600520772536235,0.29012661502701054
-0.008853079289409871,0.2900177350686866
0.04455185843482006,0.4916777584734375
-0.5695972105478424,-0.012313360276187027
0.2019007284925569,0.4835840865999089
-0.6119830010297382,-0.06178291333838514
-0.241525022201439,0.07024560987798245
0.3848307235479057,0.41019116362113384
0.68795925474518,0.7612072084691082
-1.3895702176238038,-0.40934601885835625
0.37305141374032535,0.29600383943929665
0.564197910953594,0.32753626071709935
2.1030838207537643,1.260769233634559
0.5376279932686415,0.6512871180431716
-1.1055773039271322,-0.29486851092046484
0.741838886953518,0.7871010403088128
1.4816326071825228,1.0242750122799278
1.0265388026573412,0.8363554671269944
-0.7822801622516118,-0.15388277812967088
0.11960278997901119,0.3098766872245632
-0.7212609809463549,-0.0997380332194536
-0.5262084020374239,0.0322789129627543
-0.8080136232934039,-0.02485107927184775
1.2543626080367813,1.1029868470950766
0.24948039622379947,0.41246056504968753
0.17440472847630553,0.4438223639910019
0.11169349290890838,0.3929875216960489
-0.1351037816817096,0.258467242930946
-1.213616786512314,-0.42842585401076005
-0.8258263358841091,0.05158525664298261
-1.7227514677339633,-0.5905423266116713
-0.4866677851093628,0.09237218980042414
-0.15154299309052788,0.2046330052218236
1.9188466445106591,1.1190851749778852
2.4212073264703076,1.36840367403041
0.9342854499522695,0.7559998177344711
0.7485407006388494,0.6080219676004555
-1.277033851517563,-0.5472686649356018
-0.3607090158738774,0.012313409075408399
-0.7711720121737841,-0.11240857269743026
-0.3828505083141546,-0.08209827831974101
-1.6027736351592017,-0.5536991361300593
0.5042255738458263,0.6338300990537304
2.691974550232543,1.9585163146856548
2.4360324393193817,1.640564055316229
0.37952412438343053,0.48803822748046305
0.7555056335344842,0.759244093134772
1.4522993261575823,0.9591141524526342
3.301051171048966,2.042306404144519
0.4572678123219708,0.5093269712833853
-0.0266445362543144,0.2987814957708882
-0.036108723627837805,0.33559402933328913
-0.026561388392457266,0.24507779613850106
-1.0826356293262296,-0.31115107299304123
-0.9452749849673366,-0.25521449778032623
-2.0330036639134232,-0.6715388588623286
0.08135836735898416,0.11691173545391081
0.17673211577054607,0.45812386166070174
2.323135220975195,1.4553699460188347
0.45215296541689276,0.4444682048812415
-0.03330496965543567,0.23973164604199204
-0.15293135801020327,0.015340645989336599
0.30835520810253614,0.4291253572765004
0.6331438328984414,0.5877694763967929
-0.5833274808481914,0.0054827740091581145
-3.6072532908591053,-1.5501156088654382
0.4030578024497109,0.6064437398637208
0.815308422064537,0.7144967572832636
0.9799927422211517,0.8455225099407291
1.551835501466483,0.9714878980615022
0.9602154856983994,0.7703424520953241
1.3435710235586606,1.0227038734645189
1.396126752732104,0.8776081768577062
-0.5432184800598044,-0.002736133552160642
-2.014967259226196,-0.6825332132852522
-2.4281130576761507,-0.8398860767796313
-1.6890526271660615,-0.6286690916607969
-0.6867488829323398,0.005199001338455078
-0.6336251806653449,-0.0044060268304182
0.3133291653676935,0.5355276578872118
-0.3643583272670414,0.19156281210934956
2.1393116447446934,1.5472740963579426
-1.3034461804088022,-0.3122124165964293
-1.5941907317435953,-0.5881736434003471
-0.18211140656253588,0.04863296802911066
-0.5033408018673594,0.07007762879969509
0.14478326632844218,0.34691323246147976
1.9218980216678547,1.2539851034797307
1.307153843202995,1.0435813616683451
0.6904527743438958,0.7454672799534857
0.0650405228705413,0.4188057388451137
0.5608409676259042,0.512519417404865
0.13699708255374338,0.3902269737581362
1.552446383736403,1.2703645254689517
-0.4235391394194853,0.04629847965726702
-1.658555819835325,-0.4915979585459701
-1.6682824196927255,-0.39290647200573714
-1.084968655046815,-0.1375994300111858
-0.42946736804941715,0.04992167312183661
-1.077287728594363,-0.24554463227383808
-1.5760209266118261,-0.4977396862799399
-0.4685736061252762,0.14244636927491772
-0.4485874578592513,0.04949347799788061
-0.3095129327074564,0.010579352621733734
0.4065152598731386,0.5210169179749906
1.8448894139190732,1.2592745352400787
0.973121586357501,0.970929489945127
1.0046668832810945,0.5451498457271224
1.499757515623036,0.9978330241257498
1.8056284463739716,1.2137585355909737
-0.26748856976713054,0.40353135856041644
-1.7532194713010596,-0.6753778744395847
0.16946087323143288,0.5209079069533541
-0.8840998836434395,-0.15444094824783097
-2.5825753238667493,-0.7870062100792181
-2.6665772867680353,-0.992174066857396
-1.4763429476690921,-0.42804520041468475
0.8695066278577123,0.536373329598029
2.019928152944815,1.2710710312096074
2.445909176450009,1.5418485894782423
1.0390532111826463,0.9127628286445004
2.580905391026752,1.6718261908937755
1.6273640981739235,1.0192259020535261
2.480363493671375,1.6246363769942114
-0.17013738653095722,0.13932460880757097
-0.3894541056180312,0.31385732217766904
0.10180180001032935,0.3352002279857942
0.9218306067494818,0.7009811088267152
1.97337815208571,1.3142878949672974
1.6588418754987138,1.1664565272146434
1.55547581975865,1.1866207167788205
-0.4484885442967963,-0.07708142847214788
-1.2057980544177878,-0.3974727824831712
-1.4616669049424376,-0.4959951032719182
-1.2041286792096315,-0.3168957028633118
-1.351760604882529,-0.375795628066649
-1.5935426664644436,-0.574234137896574
0.23971822152386046,0.40272562491665465
-1.0671941422882134,-0.3074858508118841
-1.6240883809049218,-0.39453340999502984
-2.405929096884633,-0.906278212248975
-1.2049427477503014,-0.3242232353006538
-2.0700714530668316,-0.6597278470262816
-1.9210005899726323,-0.6845454328024229
-2.076872217601311,-0.8657653845267294
-0.4976560494655977,-0.09705942680123386
-0.06027230180397014,0.13439978645442388
1.241157007238812,1.067777561644892
1.181682548766957,1.0315336836249815
-0.611739139901692,0.09793996429704156
1.2716173394039076,0.8028813578030916
1.4806037840263517,1.112876786229269
1.4059761488536697,0.9243700194954414
0.5519378719659281,0.6571968635956065
1.0044621887627092,0.7592015787822048
-0.8719039416893178,-0.09692053751689517
-1.087701388812052,-0.33785324219034785
-0.23064196439764106,0.10280449959328784
1.6063149634763576,1.1445686706495515
1.644691832182636,1.0903287651945788
0.03260432284415005,0.29631427385069176
0.7750253551152356,0.8783782326817932
0.44341905558086137,0.5391732949741889
0.1892873441965611,0.5363782126388921
-0.058379075647786716,0.5382104640991578
-1.2836574592245036,-0.2681493206345431
-0.49302989482803905,0.17119003340458183
-0.07171726462716249,0.4570698241874155
1.4800666641923315,1.032203266889216
0.6112717671538646,0.478551322459639
-1.1866886878144711,-0.2495234233580365
-0.5529153090890391,0.1273417167551218
-0.039863097968970584,0.22764386092761152
1.1229876237114071,0.7633725163185645
1.262984588295133,0.9928429677995536
-1.159003063748742,-0.49934207183398055
-0.20732722686717742,0.1002586712413269
0.8502129268608438,0.6121396748982793
2.097898568268531,1.428160835144824
1.7584966145719036,1.2547206998113383
0.8545573618859416,0.7708678210184307
3.005413974456677,1.830548030272449
1.0288501871580409,0.8408760799965942
2.1011721599354596,1.5384382364592089
0.631305296448961,0.6822176796014972
0.478683459806286,0.24982317735105003
0.4842889317880199,0.4192530314402051
-0.083432358935293,0.1953022793904276
-0.4551467921483853,0.16885924792723642
-2.220391614402455,-0.8349114284818842
-2.4676973380516873,-1.0968485056673714
-1.927117697543514,-0.8166874539713461
-2.0698132574602908,-0.8427484144428999
-1.4083613696949513,-0.46839661324815907
-1.1441002761581993,-0.3204895896776252
-0.8488549015050949,-0.0900709327389245
-0.11031057432004898,0.24877678434122708
1.3341931627069787,0.9402246536962638
0.1664136722063202,0.22093063113967884
0.734210768962333,0.5575485022323727
1.0428662963668467,0.8838397447239444
0.09235477162156025,0.22939604109449108
1.1445276932727482,0.8156484603754566
-1.4872463390260688,-0.29736712756636785
-0.8099317674453304,-0.01875595827861949
-0.2695960030883817,0.0908464977092608
0.10145286253498359,0.3161774455677083
1.00226019873609,0.8800860630130665
0.7450133525411881,0.7027114200694801
0.24570729861429674,0.3239190633225268
-0.493814170575397,0.2379749595019468
-0.2732800239478748,0.2714405806097461
-0.5814280339944531,0.1799616806939715
-0.3790279519865787,0.14917967421166192
-1.0956891160102398,-0.14591218292227506
-1.9929931993180419,-0.5664573115607852
-1.650858820624637,-0.6923618319179079
0.12226661164816854,0.4444423669455279
-0.7510942647616664,-0.0999967103962239
0.6104531182157882,0.6297457904833058
1.0635617186484916,0.8234505412245771
1.225647485406614,0.8472364087541526
1.332232009219652,0.8972389523839379
0.6403206418858243,0.5093287847150504
0.3260009287637142,0.3157757124218774
0.355755390880481,0.5302939857898994
-0.32217260993631414,0.10149279656771028
-0.8997249562537954,-0.08479010288048777
0.27818384787283246,0.4233177122061732
1.7379674686927173,1.1790271820129175
2.1986512835130245,1.3439934588652713
1.851763782418552,1.147154823120991
1.6489654776939529,1.2951898353641482
0.6710173770261673,0.5967671588272626
1.7730132729541919,1.2290301342768546
0.7295937382054376,0.7956406021054927
1.3053774194722263,1.0269078699130598
0.3810225819208656,0.4073790603692972
-0.16137878306214343,0.1631426344856384
-0.43216715393095306,-0.01557449814215417
0.4588689080234437,0.6754702072796149
0.68841870237021,0.5829705145183848
2.412156166675416,1.2082017751824887
0.38984630600101466,0.40015909581373943
-0.9860350308891068,-0.19251395417273018
-0.6152210763269556,-0.12687761016508237
-1.168741470418198,-0.12501011132870965
-1.6751130968172003,-0.49102970273742563
-0.43540284994285305,-0.030205336847607997
0.2949131811921758,0.35554724023064166
-0.19761795953059919,0.29178345620132373
-2.0982761153595098,-0.6256428831597173
-1.5827859796193529,-0.2921116806491597
-2.078783947151272,-0.9183470018102651
0.1892361156192457,0.5327784464734062
1.5106096038887649,0.977105138255977
2.030188207847876,1.1640458181356217
-0.15436329118680048,0.3545141996489619
0.2597402857252422,0.44121753001454667
-1.0892388407844935,-0.10833249747790494
-1.779310128950795,-0.3981993740758486
-3.3351973536098294,-1.3865370964753165
-2.2695144735962227,-0.8460548179340461
-2.0139168203727427,-0.6102566227506525
-1.051117875622153,-0.014744594210045175
-0.8727111706959099,-0.0477033556718246
0.05248296719250123,0.1736552411592619
-0.7970283078932501,-0.22359337508413119
-0.5082155618824442,0.04763503384299496
-0.3390907813941737,0.1857775864238328
0.8883839700900746,0.766848147212192
-1.592306162274633,-0.3877800039645724
-0.5580592436031536,-0.08826826367781287
-0.9639811943858714,-0.09862763561632171
-0.5876861094419512,-0.007313319684810646
-1.6003708304677753,-0.49178667491683953
-0.3223007557564975,0.23320289217755552
-1.2797731298009842,-0.3621510528940231
-1.5626982745349607,-0.35505197585255616
-0.40604534571195405,0.1617990922096657
-0.4208826083743178,0.05097104755735468
-1.1349076645456027,-0.1541002685658425
-2.0094767594610623,-0.7911035282862815
-1.2593207503049855,-0.4585799657091463
-1.4885825423979426,-0.5504013313532631
-1.223613445326429,-0.28573120455522033
-0.04228974080152059,0.23836806918768028
-1.3371493914244437,-0.33833106556384707
-1.6297707493552795,-0.5939232169660249
-0.5835643408444601,-0.08060188920609389
-1.0472419349273792,-0.17122504542262484
1.7583407339807293,1.1273258976941443
1.2134585164931866,0.8953942238622135
1.4430618572026015,1.0088108092789076
1.9742966768760337,1.3835151337598077
2.2517361235630133,1.577606619385046
1.4549647633457523,1.1228349839412841
0.7395040841670111,0.5662791633030341
-0.18719676574753852,0.4271366738937583
-0.4296769739952685,0.07304920269042407
-0.8681946938078398,-0.3417272071142361
-0.7924911963186005,-0.017361412278390692
0.7497227237890969,0.6266388940851729
1.1562232270281103,0.9719898578064979
0.5978399104965986,0.5797597442726106
0.5659944394716924,0.48949609537126476
1.282732323736624,1.0982815572065636
0.6509140479690116,0.5603360702314283
2.0755686592959486,1.4668384526523688
3.1913356910201545,1.8465314742805905
2.133116987826161,1.434392896525009
0.7711677126422232,0.5400697135832478
-1.444819438700196,-0.6076528423120935
0.3653953826231182,0.5226324515259135
-0.2846128449275259,0.09729682286937806
-0.6382839074543198,0.07060435622987445
0.3730698709636667,0.4052948307828664
-1.27394384452609,-0.35732355019209
-0.8431494334995521,-0.08217984495642597
-0.7574902079842385,-0.15944333536052901
-0.8212721105962562,-0.18293567542961264
0.341264539958271,0.4272948598965108
-1.1880440717489984,-0.17830083754056242
-0.029540979621666574,0.18102166083467564
-0.17262447275629095,0.2293825289755359
-0.30678153980792533,-0.008550521010097178
0.23656636355745286,0.3264005897297923
0.20667606733372423,0.44406242379502175
-1.2680787179284758,-0.5365138322615133
0.028193245942458756,0.2946354050505134
1.8765095295377696,1.2370100616942432
-0.32655414107425673,0.055209760822499745
0.3862892212119675,0.545806328637854
1.1451511051551877,0.637942930275256
0.7129832245984628,0.5020047612547689
1.0987433856842286,0.9538786232923074
2.43060388361897,1.486586412448312
1.9786855205405751,1.2107115085139184
1.8342377147639275,1.2876576452964985
1.2835179746782621,1.0076797720780315
1.8683184462337163,1.2323975911158727
-0.14390526387329117,0.2274800364869209
-0.27186022887719496,0.20747535276556392
-0.23894789379195153,0.19279985931736618
1.0744064508779552,0.8427858349330308
-0.5249215791953152,0.042942524401627255
-2.694571471217473,-1.187346152688698
-2.1721576622336864,-0.8010203636601266
-3.0323008683152457,-1.1758387123101486
-1.5388300618893342,-0.3777040961668712
-0.32998454000358546,0.13199138024023283
1.6025523878521422,0.9442571248582293
0.3566164553094472,0.4204743014755682
-0.214527867047828,0.10064749045855949
0.556313708824644,0.533408403370138
-0.2818871009276175,0.08383764190452461
1.6721661838004986,1.0824907062222304
1.4576277322216626,0.8708819591185936
-0.41506034887207044,0.1857771415945002
1.7441448751436166,1.1087083043289248
0.024246098503589497,0.3470704447445865
-3.6231500330655955,-1.5505696251131482
-2.2557180899081204,-0.825310790259965
-0.2642473625388906,0.27481365835683597
-0.8645133037283221,-0.0016170265368663228
0.05316276906703776,0.4084679535928327
0.10383876429815078,0.4437697553563805
-1.7760027106182872,-0.6826116633865198
-1.0789198042338877,-0.238501848275744
-0.5811866479167915,-0.0774600234665207
-0.547974425205613,-0.06834358225312503
-2.0052565663434034,-0.8989812709996075
-2.4345429959340015,-1.0175020822432366
-2.758402291119818,-0.9830797806159438
-2.162749270294884,-0.641881465988919
-0.45974611666051224,0.15135084267100302
-0.7926778405169266,-0.048293821366832246
-1.8250214381724152,-0.6952684406322054
-0.8275775689664282,-0.17837612544356457
-0.5487335910801213,0.05263846353338961
-0.06810726361454911,0.1995816148309888
-0.5762087291200297,0.24572641640233256
-2.5244020982081343,-0.9120192541562211
-2.570722565674787,-1.2137514789065675
0.24077556968439295,0.3437698822463939
-0.1590763221771988,0.10864427044288953
-0.6449896683371134,0.0142969097945942
-2.120569925538613,-0.65928032373852
-1.690147783054523,-0.33559249311282047
0.2073996342560258,0.3988869775448433
-0.8835965516310686,-0.18674602090395706
-1.3334880948246517,-0.49977238876160657
-2.089345791690511,-0.6817648488779986
-0.675914671681842,0.11138195919805063
-1.4752091009039314,-0.43123140198504756
-1.3596542910897884,-0.3615261298730054
0.6548995705944157,0.5836511299817315
-0.5345088446991914,-0.08655614410872009
-1.9498602946462102,-0.6931873798716585
-0.3155677079329432,0.15261687102207264
-0.5369519587188258,0.006118304348493808
-2.1505272427348188,-0.9198690669810071
0.4302227656792419,0.47442443758335
-0.558973458911322,-0.0695690790111744
-0.5512831171596722,-0.06942466650389782
0.1325682116141661,0.407303116155747
1.6083779114811565,1.123001157263409
0.13942338506228713,0.3122676011591323
1.3405342084875507,1.0830561395736895
-2.2685581301707125,-0.8352336681748451
-2.4117041845201594,-1.0553456089960325
-1.7456443957749759,-0.539682465767934
-2.214441647984308,-0.8041612942523274
-0.197303941974447,0.408795515140012
0.2540392232954486,0.33662708994614704
0.828884302772612,0.7776202967124443
1.8032748802330165,1.2995585810452404
2.1465901407247205,1.3968662943219663
2.526134985857758,1.6418065780421456
1.4733208472625845,1.0740322265123008
1.9794979328127171,1.356071726262316
-0.10795413575847412,0.3400830392024964
1.0165766592501007,0.7081087370927414
2.3001142794363685,1.5187688575369411
0.8368027036369869,0.4338908124040429
0.9222366849318596,0.8175444245352702
3.0612274068641785,1.930069180322819
1.8002289371941727,1.1289488637116512
0.8366733872881839,0.7128760352412816
0.5385672880887067,0.4519815422738214
0.014128854272970781,0.2816096864377402
-0.07128781517979609,0.19844872377656664
-0.3772644426515731,0.06369707859408533
0.7574430392109264,0.6399962478693684
0.9376602945288459,0.8166719980451395
0.9700443436220935,0.7005694142135198
-0.2882673654901796,0.12642147769927015
-1.8889518037845925,-0.4206007185414564
-1.0610416989049856,-0.2408790283117239
-2.072990181987577,-0.8945402204637805
-1.7806373981226906,-0.5149069789522043
-2.204452783149465,-0.8830759082170939
0.41473190619049705,0.37071179369838403
0.2553805498721393,0.4973253391369141
-0.013486265308693735,0.24012857767174947
0.11233515010529499,0.30536131117334364
-0.11709953359239948,0.14814024712938662
-0.6438720265186632,0.08467333086760237
-1.3080717092476823,-0.45240838492950963
-0.7730241987557075,-0.07517569253665236
-1.1846709832858513,-0.3248659194426271
-0.4554914588966365,0.059799170112498606
-0.0027523429603322214,0.3416249061592256
0.7176233219691752,0.7843074687636069
1.1880322711193603,1.065779967495665
-2.408896105667121,-0.9273703266849231
-1.6241345887549792,-0.6324420272518234
-0.3713082397104953,-0.04839496591714901
-0.38118886402646723,0.10382624552698169
-0.25321137540058203,0.22795761415698615
-0.15576082983860348,0.25026594015932474
-0.5731287602679708,-0.10511664735502486
-0.13506913804890985,0.30290195010055276
-1.0125736739592155,-0.19969816189886677
-0.7215254183919048,-0.1376658286262695
-0.9416398947010547,-0.21288034426584926
-2.3656328243689586,-0.8977456087523983
0.06863713524067161,0.3355484345001597
-0.11152999566698119,0.2006188600839123
0.35584932383012846,0.5248793660529846
-0.3840164341671686,0.0869334937207511
0.027104768698791415,0.19243647519649948
-1.1213512042221445,-0.43172390424184653
-1.0255995167640921,-0.1947023874469509
1.4426942975447208,1.089906075207618
0.6715411155037729,0.7434388803591411
-0.5856492993196397,-0.18409090254429425
-0.23147688029843533,0.29763575821997323
0.935241009213703,0.6532280091883981
1.6094917972818679,1.094592710970183
2.511850423304902,1.5434607183650768
1.6777324859671656,1.0041841008242907
1.3053259175964453,0.9429567623540452
-1.0603049547633405,-0.22348296868920772
-1.8562958613253602,-0.7108821439933668
-0.3125882224991333,0.15967493030230023
0.45666619646491224,0.47936841412737347
2.0474938416662796,1.332081257657097
0.8380828909318178,0.6588146558418643
-1.5834948645097988,-0.4985016097653646
-1.5085754401423603,-0.3971602864562655
-1.014323643645589,-0.20593584884525157
-2.8254913044515586,-1.0959986674077604
-0.1308056478001891,0.41840783943564347
0.8303270245602878,0.5413017480137152
0.8007984810681155,0.7658087713007271
0.6321579166428071,0.5272002237952598
1.019110981192663,0.8575553745975955
2.1886861157148427,1.4294974611317803
0.182385231551784,0.3167672523414482
1.4444959973239557,0.8436818893339141
1.2602268722460874,0.9631526691422003
0.8377209483807848,0.8825276966514681
-0.509088516736637,0.13989433634011444
-0.5811833863045727,-0.11436049234618642
-1.2135201484888973,-0.4489227565337586
0.6955943748719252,0.5679778637633595
0.7019334042515032,0.6935100177894217
-1.276623757979306,-0.28623476030482714
-1.5781765428961356,-0.5525419642817704
-2.21534236039231,-0.7415647264222456
-2.3906518212998553,-0.7441672112574037
-0.8916130411909913,-0.2955525323684034
-0.028700311952892466,0.2632900448417663
-0.16897374308055618,0.09634480888772404
-1.2510578821444602,-0.3560587860620104
-0.08017340819595065,0.2841230210521515
0.28671333459194226,0.35963334958722076
-0.008035482062025812,0.3005100355322475
1.777948163557112,1.0487901377824034
0.7836910765209095,0.7400014192610017
-0.5008882290124127,-0.04935177392927484
-1.4801424071497136,-0.6088356308064835
-0.6998761354286802,-0.0032093743217575313
-0.44359290467286955,0.24144128028709236
-0.04445408342486684,0.30976442831713186
1.3941159237203273,1.0686526931889075
0.06427947597610129,0.3406303579649897
-0.5585376826008323,-0.10416180784850904
0.20511994731992889,0.311432418963746
0.7988937341458103,0.6897072393883554
0.06354036658837692,0.37723913635004785
-0.6635500951939569,0.2005421239830191
-1.9413094691072676,-0.46948438136698656
0.8227303477574164,0.6373901787940637
0.6174642353532254,0.4907818824090022
0.620152357748758,0.5730816937511053
0.17237710707310788,0.33054768647020066
-0.9370645017993837,-0.13201746097966582
-0.3379157985154283,0.05140106506288844
