0.08927461770516365,0.4507987591980149
-0.17377715683138362,0.18723178397106627
-1.3397780089690094,-0.32030902125567295
-0.4652652916862486,-0.04690778830252426
-0.9681865788558023,-0.10941113792783395
-0.17303413862743644,0.16469444584376453
-0.8586258638619795,-0.13384417734523435
-0.6876030648541159,0.03970796482565274
-0.7000911448086385,-0.1122100489806438
-0.11336587949502741,0.32461999938129343
-0.18796106962019035,0.21632956597620562
0.6236734780059594,0.5817490565846729
0.5791138197085057,0.5512446707007331
-0.8100773679485148,-0.11721345760047272
-1.7724797001781538,-0.5737852797810709
-0.3282420129324527,0.3122609589527422
0.07656391590287381,0.29095075004645693
-2.948969622912923,-1.2383776625869984
-1.3243066921885838,-0.4757317448859966
-1.224970860819351,-0.44168057062892807
0.20918349295386662,0.5293650374018233
0.7114494306679137,0.7044284950842483
0.5620055783519833,0.5099718724576582
1.786141534093031,1.0094455452148188
0.9255936196751755,0.689482259924406
0.12244944332242091,0.26493019802572604
2.532926521952899,1.5311349426050394
0.06097333173119135,0.4710220602866281
1.304444428740045,0.9075614544700031
2.272512748040408,1.4811234426479039
-0.3167336284279214,0.09974644721932002
-0.8316064878715301,0.028865218055913272
-0.2077360238754971,0.2766686584012595
-2.4355263868541437,-1.0592563468143492
-1.8586624009864834,-0.7237616178919766
-1.1983875477103954,-0.34766446154077657
-1.7133214838766637,-0.5938262908081312
-2.4152054836564356,-0.7276134724260007
-1.2287909968939297,-0.40233994082516433
1.169196230123564,0.809997935902443
1.2678256331479165,0.9259954567575774
0.9640803647744778,0.7787782063408873
0.5338981868456727,0.5864678116998484
-0.10126663066395247,0.3455909656820563
0.8116893219700395,0.8031143457064823
1.1986264210066282,0.7006031938653203
1.6620313344574025,1.1928315367985776
1.8800619894233677,1.3057574155992269
1.6925376359948265,1.1490861864162565
0.4136291763597232,0.49446126249431827
0.22801262405203335,0.5146873071207543
1.2993042986668633,0.8108594799001277
-0.7143633003106764,-0.12326723922167525
0.7476827640643223,0.8038812028239594
1.626059011551071,1.18585058138978
0.38931190342773103,0.4711753176340822
-1.0926415950884727,-0.2693903205109838
-0.6453783965123367,0.08800919332627055
-0.497595178472806,-0.18494435765891323
-1.5323059128959384,-0.6110042878636318
-2.6855328494209108,-1.0122713764206497
-0.9254576505536545,-0.16308995716793517
-2.78674215842161,-1.0675063544895669
-1.3611152676212779,-0.3501919179886839
-1.3077258371317626,-0.38091102972051066
0.3774272599880877,0.5012098094758393
2.234710791735171,1.4523056527762073
1.0978588764211952,0.8782614291526234
1.4717922598670556,1.058228236144079
0.7579874225255877,0.6774445585663594
1.1839539709882823,1.0513943472565888
1.5683452558361026,1.106406273711908
0.11249660381301962,0.38458624442123707
-0.06461670576162111,0.3319020075633227
-1.2052283987393837,-0.5084055538514474
-0.7175040937147604,-0.04088390369326848
-1.358007720259875,-0.36330631038023625
0.04323977367405052,0.34873419954439216
-2.07961198438935,-0.8070760750914968
-1.7692374483736326,-0.5208612220446183
0.9627932741980041,0.6923940898898705
1.8588869295944876,1.2194459582796167
1.217516149415219,0.7829148917490344
0.9611852593652059,0.8755791433606763
0.9658344610733309,0.7118814843594681
-0.12660376621599922,0.27890361869710467
-0.3631211210096449,0.08975470853427077
1.4721483841123706,1.06559292273596
1.10440131305559,0.6974268636012585
-1.3882708947646052,-0.3376884226263268
-0.30237798110357217,0.27901715263631865
-1.2420307175935228,-0.30881966432438407
0.4702594102478468,0.41848676620337527
-0.3936561163066424,0.14309071937426482
0.4970473193309437,0.6529615557806813
0.10085632299779779,0.2620414752985534
1.0611108278662091,0.7368932149517877
1.1057290577890684,1.0103676407075872
0.45765849434683875,0.5173412330357071
0.7940194671224542,0.683024407892552
0.8430413877979412,0.6808562403406545
-0.49077809715741705,0.08836522502759947
-0.07198932011451853,0.22426221429544793
-1.229093574130337,-0.2120015582896248
-0.8538545035020167,-0.14909638285524437
-1.6265062917042752,-0.2793364512177474
-1.1218193487056363,-0.34839363145880037
-0.3218305672922791,0.25327178465729233
0.4567894008776125,0.5447874341185147
2.524534292673544,1.5026687570452015
3.016863791129554,1.853618304722504
2.0899841911225137,1.3931263631447242
-0.977267717476547,-0.2241476413088072
-1.9660336838723431,-0.6697579526023397
-0.5370555899180303,0.11862974857549001
0.8578566345584935,0.5629791846461759
0.3471224828548412,0.35836490366599993
1.181060189018507,0.8246332721570367
1.4154738710719774,0.9245821303161128
0.6477938474616116,0.4877782513413106
2.6849227432208687,1.4753201005167094
0.3045554723672337,0.5852005150475681
0.05382374606543336,0.18737669738273374
-0.2627954245545682,0.05130825525129731
1.9022823765716645,1.4067497193603018
2.113895377922373,1.318643465360396
2.3097660052105518,1.4173596985233035
1.630889504688612,1.2230776233473792
3.3763813790071113,1.9339623076269243
1.8425577841213094,1.3392127912154514
1.9789525436128708,1.3319114552165014
2.0656857417161643,1.305727654605573
1.424801144832224,0.9938645305644505
1.8249311080810955,1.3115638547353727
1.6549979742376044,1.166933758369177
1.5507771007232531,1.3117780099450862
0.36141003322620835,0.575318443034824
-0.33007472769553625,-0.014897708268679782
-0.5481678726752053,-0.23056325781228265
-1.2366495050536734,-0.49358674127059754
-1.344930238261349,-0.34108141675164017
-1.887910081074653,-0.5361625272034383
-1.4043045315813971,-0.24789224286486866
-1.4919883197808548,-0.488001612086699
-0.5093741823260465,0.1180246561166962
-0.8908570945821812,-0.15733974209763646
-1.0601540523573818,-0.17120691195164087
-0.7570209509805763,0.07556740235619774
-1.9322388858072572,-0.6824128356206728
-1.2039285782410662,-0.3435272990049398
0.31600088990241837,0.6273483212097855
-0.41458892295323474,0.11510685080532286
-0.21159896044942383,0.15950223293982227
0.4411272821891909,0.6152055645114706
0.5791588833681911,0.5642960241561751
-0.05856941998200127,0.15548969912923294
1.2074344357140454,0.8556972787109418
-0.5820581086422952,0.13987920381276417
0.9640581307279853,0.534563042408818
0.7979452646520537,0.578547244349142
0.48029882045037575,0.6198574464946849
0.8715978902466093,0.661479715599055
1.362424026312902,0.9478340248585527
1.2538548325725045,0.7655019097010665
1.091794854316378,0.7773544662080046
1.1788445329555104,0.7730646717273644
1.0693925037295033,0.8360459638164345
1.7501033684582907,1.0504172853050358
1.405660960148978,1.0124992253708098
1.49262085529703,0.9632850610506771
0.7108108733935254,0.6587046694193577
0.9435729498442726,0.7842693856456003
0.043097334887504446,0.24649327999270884
1.3273709497442558,0.8627450195072978
1.798136573619963,1.0693230097018251
2.3207527344234617,1.3839919154084184
2.841061517879882,1.8105331399307363
-0.06995278567439245,0.1933227957305374
-1.0068905846409282,-0.09636150060649802
-1.3683332574362916,-0.47320474278413033
-1.8471969025182302,-0.6035870701737075
-1.1412776928715174,-0.38580918935303177
-2.3156542520825294,-0.8541199071654132
-0.6045841639495305,-0.1484637364363416
0.824381677049918,0.7715557238050592
0.5248182487242479,0.4183479051726958
1.0346768902050076,1.012654769225661
-0.25597947265196974,0.431152092646793
-1.4686403315017664,-0.3767115856718662
-0.6254522449082225,-0.002551267092855143
-2.290590060933903,-0.9056052407366457
-0.41670959443400835,0.17605492084151647
-1.1513886901958186,-0.3329091307963752
-0.3179336552288018,0.15071663834850071
0.8847389177211356,0.9439932368061119
1.394252601027918,1.0718559143806436
1.0108340514667584,0.7329837035214589
0.36539674909728626,0.3321587716461417
2.3973496715921194,1.5026135581121076
1.534382108075166,1.020841069122247
1.2272495571896054,1.128360107168907
0.10815053474251768,0.33075846235074274
1.47932533225447,1.0560972497763672
1.7917069304281485,1.1900616991651942
1.506696601573941,0.9435315274452566
-0.3863490074485697,0.21980944044358458
-1.336017232480466,-0.42913274306361754
-0.8622044399024049,-0.28516753097777553
-0.424068277087006,0.068927353319318
1.1992334061474637,0.8840107219915384
1.4922393478980225,1.159133196719059
3.3446202814186243,2.0722020769414757
1.13970685046829,0.740067621850379
1.4267321684072365,1.0936719215239532
0.5734842320718542,0.45154987047521306
0.4089985385553279,0.2944618798620765
1.0420758628198814,0.7904124627059983
1.5211962804957109,0.9942288508979771
0.7672532536685756,0.9693713711573766
1.713665990875685,1.0592592412555846
2.118111350126701,1.2021164763216219
0.960927650876588,0.5726008361367436
0.6370067080712453,0.5694001634376926
-0.09393547726476847,0.3958792036147395
-0.2733264452571381,0.16538859228741942
0.2645516455978509,0.426636321080573
0.42911789718883453,0.5389616034617046
0.37325575897832053,0.47160336527515256
1.3863222602496283,1.0436846093566408
1.18801050384243,0.9303697463489169
0.32061310788512587,0.45110348009379286
1.006701115446273,0.6917988531809622
3.021252353118505,1.9106191645887294
2.5121472676268803,1.4322595423588949
0.2730625464182055,0.5522696581497878
-0.6415720403757199,-0.0656715037993521
-1.5605544727837972,-0.3277875066794409
-1.1049068783367946,-0.22425826284728118
-2.7892426058951987,-0.997758523546507
-1.4304804067421577,-0.5070307220713893
-1.9177454513232561,-0.5208637594651535
-0.8678307241576051,-0.15769837170752737
-2.078360350861003,-0.6811994299407981
-0.4113574384416092,0.1568352563501405
-1.4373423876908806,-0.329852195413776
-0.4430597877870438,0.043616774888849366
-0.36985596472349497,0.00523426592019946
-1.0278495179445248,-0.17728304388758645
-2.23023383972172,-0.7113852960402023
-1.2303144027720405,-0.1511385420969336
-0.4430596800495534,-0.026098153863355955
-0.35258828597203473,0.03741372853223571
0.05391108833133357,0.27165858852936825
0.9849728532198834,0.5629420322414772
0.5555085539362008,0.6114241900000876
1.1010544001747926,1.0441185863117302
0.7921068096886121,0.7417349827313875
0.4080520742013794,0.49480421540519115
-1.0896303823272302,-0.2520056930320118
-0.41315985690933194,-0.012218180240693335
0.39537306747153844,0.623356358193378
1.322690627064083,0.91928920421204
0.9596730950636162,0.7301453534030791
1.9822932586075361,1.3417950208522949
1.2691147708158048,1.1558232994447013
1.7419783638048434,1.2490686476306962
-0.6447944169178434,-0.11625638783923486
0.019286151053536704,0.3385830704903211
-0.09706321294700648,0.35538284291338973
-1.2090223345733069,-0.29619479598782283
-0.3139661117353659,0.257391650971913
-0.9843223274932845,-0.15018831183453976
-1.2253698071562003,-0.29313256329496284
-1.0664334184071163,-0.07798806945804596
0.2600093387837218,0.36460988642807013
2.2417759700803384,1.379481839131283
1.4595721112094697,1.2712580982864221
-0.1981591487303862,0.05017311389382467
-0.16205499756850172,0.18957197164403855
-0.14839044465207493,-0.016907642597624728
0.5100786502207548,0.3559304508995489
2.0098458639684624,1.4213103644795817
0.1798059845139861,0.4343764839811164
0.10951535798258864,0.4397827748921447
-0.6043988445543754,-0.04637678531660412
-2.028141412841898,-0.8306620843111492
0.6748936059478949,0.4819373292196969
0.5351615353977291,0.6459779470324025
-0.6620751359393022,-0.0993301820234631
-0.9274342374788208,-0.24913316902543758
-1.3716658627296954,-0.3744328041616385
0.35446055250820574,0.5441757381328061
0.4197935701075081,0.44595381250865784
0.45485149124829277,0.6299748433304334
-0.02106007229197776,0.2063914505918025
-0.8886246044482918,-0.06939459763719191
-1.5313852763587135,-0.4710840101812182
0.49435828949322014,0.5565117531020435
-0.11986121601462779,0.24150076535964538
-0.5243193055794095,0.006428552651548382
-0.5073734147944632,0.0005207084826082398
-0.3642970074128861,0.28717028604747386
-0.028889912666251905,0.20665185071927344
0.21965792926951788,0.557817355986644
0.31910657633405115,0.3674154826894924
2.120954685170944,1.4142349467626334
2.734766616353143,1.5519872956713752
1.370199606990647,1.12899027192358
1.4038462763117883,0.8716022331044904
2.172126835122578,1.218145283592392
1.525288139337601,1.1454966983801003
1.1965555853146463,0.8707378550361762
0.7392889232610045,0.6214529555066772
0.8232377591395641,0.7343599371846423
1.3443203140267181,0.9317801300521364
1.0316570980441016,1.0467162262823808
1.1703046094517497,0.9254224603905857
0.17960588231618502,0.48916866729006725
0.34090767240421427,0.36630361182384924
-0.7970098017904215,-0.0820389570595218
0.9875235987498538,0.8993797434729929
2.010387887196959,1.397612432745831
1.6696691120272207,1.2246199752244442
0.4037152229643515,0.5068324068558477
0.6516088217274414,0.5860298350485527
1.5633824858476166,1.0383718303096303
2.2201911914590466,1.6071239287359071
1.0442079695332167,0.9143876515007726
0.56693471272032,0.59238890764574
0.3375144040759902,0.47525142230143014
1.4815041911525026,1.1628222688051375
0.95629032390213,0.7746476241247607
0.8114794794670632,0.7137785901595318
-2.470692010268319,-0.9511777660908933
-0.416709675473365,0.1304771788732241
0.021405872393132186,0.27650194441987497
-0.10209983823774427,0.18439574815923357
-0.27071390502307524,0.19800823218890634
1.3532403436561626,1.0000116047073782
0.021372770865672686,0.3426876535482984
-1.2917453432996047,-0.3513520964656295
-1.0622071327332625,-0.24601873348017692
-2.4396573932195813,-0.9577637675404664
-0.7547388316585187,0.05949279895586437
-1.8792107714546704,-0.650143359120057
0.4929060061980013,0.5385134620858871
1.2905350377853777,1.0445571087787329
0.7554056995292782,0.8035489596911423
1.7378005074069671,1.3088028807779142
1.1409053316056443,0.7388152374782141
-0.8226471933539431,-0.20200624663712993
-0.383852728022416,0.09086482752399166
-1.1503875455851433,-0.34774171196071885
-0.11240744111253154,0.30889096152492923
-0.020520963519838606,0.3493267164784577
-2.4855438635098737,-0.8268831886007156
-0.6799712013023933,-0.09484842681131875
-2.34228164767284,-0.9597912382870203
0.0026365582436580492,0.25007881114002056
0.34175237762139854,0.49597371302723536
0.08702313669540471,0.18022080224202014
-0.03525755069445931,0.23669865532919954
-0.6836720107681045,-0.036266063555669
-0.35460297098706806,0.08158735371701534
-0.8693691460872862,-0.3955260455445133
-1.21153974539222,-0.40782398405065273
0.842867974668848,0.7839136858849459
0.13342590385921493,0.39310075117607346
0.616388523246445,0.5889549106253796
-0.09303491140429465,0.10038441448485347
0.12336575156236547,0.42679172511687713
1.2417303689722317,0.9344899337623632
2.3158695775647824,1.4118051661130417
1.4688205109710442,0.8795522165852183
2.2577889103483613,1.4524542678154553
0.15926676342419355,0.5319268105404147
1.566012482595286,1.1423354518249973
-0.1539984894472355,0.14167349802779894
-0.300385071175329,0.1431544337096107
1.0043965033906939,0.6722596688123155
-1.025453070184374,-0.08920298172487276
-1.8225952066781388,-0.5759893059636441
-1.5283606315315015,-0.5275165112514253
-0.4179177991207309,0.07393057242976339
-2.0244301382069705,-0.6597054415555189
-1.0682239901796373,-0.1299562573209116
-0.9440178246521014,-0.1313974196100476
-1.0224065150243502,-0.44509006045811067
2.7987901618742184,1.6783851041914613
1.5942983649543767,1.1542695787903254
0.9081578429544914,0.629932237358424
0.4121777099701117,0.6515545570439091
0.9600140459770059,0.9243167103392992
1.0094920613337228,0.7151915756312411
1.4531097595148368,1.0934612118764935
0.6473704520922396,0.6904203686992351
0.8519621195014846,0.5625962251217272
0.7148468975926667,0.6098529063166059
0.98288567200088,0.8371244368065246
0.15179623371763395,0.4355617699308969
-1.4934091782674355,-0.6122436537845337
-1.3578536904185816,-0.0892956571714511
-0.44706484512804634,-0.15678946166899885
0.061361422587694836,0.30572609125147954
-0.02273565174328382,0.4007121044767864
0.8346787236386815,0.8511339288046533
0.43653081236239283,0.39775963885435583
-1.5162763336207363,-0.4460219888950727
-1.307815548238913,-0.2400869783932067
-0.5513990217796197,0.06574337418925993
-0.6733373477225384,0.06110334052331673
-1.3363262120596033,-0.22975970602885945
-0.4373528845819488,-0.02541032319048797
-0.03136217705664146,0.14751042162683745
0.32892728861765763,0.24162082123633055
0.3494749557420844,0.4910431108316417
-0.2742812067125898,0.104262809289634
-1.1444240065308866,-0.2937657200545421
-0.1535749214041,0.13323755167626977
2.6864221171760194,1.6423749976442907
0.8925594651816464,0.8440935875209123
2.614366436937066,1.8497158756345087
0.474073630650771,0.4447305732352672
-2.2167127338438495,-0.7988185682654793
-1.5479461879856402,-0.47801742544475717
-0.7674375953793247,0.02192368114064064
-1.582986057910297,-0.5847452876245013
0.017610256170121463,0.3735893570865335
0.4648623723955734,0.41868366096276627
-1.2230075217316907,-0.2929533617809783
-0.3747179038992239,0.09678936424231413
0.15913466330497517,0.19676938222564566
-1.0370697940858267,-0.1684202513020205
0.6390816211212227,0.6451982025681093
-0.12252849435073909,0.238934130988767
-0.020957945867637107,0.1772599656695552
-0.26078056526034926,0.12260388779159351
-2.2079109709092846,-0.7124471276851849
-1.77576822099175,-0.7115644050523463
-0.7308103111448391,-0.25575613254016416
-0.5379196665891217,-0.10753646308728954
-0.5249447486502354,-0.13165741741973075
-1.0310536945460507,-0.30054182733508594
1.0128454509067857,0.9195435696401948
-1.0233768988751577,-0.23804556961547851
-0.9644694029532994,0.030125759948278485
-0.13910591004500694,0.22731424629017394
-0.011896040648253503,0.20586738121344145
0.6968653444828732,0.49811781535457267
0.14604751815112121,0.6276625444874497
1.2659334242373563,1.007855413271358
1.1936986203395592,1.0129024278978227
0.5076343431936305,0.43368706379932204
-0.8396441797266964,-0.24899259761882694
-0.9498153294880729,-0.25196445823557356
-0.7390085006834031,-0.09408640491008051
-1.4546650646612993,-0.27291521024495047
-0.5150431381236692,-0.00448447812418834
-0.8472854492354431,-0.05448316342130023
0.24988695009275708,0.38528971200029116
1.5012430125078993,1.116928328882098
2.2801592982697323,1.3846421269242664
1.3778708460240356,0.9420037474149303
2.6746868201097778,1.6521126288133365
0.292280856293767,0.23135945344609923
-0.5922810443966603,-0.009432264608190695
0.8419535768622214,0.7085416464461969
1.427342422695616,1.1285321440453624
-0.11798091428899027,0.3506592135478616
-0.34243117343077045,0.11122731282583168
-0.35402847002821486,0.2816510000103425
-1.1381897899851166,-0.4537444938675045
-0.8052160465222818,-0.13831903830189293
-2.279417056120265,-0.8493921269466503
-1.9514773609697458,-0.6515007857754466
-1.2107744627808095,-0.27961039533332943
-1.046891150710731,-0.22872354813174822
0.03096513322733463,0.3343449256828323
0.6366296144460548,0.7145044232539162
2.565533042551098,1.8551345973690834
2.0118451086970577,1.3125249494842222
-0.5843756232591757,-0.15283289215204246
-1.7040178349907509,-0.45031878202320397
-1.5901888359942151,-0.3784784613103847
-0.24462896567867098,0.29538856386023987
0.0773059051868405,0.2182455065632108
0.14995384206739676,0.41667628935013007
0.8577468323490582,0.7070670705162957
0.9215093474706146,0.6014837710465498
0.5444230723195329,0.501721982746585
0.9979968287779094,0.6541773554757625
2.2846150855942224,1.5036529303547692
1.1193261489315525,0.7886026364330878
0.5783099904274676,0.6858622827261731
0.6405560956246227,0.5644164539809735
1.9135549757124783,1.218303251837227
1.0166862050722274,0.650654071328766
1.9627675527151511,1.3661705585642294
1.4289890533456906,1.0219167207342472
1.3706350330479995,0.9682744034982669
-0.8135462016606728,0.09810493962993194
-0.7989642346463212,-0.1504959513614274
-0.2514492002066289,0.2935037436469812
-1.8827209663917166,-0.6497210458328901
-2.27803705202332,-0.8006784985820647
-2.1518875778040174,-0.8230413099538637
-1.5004013589549172,-0.5180042825896737
-1.8493578503978072,-0.6777514272128146
-2.6747137534452,-1.0726849292357752
-2.2985333316538514,-0.8416473903637754
-1.082826491588715,-0.18385162369666255
0.4395564396127455,0.5501868018298779
-0.5780254981572922,0.037380714781479835
-0.3877698021004221,0.027248131261629116
-0.8634851940280354,-0.30036312569585666
-1.3033421013608795,-0.3679268306145713
-0.6495694372371011,0.055092149235463406
-0.7509207831112485,-0.08836055512997638
-1.107843198448078,-0.36900682603626256
1.002592941409961,0.7101410682500736
1.588241778739965,1.1421777467275211
0.08954492870864228,0.2436749790822958
0.9710178938828216,0.8852404040791969
1.7461393556443938,1.1407238248426914
0.45082470492573845,0.40250278703539516
-1.2918217135339403,-0.34940333501743176
-0.21620102303449962,0.2207652066323111
0.04896914551192358,0.39478057068328487
0.9848752163164642,0.851300090882086
0.7165847783873707,0.663973592291459
1.0274129248089336,0.938172125984426
1.9975939571741856,1.4000990084147191
-0.6616370844404029,-0.02477372451254014
-0.9936437013201396,-0.11176421517663118
-2.1331320936921756,-0.6886168885981231
-1.2279888925348363,-0.4519431939727641
-0.45369753089245884,0.2246649810617749
-0.6130189608195131,0.10575275256380239
-0.9474011534461827,-0.16811747529901255
-2.3561366447544225,-0.9585008895139605
0.7014771872999614,0.7860208115120328
2.0423202904258186,1.5461668442001961
0.5247310017630967,0.8098667508440126
0.19926116226220486,0.5280658381690042
-1.0679961910979545,-0.15446439444260668
-0.7796337845500001,-0.10401499094408033
-0.42805219219392365,0.09891214373704972
-0.8346427618103943,-0.13525349925283237
-0.7085493828081691,-0.08531925345798405
-0.35034145520247517,0.09558077925223106
0.859496012486403,0.6347807412957263
-1.0584886392052062,-0.2425976737098692
-1.8731206375576495,-0.6174786315730192
-1.3819944305470528,-0.43262631629644643
-0.8034331835533839,-0.09028279340162768
-2.0885930806516293,-0.664694875602307
-1.157577683431585,-0.3703453296925351
0.010916062733749898,0.4312774318626833
-1.0907701775592238,-0.23270879863601732
1.1874304225463064,0.9140222270327868
0.8001213492582689,0.7480058735858512
1.230417034669959,1.1727599348284605
0.9217957774920194,0.6234119418606809
0.9243322744941282,0.9970264200140123
1.2206592044185463,0.8798543527950716
-0.9965040371221475,-0.10274938837795958
-0.7020642830551971,-0.16272232770011724
-0.22952273354811392,0.045422983409586615
-0.9467530441209644,-0.12787772833921085
-0.3961282954292847,0.16864114470517844
0.02582665522373212,0.32849545395654756
-0.6913416155527754,-0.1527606830912549
1.5401835825767647,1.0470947085659335
0.7187822656067903,0.5633626797305464
0.06173939480576163,0.477491565450281
-0.5165718640025267,0.010732920313795406
0.7506507294041949,0.712728367610564
0.3975314943376044,0.4918930176709281
-0.46848832718323585,0.10216187925339323
-1.8208412683936634,-0.4613218081848566
-0.5768418112297693,0.28193107120059724
-0.09047122141257036,0.22168297256821595
-0.45566563775704033,0.13485185777121084
-0.8742678735768057,-0.06895294103246431
-0.4177206291532831,0.018421718355301667
-0.4825606614702675,-0.05199946531228826
-2.0427882493202305,-0.886551364453733
-1.2512870485755747,-0.35930771626686187
-0.44536546922737597,-0.02954755537196732
-0.7673192398237006,-0.1707231865645811
-0.9671677756350385,-0.13866303275275854
-1.3709325187774313,-0.4024415145621167
-0.9484115681588766,-0.25234833528383227
-4.124711548690341,-1.8009051467871062
-1.1261921353550681,-0.22267947255108156
-2.1298326756763397,-0.7130521911592074
-1.520829391208325,-0.40618451073236517
-1.997425814878711,-0.9971511114508584
1.2156129809023664,0.9068113241912081
0.9499714802180238,0.822304254871645
-0.7421476714165006,-0.0738110604637256
-0.5219678942376843,-0.018604926010225446
-0.8554551491053395,-0.055120491470391345
-0.28240819281660745,0.06473354494810185
0.3049821884061461,0.4384004166554405
0.08768683268766117,0.38060333740189317
0.4509970178192509,0.42530198797531377
2.776241471942832,1.652772666120005
2.236263264867029,1.5420603350045303
1.7339127754518668,1.0373105027395253
0.5080491582318151,0.4876637291933903
0.5124916247497849,0.6391883542047546
-1.7739986232889884,-0.5199292493290815
0.05177952666783758,0.45484555441904395
1.1141374932164092,0.7468931657518081
1.7397123834410095,1.3151424049289775
0.2907344346230616,0.35191543574716194
-1.7430086748815328,-0.5803601086955832
-2.335232900341466,-0.9478168419573626
-0.6198670736541615,-0.031086636172876936
2.664415332889382,1.7563118979925114
1.001895100349948,0.9137762768458306
-0.32498241604659106,0.07857905690969841
0.32183394640284674,0.4525341553194555
-0.07266003095859724,0.17981491209940864
-2.2045743787711687,-0.9472992591101765
-2.588891029539715,-0.8128793179794349
-0.3909756303895754,0.08696517904355479
1.3005208452059285,0.8808643941768425
1.7579894308004738,1.263550862396577
0.712007151163297,0.5658486672447585
1.4403024854016961,0.9728486656964855
2.0936609688099512,1.3249148290096693
0.9815280619545135,0.8458188834498972
0.19879482729100573,0.27837479354715
-0.8131332831060495,-0.16168147932783455
0.3880167644846706,0.46391288016475385
0.32817207686920935,0.3365476587239773
0.6802636697943032,0.8696119803946083
0.655411117354098,0.440536163867861
1.2918832783844107,0.9296695656793013
-0.78503800271366,0.03352252142776657
-0.30304265874415603,0.1828190526949505
-0.06900331841521107,0.40380435392679054
-1.0412474017941076,0.02887083714260097
-0.18316261733011174,0.2231909494699748
0.5468240480316136,0.5761855420087659
-1.4667936179289383,-0.4728194853179593
-1.2825092764643793,-0.41573685278767725
-2.311439718040202,-1.0088792375924793
-1.1029721085727022,-0.15387077158702972
-2.403466728136483,-1.1132259764499313
0.7179306717474383,0.7394045207479274
-0.2870191778018758,0.035052687794362936
0.2758840554646126,0.3739844946105979
1.8402713146988787,1.3587834537290662
3.3056008954121596,2.0332103438399733
0.2816234914540101,0.46942156900398513
1.0576200898166954,1.0011536460293664
2.0801277281202935,1.4053569375010913
-1.165806847262074,-0.31197219506473134
-1.2906146015583122,-0.28834588306491843
-1.2436470402928905,-0.3800032024799987
0.28562631199914446,0.3091598632012801
1.4464660404119383,0.9900740903989368
1.6950498137272039,1.1012617456554457
1.3863375654549304,0.8214217266834916
0.7548973922073587,0.6872650935363446
0.5122709177447489,0.5345590549599729
1.6472262621931897,1.1912836319339553
1.0849567710092909,0.7845556451776929
1.213321907884717,0.8358988183845424
0.8791462026848078,0.6051476113756802
-1.3667947496842001,-0.4191003720530836
-0.5336097499472008,-0.057528870750581385
-1.109776554579761,-0.3792310907555239
-1.2003150332175057,-0.3030698967092984
-0.7758639563849123,-0.03171008489950476
-1.5940472335648046,-0.3966915910510142
-1.1987005046795618,-0.3237862711847675
-0.29606217286524983,0.159209633065188
-0.9474025385120218,-0.2056061253808137
-0.7995718468407729,-0.15797195636525718
1.029839241312787,0.7377882882917305
1.4640421349542532,1.1523587831884237
1.20202967864965,0.8861069934672536
-0.043826815860422585,0.2708384078438777
-2.792966068256769,-1.03183996601793
-0.8055565083605271,-0.12433501108492367
0.36559298925375183,0.6208807046765003
0.09529280487551123,0.3788477930545953
-2.6175543043111493,-1.1176733586679357
-1.0214207268039626,-0.15335494480952885
0.06153743731882988,0.24692119235419546
0.268553724572721,0.4354513767280629
-0.44340160810065765,0.10365972053762716
-1.3801700201517968,-0.3523089729325447
-0.48250423613178467,0.07730409344702181
-0.25204911307532485,0.26007345697764916
-1.3708025887156865,-0.5124846878475158
-2.8984440203414623,-1.2273018751911728
-1.1478413578784286,-0.2807800232509536
-1.7639143535523722,-0.6644850011947225
-0.35107105750857626,-0.03449145548971416
-0.27358636417600224,0.3290969163553955
-0.43734265206203343,0.2544841930354987
-0.2096668250185903,0.05638118010498591
-0.9621436165678048,-0.19109281005286186
-0.9201295717647606,-0.12906392240178038
-0.5958666718944027,-0.035638949369812926
-0.13492173004114605,0.22238823904198812
1.1331062253347621,0.9005594696686671
0.9064789752426926,0.7236415059942607
2.270835964323527,1.2746739291981737
1.3961876785959237,0.8860656672010827
2.6575573440707347,1.7508044180551485
0.2908634046104114,0.37517308016008477
-0.1418124355825759,0.08708353154873252
2.2922891387885675,1.5473289684997702
1.287132266795363,0.671925935607993
0.9983539052832643,0.7181333663380223
0.4527926684531214,0.6375481488585479
0.4754474316199588,0.440214519527172
-1.5272535913887897,-0.5773138020764813
-0.37595311267075504,0.07329537918456447
-0.6444478850558009,-0.04278367613324602
-1.2544931171389186,-0.36488166506793157
-0.666643519636194,-0.03605665731081809
-1.3743479550177384,-0.3408190802947022
-1.7542594697465923,-0.6236233553296537
-2.4285337969742606,-0.8344426806575552
-1.0718921869180291,-0.16160734315521735
-0.59215640305515,0.31003266180021194
-1.7264348435562191,-0.2659336431742058
-0.11937523457742583,0.39985324472099604
0.14072508988502336,0.240546586918338
-1.3610475356767855,-0.5089955609081773
-1.1638599935819476,-0.21525121817775222
-0.2599810578816555,0.003712556286602886
-1.3363510901101723,-0.24331291522479948
-2.182397642802097,-0.7467245721005976
0.5928039449649287,0.4480527157454126
1.3739344552256707,0.9369309385269944
1.832270218833806,1.2577076631327897
0.650738295587137,0.5887779336690336
1.1925234631454344,0.7398962129004848
-0.6430488059925794,-0.089985854882656
-2.057497098859822,-0.711550920587485
-0.8592838990583698,-0.24116899622376242
0.6819615753738678,0.581226815359742
0.3264856162949139,0.4971345651266925
-0.17131101348417194,0.26372664048691474
-0.6389224267045664,0.09812521485226629
0.3178160992057929,0.6510737112150703
0.7782569777636502,0.7219458407843842
-0.009070914416725584,0.26147039664531574
0.3492755740737214,0.5044315521977375
0.19174165330624982,0.5117965298936293
-1.2315478103681052,-0.25239561870216753
-1.1922919303329116,-0.5011935633164353
-2.120435498374567,-0.7633127597011945
-1.70892213911478,-0.682685762937559
-0.270933090033309,0.12439631464543613
1.159257515700574,0.829418710964911
0.9290285242926185,0.7488822992665142
0.3122317275289559,0.5500266420408945
0.35996987447714063,0.5455959971451723
-0.46077111604117477,-0.0961350925552242
-0.5608763799478775,0.09394645823122126
-1.3605204761025922,-0.44502828920956794
0.04673187413823299,0.28133167657285413
0.2514646551802822,0.42800185901501053
-0.19773160892246902,0.08268765656729549
-0.9345113158429841,-0.22712806640101388
-0.3651467031192024,-0.0312511389390365
0.21277147249320943,0.5288412269524024
0.8760064317722567,0.8297803998812529
-1.300708139392838,-0.48492258538640787
-1.4398221473395014,-0.5078094584565714
-2.2894354106220245,-0.8305576742136429
-1.1978868057010437,-0.15611014177844018
-1.6183385585394365,-0.6044591718578392
-0.39385333618243334,0.10585707461520022
0.6406720599976257,0.618033804108277
0.029055972395998553,0.4584323946217158
-1.2236516352994504,-0.30889680625172267
-1.241912946551745,-0.3795477349250007
-1.3748265983500731,-0.5573863512646382
-2.589263292285233,-0.9885536047965141
-0.8417682931446713,-0.12878867622893575
-0.5956416924535839,0.0021820446386949847
-0.7387520930224474,-0.03720503163774037
-2.124294518725991,-0.6960597923891163
-1.1534235585688637,-0.16267744166328538
0.08100312962592049,0.3284937380699179
1.318411774292048,0.9508821050223114
1.348174456225121,0.8193532856541954
2.2213886642889804,1.4047666163644188
1.53315262091631,1.0470341811247244
2.9401466467182114,1.7093425730221383
1.793315999933791,1.3931717210469219
-0.04592075672919149,0.2916506669613131
1.2372570147139286,0.9033950788188683
1.8927864234169056,1.306570252526718
0.2043816079304367,0.4257555475538234
-0.11944219030513079,0.3831948588252033
-0.4668123438382633,0.14667473205952308
-1.9121478624342452,-0.5788496727251805
1.3327323735339183,1.172359810523496
1.3844838320591637,1.0200408739511182
1.745902267222116,1.164245485987548
0.115679203451579,0.27567498177567895
0.7579614506101799,0.584048794152692
0.7976555593103836,0.6536957193406421
1.2881221188721366,0.928846574979928
-0.8924201599432118,-0.10624300295205974
1.641831489768244,1.1613547376082798
0.4890672912373193,0.6277450490209913
0.5546599162584964,0.5471083060481371
1.7314743827755879,1.1194808715777451
0.3184341379721215,0.45842220464199807
-0.28027400225482246,0.05725339368704502
-0.5345734428213766,-0.04057443890729244
0.7022632213527081,0.7407938057206865
-0.1267732524852323,0.15486661331595958
0.21055026348944708,0.44209085700508144
0.8126617412321882,0.6707389038724207
-1.217777822046779,-0.31354889665349966
-2.037431142029222,-0.7042998537102624
-0.4010828089783439,0.23937819486271214
-0.4862243418720966,-0.005666552578456871
0.6592407686043014,0.7271550779078523
1.4702325239243463,1.123444447289717
-0.373817883108883,0.08656822822140894
-0.05097244554608438,0.393573295396208
0.8646857458925481,0.5963695226482781
1.5874702565934253,0.8183409907594416
-0.11195783559849826,0.3295916564924205
0.07196549178968,0.1869905429972013
-1.9537650135438933,-0.7459235259312003
0.7596908113081304,0.685066976135799
1.4786303139747878,0.8269353870602674
0.8382894843460338,0.7732196275745886
0.28411375430696656,0.5216216632357253
-0.47172196706971925,0.11261063823609066
0.761793889069752,0.700222335061147
0.2095871218806037,0.4204483285565803
-1.4277901954425969,-0.38647560934369946
-0.5748846755100621,-0.02839085895726319
-1.7102384671817377,-0.5836400638115568
-0.4656795311396995,0.16601148137294924
-0.7950623393657712,-0.03522723286527782
-0.9750218971177457,0.005631042395041669
-1.6041106578194644,-0.3824918412584031
-2.924351541403979,-1.295136253318329
-1.8633903766406075,-0.6296956148750645
-2.787988721181769,-1.0853773656567838
0.23610663240407836,0.31994206376368106
-3.2966182348772977,-1.3211932925492682
-1.087673007674935,-0.08382170170794087
-0.7467980473077449,0.3613172127604669
-1.4298824658598257,-0.3791128827663567
-0.9384826107141924,-0.11149717573523447
-0.9190535339665696,-0.18865796633522236
-0.37653171366182037,0.03689524782104518
1.1539579229121288,0.9410073320801845
1.3360741942759888,0.991660147642981
0.3869671448926715,0.5796724032158274
-1.1944560991117859,-0.24871396271731858
-1.1049759569448359,-0.09555748017910776
-1.3849206521658393,-0.42451731416895316
0.6243149516697978,0.4041657304724824
0.2632408219312846,0.41400493371505426
-0.6756403686563013,-0.1153498998588225
0.4325890430013718,0.550455076911927
-1.1722018668833043,-0.14752544815220345
-1.9758256607016325,-0.4633168178084276
-2.993490397630402,-1.402100910607417
-0.7805601739349861,-0.01805452279988906
-0.04317063878496785,0.22399770422905357
0.13996946171333138,0.3866564795479003
-0.4072175768964283,0.19044729605974842
-0.8730866497083017,-0.16958634246034768
-0.49317773475344995,0.3257960785593415
-1.2179287943926498,-0.21787220581931954
-1.5388810853307984,-0.45868772173298095
-1.422661269811007,-0.5710250562186692
-0.18777617976725247,0.357140435518538
-0.7784161758186265,-0.19345836812764577
0.01678002584595073,0.35426955985033315
0.9024242425105768,0.7489040778848304
2.130176102994904,1.4880047347566663
0.2990608619309233,0.5216957682344668
1.2499842186664496,0.9807872855358841
-0.15444776496927226,0.34275048022544297
0.5681044469757383,0.37329786591824354
1.3139565877716373,0.9870722508244318
-0.7205721078092923,-0.07585637201987773
-0.07705152076102328,0.25559121647720234
-2.8588569883988306,-1.2038558444538567
0.6967213895050397,0.5236337985205075
-0.04503242955218667,0.13211001114528792
-1.3636626906034173,-0.4875207233471686
-0.530794318086445,-0.1581643605092558
0.596364800161097,0.6751103566923856
1.764296035769803,1.3649132072532808
1.4552883319630043,1.0665995331033231
0.6356059440635966,0.571231171291393
1.2954286446935563,1.0275010453190898
2.0639275237264596,1.2425497054927714
1.5727226083260981,1.0450586284235277
0.23740841835620308,0.5165445976337397
-0.8814917092129336,-0.19901752670842543
0.7105848726791211,0.5999180194737277
-0.22041299693651817,0.2516887239402119
-0.28392511014831767,0.057405029408943736
-0.8498167081072976,-0.17224757856285727
-0.8278188636223562,-0.20721410620886233
0.7263165781356681,0.6359020664620556
-1.17090611623953,-0.39708430444503107
-2.583269873031904,-0.9239299230591604
-2.2700771980899965,-0.7913708091265701
-1.4850132498174977,-0.42117092573946635
-0.48218472712390525,0.09411032202409747
1.549598823805833,1.3012565956484834
-0.3050787704803667,0.027222262632344035
1.5656906716797574,0.9972732905268221
1.6054249861483865,0.9317831233531619
0.4795410315302995,0.49792238269493827
0.23001327317619089,0.5618504792018997
-0.4777782293843443,0.16867899507006298
-0.5252478927685931,0.006457724272031784
-0.35880176172136213,0.006866295530167821
-1.0582210118111983,-0.2950590626020465
-1.6127225993264793,-0.6406542316806179
-2.140480604007678,-0.7442471035789123
-1.4254858617393005,-0.37607822691578696
1.23208117083234,0.78972078001956
0.9946847555720882,0.8929221947527036
-0.17435063171007936,0.383426740484294
-0.9093834336323643,0.04542060961270494
-1.0883512220320934,-0.16158827280055393
-0.10033618481571371,0.16704528578343902
0.5649230917942177,0.6260401912194666
1.2633465953726746,0.8853378176048586
-0.44534895877765834,0.1069863629957516
-0.8826961843651363,-0.26036117054947305
-2.4797282417310242,-0.9296551404229998
-2.260111286618633,-0.9353945206899028
-1.0156297860196366,-0.1979078977004034
0.46180030333443745,0.618738943758678
-0.5389751278286186,-0.0023673988675489838
-0.7898225960017357,-0.1495450193579202
-1.7046559840887647,-0.40182943393182435
-0.9317111226696793,-0.007304718588302894
-0.3636383728748274,0.04413011470069807
-2.0804656111590623,-0.7031180180571329
-0.2469505828144759,0.16008764629176925
1.3275110885199994,0.9304661658618152
0.40763533038346755,0.7312766251044659
-0.43464177558769124,0.0857499339521422
-0.9793287426772501,-0.2558170928714235
-0.7465417044654593,-0.15723225929252926
-0.3911433551709515,0.06767251273666397
0.8153287896289582,0.7374205843414605
0.6277341701447451,0.4630079399752052
-1.0346933822946336,-0.2989170739194136
-0.8140580565173775,-0.115778431595727
-1.004382044827833,-0.14163465527097235
-0.5466786853927511,0.09940075542698401
-1.5457831572818939,-0.4865754343013596
-1.0569076501402497,-0.14044923777598423
-0.37504026380094646,0.23119548660356581
0.31947898791187973,0.5069427323338619
1.9499089214697574,1.340054025600857
2.102238299170884,1.3731326104276265
1.4278642044896301,1.199544448119738
0.5423933392407437,0.6407646828421816
1.5773651225778025,0.9613820936084673
1.2164039700315552,1.0964272249003577
0.9201629378135274,0.5836539704285961
-0.11845873575222521,0.37350977912867483
-2.112186027373756,-0.7221907825877399
0.42650233077464517,0.6471755029686086
0.9850611166536262,0.8338199149887665
0.6177364453927678,0.4628323947265168
0.3742423090016968,0.45889969920834145
0.9534514935727334,0.8046888917058239
0.7378942926331994,0.7328711343720431
1.6761154931639672,1.290925471757864
1.8919882116086502,1.254414619296154
1.8550295371702314,1.182425109153609
1.6897832837445361,1.0454649063008268
0.6087979040158925,0.6295228136745732
0.7328576556461781,0.6998914398053969
1.6851026875589654,1.168668265629246
0.11220103893401623,0.18121492067366454
0.1970422042111268,0.30306140748561494
1.9168747094840985,1.0161749686275678
0.99198803303249,0.7721879683883336
