-1.048453316679471,-0.2294518133437181
0.5397899076329018,0.6538309623301649
3.0850999316779526,1.827929747772731
2.288948590858821,1.5861181112942875
0.8653907419025004,0.6414455609883762
1.478832067260405,1.2227712348192852
1.4718260203104974,1.0288185734793844
-0.0886990748357801,0.3309418656836155
0.6952947246772035,0.6180942284024928
0.42461964141530373,0.47990757008874174
0.4407129919284967,0.40192535202125923
-1.1362932722381138,-0.19231632649434838
-0.39091078781373145,0.044622308528383677
0.13142391250629476,0.43167918479998835
0.26757088196377465,0.3126291343374338
-0.1755978692862747,0.2087149387938436
0.26299806504400824,0.3962571525042222
-0.6580002708038641,0.08612939335316377
0.8250427561079721,0.719467217956903
1.4888058341383248,1.0046432677181383
1.8809682242544445,1.329030282075991
1.701492042590631,1.2150404468445597
1.7800473970974768,1.0744520970533935
-0.3624437222082557,0.29069383092641266
-0.2884434381524235,0.08522408605070715
-0.606354726187919,-0.13952513871867733
-1.0246370642493068,-0.28566082824455036
0.20153750101214452,0.48301937133293205
-0.2892865408287363,0.22150831886633326
-1.0684983011688918,-0.2700838578648958
-2.8015811530900816,-0.9693706464953324
-2.056076610082674,-0.7704429377689083
-1.0380433398376154,-0.349442913470004
-1.1001722012893995,-0.0535902399227422
-0.8443229949602322,0.0769383061225703
0.826610436736643,0.7355218784490284
0.8432980170749421,0.7018487688574755
0.8258437979689937,0.5154401490188343
-1.1499003079018788,-0.2911694796545574
-0.5900366452686238,-0.06653980648373989
0.35143088109931164,0.37782244534375975
1.7543385404837344,0.9128925302132758
0.47896072810446555,0.6588516374441491
1.004316383975745,1.0026993854242294
1.7167346774038488,1.0887744667004031
2.5063437089342253,1.5228348754453707
0.9304260675258551,0.8652900034477201
0.3390117114346292,0.6064860424914975
-0.26983758558931387,0.06397377494393634
-0.31471797031676363,0.03091550533045692
-1.4396565091715097,-0.45358872441457637
-1.9960727271002763,-0.6175013945945163
-1.6795517103377076,-0.4122694666706313
-2.4742455541498027,-0.8377970760989225
-1.2176287640379542,-0.418784640715359
-1.6293219745344132,-0.48584615475499604
0.654167816680131,0.4412462240379114
0.1291249065327557,0.3025298725373805
-0.3171237492299272,0.0959738049512964
-1.9149067926343466,-0.7076887641931205
0.25495333431246325,0.3048523441741737
1.5414843821406266,1.0114911886187659
0.9040610759641586,0.6560673467808761
-0.11974141373263536,0.10914598178629703
-0.5358392227717106,0.013139621370936293
-0.18853752653866773,0.27791640418805286
1.3732415173549386,0.9957474303464927
0.45101640858923137,0.6727558582699037
0.7817236327293605,0.7519191284540865
0.8931220926110708,0.8174688372075773
0.13832431232026177,0.35280584155608025
-0.7839009677034603,-0.07635789875182217
-2.112641881497935,-0.6732004705533432
-1.7663418827026454,-0.552580177192459
-0.44848612378673813,0.34236935389284623
0.22521315283242982,0.404276192196335
-0.3180749317834237,0.20654607334902453
2.3972127876529936,1.4890612249540374
2.1967085494106215,1.2915567544087065
-0.47720990617271064,0.10671884891465115
-1.374809905109703,-0.36347359474175645
-1.5308799765575911,-0.28942181644107895
1.0718107848888252,0.8721117813330113
-0.0038657506963046817,0.36817465828551676
-1.5189335808512368,-0.29045129633759237
-3.1308573656827687,-1.3161744855528523
-0.8857133058657763,0.010257214627449607
-1.4394887980979338,-0.3447902135498692
-1.067694675884269,-0.2979412153783959
0.32291625371754384,0.57411564483252
-0.01194008789201273,0.31701272622724636
-0.3592528145482657,0.24552929809168741
-0.3770093490347008,0.09804224379877911
-1.6909759015094237,-0.3620478339440556
-2.932258597621266,-1.1174024401327636
-1.8392872673996923,-0.5476486292009313
1.0140487046408648,0.827694075457619
0.5921867045063217,0.6251847618374672
-2.2759738086831027,-0.9252179265337392
-2.089014810520153,-0.873897285901648
0.2521102180621735,0.6099682900382244
0.9749664153644848,0.7822063864524234
1.915648682842189,1.2779036384787246
-0.4640306756705592,0.2087213802853568
0.6989186621837364,0.5189828740934805
-0.08150817176175862,0.3460393109788699
-0.5013578292963816,0.3392141453949935
-1.5892961610718384,-0.5730920946332037
-2.2562559910798243,-0.8378683197023238
-1.5648559277049607,-0.5541421615879869
-2.4248745127267277,-0.942858216929625
0.23891735004353287,0.6222670451092887
-0.08224879112908931,0.22171381539052376
0.7464652208759277,0.6950857781033106
0.6078907535085376,0.5336162878576451
0.44650910071632544,0.5014411497201421
1.2680480239159535,0.9044493811061972
0.37552425955197233,0.33178071659578096
0.014791105483754341,0.3192274216686591
-0.0824522921152353,0.23712424466403756
-0.3545142105169339,0.2739112614938557
-0.7825074197291684,-0.08578379367586532
-0.34734076140580183,0.19566895544303772
-1.672873553695147,-0.5914334433957199
-0.8333944168339993,-0.18428714011794328
-2.1584214146510767,-0.8656725419596674
-2.052132185002023,-0.6619322009646029
-1.520399367103757,-0.5597078472102408
-0.8654908679995447,-0.18041631352130794
0.12319612290702353,0.34550596398937455
0.3090126061530892,0.4208707631696403
2.433033483120538,1.5032832234636748
-0.14420393562399858,0.20153803634359094
-0.5137735831259908,0.02437550252069703
-1.6607221437926845,-0.5183718741711916
-0.1710176688833691,0.009748498260662125
-1.9465846565565992,-0.6932204847915094
0.43324274798830786,0.5532107017074661
-1.9400791885121291,-0.7556927407674067
0.12810929186424458,0.34671382696750974
0.9833883109458678,0.8606999578067187
2.079107994580507,1.2214500427941788
2.5483711679671983,1.8286633251062734
1.6426735608879888,1.1158004088991986
-2.03446953085091,-0.6139157900415416
0.34034096489622834,0.4256742397040282
0.8434069724472564,0.504698963284494
1.7392423822202812,1.3025844461975495
0.5181453597972003,0.5242646667381027
0.09183188646045026,0.26818281793019066
0.87419896544226,0.5411627391136161
0.4110613956902209,0.3327942846329841
-0.10918590056507727,0.40309972011872147
-0.6630039582474424,-0.25575355630534735
1.154901149004378,0.7903540973279813
1.4417358189520724,0.9269709376336346
-0.5469596047138657,0.05291535607397452
-1.9942364535491628,-0.723776314935269
-2.0576900704457524,-0.630601518177706
-1.5006688685588352,-0.4332938814512891
-2.065590570864726,-0.7457592496605411
0.1115641031276271,0.20173841038182747
-0.4805719721348182,-0.07399274452390792
-0.4384791719627896,0.11773520917659294
-0.11584570886508327,0.23690555571608346
-0.6461805696305536,0.07846080037680997
-0.3408788594547759,0.1387462480988327
0.9097369411766618,0.7482832072576495
0.06014076231587118,0.33388190116233657
0.4486746141348353,0.45498758944840334
-0.6120012982092432,0.05403329291390918
0.30157423157431584,0.4050749246508066
1.5948779659224164,1.0313111744131942
0.9740976707960788,0.7938402969310204
1.704868543947216,1.1490115084951344
1.2157560299700902,1.06174264256109
0.26547800951907774,0.36242487986627486
0.42663242008933977,0.4480062571576664
1.2234920227646489,0.9186802182515501
0.5012282887544963,0.5024752416154086
1.6465952772917056,1.0172153567419415
0.020711204038346365,0.34077260753925476
2.0764104419691796,1.5040898174071493
-0.1870239929236741,0.3189703700579314
0.10755483887296041,0.4359249750782034
-1.2326561485978422,-0.4247465082289879
-0.4962051403270771,0.2395958228098933
-1.1255901886308697,-0.23605380965569114
-2.057883565126634,-0.5798333179480615
-1.3375519112519827,-0.37747100816184165
-1.7250024827345958,-0.5922098212964293
-2.918982909594279,-1.0866447084067135
-2.2550507845281746,-0.5946877762160767
-0.9622880308784899,-0.29996794677698474
-0.038168412001896024,0.25240556144107384
-0.1919956175702111,0.236270174293756
0.9860202580482755,0.7936687800179482
0.6979918480073987,0.550164655747326
0.7380612876908789,0.7681690833809931
-0.05026963272159879,0.37771369663526877
0.49479322747611837,0.40140557381816294
-1.070899545946923,-0.307785457589753
0.5137811403310676,0.7078695013743854
0.67092135150033,0.7426804691213964
0.5506194080678851,0.6296779551105302
0.03716433983699352,0.2482336973434962
-0.27761762459205613,-0.03862700748826298
1.378561669003668,0.7755049072403563
0.7040126182187725,0.6543215310942307
-0.3025080112674763,0.2553424439534004
-0.9875653028921849,-0.09810378271477974
-0.9412219951265235,-0.14093967139750296
-2.2279150888124857,-0.7154067846594759
-0.39312324870007265,0.2439097010777003
0.16617166659812538,0.3205340079511483
0.6298481351754939,0.5823316343362007
-1.21538518875287,-0.341338546266023
-2.720048452938944,-1.1241208867539172
0.5954749293982591,0.6419460334310747
1.272285368047302,0.7569367552475722
-0.23255651874712813,0.12199513123293826
0.003084917717928265,0.23295696989129389
-0.08076649421684445,0.23502776333941836
1.6122434448378478,1.1082875642133578
1.7805838054837704,1.1513754699469534
0.5548850147946878,0.46773302203514605
0.539197616609038,0.397823496941875
-0.28099654102891647,0.13097547403790533
-0.8976019271659887,-0.39979759795152625
1.4906206292353537,1.0482557318157997
2.875620981305611,1.7609617934569932
1.4722995316018381,1.293360453221801
1.3701630492958248,1.0290837067983942
0.13146921110648047,0.2056013868974109
-0.9937650193043004,-0.19699471652614564
0.46960010596749024,0.5912261530056764
-0.8384568247572882,-0.13294717922249819
-0.1264343509421706,0.19996576022782248
-0.38873325558598726,0.10942032985161722
-1.2274609694689549,-0.37729736131107383
-2.3851405823120118,-0.8150305231631781
-1.6041077870307872,-0.5091764793746614
-0.3687315875203486,0.2345325400264024
0.4320367794119868,0.506552390699791
2.3991125510789395,1.5400667579341594
0.12124970161910364,0.5520826943924364
-0.3644917964478692,0.09325767836236537
0.8834983157309129,0.776052637501267
1.7919533940231447,1.0114064021737084
0.4232224401937593,0.47576175430355117
-0.028944611777499796,0.46132444308039255
0.36994473043659687,0.45165611415971646
0.5287504966181718,0.42242862873303555
0.785673628956284,0.5550662626554678
0.021823178715521863,0.10494430538500671
0.2126393413343598,0.44544242635628484
0.13820702088159126,0.19000306954612983
0.8899851273061398,0.8191750451143034
1.1191262204428836,0.8995739284454248
0.4243662175517666,0.5527561906563909
0.26998750567555463,0.5235558864338833
1.1217925743430701,0.7976896112228983
0.7371039729028851,0.5394165241560186
0.3986978743257592,0.6125644171176604
0.7700424627727914,0.6085270704591923
1.0711428773859326,0.8932087732732094
2.4987389920790033,1.5904600094742796
0.4790071369982134,0.5215282781967432
1.7455554684191552,1.2419391493187053
0.6846667167411399,0.612015523196899
0.8086195433966649,0.8687340551115751
1.7444472452338573,1.2711028802334534
0.9316687267079857,0.6514652458983023
1.0955374525049606,0.8075913109965854
0.37920745964990743,0.3940055475701596
-0.6305969650493619,0.021754931747698596
0.3786637748229047,0.5116000479098315
-1.233771590182625,-0.34713666312024
-1.3331454759232337,-0.5400384161102718
-1.2048538417171197,-0.32119007614302986
-0.9832938081966288,-0.25307806151039086
-1.3361290953794296,-0.4794287261760352
-1.4800686444303897,-0.5435573521766396
-0.8695971382554322,-0.24649424034353337
-1.68492978745009,-0.41100368813665744
-1.4640226912965557,-0.5430144858131372
1.5562171777125051,1.19899994139622
-0.13750266259454424,0.17247783980514048
-1.8462778906313262,-0.549206156132025
-1.7173785010512217,-0.6366875278413533
-1.9199764370289634,-0.7603173693937868
-2.2967191666157536,-0.9470557893867755
-1.7142871460980587,-0.4189773667669941
-0.5649602796535205,0.05569671402104074
-0.8273297422377964,-0.19109360049841095
0.4596825403541115,0.5015889538397837
-0.49831566176199277,0.04234041040088626
-0.40626202720966964,0.03362823561169566
-0.7058183598918762,0.04043175491432642
-0.4493104097378805,0.14175221869637458
-0.03225597700961169,0.38658418427650776
-1.138377800313277,-0.3968646137877673
-0.41406705167733654,-0.011999466214635865
-1.3420025798868531,-0.35974463458997497
-3.663943168407577,-1.7497488660654494
-2.886071170222957,-1.0622888023263537
-0.7370653056618371,-0.09015857374803193
-0.6616782075901565,-0.009870825202467837
-0.49756278800368137,0.06826415829377545
-0.5897198605860379,0.13731983326494815
-0.15343667628652125,0.2506462578390658
-2.444395321681052,-0.8563455451531221
-1.795014968292337,-0.6774435497636946
-2.366318471815244,-0.9732350859279204
-0.719116578627611,-0.09348609443954564
1.4986392318110058,1.0436138931759487
1.2009280321076978,0.7943817880807839
-0.1351224093933896,0.18467634196016136
-1.463471279587995,-0.41213858087033917
-0.5860715297577921,0.03690369513848171
-1.759731181528171,-0.5927454573716631
0.7693678837844251,0.5950425625927342
0.1350043914219824,0.5277144652570809
-1.675216238701817,-0.4052970776712941
-3.624862577689357,-1.422312117202387
-0.7462049223973147,-0.039923205171723555
-0.38745365422524675,0.07033573473213799
1.0253713044846746,0.9811860048632701
1.9028035341542917,1.307871557946751
1.0908076387187429,0.8221505142131017
3.028164584674499,1.6995532832792961
1.2691995766308082,1.0290425365338132
2.3788917924540245,1.6180609333928797
1.0567952907649005,0.8492942081832592
1.3765443784668252,0.9766805453374066
0.4625958130304798,0.5536010044056388
0.6941327475045977,0.5592840571920411
0.5345030628357189,0.6350316028004426
0.15733452836970957,0.515595924017638
0.45114317880841126,0.5370974683607251
1.6311529163552274,1.1017731585890458
1.176860920548789,0.9356610356938496
-0.14345877771365645,0.28691271517027517
1.5530024233881878,1.1031700592294498
0.11354761030804539,0.4246383509246926
-0.6289837129745808,-0.09075771392303097
-0.3281454993801095,0.21450951967625292
-0.5798012670687456,-0.1295853088462263
-1.2949885544996151,-0.309731137016042
-2.0227590052530253,-0.6304902777703778
-1.8495621613051465,-0.5067988872846121
-1.793815564639973,-0.5879015937982749
-1.2797813323111569,-0.3373232106187532
0.40855960749872744,0.5193781896220501
1.333914840466377,0.8238546767256965
0.29533767495348917,0.5056635581272466
-0.8029068535495182,0.01687978464461247
-1.8304720126795555,-0.7062720892889488
-2.667985528546067,-1.0483870733607397
-1.726142130856896,-0.5569887783705176
-1.3018502908016072,-0.46769326177692866
-0.6343168417634883,0.017193020286969896
-0.8230414673054511,-0.00943691119023056
-0.08660389659450662,0.25131872093229046
-0.4438396979129119,-0.08990165920918308
-0.5932380958041269,0.12644648491603971
-1.1316776033295874,-0.27434281070668526
-1.6984370451043378,-0.7702828156096925
-2.426182006041463,-0.8387194836847806
0.7073137813660364,0.7260483298241309
1.1250982227104287,0.8816310802474115
1.4638974689908437,1.1830541188509538
-0.08301511743020695,0.20223952850274168
-0.15686056509822313,0.3402270373491181
-0.9521876929883221,-0.34309963199554305
-2.9456083093049754,-1.319382651600536
-1.2354632972594568,-0.3577240353112304
-0.17422540346229753,0.3204323895268514
0.33685749939196097,0.5617568852258846
0.7359661144883318,0.6533685863712229
1.0279626529922623,0.8680576312193609
0.9810621786262075,0.8452381022632447
1.693812155930274,1.2617680067378796
1.1895692289846012,0.9140866750561389
0.42213854418030883,0.662785480245119
-1.5462639381758423,-0.5045505077744765
-1.1121753544234745,-0.3747677424070643
-0.16297974595232723,0.16697265026429559
1.2053576667622017,0.9992435826796688
0.568420448805559,0.7476380523658412
-0.1772970132714885,0.18651678524147486
0.05943967721859955,0.26890042307882367
2.434193436524108,1.480694788095297
-0.47893695624527366,0.022200349949139525
0.3974514777868221,0.48929323017379633
-0.6230507258860787,-0.03760251121929176
-0.3166840941355794,0.23696305906115805
1.1640411966999373,0.8544885289072145
0.23027860743684392,0.3572758645135793
-0.4441358611755973,-0.06651608863656627
-2.158041727685864,-0.8057159609603047
-2.1181046673142796,-0.6283779171494813
-0.4071144214047071,0.011379907715089899
-0.6768467440105714,-0.009604217634430149
-2.736998887140987,-1.1820114991341466
-2.902250751461114,-1.0297134905685141
-2.9807620311161083,-1.2104509419594562
-1.5054010481617703,-0.34958538191214455
0.3906439824233412,0.5899966386523992
0.4634491227309885,0.5211791099174563
1.4425217283501932,0.9805436763474824
1.4810808285956822,1.071984772463607
-0.5799353931663666,-0.037011821445376146
-1.2127225736114071,-0.3700444327045447
-0.9835986634574844,-0.13573951702572948
-1.3506627271809502,-0.37732567921811433
-1.20725325599638,-0.31091481527673964
-2.7841968256347425,-1.095904734084123
-2.2246808458357545,-0.826669533705433
-2.061677810037907,-0.6232837567849866
-0.8525614813617122,-0.20386966389838856
-1.0653972203005349,-0.2648203928116205
1.3216545500221488,1.0758703402346128
-0.638335022834467,-0.027967946882715665
0.0829117055898001,0.27128547147758814
-1.0878507323881228,-0.19428449933543232
-0.6380140759543378,0.14806943529844743
-1.121661002888775,-0.27553556459200124
-1.6322518499543273,-0.5399910891395072
-1.5485135473987959,-0.5481298241797579
-0.6996472579987874,-0.029273912757930055
-0.33776089612604004,0.2137301636377634
-0.3747444116527803,0.09136479545260222
-2.3811125626357423,-0.8608268791959144
-1.4899104660794524,-0.44516224480385963
-1.0157387798348931,-0.005558664320077095
-0.021734201535508313,0.26683077733728927
-0.10863018549858658,0.2469133747685362
1.1303693558409829,0.7471687989588444
0.9920243076646418,0.8016517138242066
2.4129658917004084,1.6144970257567992
1.072798330658819,0.8935396791171523
1.9026650037777375,1.4386384119708375
0.3839052792162597,0.533491849891095
-0.15767073801235637,0.38143232657133547
-1.509294182758865,-0.5107972502832157
-1.504453738406745,-0.7387608586177796
-2.619298025013018,-0.8200076407511558
-0.8031412950286978,-0.047710243571598206
-1.537399473930693,-0.6178987700251801
0.3014506072571447,0.40536518772564845
1.972774547095973,1.357818230693318
0.3763468119425285,0.3523913092901636
-0.5213754398728327,0.001021338079041527
-0.1734507842576094,0.25949299690072425
-0.16362095939167695,0.3792733984337032
-0.42855057674103914,0.1778567797011582
-0.12330375840149577,0.12889836234765095
-0.17275018951306426,0.2702234737614043
1.0280490240969287,0.7402704896151557
1.1414464456765174,0.847989512887692
0.377375471030528,0.5234616155866265
1.3123102286016795,0.845322150324858
0.34376625140074213,0.41357504917126947
1.0369521233423784,0.9617445904355091
1.675378984032955,1.2426753004190516
1.68741071534623,1.1042179592431918
1.776225673719574,1.1257441775069896
1.837017217498023,1.2099690548104567
2.484600252891328,1.5750718678046354
0.16787509052794136,0.2568271364824537
-0.521781933447953,-0.011752180364454329
-0.21716827411575867,0.04889631033572478
-0.7443098591998125,-0.044951684065762415
-0.03171418498154488,0.22977563831813555
-1.0322131501365255,-0.14842744698282356
0.5371623342342393,0.6112844121011326
0.6822038244721619,0.6479225016726783
-0.6621990411459633,0.041355931267130566
-1.1176014812454813,-0.22611589647134953
-0.22220650146069854,0.36632840953996537
-0.26015790161859026,0.17523426913643944
-0.811286413051746,-0.04801311494042336
-0.973372422925459,-0.09941017287380687
-2.5146748619102066,-0.8888861076478539
-1.6177251093765292,-0.6090507290482764
0.37622917864100214,0.4995087109442671
-1.341685750601464,-0.47611588642978087
-1.809465543350922,-0.7333311932476761
-1.6186225103394032,-0.677582208356495
-0.05711514488957259,0.36971149418837534
-0.06545046737197176,0.015764012774457548
-0.3685126323638955,0.1320852193000118
-0.3290676352663729,0.2421574814444366
-0.7338572343054186,0.008666948871023025
0.9736225897990985,0.7766291356538688
1.20537584208121,0.8731013713386183
0.9879939309580793,0.6260594520700193
-1.3044164523123372,-0.34421623643911464
-1.8584986303567304,-0.7633909560096092
-0.5502330787613573,0.1582736261353281
-0.01921095382674154,0.407150327327058
-0.36277127664828773,0.015639088214666363
-1.785418698263957,-0.4936405555950252
-0.9143251183892267,0.013792662805576394
-1.023805376894048,-0.18731114225163756
-2.2479648622049386,-0.8281622216836959
0.6689694304697253,0.552713770692042
0.017972059107481786,0.32371362035993073
-0.3377340946879679,0.010357958030881562
-0.3521428712119101,0.07507882369048327
0.2341721201662394,0.4019811319183919
-1.4853818780196608,-0.5159824810420005
-2.9348921480905026,-1.1221777919510185
1.1789223040195906,0.9659467671993367
0.798179930308246,0.7181288970833201
0.021565845620224233,0.3831374530242918
-0.1879007564176727,0.20472119842542869
0.5240222728268369,0.5247158721672008
0.4757661777143243,0.6481297840424771
2.3045718432786373,1.576616411316234
1.3960083722342516,0.9080704081822704
0.34683954044282617,0.34195516986935814
0.23416861676223044,0.32817517135393787
1.4280852891059088,1.2002613661241712
2.8379671696118054,1.7531433524939417
2.2186707848545373,1.3254036733284615
0.3545779479282074,0.2735713369107493
-0.5657257458792369,0.04031662164995217
-0.588550672552237,0.027441522303521322
-0.6390945885513204,0.20486369666541096
0.6746065764722019,0.5886397140785493
-0.3459522179769884,0.2615676849866371
-0.5124997005732853,0.11193384498716186
-1.6676869463837554,-0.5181356040403816
-1.682118255777441,-0.40793228924099767
-0.848045169611753,-0.06255634531941923
-1.1273492309455195,-0.24584658685381755
-0.6118875896368461,0.11441067176878245
-0.16727874325683195,0.24630893411925392
0.7005790934226015,0.5743712451785512
1.7535973403909422,1.1543104713970072
-0.31100411427576935,0.12515416202404506
3.2765828035768445,2.122175094841225
-0.7550259654186855,-0.08625258604822565
-0.23448183032357828,0.16552263621106028
-0.8529049840072569,0.005009796619161094
0.7969329504961417,0.8364775852914814
0.8888245689640881,0.9668586198128883
0.409796961372729,0.5865482275464328
1.2340019050197963,0.9353858107393443
2.317450499809926,1.4027950738432016
0.9335812607434862,0.836721186175719
1.609266569192841,1.2491973913204992
1.6705457795216625,1.109574924288151
1.6189347569333554,1.0970957562190862
2.057152073370901,1.156896907311562
0.2147795067154601,0.14232972015454493
1.6737836731897755,1.1806077376096697
1.3690443629476112,0.8437671544954668
1.210833922318555,0.8438955374414528
1.21976472409684,0.9277156305865952
1.018783435722921,0.7839653919068534
0.8138979719033599,0.8335993925729992
0.9781446885599235,0.5533203852994445
0.6580292612463576,0.5388839650739272
0.3898796038554791,0.470426088965078
0.46154395327588055,0.4895519552239301
1.0583770634027714,0.7326748520366808
3.057356087332829,1.856451389958083
2.2735005592116995,1.3877998942903587
1.6476842912691163,1.1622005293092554
2.0038479884142935,1.2361357287425023
2.6643866064503925,1.6055815145586008
0.8817707203177516,0.7269832085445278
1.2693892289601802,0.8441809902450382
-1.3142970030918473,-0.31903048361354897
-1.301323340119747,-0.23992276564264692
-2.6833672049580386,-0.9600404159420918
-0.9126180493926805,-0.15012089711494392
1.7434289992258418,1.0831170269139312
1.7148377716129135,1.0598814320888266
1.2916516874040778,0.9483963840552199
0.47135155263088546,0.5862616812915504
1.4348058867598588,1.0555571500069578
3.722624217994609,2.3608058701363275
1.5032681178571696,1.019621741989368
0.5934547394014239,0.44979334938183
0.32377274939152567,0.5896257785475753
0.9369469520675583,0.7228297510231373
0.1388742178562956,0.45321736661675155
-0.015826485395428663,0.18279677900441443
0.7314221502207098,0.9152801600542202
-1.9119842484029967,-0.5078500660885448
-1.68443016396696,-0.539485164669854
-2.5056565114828446,-0.8698114992839443
-1.5138025365574415,-0.5398545148222661
-1.2407523671112122,-0.23398206377935654
-0.04285659811118425,0.26365491234161426
0.7803406123678642,0.6963990054015409
0.2793610203971079,0.4726996100624277
-0.5713117008686843,-0.03473208086718624
-2.6213228647637408,-1.1309527696358181
-0.4969737530149305,0.18498303640800748
0.37430997425599044,0.5626122353710197
2.0254860146793927,1.221877199664255
3.405543796270389,2.1118117258612243
1.5714844884996013,1.0606513241745357
0.8379768433155012,0.6704302974789491
0.5894222170810783,0.5363432346632758
1.0647481151143696,0.9933399925501631
0.28695874694647494,0.3550985649525148
0.5749179947531079,0.6269380267729271
0.22641822646247106,0.4490711420193709
1.5846034213241091,1.01861804751393
-0.4729366324829025,-0.03741893863382595
-1.7531847218425223,-0.5192260510334106
-1.1445004459442287,-0.34615075318545413
-0.22050729229588117,0.1988317467843903
-0.8893419500867331,-0.24779010524821388
0.6409216332169879,0.4872835613123945
0.3623941593310508,0.3934482707632481
-0.8349136036126574,-0.10591678573347046
-1.8225220727565297,-0.8095963441655923
-2.891973557347492,-0.9220588054525656
-3.0211921808680007,-1.1060518177208234
-0.32224584470578665,0.1815558734858677
-0.8837011598004931,-0.13900486385513217
0.9872821130548523,0.8163705667248171
0.06846777178276553,0.49479945154923416
1.6021649577103214,1.1651263272431276
0.08973659082998453,0.35323741360930866
-1.4190413143752987,-0.417787017561135
-0.5492231356372844,0.1850196363923868
0.5560616088843613,0.45230662466269467
0.22413400064679462,0.5071323740426317
-0.8463304111480658,-0.2148991254087638
0.3340995199261524,0.3987926754599306
1.718121059141567,1.0539984738871067
1.6561024441338306,1.40171904328581
-0.5876654554527079,0.08589087907440955
0.5879606193237308,0.4282529485976385
2.099202343973371,1.2151515885699902
0.5186717613447154,0.5906625987446583
0.9643108665400695,0.6577139116191386
1.1307452627025778,0.7869097556072998
1.2537554261473762,0.84605758504065
0.6052936462160374,0.4483538108159886
0.96617960947657,0.6928814456453323
1.5704858312302825,1.1527990977779452
1.185412838592471,0.890434019043903
2.098878681436564,1.4337840127088695
2.010812833775081,1.3660148200758542
1.379050227973467,1.065510021187286
2.907522686143699,1.772251179088587
-0.8125980319607728,-0.2164612816023682
1.1135769537550129,0.7062460999435739
1.5024755344253995,1.0755701076682411
0.43715157798687565,0.5983481569226041
0.9592725736287773,0.8168764610852906
0.07998329870368237,0.36302780456312855
0.42549787943934597,0.31979426186629795
0.01963598132782951,0.3296148367208105
0.2315907242899755,0.5790070878751923
0.5060990879450254,0.3563735139923376
-0.08110047005921411,0.2352032640243809
-0.4123631900489718,0.1083685305994263
-0.6521927657111061,0.18538269365543888
-0.41847839124354874,0.07245569503127819
-2.199725446900878,-0.7832571362541428
-0.9098327425936865,-0.18296941842846162
0.6205085242025128,0.6407217467174015
-0.6815404960705528,-0.04017400634211149
-0.24535342466674293,0.197729011926861
-1.9134403798479396,-0.903762328076702
-0.5429634143777643,0.06957617011706285
-0.5069020215899817,-0.032424327394101116
0.13064754406105278,0.26155723781633816
-0.11130024989959938,0.308526611262244
3.277372451284179,1.960928954141306
1.2707834165290999,0.8471813223879199
1.697789767768751,0.981028407328105
0.9126112193666682,0.6078612914816877
1.0824057518521593,0.8270247272976177
2.4470627151999933,1.497532582991913
1.4366695097121045,1.0907122210903792
-0.03340447980732553,0.2677000266595405
-0.31630956374730834,0.22304077310910503
0.5277695576906665,0.6348681779266377
0.026316803348151452,0.3540628582155908
-0.6326936689604153,-0.05568242096834042
-0.1803678832291848,0.11217163260876016
0.4828420975293041,0.5329469756578773
-0.027256196307746616,0.11169734125527608
1.1833848995419802,0.9178578464956557
1.9016990123804745,1.2232530576383998
-0.5220421705533518,0.13509554142902827
0.6107174482549702,0.7763542004904608
1.720162472862703,1.0469398349580066
0.08006703579289443,0.3216228606009513
-0.06942841356002585,0.30252637221081574
-0.8220026857314333,0.05144881670864132
-0.4060371439074695,0.13531115487387496
0.3215465302717564,0.45099447488820565
-0.5976332131653954,-0.11074197479991674
0.8226983428349725,0.6190130076855
-0.1954733295925125,0.3952681848330568
0.35739828292272485,0.43949487651807334
-0.4270223490612617,0.011278216726320692
-2.0102362062359176,-0.7382606079227136
-0.7470820746825223,-0.056526255765380194
-0.8689867467776833,-0.06464078892839202
-0.4249327518118816,0.04540776003434252
-1.2536624421015161,-0.3143745122483468
-1.0521554447745325,-0.2263827828344754
-0.03162544355374697,0.41355423790953383
0.27507960702340917,0.6218932672142927
0.1968038920582233,0.4841961848997283
-0.24985321805072855,0.1248336935028912
-1.2542465731732872,-0.3427022762632732
-0.7176168660570069,-0.1522126808743602
-0.21903086214184952,0.31792271591679033
0.09532823049903477,0.27883168980280293
0.7014278826679361,0.5210180823168462
1.5336278681758455,0.8845721707553487
1.8356406374396543,1.168121393905703
1.5337355925682985,1.0099698875397094
0.7313997084428503,0.7365228704061868
0.21786398335819152,0.312184211825555
1.1452030551806076,0.84803125768882
1.8422753106344874,1.3011971654208776
0.922028654220766,0.6279513176555324
1.8777538782578873,1.324598507258396
1.6377780322694813,1.090043860192712
1.577103942883106,0.8612520677518918
0.4031383689115874,0.4589910321156573
0.8835662138040599,0.866740243303789
1.6608814969400763,0.9800608662187283
0.5977058972402545,0.5922211140253911
1.605537759811631,1.1170496269412657
1.3036707872828355,0.8893971044247894
0.06743016519651912,0.33778903228204765
0.3078836233356188,0.31440254517127475
0.04009978063641173,0.3378346714191387
2.093975088253462,1.3643084236243763
0.6689285962717645,0.8033229254599515
3.3556606375126434,2.1391583421093023
0.5926590030908594,0.5800197798286717
1.0742373274449366,0.9190935153568318
2.2970497598419737,1.6008077037651178
-0.3474141500191945,0.20071097214150607
0.20311798934647535,0.32762982657120326
1.3559573928351618,0.8733633129857122
1.1427113550234416,0.7851616691821363
0.06354454025758338,0.3431051015069476
-0.3177414016950304,0.10169448038077
0.2738448629270245,0.469786292993788
-0.0008434892431606889,0.30964484910866036
0.1879504474356423,0.4378938604991052
-1.0866611430813278,-0.3468227635860606
-0.9485816303093236,-0.09512841369581283
0.2383659890307014,0.3490078480803799
-0.5638535920129167,0.02638474849407156
-1.3882688492784063,-0.4070693334525435
-0.3084127309542246,0.09271971209203694
-0.5067246661854524,0.09166412572126315
-1.0980706162585094,-0.06542600489963199
-0.26831574660096646,0.21178335762590206
-1.2482662634053312,-0.3742673973303532
-0.2060258919944773,0.16073688592676794
0.09063742260268876,0.27947245353009825
1.0042067673940156,0.7980237555960578
0.3086199884762012,0.5286931590438149
-0.7641056664710537,-0.19083887895013435
0.6363667766376654,0.6822286893050289
1.0069969246871624,0.8213530716184981
0.5451060245401546,0.5384629162102051
1.613728885090656,1.2645248456928841
1.1085688751684264,0.8052407581416021
-0.04063718687441187,0.32157542097931074
0.5894008518128593,0.5406492284233464
-0.8059193015908505,-0.1261130963841764
-1.6559232122518113,-0.5422624078794049
0.00047226219374119083,0.17753990033379496
1.0494948027920108,0.6867891165283682
0.9229620409394909,0.6662796910156588
1.768254360113712,1.1373230367367302
-0.04193955172995567,0.3487911289867138
-0.3326515519586804,0.10676443482953897
-0.5044888372872118,0.019555762327888526
-2.067480525616507,-0.6214625254610725
-0.7322708402556353,-0.1137146640344143
-0.9016403601489005,-0.20043178550587937
-0.4932826209338009,0.15532168450075512
0.5100567642314613,0.38972817003395555
0.5848477315355692,0.49114124048311925
-0.09322564637176056,0.2185395725140054
0.8119842420652673,0.6309410724400881
1.2171912958512734,0.9649994775593183
0.4657568737100691,0.4647585177085024
1.3476768515565767,0.8414914772182809
0.9889367886253848,0.9591028455275481
2.986278358503158,1.7567093947410317
3.030625330642469,1.7677972509678874
0.463196396507078,0.6001101956068803
0.16284178698997626,0.41203512109253404
0.8946517887401289,0.7514507973940856
-0.2581989923244923,0.27106622480187925
-0.8653944618882645,-0.1525800773709463
-0.28922057441128196,0.06873261721687028
0.6011766145174713,0.6039670254351018
-1.2165011224185327,-0.15437107988474816
-0.9071628621763358,-0.01048503169082779
-0.5260405886881643,0.0503759797323359
-0.78410096447492,-0.017487410197978864
-0.6784777036900393,-0.22308027286137044
-2.8065658928778614,-0.9593257957219697
-0.875408965895113,-0.19275531280386918
-0.629780689520064,0.07145230604874242
-0.0984848051605795,0.3544770516576935
-0.28914146690821496,0.13982546489184955
-1.5196502905945644,-0.43706343993400987
0.10522418576151038,0.41516799223665274
-0.857928441590746,-0.06270505183437271
-1.7149576110254383,-0.45254934137926933
-0.5569445905492038,0.04920496552322852
-1.3280573261596444,-0.457490732991304
-1.1340782877676479,-0.2406601915282559
-0.6755391830864924,0.15653247881615315
-0.765737396716158,0.04025020748510749
-0.5020144489306281,0.056724056170492435
-0.11374849447501095,0.13518069163693724
1.495639284367765,1.07247537513156
1.512314741569321,1.053301433777967
0.3217642719054985,0.5514440107321985
2.3127309775743856,1.4853905194838974
0.9485328070350895,0.8703362945046224
1.6156991185417406,1.0474823016750645
0.9411928935381924,0.9610471158142947
0.85906811313567,0.7235384030467792
2.2542018596806934,1.449000210325249
2.11609308958258,1.3050745273219049
0.9430511958141012,0.7459027702316103
-0.11870402757780196,0.40566408202509074
-0.1754772192936906,0.2672126931812179
-0.6779325375699785,-0.08838777138104832
-1.0661017646706732,-0.3493882976473169
0.2613482793584039,0.3551743278563693
-0.49241030053686674,-0.04687223598514051
-0.20945467232949314,0.15915067122455484
-0.3919604243984455,0.07725823007884818
0.07435571043795991,0.46638545931267944
-2.398796582661584,-0.9622520798844036
-2.214419070910564,-0.7081925506904272
-1.2773414909973377,-0.4197065548993623
-1.3483291153618238,-0.35677667168582766
-0.44671573694835015,0.19800623753055505
-1.003178658332589,-0.2775841139837185
0.00662994906669645,0.19784079131595128
-1.5880025528998107,-0.6200290175851134
-1.0771254382171678,-0.08617018422445744
-2.2106442509653377,-0.7124630424164408
-1.8694337304273796,-0.6432373616149265
-2.007177022364387,-0.6272841723095466
0.03981518797224415,0.15853463227899472
0.6637460876503422,0.6674265193242348
0.01771513576842887,0.17860304170971272
-1.3616713564574663,-0.36970053744054265
-0.17974758427367854,0.13008124087729708
0.006329263220644893,0.3893076838462758
0.2482129443733441,0.43742238851112814
-0.6529409211528217,0.025440257272962702
0.6384663691433944,0.6502171005199451
-0.57726081303008,0.18806835525504753
-1.6305675572403255,-0.5826574313778043
-0.889433236174135,-0.0502216153714493
-2.053841065711419,-0.687619370326584
-1.0145698446325075,-0.21931129111581532
-0.9476869050928987,-0.31745907265613815
-2.6645944964918464,-0.861928954458336
-1.3763489723752353,-0.3084357795766145
-0.35285614544816146,-0.032258258911485704
-0.5213820738146748,0.10216883153756025
-0.9085502070279035,-0.10075824504800716
1.2206613119049003,0.8019206989562329
1.2938058975825328,0.8099457309196104
1.499310339169513,1.013447646818106
2.0231445765751896,1.3920125446721916
2.9187375447773256,1.8606099004356802
0.9340677806688711,0.7403391114687217
1.1072624813902547,1.0742703747547955
1.1844383690279587,0.9233987488813672
2.387795202517571,1.5348259166529017
0.22427209109128732,0.40767918934367825
-0.5357615092927686,0.01930836261580709
-0.007799198380264161,0.49527874973927083
2.444152148472833,1.6298186118828721
2.334312506079397,1.5648056248937092
0.054389259150653846,0.43185566642939094
0.6393927838773844,0.6764930525281865
1.5869622886731842,1.2788729654728428
1.095222009106224,0.8344839258338529
1.7741687212354755,1.0339384208577427
3.0591409934617477,1.9593364033761536
1.4946280988349525,0.8961809996430209
1.4997430323663692,1.1182642300018237
0.42072960725640796,0.5817378282881507
0.1718147160813051,0.4496068071854941
-0.23212334957629674,0.15675952959586403
-0.49086440559333233,-0.11546301743286905
-0.21125955917035016,0.24058390661410056
0.6592307112505029,0.5175230783127823
-0.02065059156230087,0.46876842927434614
-0.07055738553846644,0.19478773069808897
0.8001638073027926,0.6310680893740831
0.024810131197301244,0.29881512187677367
0.9998625918262002,0.8133354112629319
-1.1225210196248145,-0.33470833036434494
-1.1517130366743993,-0.3985471608059641
-1.1793181302378946,-0.10585324616194328
1.460952217402135,1.0284951948248462
0.011413584173029845,0.42466201570080325
-0.08476375976030362,0.23993742067626753
0.5062722834183775,0.4308095764641492
1.6514427218648413,1.2126837555443104
1.3585420544610542,0.8748084149022671
0.25479903055476505,0.5657800981161671
-0.22209753522925377,0.15203590009663898
-0.35765090830486207,0.23867841800487982
-0.5154774749324272,0.015029947398412943
-0.2751323288585348,0.20761397563828987
-1.4753538952474807,-0.41533106575157297
0.5648653492851873,0.6361187378882752
-0.14291716693373613,0.37296661450331026
0.020696248302679326,0.36551162296858036
-1.4969849554223313,-0.43148477283592224
-2.3577872386368917,-0.7426257658617695
-0.8879736366327652,-0.3814367499400302
-1.4973548962190266,-0.48458181298499226
-0.261414925636269,0.2660404583492407
-1.391336415631486,-0.3639525467247
-0.019722017877178755,0.3082374280317657
1.750413948515111,1.0295720221455982
2.479418893339926,1.6115348077409657
1.2025417574075714,0.7395497814503691
0.9520294226154876,0.6481724791255765
-2.090060884203783,-0.7937247720678212
-0.9864780242861682,-0.36545362204095005
-0.2572583536352907,0.20388393475449046
0.8576436922754891,0.7543133490409809
-0.05448584395747713,0.17776410090826417
-2.009341496613616,-0.8485026217956575
-0.6478117253277096,-0.14888078336891464
-1.569431950203759,-0.3949139116612769
-2.3986463707132213,-1.033493859742312
-1.335059239332897,-0.4510652915317714
-2.7896815233137655,-1.037703875965037
-1.2264762603051462,-0.45679998855349624
0.005984899398251087,0.32932611719770083
-0.3064318341451942,0.1383086291965853
-1.4364360510112557,-0.4446643980442946
-0.430836970699647,0.006651135156658175
-1.274323862116796,-0.24287997774549624
-0.5167124996761288,0.009387911846057917
-0.6671570788735838,-0.08172492292966121
-0.5627658605428706,0.026239660479017317
-0.9418352461629366,-0.04158469800998668
-1.9967941176787907,-0.6226667168627931
-1.4179249756329522,-0.3696663505212502
-1.0897358092274723,-0.1336837916302684
-0.7446966205604248,-0.0742099458643712
-1.628396061401879,-0.5127146033453083
-2.4306657082252103,-0.7908724792402673
-0.7446067902445148,0.04149807235923701
-1.1743089921858376,-0.23264323549419313
-0.6708704107351874,-0.18124711417345069
-0.5740390850359745,-0.12224094332765045
0.40105848988259696,0.4560944743601594
0.8484407135511957,0.8743603817251151
0.8582957969239832,0.8422983103411873
1.8950199211786616,1.215686238111514
0.5993063852903004,0.4208992213563476
0.6253962004108059,0.6223448003137271
0.8771130975811403,0.9672216857139583
0.24999801282785805,0.5839723679376578
0.1745724863019742,0.44983101790901864
1.2392902535157981,0.8216359129690457
0.07052112620831597,0.3569286419079812
1.8590557395939589,1.358341060076976
0.6718935443632121,0.7934378260500041
0.9622321472553484,0.7244896901482193
1.945279976609708,1.4287630506378826
1.4189999292471736,1.076226101824835
0.4705426156379496,0.5046957271816671
1.3778257342771343,0.9502589923998133
0.15303966171814642,0.39934454539069036
-0.8696783801214221,-0.21099849038406573
-0.7226271457271345,-0.10828696795484294
-1.5589480207305688,-0.4557711995866979
-2.228949334346447,-0.9070165586298071
