-0.3146273818266673,0.18643492472736334
-1.1782827054468374,-0.3653147688344746
-0.9259976145801797,-0.2062834790201928
0.7921479811784897,0.7244386315772675
0.37554341266542995,0.3589693483548074
0.3135409127453604,0.5346526261302398
0.23865576462532223,0.45893879927369485
0.7997763161245531,0.5965540938558567
1.168282450974385,0.9241010472879858
0.8572071245448074,0.8378823158352235
0.5463831549069471,0.49399732983473
-1.2713445926226155,-0.3527151306557258
-2.056240377866287,-0.7722669585018815
-2.1252250964141344,-0.7364122555724908
-1.232745619441628,-0.4448995652561419
0.47194955790065973,0.5359689964032308
-0.4910955759483657,0.008423136132885499
0.8064779390831192,0.6287901845052168
1.1813001832039909,0.6702820076992814
0.8173018009189973,0.7259768789077997
0.6594529667135044,0.5809270311578587
-0.6828178033948972,-0.14272634040075133
-0.8684921317287164,-0.2518972924261855
-0.6860496539080891,0.018480137742317986
-1.1483197573002473,-0.08808007153180622
0.3644815958419675,0.5024598753465983
1.3002169392377472,0.7521684924231576
1.5090634886851642,1.2381481118460937
1.0245404342037927,0.81969183652792
0.9853415330557571,0.7643447669945571
-0.11415762227185344,0.2610210813072792
0.010805021817850813,0.45185007780732694
0.6443350917847713,0.5847036327681053
1.663614228501822,1.0146550830808854
0.4604744115965288,0.46658265135854554
-0.33263395652848093,0.372075503835799
0.6537749581130512,0.6418398555794461
0.7018039006133688,0.7375049059160728
1.1805034776499403,0.9687575882792326
0.4681616330775787,0.3038606279348338
0.27558463570256053,0.30463647330697496
0.3344411557261073,0.47111948656468433
-0.2818690717849369,0.20927261848957496
-2.474355298804051,-0.7277264608965099
-1.1534815636724438,-0.395124684432573
-1.2503152849472925,-0.4566727565519173
-1.8284805135056765,-0.6432096413836345
-2.346685229805093,-0.900556730079108
-1.0832287206758902,-0.13980660603930317
1.0154857237344561,0.9188521742782731
2.03586669163505,1.2951213130519434
1.9734099677681627,1.3666889939402882
1.1738969426157033,1.0228274753176219
-0.5851500707632052,0.09889107892883986
-1.2212986369456837,-0.19809802448666697
-2.000278866536319,-0.7101674322795912
-1.158656347121203,-0.09936045646429184
-1.0730370390302078,-0.167783827101159
-0.6550993584726648,-0.05109050477996226
-1.0249813445044582,-0.19786624226388286
-0.7134110753798693,-0.09354412037291931
-1.3515403486745239,-0.30283548694811285
-1.5505799779277694,-0.4812806321504306
-1.0987098333253267,-0.3697163472897524
2.2580645643435657,1.4827731065636227
-0.5307232942280686,-0.015464465723463022
-2.352852477309889,-0.8659562490059638
-0.9852213490458595,-0.16865367219020247
-0.5059127181638605,0.06490252492562121
-0.8980837255892964,0.036700059493087134
-1.3032165000737361,-0.35495367580658993
-0.973950563481254,-0.10869773215422726
-1.2159624181737532,-0.2703821387263485
-0.4331759100173066,0.012653599255373946
-1.4043657809994348,-0.35985524807526637
-0.41262387121809885,0.006759073702890389
-1.033265980518184,-0.30410529214747367
-0.959162010880365,0.12075345162710227
-2.418354486606477,-1.1090387366508785
-0.4852960947406537,0.016302680947327203
-0.9696061908687292,-0.2567188437398672
0.867935971194357,0.7563374269323955
1.0453887290236343,0.6965522204655092
0.40846401795226406,0.36603301832296115
0.39745216057097515,0.28125770357829233
0.5704011640799659,0.665208123237474
1.103908248212005,1.0614724378951612
-0.27315002321535997,0.07871132431048196
-0.22324439599177814,0.33145838948939166
-1.2763694787171098,-0.4311374050101719
-0.14034495349869114,0.02791751422722588
-1.3412486292428711,-0.3899170274761785
-0.18420832560407807,0.18070369623082166
-0.9776869765222496,-0.22164216893275526
-0.11524117838600367,0.19643755832844118
-0.0345201753248819,0.20922289957621518
1.132011844528747,0.84396468568697
2.4325965613626406,1.4197104936076548
2.5088418704696465,1.4869894928720488
2.3304956694041845,1.4549304329831065
0.2958334599754584,0.37349794234551903
-0.40133335523714025,-0.07881832499822822
-1.6459315181619814,-0.7405039997814064
-1.0000482557038193,-0.13170143696553493
-1.646974693943542,-0.5051455683769472
-0.8490460229057023,-0.22353883887454862
-1.4523848844290643,-0.4321408508495308
-1.1064533022519625,-0.34226586979383894
-0.5100596736671142,0.13053763947829394
-0.8085808133197563,-0.05196140360967304
-0.3764818349301427,-0.1517559258945926
0.5036411463673418,0.46976765023000605
0.9441615290886227,0.597091909631521
-1.6923912446347515,-0.7557978150387128
-0.5995693118549714,0.13344419170648225
-1.9361106194702202,-0.6066599533013133
-3.173665315620228,-1.331027603532632
-0.8938746813704714,-0.15118550992649477
-1.288941429359801,-0.349900649562044
-1.0461631181931226,-0.25684944500633455
1.2453406586143965,0.9435371820883075
1.1798929253668957,0.8148374188790222
1.9857523184439578,1.2313333578286418
1.5831245514908452,1.1650870600521817
1.6787076764856117,1.3541538863520497
3.1648986156163685,2.037414294003681
0.8970783824214362,0.8204596573953781
-0.18552147541943542,0.12656360535238742
0.3710796259795992,0.6144269646572589
0.8643326304364087,0.7285911444271475
2.10999064572242,1.2844481681641045
0.12868521189772064,0.2542974826037632
1.4849437198206394,0.9817969851367758
0.9845590077617752,0.7723077145634386
1.7402821919525104,1.2396637838261917
0.9720814479118662,0.8884156225456725
1.2514118327283572,0.9817211918484227
0.3532993945441314,0.4970093514549158
1.1540605310623515,0.9089440095639237
1.146841821916946,0.7163064018915372
1.6651396121619606,1.1422583934581558
1.9804374935799625,1.5387533520668326
1.657873372155021,1.004951538101521
1.5527040002383519,1.1115730991118666
1.1077083466134572,0.9720749151996309
0.43554690707371646,0.4118344329353643
-0.08223008378790009,0.16017971786032278
-1.4787480506782207,-0.5130363080423465
-1.5449964355933856,-0.5977306179589146
-0.2568852725526659,0.20800720764488217
-1.3510695992828066,-0.45491998999100064
-1.5826663672217367,-0.6026767357313955
-1.7807664881685294,-0.7600815717382561
0.8508117273586462,0.7788878316879867
2.353647042328178,1.2097870911006525
0.8249848067217189,0.4989450365906027
0.6001727477807284,0.46441677629572775
1.5045842888073253,1.0034143725496891
1.274227470751939,0.8386099474354681
2.3407975257079325,1.3536536255456424
0.9942858731537497,0.7331740987769125
-0.09163224914105172,0.33029536502123197
0.015361896308903833,0.41608518043773385
0.1335817942414018,0.25756368628747983
-0.19416007085779785,0.16437481941623994
-0.7377219174016869,-0.09055806847897799
-2.241827881988403,-0.6957013266874699
-0.8467952583228266,-0.09582889516036626
-0.5166517939485678,0.13180298153517794
-0.47003089276278937,0.05299496969966646
-1.7795784072548662,-0.599942382126468
-0.045160029771096344,0.23901398345614752
-2.083235354889858,-0.9681499579413522
-0.48909470499544483,-0.007549176557145126
0.18160600329644333,0.42481474202452607
-1.1367776602420891,-0.3277842983188122
-1.2099863461595217,-0.3282175711616698
-1.339848709652859,-0.3001888302752611
-0.924319071013174,-0.19492639155218797
-1.9764772252720357,-0.8899210437929729
-0.9857757815246011,-0.04152875515988974
-0.6261449278594078,0.1530272541733087
-0.5080588675750285,0.19211027584603607
-0.5872093064507558,-0.022957095834191657
-0.42602454262833644,0.013679839868598248
0.9788540632294056,0.8244390163645667
0.18229187792102364,0.24770831385804556
0.04596513540435862,0.20704613964353386
-0.40361659343283135,0.17459282273298243
-0.9880401524195681,-0.035385782866273835
0.39516468770193425,0.5106805491243605
1.6291746019483022,1.1822152228970269
2.7209764740225086,1.8190993870920595
1.0393794273587087,0.8955227272051763
1.0664648666864824,0.8346882623275672
1.9832489701039338,1.3017743393576406
2.208054617465497,1.3290839066712965
-0.5047036807171006,-0.0569137460247465
-0.7186783047826162,-0.12289573631142824
-1.547347381078735,-0.4774613960535771
-0.8684550536112068,-0.26084850742068844
0.33373741024625314,0.569188194741985
0.7432318737679736,0.6947197656761692
-0.7884492679381703,-0.056119746123734694
-0.2219185658907274,0.2603471433593462
-1.1609215482315478,-0.21684418607746003
-1.2249021518990988,-0.3386043517663003
-0.8274924489453477,-0.12593137303680013
0.9252656612437984,0.7640460402120143
2.5430933958510886,1.5423257309176348
0.9446909589408404,0.6477363206701268
0.711509246258695,0.5088597789388354
1.863557832006565,1.1999297819973165
0.4524641818544074,0.4717315094313488
0.7391271982893435,0.7974503660727577
-0.6668595285845749,-0.09064660262243236
-0.8644646853232447,-0.26879344826510354
-1.6833531212041954,-0.6009712817113022
-1.794754503083241,-0.5514718111793302
-1.6701269207728835,-0.42949883740134287
0.46601253910137364,0.4522361467365898
1.3675303082425985,0.9818300587343513
1.2465135230867874,1.0249587821661457
0.6540557899578072,0.5136514170695469
1.1241242283764243,0.7897942817669298
0.6080612987503445,0.49338695357647067
0.11184379515402132,0.4496018455331432
-0.015020850552746434,0.2291679629394005
-1.5476910804549227,-0.30526449205326567
-2.69921601439846,-1.1557519859263488
-1.5654365927334535,-0.20590327247905027
-0.8973102397356393,-0.30356303216902936
-2.3969040863115385,-0.7600165128094668
-0.1378535538810115,0.2217516409136672
-0.32231968309549364,0.23597777776848664
0.7158775607528276,0.7793750794703752
0.5193384878554437,0.46676167014634395
0.6937210185017467,0.7785287791373572
-0.3351826831001793,0.16925971735671355
-0.39051424620390796,0.07366688586285369
0.44588624379159486,0.538323102488401
-1.5803986420719698,-0.5952218957444129
-1.2829770604666821,-0.3599762122543957
-0.2623957829123963,0.20441604036538324
1.059391922779712,0.8186908579067351
0.6010195749826444,0.5242443103890354
-1.3102049220369594,-0.34444776557982965
-1.6981058251007854,-0.4000937796472578
-1.7650377612063257,-0.5307822418195268
-1.1472299347716723,-0.28358622313187876
-0.5079005498668204,-0.012679574806089826
-0.7459556524076332,-0.1744891187531592
-0.8055415510828878,-0.058074288629914456
-1.9186314614995768,-0.7693194589436081
-3.0332952478612834,-1.3632523231864127
-1.4482844862390118,-0.5174878273250463
-2.028204094058206,-0.5891101411275534
-1.7044892251763168,-0.5282821145721435
-0.32549624342274186,-0.003771181847142313
-0.4088373674717576,-0.02689925875621961
-1.712443953850923,-0.5069674534598001
0.1493265959285115,0.28669423634882646
1.0894925662013746,0.8665571238097807
1.0690851950349236,0.7296244779207371
0.46559212878476086,0.5376349849173123
-0.5638512760625929,-0.10082250139118282
-0.3401594468188907,0.11154344852788443
-0.5754657862248467,0.07990964889900833
-1.1682165419092787,-0.26999300091013506
-0.7142732330791548,0.0033809003214134853
-1.1813578072975526,-0.470138589722627
-0.16188319565091658,0.27238038477064186
-0.7550618054710966,-0.1501499116310483
-1.82813735279808,-0.5694636693451689
0.9483136218531909,0.8108274564085424
1.4078650564738568,0.9775620474543901
0.9995621872407332,0.877768177691976
1.3504768322612708,0.9643763881590695
1.3280832065915624,0.8531940668387756
1.1944770856092555,0.8093459469053936
0.15044475659648504,0.33419240373809245
0.5095160583822159,0.4793953727692455
1.0824669659682045,0.7531305840526656
0.10290806139287956,0.41145677059043867
0.13527139852408587,0.25151313134795855
0.05114887451313678,0.3815933518776895
-1.0786734804397995,-0.20621239002709263
-1.495468776836161,-0.20937785004999884
-2.173783490900793,-0.927180918118224
-0.49647602894138354,0.11670153706569206
-0.542391002867827,-0.03415278570573477
-1.3870214127462006,-0.4458396648186118
0.12566447393276448,0.4728478321156074
-0.7197594188441,-0.13453132695242961
-1.2981543147049446,-0.27050798355452393
-0.3517880844711133,0.08170950189222378
0.2523126337035524,0.4853578953958362
1.0008177609139064,0.8519015319734817
0.6590528165703379,0.5177515058284556
2.997806985683635,1.5189695115597148
1.762129875902934,1.094559215453632
1.516367100230943,0.955280179780576
-0.8501775036570641,-0.11008202763019535
0.7636805839683172,0.7349100417645426
2.9675078358939144,1.7853978180617098
2.519460322093873,1.6295938377841837
0.6861188533173462,0.4247864600020653
1.1798309187761136,0.8777657624891309
-0.368818960090194,0.034451388413398995
-0.3325404572015158,-8.980799693483754e-05
-0.4307024966750696,-0.028051352876419938
0.36807819588489815,0.3197777150016178
1.7468427924988426,1.0398629714773537
0.7315746455241502,0.5891311565402326
0.9240511879320198,0.6645127420092094
1.32516157247256,0.8278192266961298
0.8860047497002781,0.7448145177986282
1.417489074838063,1.2044447029940657
1.6176301085456393,1.1454789478212424
0.9661571392740188,0.8514883888232022
1.1949826664704783,0.9678751157271115
1.183575606902559,0.8545644814403058
0.5807745184984687,0.5445789087363708
-0.9053855623920559,-0.2656428296594871
-0.466767809259307,0.07167245252770946
-1.5123417143412505,-0.5920859582445621
-1.259988764362745,-0.31823674021477427
-1.2295490342940083,-0.2831919951035963
-1.8820682860328888,-0.7492800635380147
-0.8354570345144003,-0.030033430535818098
-0.0345966803297868,0.3955765331260961
-0.7132950823047594,-0.028211664354253117
-1.440795084874417,-0.48293495389947644
-1.9650816700674922,-0.7371423682182552
-2.103910915314514,-0.6579247551140104
0.3746441523626207,0.5775471367309175
0.061252291771426104,0.4560054605396966
-0.6512478113344585,0.07292152190293907
-2.2820584536433666,-0.895509997069981
-0.36984804439867336,-0.051828939840234706
-0.956240254209939,-0.2816758022234817
-2.091527963496846,-0.8965377127045817
-1.0679086369070931,-0.12288247101342353
0.6759381693452181,0.6299546990358175
1.5253710352381171,1.1889115035130753
0.02736032293062296,0.2983261316634743
1.2938234906936839,0.9325005837183228
2.171355057600973,1.4762690137269145
1.3823970680300026,0.9550223811347025
0.8276640822333057,0.6597479130947961
0.4133705701886769,0.613738808081255
1.0181255068124042,0.8171009851138367
-0.13544383493639833,0.14168348178883455
-0.3500165766022665,0.00196650984170188
0.0220869500144093,0.40402524275383583
-0.4023132810687796,0.14653787930922121
-0.2887390523935517,0.2841595649611216
0.6246425281984739,0.8086158562037614
3.305606924268628,1.8647524389821157
1.0135690773574102,0.6592410975144448
-2.126728672149279,-0.7458759240939784
-1.091869402871818,-0.19338301426835386
-2.8255340865855585,-1.221638402187861
-0.9136631395835355,-0.31914609207457945
-0.6057358197325147,-0.10533722548376323
-0.40581529709947983,0.10140236889552061
-1.8327713778205867,-0.464143517231989
-2.4195157788251374,-0.7807379482326113
-0.3165088216305664,0.06141661306497034
1.439786585963508,1.0151437449665155
-0.09279491209104995,0.44792377465865885
0.6686116417962684,0.7079242930365234
-0.45036372363523014,-0.017259549143675557
-1.0099582475431501,-0.10007569110489561
-0.326948136385391,0.018046658931859694
0.7641239549220584,0.8049844926938776
0.07539814516885646,0.4156125421323018
-0.7732020818845581,-0.11551658616715425
-0.9506500222939647,-0.3242608986959583
-0.5369640973872617,0.06068915502908326
-0.7085824600739983,-0.004918273911725182
-0.5509633004196811,-0.14785451229830185
-1.7360375125204293,-0.5448897794503615
-1.8390396037077925,-0.687827431407583
-1.532394966270778,-0.5707084443665384
-0.6502842473154591,0.03956892770596297
-1.0682328274500517,-0.16271452442061501
-0.24114734858927578,0.26068830200759696
-0.05104718708454534,0.358992987361843
0.20223433752741385,0.26667547493885213
-0.21339459304282732,0.08810043415441385
-0.7213428561853974,-0.15447052097930652
-0.5802574677236613,-0.023798590889439926
-0.2308372443033717,0.13960309841018836
0.8236009856776891,0.7763757102499982
1.127936600279644,1.0379380274245262
0.7667952945138125,0.5424440369072359
0.3217152966885713,0.4617262190639572
-0.9438793164010988,-0.30400626564396704
-1.2549453233689107,-0.2597376724086127
0.3682528288107555,0.5671149575006467
0.8822244209510576,0.6149580712305495
-0.09715287049222632,0.2442912643361654
-0.3332273891678027,0.20242348531059662
0.13901659063244398,0.4703016725512847
0.2249910177650014,0.4105035198729876
1.241845981374823,0.7923416231734386
-0.6531375008641104,0.025292922902250048
-1.5839633897742127,-0.38288345103390653
-0.5782494744249469,0.05156365356753227
-0.1907105637534134,0.16809753317935064
0.9828666772025221,0.9460096911871059
0.6749294014922818,0.5049028650095596
0.7627063271569516,0.5924875347758568
-0.2116225852450817,0.2973703850541043
0.7935349192506451,0.6301970643655875
1.5354307547561277,1.0281819601908113
-0.041128008050259846,0.6542694965505796
1.2040545497172792,0.9168821872127064
1.0399234578047716,0.7692763039775362
0.9751201612929346,0.6057888673097429
1.8181552832821177,1.245032547543489
2.137990232809423,1.2666677889621638
3.301814414704723,1.9423949132841085
1.2106896604399469,1.0335104060593914
0.056198825937149866,0.4734530216689934
-0.07773149581958923,0.09873235099811623
-0.9298637482199793,-0.2768701569046713
0.27084124532371523,0.6214796759035605
0.7569320836790834,0.626798905695649
0.04623072971016451,0.26720315608972955
0.012575124629660213,0.3521903041369185
-1.5968371052487014,-0.40283885631930527
-1.4330580964945685,-0.4437329115635844
0.7136894574133108,0.8130010599655217
-0.5654369768523928,0.11101080858551254
-1.6963324225777971,-0.632496866637081
-2.0472044415325117,-0.8084898683573716
-0.7203829798051824,0.06271544663763617
0.5338347887765313,0.4843411095603454
-0.8817213607046839,-0.12073571686991302
0.7770200451343899,0.6418634839931223
0.17813681240123902,0.4985746301920517
0.3671352081981327,0.5220480438435309
-0.773328120026312,-0.19656434437947828
1.8567159229079728,1.2451311790751187
2.522625947183491,1.725220316580308
-0.3205767580935832,0.18749959520832332
-1.991681105316058,-0.7749633980579063
0.9993572129694659,0.6093881523117157
0.49341290623376693,0.6257348637932212
0.7741029731788662,0.7541819418922691
-0.7104856958659544,-0.12150548457817986
2.342914612670973,1.4764791595267095
-0.0035700459016108077,0.12057924638847034
-0.477717867305847,0.1084420316094365
-1.2123072791489156,-0.35064702581746626
-2.3874983289426583,-1.0943560671281984
-0.22068392219994504,0.03735201561142795
0.011711660316929773,0.38869448340647994
0.1617682944581913,0.3552210231022586
0.22820696080498976,0.43722495913703147
0.41371793244096394,0.5736400526055504
0.38561218002562503,0.5727066252210509
0.7851282729912331,0.7083386903454227
0.3498429853139206,0.5952487806896145
-0.03366272022507455,0.14972790988028467
-1.1186838328412656,-0.2750382296486838
0.5454345417876303,0.5749127662215607
-0.5332482342980682,0.010432459958823179
-1.133055960481335,-0.34539270879273243
0.14571137184890526,0.42701683645267663
0.6833897888907632,0.7329895768760432
-0.8463041567806536,-0.2455420329824053
-1.384647527356945,-0.40624658531231084
-0.7433535384491677,0.0152368721163198
-0.12735151145650436,0.2597510725269799
0.4926596655550881,0.666450951980549
1.5018900600106835,1.0399197516249423
-0.7876006698873669,-0.1746080387104359
-1.1283791567783816,0.025086920489921838
-0.5499136110198476,0.07224905271151028
-2.921079665969254,-1.152788210586749
0.4912493005372782,0.5154618048027628
-0.9069813557179449,-0.26402082584096886
-0.8000607433588632,-0.1485963828558905
-0.17790709458214532,0.16062434950682625
1.8228179704509135,1.1803354099225327
0.9140441657445414,0.7552879627299054
0.00320715816374606,0.17215654197315994
0.5936843478375895,0.5717915143516421
0.25861956647620504,0.5244465384571873
0.0973728875230401,0.4011736440610957
0.34751516275364513,0.24032736932461232
-0.524552860050194,0.08711498638019852
0.8994407532571692,0.8614225006163096
0.042722570415658634,0.46943872157422384
-0.0011979450008685125,0.3192650382047357
-0.6848182759190564,-0.19415955710038618
-0.6718692877551893,-0.10686616694565283
-0.7317182909814985,-0.11372249945329477
0.18492392896198506,0.31537759326577075
0.403439595103405,0.5523632954416717
0.8115088155336897,0.9308532267898517
2.2701736417766023,1.3935181774181966
1.5742533213969965,1.1099373108102353
-0.8644649703454057,-0.1762242832978965
-1.4585783221191568,-0.4031927574357833
-1.7760211720037606,-0.6042563077152796
0.2745159262048318,0.449747094513706
0.6281634276498471,0.5897064211773889
0.020492919291159928,0.3406355880265978
-0.1816119028050603,0.21812288638519464
-0.3153314278402659,-0.002370093361255571
1.009210147083258,0.7805045818640284
0.5290567807732114,0.6480745234271679
2.0729308948175897,1.4211374124019733
0.1833971408109505,0.43273025037002305
-0.7721620107639076,0.008738431975159874
0.03374456383326996,0.2573659062870547
-0.522010716432256,0.06178241691017853
-1.2916757502181917,-0.2653011759213655
0.14260662243614908,0.33538337322377637
-1.5860465267142025,-0.4394026566975303
-2.154033011918696,-0.7760850794486331
-2.106562377431047,-0.7693038603956482
0.7619024211277985,0.5058183405263734
0.3341296726024919,0.43751781848447496
1.2676395227984614,0.8838188898058285
2.26431304249999,1.375184778397688
-0.7121311418231124,0.06407632848868884
-1.1760429922172813,-0.3622991081597934
-0.16211913882036733,0.19541551127536647
0.4135899243113845,0.48934715545663193
-0.42607957908174726,0.2602523053808512
-0.9148983478926498,-0.23685530156044732
-3.2682103058978837,-1.3179611420310862
-1.870485432824597,-0.7126826081421099
-2.1083685911422654,-0.7135490682515759
-2.4394961888145126,-0.9006584691619041
-1.978491303293827,-0.8110913288640565
-1.6557252339491026,-0.596364777367552
-2.3722324989218535,-1.0720917755927943
-1.8775172259701856,-0.5887391983584138
-1.5532541957637478,-0.5424228524325858
-2.075978617841904,-0.7650313895287179
-2.1866785610951194,-0.8780785061640415
-0.6261952594232163,-0.13763842881365146
0.29825819255882624,0.4274931268124897
0.3955054861378109,0.6748634967402443
0.9086569338885798,0.7092482932658232
2.1811979125835608,1.3699191023149409
1.7735776880687997,1.1917132001619646
2.963733697488763,1.7544959199638617
1.0190217249387923,0.7808046435576439
2.0476157935790646,1.290261688982762
1.6934929250546806,1.2182937367367035
2.1575482246761224,1.413654533726544
0.9935591242236629,0.7864898013263195
1.8639659861604296,1.3796756197128328
-0.5754477241324745,-0.04382306310795475
-0.22987125211162363,0.09157949533225807
0.19862797006242422,0.5300528577045058
0.8398020232152117,0.7906717382609936
0.2654702185256417,0.38067510312661434
-1.3763195543511832,-0.27812863366176355
-1.0298748582795656,-0.17626859957814772
-0.027244209499891925,0.11553489583476084
-0.1744101501340538,0.13250948105987115
1.7796984143359202,1.2297104395090899
0.686219939939344,0.6432815446503478
0.9795332830849228,0.6905211987078539
-1.3107213663855737,-0.3356166315146585
-0.9904600001089355,-0.062216768170341635
-0.5906198214219327,-0.017144180984591455
-0.9795702008902805,-0.2074390580783207
0.5818429609682053,0.5794491236281888
0.12291341995808491,0.3965053204064677
-0.8253556433165796,-0.0037011875787048426
-1.5379220643802156,-0.4703676677209539
-1.4672105995418967,-0.3273588792732968
-0.517217591212896,0.047999533665582475
-0.11060895160883599,0.28109468083400324
-0.002243746784582737,0.14286118883225418
-1.1384688039421338,-0.28146529163069045
-1.3438207882869642,-0.4221454720677113
-0.8601104251704396,0.01662310372832973
-0.39052235330640084,0.1642934475884345
0.43229743475367705,0.5426189886498001
-0.1338287570051142,0.37265332427930753
-1.5303978031052585,-0.614804807305344
-1.1827500224327494,-0.3961149892931635
-1.6341600757457284,-0.519418822057506
-0.42565104920176144,0.40397619516159744
1.4443197817783888,0.7344344901371196
0.5990000791352648,0.6274098846396484
2.9466149738403344,1.7373086025266111
1.039670727419774,0.873965389060861
1.2501869030119037,0.8870029798204049
1.0114791016761502,0.8490842971260538
2.0955264682278703,1.173555234856372
1.668787670873717,1.3531132638472523
1.8936936772161395,1.2975837738574807
1.6770040906145665,0.9190990788783611
1.2672581829572902,1.0816227723303005
2.447093600852726,1.5071814199997602
2.159065280347218,1.3702321442485397
1.7345730828977532,1.1225126323020858
1.1116354476595942,0.905153581555865
0.9373939776668836,0.7251595712550915
0.6341090489127956,0.6603871469891516
1.6933198246325456,1.0392953677735663
1.310760455741562,1.0323707855968978
1.3563216404367795,1.0342436567007947
0.09054679684292821,0.3587450661670872
0.5840920962317018,0.6480048479879905
0.8317774725726844,0.8459492144081012
1.1593372607268013,0.723362819339632
1.603569315661894,0.9840566890230356
0.7796689889558239,0.7912660037140703
-0.19200591635215047,0.3303663759160662
-0.06366688269593085,0.15851276777015794
0.5828445752451725,0.5893070407718318
-0.3030273951071043,0.1413159348146693
-0.016626253087290266,0.2648681384035975
-0.2435631329530408,0.2626270769080955
-0.63801277734244,-0.138293327601739
0.061595023328607335,0.22100094851657995
0.014969974748968717,0.2738093684420653
-0.28230249682109926,0.13299883494808523
-0.9839637670814834,-0.257329766868698
-1.70992528553045,-0.5632010967943714
-2.420797203504045,-1.0213217222589963
-3.2433264734122167,-1.2373415423776994
-1.5443873179867391,-0.15107403659040092
-1.2530646901336602,-0.18269808587196285
-0.03090370505164597,0.2452061682749649
0.1932639524408598,0.4304320062550471
2.116031563456388,1.272150734209595
1.42862046736437,1.1283222091111453
0.7309197918538904,0.46404422686272206
0.16714291431582212,0.2862183459582718
0.9788304937091724,0.8560744108468584
1.1309615587091126,0.9836574732048198
1.4721287760327888,1.1621508393005229
1.5412957199458093,1.1694437873191204
-0.10201966933789275,0.3514563747838384
0.8300563345782306,0.6969928555378322
0.8970190483888917,0.6671978211897336
-0.31092220819767635,0.132213259041436
-0.9969262194700843,-0.18091275894855438
-0.34012706037315193,0.19160306246260775
-0.12408147736152592,0.13358119312321157
0.4543184104468059,0.6126529985983539
0.5845531154061476,0.6766304286192731
0.284856384814701,0.31234730678567413
0.18310796164686163,0.3089662578335351
0.4282885072415251,0.5156881482214124
0.10414479597344789,0.46357416174380495
0.0734669572663869,0.2923024431657621
-0.965788009006264,-0.20981181586031117
0.04146923142472014,0.22133639253709098
2.479059382263006,1.6883891352149556
2.0139171529727036,1.0472176053760602
0.6294982889375704,0.4888064452626201
-0.25303037884203794,0.07436650809732355
0.22034374928023645,0.45061202386137
1.119653443260333,0.7428183150163208
0.3097803363990479,0.3900359277383619
0.8272690633930568,0.7544705251004571
1.7039420751593823,1.312622335841213
1.5636789913259939,1.0518145081312067
-0.33528649320965065,0.24293442545758737
-0.8703773484336361,-0.2620934591806048
-1.7233668357638878,-0.7239410413397505
-1.1084077236121659,-0.24376935565169913
-0.3915459953733016,-0.07211701149179961
-0.9514329774982662,-0.14980798942300388
0.11075899647753018,0.2676631894745582
-1.1850546670312772,-0.23164164056754638
-0.3893166597152594,0.11363165171689776
1.204524506613751,0.9067593116295035
1.0045691122295288,0.6830139856117555
0.6904555075444416,0.5321544103612836
0.6820985339655291,0.5969959860929723
3.0221408794394837,1.8924921503437462
1.3103917263324458,0.7539734929435117
-0.11724291383109331,0.3042193571305573
0.5434145345510482,0.4360808215992885
1.8591897379493039,1.0951596351531725
1.803804375609259,1.1654308278366525
0.3249772182456605,0.4963345982280419
-0.9323046838662491,-0.02714888347292857
-1.2576920483678917,-0.22413175522225243
0.11175525396142005,0.3721291234555093
1.8165223788013973,1.29508920237725
0.2538841074167495,0.4369313187631684
-1.0450608179579963,-0.23519447118188525
-1.3225966912789393,-0.34343441084315396
-2.046085798606441,-0.6909886842112258
-0.915780692499447,-0.03235844949659272
-1.7328117147878754,-0.4999964205759276
-0.17614595395595967,0.3375238803779719
1.363296593051599,1.069549183761551
0.16112643718341446,0.38181622473628163
-0.5048869116978402,0.3343310424779785
-0.1562054739157241,0.14942305150866575
-0.7491233203653367,-0.14177011795439115
-1.4187814226836974,-0.2730376862177308
-1.638625065936,-0.5384394350808039
-0.9877209032024699,-0.32820918445323505
-1.5072841803225634,-0.5048202299507167
-2.591682762710767,-0.8256798875070078
-2.0905415308202095,-0.7644185212837635
-0.9732777098523291,-0.2227912867486812
-1.4249725059108855,-0.2230213447187694
-0.9470086363235001,-0.18052029930805183
-0.6258533543399063,-0.050151107711415815
-0.8386617473423759,0.01578427959808973
-0.47979797519088263,0.1301871710145316
1.4359508937221759,0.9666117724687536
1.4930880721248339,0.992821526288426
1.5591430599991483,1.0431618316390991
-1.1664121236067493,-0.09520201479234097
-2.255302554797439,-0.6356723270391353
-0.16727453459341246,0.20235405126815856
-1.1543998268334177,-0.3197262649935364
-0.3826043730926785,0.1739714778132519
0.08832584730713133,0.29773730071977755
-0.9359535645161716,-0.10893372039342766
-2.1636908942199833,-0.8338567285320769
0.3982978223215561,0.43474969061316493
-0.8842324364964007,-0.1427583750843265
-0.6661332418707919,-0.05711632931871507
-2.0157145153339036,-0.64944206627964
-1.355451809214242,-0.40555509084078817
0.12147154513138791,0.38230094070955706
-1.9197031135252658,-0.5911173645337544
-1.1170447904005254,-0.37505687973342594
-0.9649457435136288,-0.195045919034181
-0.8782587713078736,-0.13490496855428857
-0.5314421740699534,0.014273273061844179
-0.59636806717139,0.14488468961457313
-0.5728892024521982,0.025741650548908486
-0.9363253956168462,-0.24394772502152112
-0.24957277574735903,0.20892817254630247
1.2027126489776345,0.9569138609248391
2.448418562551047,1.4692181188378235
1.1947084600057025,0.9173039508742857
-0.2821053044502979,0.04544228229309483
-1.0785842857799435,-0.14894620913877832
-0.38705533350032917,0.055099475418113
0.42907554806851256,0.49402864632616084
2.6061568151337817,1.628951100371016
0.9301051645572199,0.573200668548549
-0.1261224617422041,0.306098197796584
0.286458606861964,0.6002867659423277
0.1654418963043816,0.5027859463555369
-1.55157306908557,-0.5725105561484058
-0.3423648736669468,0.1126510296799178
-0.5493496955970314,-0.0743052468217908
-0.5850577319838489,0.004450346715494383
1.0516576091499326,0.9029885417520301
-0.407766816864504,0.06974900173878654
-0.1435785286878947,0.2522878459359219
-0.23677926792630755,0.16972607467707326
-0.23472096589516955,0.1609586691234124
-0.22449633503503758,0.24196943052809705
0.6048064868768697,0.8355555131615084
2.826097491838938,1.7318937077834904
1.9032439672951946,1.1938097116721482
1.2157788229181925,1.0634605156620438
1.169531982319453,1.0308049307457885
1.8275921608602488,1.130171961164336
1.0883418776083862,0.9647628131771061
1.435501712995711,1.1303604167606511
1.246687289956387,0.9784598813125861
1.0024720454819998,0.6618285403030152
-0.47328859374772614,0.12542048102139267
-0.8959111073532864,-0.12661962808489485
-1.445101065510494,-0.3136994163395399
-0.907583404362575,-0.2991919884931711
-1.613098129555659,-0.5076343358361326
-1.3663991794484682,-0.46586247894237337
0.4661228590181338,0.508414260668766
-0.13741672383079562,0.04592480901197127
0.2759426749055913,0.6083978409359243
0.6427490686991191,0.7635843430006866
-0.23447037048643338,0.21644196289406897
0.2866423517129936,0.3847656713336458
1.2645831328650785,0.9495096298818855
0.8385030046312486,0.7652620065684249
2.440072884901216,1.6599624933191917
0.26095639230625567,0.328255363512919
0.9382235893297142,0.7329421444895744
1.0282001297721983,0.7389771508023698
1.622766869416119,1.1302302438710785
2.9739392239655693,1.8331502902445442
0.6117480796435748,0.6167755449461867
0.9447264450768538,0.6425224265386655
1.9570071419031683,1.19725052924912
0.2514582053315654,0.4345050696991548
0.761031170476461,0.5967218904503054
0.05289344134671592,0.145943709822897
-0.3009756841301942,0.19066060550749114
-1.1295977150036034,-0.38627378076448654
-1.5176342654964992,-0.1880893643704754
-1.0629744202531966,-0.2285509919537981
0.17853493446254864,0.4143316270795646
-1.169766173762987,-0.23942516422976956
-1.0265007711576992,-0.2218440402855374
-0.3813889198428586,0.1589356686554823
0.15511732201924655,0.1583350526545915
-0.5290095489098333,-0.2003063058564472
-1.8943095941813646,-0.5865684182893007
-1.216921296930666,-0.31954635763014705
-0.7213312552975555,-0.033707126010400094
-0.032897935357709795,0.226758378882174
1.0923385642673287,0.839711649139511
0.6154772926763546,0.7285046415603821
-1.2026817923394981,-0.18699000767936236
0.8161290196219895,0.7883674909926791
-0.18380338036459531,0.20100233385490748
1.9695571510240015,1.2412586989141834
2.6652417943391624,1.3839261159681544
0.8269812902140519,0.806308967777545
1.2797656224197351,0.9080939489041275
-0.45930385831639564,0.3181793070009383
-0.00227829636490684,0.23606636644827683
-0.09522168770043454,0.22981077523615676
-0.05954505473217656,0.3730197056347983
-0.2773554432264669,0.1130419710172664
-1.7783726101114903,-0.5408057116049998
-1.125938403259787,-0.2155785384301951
-1.6650182529617252,-0.6440352791352537
-1.5294114135892225,-0.24039425071836024
-2.0805584126629304,-0.7820255082937773
-0.6761661305127493,0.08623951985713187
-1.3490911397882996,-0.21110664390097628
-1.471653715022447,-0.4418409487356125
1.1179486892685078,0.8379605509062054
1.4733817446216477,1.1446895233206733
1.080607645540337,0.7643954562206483
0.09902149571098406,0.3398523713650219
0.5859554373523821,0.5273460460116336
0.12421505367558616,0.4407566766924778
1.003781836987171,0.9313503754197814
1.5940564747040125,1.0853585972177877
0.4320639066574409,0.544911459231913
1.4889482188801386,1.106196653538204
1.3384087550170374,0.9335207459291637
2.1796465403345326,1.212079744372168
1.8176724339218546,1.2959210047619671
1.7046589760123267,1.1052323741231098
0.42697897550513175,0.528569284804096
0.8312517366062346,0.7558288581430854
0.5559666770407682,0.5971396301372989
0.7555101986446416,0.5906160641675844
-0.03508178613473012,0.4682430503175187
-0.1984481716760012,0.3371737881667288
0.1132970455552196,0.25948584088404375
-0.6784634343630553,0.05683942227680405
-1.883639636030032,-0.6735317645134158
0.5929662962666262,0.5205867222468581
2.177158692772588,1.5523122214057437
0.8960190459655942,0.7330239782718176
0.37771338533246823,0.4130811792028485
0.9110680107939804,0.7575874305353415
-0.6740517504819094,-0.06658258325031595
-0.33172043816355745,0.07283940044652895
0.12339669942968418,0.4239907978317017
-0.06875572292877366,0.08109122125968835
0.9427599596166308,0.7758379643366469
1.3679927848026292,1.0788845992286418
1.8535659768970603,1.3525881912172117
1.7432745697253913,1.1217343575854433
-0.04332477706119553,0.42421627993775546
0.7028292117382438,0.39238996257715836
-0.8529745644082408,-0.2066116468128281
0.689247519708605,0.6208749896443516
0.6628837157767078,0.6377422308976615
1.3001569156518806,0.8654529304142214
0.31630641479201804,0.5086486791268496
1.3010243994094055,0.9835062574690585
-1.5893237960412812,-0.4225085422791621
-0.9715950498537448,-0.044934066415525525
0.39298635786133684,0.39862333341287454
-0.35821637411066204,0.10836757588151483
0.47476422595551654,0.7962249837876145
2.6522772627543145,1.7518076563026532
1.251855774305183,1.032471720314142
1.2344198878791468,0.905678726953809
-0.3523603393501811,0.053229554863245945
0.3673609951083694,0.5333335697080176
-0.26538472530934937,0.21216540162090436
-1.4723785147098538,-0.28647019283904573
-1.170492740665049,-0.1865041332152535
-1.073962981560278,-0.07499710881930674
0.8147486082574491,0.8259421595068808
1.614007045018306,1.1727148901420434
-0.21223779051629288,0.2388382218250608
-0.02147188819002832,0.10101422956154879
0.369329173650482,0.6242878154734013
1.005264572239546,0.8235169905754427
0.9090282528438197,0.7775470590326586
-0.650922488932196,-0.11590546369929469
-2.434099440170924,-0.9035252864413733
0.44833490843523527,0.4574917199904154
0.41690121254965085,0.6196073358389778
2.1117958664933165,1.3340149235640117
0.2571113006278104,0.4715939105498471
-3.0375776772098093,-1.2975339096616545
-1.8052628139277669,-0.7453919566590832
-0.5878969078197641,0.08082631846915266
-1.7068598596609863,-0.4918065334923523
-0.5749598851475763,-0.02072292405835415
-1.5437251878178768,-0.40801976086057146
-0.9578430833494609,-0.14670938818994128
-0.3892672250258962,0.05184978175511321
-0.18039132950816453,0.15761803528377497
0.43949807161202736,0.5569243274659079
-0.08476326588350541,0.2443119048127539
0.6620520851363189,0.6511262961054423
2.6430904273593967,1.509617735100527
3.2372937979053598,1.8366957803336263
1.6864542055610954,1.1791243326981216
3.69499864949272,2.22892956445617
0.1738024136576568,0.47607878439716433
1.968056583515812,1.2947981683817376
2.4481343225770953,1.5842584314167703
2.4651687625736387,1.500167251065372
1.4602374479534714,0.8767330395321568
1.1797093078780894,0.7035899060973002
-1.3261120374494957,-0.27692340838102064
-0.7005557687493802,-0.27543782105407544
-1.6196311199888171,-0.37505879904717276
-1.0842991383772906,-0.20822307661435976
-1.1820798387034235,-0.27064165898644066
-0.3218625339605464,0.09159693955338558
0.7575326902901149,0.647626419582774
1.2855976932780613,1.0222395849562154
1.265113202279881,1.0091545839787777
-0.14904126721797928,0.16189013015296877
0.9617362621731069,0.857834550792205
2.958274563645983,1.6955893933602053
0.7939909405072803,0.8445238059724326
-0.4067348587205081,0.128218810180099
-0.11560565065626299,0.17244901210986557
-0.19244680803502875,0.2594868549711931
-0.0667271501973992,0.41985348590693394
0.038335005119482735,0.3069171299486094
2.3900737334572444,1.5956577575719229
3.325948828515278,1.914154942799409
2.2775189192413974,1.3741961238795566
0.8314466762663312,0.779759324725759
0.9975977151176908,0.9560459910111435
1.9353756128507393,1.2883509828038697
0.3795528092229118,0.5341099483910103
0.3761622293457152,0.4056345943156937
0.8012602829165911,0.7293779847743115
-0.15668568202040423,0.127640642013013
0.679106404358137,0.7297912110831984
1.7995983359147485,1.2895095300267376
-0.03744003447261601,0.2350936746543862
-0.20136305833378174,0.17927840627854658
-0.5807531145073845,0.0163830312912309
-0.8823003062380376,-0.15286090777342554
-0.2667173744614171,0.18751727285642322
-1.5411881015219029,-0.48912677899489676
-2.557603973146564,-0.8904634055501669
-0.7751565000543306,-0.12228956527603407
-0.24708685967733757,0.3430626452049865
-0.8954870278928303,-0.30294639148407543
0.14642256349442329,0.2872455203229822
1.1488302578711134,0.7981679658970388
1.1206762181502465,1.0345851783277649
0.9069050875895655,0.9959803029553241
-1.5948131866910367,-0.34489637005104784
-0.6547890872994602,0.08748802392307953
-0.0709925914052244,0.2513785292523855
0.15275436022148403,0.38636605002925384
-1.4592206647039367,-0.4881351537115417
-1.7165418348582562,-0.6969208158147338
0.3804736274580751,0.4960586197200106
-1.002131627428797,-0.2011823130617997
-2.316374372488176,-0.8499807950516935
-2.0254550693747473,-0.7730134842624179
-1.4755032810138573,-0.5003695795278305
-0.9143932382179416,-0.09481127242604796
-3.29184878674595,-1.4296692178347283
-3.0782166764800714,-1.1592987838249555
-1.1603605612302779,-0.3219850625144313
-1.6953288964364681,-0.43888911395407426
-0.9507678713458827,-0.29000469432720316
0.09163010475147226,0.39153062597236876
0.44395747757846316,0.5096081242945584
1.956987429906817,1.3237418822501812
1.9970896740664243,1.3738011452136374
1.01397916877152,0.7731800735237083
1.939579325431472,1.2287022753924206
