0.09016173920702444,0.30819144079982197
1.6261308940824133,1.0582420405981816
0.40571597573790097,0.4942383620519021
0.9327492910188853,0.763108793109011
1.2240905880293997,0.8414874365811523
1.4698215298907082,1.089529394610404
2.8595011990369152,1.5271054276323104
0.46685865232069057,0.5743678166140265
-0.550589175082232,0.11349093402068566
-0.4223030063408053,0.11038340395035662
-1.8868240428437277,-0.6636323911367364
-1.963758214667017,-0.6026693794592224
-1.3218542088712573,-0.47447648204661724
0.5672647852728878,0.47919211037969195
1.5651949483542036,0.8954614493853448
0.8075457260837526,0.6114573406175078
0.33807407097711156,0.4395004487408935
1.5172926131029978,1.296258800887395
0.24574153537326537,0.7325015499514294
0.9662372072931577,0.6512257226554973
-0.4240646897473569,0.03785953568230996
0.23774344778502238,0.5212042694846033
0.4886007344527866,0.41266845736740426
1.1413215476768106,0.8096897254834543
0.6128497269917049,0.549002922020919
2.735562299439987,1.5065676363763805
2.8135821993921004,1.706380909343522
0.3137016439307173,0.4099952307920254
-0.38223812629136367,-0.03745731514305964
-1.1357934154239442,-0.28755095206938086
-0.18978902074931947,0.2282803766523163
0.21328463954639915,0.25906885775874
-0.6251593476408015,-0.02257396272096413
-0.7089595363260804,-0.12843351394587313
-0.3447514750830167,-0.01815469211236409
-0.45114081134037626,0.08824995386505552
1.4201582135524742,0.9068519205763156
0.6698402383590029,0.732390643886032
1.2015757138175978,0.6604790735475549
1.5521375748086186,1.1888674343409333
1.1573370749081735,0.7039913741694316
1.1708763816161853,0.6419572797224715
0.3117332548916816,0.5976495860845527
0.9533644738097016,0.8995540571821941
1.9350310340502213,1.2626367738492632
1.164394832473621,0.8231672724878402
0.6630754768731076,0.6252145771221359
0.5024319848383254,0.49050931090801125
0.6079869886034025,0.5649275687509503
0.9203768422729522,0.6000105227743961
1.4059130847221093,1.155202253167606
0.9038583981161958,0.8022391053703557
2.05800414326919,1.3850030364780745
1.2887935061556748,0.958177749612834
0.500934089234012,0.5660540435061003
2.0543110670946407,1.2411368191373087
1.6688951717153482,0.9971564713245373
0.6275868865023952,0.6491099423521796
1.0780373362273274,0.6832063658273995
1.8125348842860667,1.4723928834183482
0.35580078947608273,0.44496578256450825
0.2731871118462344,0.32844738503652365
-0.35820844144176855,0.026306034164428768
0.8884265355620653,0.6179495063345051
1.1433040558890535,0.76072813232439
1.6394788150553157,1.0996186648570634
0.2601175242445266,0.4794145522033263
0.11498698941800403,0.13432250848782284
0.6687294099724628,0.6268059943560584
-0.7058159302297223,-0.23307269474069758
-0.20388289947544697,0.18852472663998518
0.5483107603773374,0.6597134748693616
1.3995631761961858,0.9100519223688162
2.9926534606319453,1.7938941685349628
0.895558129370575,0.8200572465658547
1.1159985795022138,0.8561413724102256
0.6455986479051299,0.5884346153879438
0.4788426269067132,0.5411511603226861
1.3046465211211067,0.9973952124840482
-0.08807492313240739,0.21150303305350393
0.5214568470105954,0.5289657843905076
-0.8307052013191817,0.0013191428304411973
0.17028692817061086,0.509073785189977
0.7153137819040984,0.6746886314751437
0.992742972691828,0.9445290127633893
0.28817194733409285,0.4071688550143194
1.381399815873047,0.9874200758667799
1.8171193011712192,1.3316765554937386
1.2234708174467313,0.9685262138110322
1.317971235647944,1.005667069530404
0.30246760157787345,0.3407506461878091
0.14925852111527724,0.30757805233851854
0.4972744752447005,0.5144892095643094
0.9620092388463886,0.6972921399973455
0.6449513395369046,0.5928941674784685
1.5915213104064303,1.1467671767898548
0.9793638059973131,0.6699692826097133
1.6089107932220972,1.2090483531752687
2.306734910187588,1.3489853897669204
2.8253656808968257,1.5897448680445114
1.8049606685818607,1.3468926006891884
-0.42923208767133025,0.12109793698227767
-1.7383227743521754,-0.5786219082760985
-1.2694282662435572,-0.42631600196952246
-0.5718899573196546,-0.03465378942152967
-1.4943517893802791,-0.4754162043580331
-1.300108602480436,-0.21365149744371448
-1.3943369558837686,-0.35614177240216777
-2.404519705912871,-0.9926544269934223
-0.8220903012578435,-0.09153709543889317
-0.9590884834392355,-0.34507527996751575
-0.6366810720437103,0.11714945398817708
0.43081692073945743,0.5481143722108679
-0.9044301884751138,-0.08963140108849356
-0.756645696988982,-0.13774926334317564
0.195055530365978,0.382545104910383
0.81281050859823,0.7931096423752406
1.4086960018839192,1.0623312900890318
1.4029096631136098,1.069239140452627
1.9367510548547837,1.380750589261601
1.539120679992788,1.2979474293014002
-0.3331368413799739,0.05198597831074493
0.7023071078553746,0.7210515156480827
0.8938748582787276,0.5319061217264568
0.008338777173594325,0.12016081146430174
-0.1265828775281677,0.1501450429607925
-0.24364134216464664,0.0882854433411787
-0.6459964892840915,-0.18068943740467996
-1.1172632537682272,-0.3238908914629728
-0.4621985676855773,0.16280205879696835
-1.953421262444045,-0.6769917843193118
-1.8233186966559694,-0.6558711423632727
-1.1747471174851225,-0.14961440495255848
-1.6931813471425512,-0.5046916106585094
-1.368252811426374,-0.44833981941403034
-1.8634677149855654,-0.6529164332717122
0.031142461415220035,0.1078014593276107
-1.3827019435356684,-0.32145059492161854
-1.9137671517584958,-0.5075479082979123
-1.7569592121862874,-0.48116954128225353
-1.6008452543998124,-0.5720368751256001
-3.134009634766527,-1.29499863153702
-2.2980984795424604,-0.9266885800549595
1.2132913931247802,0.8677579521962832
1.2124207148498618,0.7458178288486679
0.08578903984537067,0.2968322602517916
-0.4037500629273125,0.21898046491752074
1.281487229698579,1.0172072209076475
-0.6393670919965776,0.03491088427512106
-1.2371886838737112,-0.3455308828146051
0.5534507089353017,0.4454830362410962
-0.03671681083583489,0.1316867907700964
-0.1851862150828817,0.07549592542275452
-1.2482826910026479,-0.18416370785524735
-0.7254078647275307,0.07181680147288277
1.4674259278746984,0.9365494695212754
1.5354945818123833,1.152320281017678
-0.05031111417244938,0.2867936855079065
-1.7333769722266246,-0.5224175185637124
0.50316686851317,0.452686080638807
0.327934678371607,0.5359727795307007
-1.073158326581012,-0.1992228765606673
0.14193894794321238,0.22208587504249583
0.3667602082905604,0.49005274254375253
-0.2864866069103802,0.043463023165837236
-2.638556913936901,-0.9512327972158777
-3.6389882350608445,-1.5181613429752634
0.48104319291739817,0.6158699852453072
1.4339610216668346,0.9523492553950357
1.499141814284311,1.1790042754117354
1.1541377218818347,0.6914884495353459
1.6229692632010724,1.0814802322027348
-1.7039906056656442,-0.36683375633663284
0.2831189722571896,0.2938362192881663
-1.202837279812029,-0.32657787121678583
-1.8691340213857446,-0.4907740783230494
-0.7517863397301435,-0.04853038988982755
-0.8221068897240087,-0.2792965796573178
-0.26913999879158995,0.1399887476510448
0.16474479597224467,0.24689603299665966
-0.22119416372581657,0.23060572911218807
-0.5762785821181795,-0.07173141374333547
-1.4809030094761753,-0.5537729211918485
-0.6580206337149583,0.04578606247735287
1.1670156443865856,0.9098380523554676
1.0123935977385692,0.8999195096156426
1.1000761262018979,0.8497412791065768
0.0668252538398223,0.39588964875706645
-0.7488730999497519,-0.2648191506585196
-0.5033711265429865,0.03923987152085345
-1.4341286094982095,-0.3588855690174907
-1.009969982882656,-0.3279212811906209
-0.19732541760770517,0.1756244378872696
1.1238125823293255,0.9318344248295405
-0.73192365631788,-0.15883438704722716
0.8172392874743065,0.5883702301005655
1.2081468096314896,1.0244736018862832
1.4679027776699884,0.9667143681841406
-0.0870859144062911,0.209968768484183
-0.4917442181092547,-0.12449655140416174
-1.7757156946186567,-0.6454694207372851
-2.154641282512698,-0.7635923890553975
-0.1994094630854769,0.12183705186519579
-3.1615456933573842,-1.2668018377928314
-1.578834251749578,-0.4590819996176352
-2.200998069122899,-0.8267486345358729
-1.4504857089066596,-0.5419189149124417
-1.1106607623868605,-0.3092590439634221
-0.7499787979777577,-0.2108870431145286
-1.7037393720341285,-0.5791816945742663
-0.9042182588105415,-0.1066785372455141
-0.6108728996612777,0.007659194043099216
0.21472717084421744,0.3746161825867407
0.6627304107691078,0.7473386055189866
0.4115572601353742,0.6880748653203369
1.0963844554883422,0.8914582625345798
-0.6067586582595698,0.0007074320607253241
-0.4619174214055892,0.12377424074116777
0.3849373212043894,0.5043927771188261
0.7706518552491093,0.46783434174252403
-0.46777856512125093,0.1417120561737748
-0.09361024450350713,0.19093013773364892
0.44696028805168764,0.5208065658317165
0.8300092586115111,0.6704514984987002
1.943804241062053,1.1042567264220715
1.1385020091730906,0.8087855578439125
3.2294466479456627,1.8838314144920278
1.090577433819854,0.918309211722572
1.4472407159202187,0.9426818624380037
1.404885094956979,0.7531579861511446
0.1616726693195516,0.3669120318177157
0.1635820010872476,0.3343579002903539
-0.2462450133937154,0.433034664608789
-0.6918308227793586,-0.01852995756651074
-0.34511639749343304,0.020196275914000375
0.2437076709604728,0.3335522574656993
1.0157326911978333,0.7698915670339332
-2.663873538527479,-0.9167346884606423
-0.9215324208672006,0.00024866834974435204
-1.5389796055050988,-0.29025704099399574
-2.056422526465795,-0.8067300571098849
1.921176298895203,1.3149899455056988
1.1282325986643267,0.9171191428956392
1.4865822015448453,1.1937114804094016
2.315806551349528,1.330096923924787
0.8850412815349387,0.692619141580794
-0.806005765085321,-0.1769315723721912
-0.8407162595936526,-0.13826323266844037
-0.4532939945845957,0.007819229261302865
-0.06527668063074665,0.07498433646223882
-0.6761693512553075,0.001162880896643237
0.5146198035839176,0.5254267815643123
0.8352098688421001,0.718659073950134
0.38944324977889994,0.631078005244712
1.3318746103036367,0.917075704782451
2.33586822384194,1.3245155993370223
0.7653060538677932,0.6302125726523976
0.47956596035889454,0.6694596798927152
-0.4640754044729462,0.10181889419129501
0.05277348018878536,0.3056075240581175
0.054935673061659376,0.21941550225374226
0.42285930079666256,0.5682401327526444
-0.818886139730193,-0.195653795360541
-2.1799292310917906,-0.8200815389412212
-0.7700702993559067,-0.1387609385798923
1.113220644565828,0.8246927825914482
0.9076544436100841,0.7544154268422063
-0.6177551921784169,0.1280574995434505
-0.09393851450933666,0.24485272252403736
-1.9755366872229476,-0.49195240597589696
-0.44310934518496004,0.03437750430514629
-0.7810127448148488,-0.15026395135716478
-1.444279208416921,-0.24408065719896657
-2.5668784667952984,-0.9125064402421411
-1.9632857804945676,-0.6105744005584557
-0.2968836170547787,0.1906884497581282
0.03810372663399053,0.23329247596114822
0.27852986040158073,0.5927791913511602
0.2504914807535591,0.5510782972386463
-1.3193641864368961,-0.3004696945244119
-0.2139613246933475,0.11820817860779774
0.14308195451869343,0.43409956406889116
0.04164255536172454,0.38598302278719304
-0.3367181489665037,0.05574126159394191
-1.1781705678902106,-0.27697191351533473
-1.0760430079420715,-0.28460019439300843
-1.3928294010589708,-0.44419274147414695
-2.3003507865804824,-0.8465371140126664
-0.7748404143793679,-0.10163610778528938
0.7029676930585409,0.7379828932853381
1.012953675987676,0.8141464545751836
1.1769589078448826,0.7794062451818726
0.5429453921120506,0.8025683163911227
0.7857593614902898,0.5454557558698696
-0.9854315975902613,-0.26370265292863976
-0.9220527432872934,-0.13413669079234972
-1.4997861344202363,-0.23106638258210072
-0.8642054998287197,-0.27504848882675087
-0.2998600537742926,0.18144300361358207
-0.3202990211349732,0.15242735318300749
0.06403342896298186,0.3431943748909275
0.7428676485461545,0.6222457207708636
1.4321650858723602,0.8457102999205792
2.2652773564056186,1.5280390556100767
2.202198237420761,1.3390497375926684
1.655676986743912,1.240707910741998
-0.18072729708742452,0.19422242239584997
-1.4738693474480637,-0.5919734343019524
-1.6160170913455005,-0.730995907075868
-1.8218378775541324,-0.6392243109818115
-1.2549113826187182,-0.3520517886682313
-1.302722288091113,-0.38978728826223713
0.3936790257761148,0.2876081791942682
1.8768312924607062,1.28920430750379
0.6564919164293864,0.7031656206856324
-0.40033765748750205,0.055868389614265365
0.3091834713819288,0.5604077842489728
-0.10364901938984056,0.24520947395970738
1.2754982802610189,1.092246071133845
0.7563229924912073,0.8972501287295037
0.4472866409356324,0.2899937217949313
-0.2564640885386657,0.21575438952600498
-1.7362778438554862,-0.6828730717865592
-1.9583374655008958,-0.6071382898375369
-0.5522230573030389,0.051380278331581763
-0.4517199057018099,0.13190848422197804
0.08455882983271878,0.26481010268735516
0.08362403895598525,0.3944998558893565
2.619014152375794,1.6387034243199385
0.6513085772296187,0.6633699193463773
2.067453037698632,1.283362116379592
0.5363388982191503,0.7041637896989332
0.0620288883428054,0.17130906167298043
0.7791063579670315,0.5837437934656496
0.33154401799468597,0.30743225259975504
-0.06800755765709726,0.42634309269332377
-0.9982698155665877,-0.10270989820604962
-0.12375044415026504,0.1428941793011158
-0.19029432014066994,0.2750976784081177
0.31913095511014866,0.3370782814595924
-1.4885827263675333,-0.4358716928399145
-1.150314838708166,-0.20428590117413564
-1.015631554488354,-0.0332816371383044
0.9701856168310915,0.6418912404265273
-0.1114097457037424,0.37814466310090067
-1.6347292604912935,-0.5269408881618035
-1.6251171651439686,-0.4512677878495023
0.3183948282211939,0.39991144146457
1.7996025535296223,1.3262238713311345
3.0138832805368416,1.7985027305199357
1.9540460591643751,1.2465752782207444
0.9393379021537712,0.7413337428060341
0.8772038175412533,0.6934958701864822
-0.42181196061353954,0.14556952231274034
-0.04043524410032301,0.19682456873162024
-0.786065051040521,-0.055174521998021225
-0.494181825176647,0.08047817730294035
-0.6887905143538239,-0.05602270291042402
-1.8722633044184342,-0.6533823888197587
-0.5346786834512353,-0.043935761548191926
0.6443970013383471,0.43773916000612345
2.0160140683488894,1.1636232584842743
1.21189240722723,1.108427871971757
-0.19219808206670974,0.3133829099936833
0.41140246784788703,0.44747581913518286
-0.3481647554920193,0.2156524452144544
0.5624168844560862,0.7830505559779474
1.3193215603388881,0.9309211553761384
1.1816198182074669,0.9946096283931357
1.9474788243408465,1.2844230434627315
1.7786959517885532,1.0868741921123952
-0.4396438668766427,0.024434799748836084
-0.6685912496645114,-0.24151959409831852
-0.9238285649922231,-0.28426195832747025
-0.2863467922416877,0.04396863987813657
0.6425385775049541,0.8085851524529206
0.5803286048949015,0.7097466140478674
0.9117408042630447,0.640421940458033
1.0765415506012443,0.7514245342126891
-0.608534790580165,-0.12753256644011013
-1.1035701339547008,-0.3799853766660095
1.1954550664323955,0.9754562122456262
0.9139825067771582,0.9868311033947487
0.28294643781338646,0.24645131766995446
1.7382685668370206,1.1129219788147864
2.4560151046069247,1.6271963326095653
2.0811564383692938,1.3632834822690625
0.11356123319457145,0.3094244637521612
0.20908230351004975,0.30468477864084437
1.4775490738631056,0.9537044370731848
1.0475549422819121,0.8308389649876585
-0.4618762680373505,-0.020927748679432687
-0.9649403438796637,-0.2879864916513158
-0.848534823578398,-0.1319378712254658
-1.3256925311814152,-0.280233182507564
-2.018055321226249,-0.7535595429981239
-0.41615467271950835,0.11365961356215801
-0.8462767896305312,-0.04286850335822617
0.39785143954665325,0.4321082333218216
2.7827934142858375,1.7143669896723797
1.503011395109552,0.9834798393722388
-0.6129784633993122,0.024991308251733117
-0.3817596406216956,0.029475248082747665
-1.2773866304154629,-0.5253471341084313
-0.7119029795027657,0.15568196796851588
-1.5557541261181753,-0.5221613737817185
-1.1358625414446268,-0.11401723743261491
-0.6242496720255304,-0.11815840454921564
-1.1437872084490852,-0.3232363200210119
-1.73810058282182,-0.6001484291196152
-0.9694132792736492,-0.11203128050629653
0.7926833120312922,0.8736748585677228
2.3773397907995344,1.617745849453572
1.7922729177920238,1.0483260875682996
0.06291877631606235,0.2750045914924166
-0.38928678607311906,-0.02304916339779739
1.882305812826422,1.168249389181846
-0.5823152884825753,-0.0179539608885913
-2.0988804615837333,-0.6115465112381845
-2.9602246781014054,-1.0780299166781695
-0.9070985098213273,-0.19209449012220553
0.07642680768295262,0.29815324156906026
0.3933273967944335,0.47688064011839615
-0.4190940441475665,0.1313196314474632
-0.1782165144410686,0.2935005146927342
-0.5818908161637303,0.21702247625861065
0.8985071446400417,0.4354048075962122
-0.08842025309550294,0.11138277355169687
-1.6922251353066065,-0.6346927742207638
-1.972642364336278,-0.6397259300338766
-0.042130269166821055,0.19579100846485353
-0.24624416871960172,0.2899350165892513
0.9841290331861622,0.7341006453657187
1.91480703559747,1.0393969197974413
1.348666040169136,1.1158961809793426
1.01861067554639,0.9945475640083273
0.37700746236424926,0.5595293407613147
-1.0092401178476411,-0.3511303444495504
-0.4670645295266214,0.07552655329763379
-0.5892688497340667,0.11604513711258507
0.8433132787483426,0.7484693510993188
2.696977412063235,1.434632435648841
1.0156774002629114,0.7655713659486659
1.963728011476154,1.1993555403075076
1.4062570423021985,0.9833667131019872
0.2438650086811186,0.39238450803514613
-0.615372368845246,0.027681362730815978
-1.3970872336264655,-0.3011456947881954
-0.7938070479665161,-0.051543183746364775
0.3852770685042831,0.484452877354388
0.42143031847186213,0.5396074363977399
-1.4881106491247595,-0.24693165785409638
-1.3871927273659348,-0.3330344760895522
0.1375378307499473,0.2930064042556834
0.6949947439924316,0.6567841287577217
0.8111714243652248,0.7324506468465565
0.5970348656807284,0.6871134158454819
-1.4161990712325494,-0.3836810009342641
-1.5249763913445948,-0.5307201428040189
-1.522765325078356,-0.4973523522201188
0.5838946685539361,0.5423365708751989
1.042929857724441,0.6616828888534313
1.120726531950163,0.6763981365916955
0.649841064948954,0.6373745545327736
0.12249230684347295,0.28066088250929305
-0.9349710666067756,-0.04040903606801646
0.9558893594753184,1.0492140960847398
0.8914157065183257,0.6219169940068251
2.41529012252671,1.599094367370899
2.7603629936126106,1.5810696008865723
1.7997794468898152,1.2323695240192756
2.35814626753541,1.50951826630452
1.537028520906201,0.9430267236225693
1.0744318136032818,0.7719279561673242
1.8155154604479011,1.1362471424773724
1.742019416578493,0.9671782835830949
2.1921310945385537,1.4718157399393292
0.9378010429466124,0.7772549781516229
-1.029198735769349,-0.16301430061770175
-0.7036813842264409,-0.03679981283083449
-0.6343904237789519,-0.06048209566513234
-1.5041213087523608,-0.47529205868222113
-0.6451092481264142,-0.024257892385901692
-0.09199860942481974,0.312816349713425
-0.2579574795117693,0.22187681505469642
-0.7227533660594618,0.135033592861718
-2.213465547395921,-1.0298327340905862
-0.6108531102460724,-0.10224943400547436
-0.1313020309687768,0.22086695513778223
-0.02112383939922856,0.3521431419336402
-0.7224015987695721,-0.0946341968895463
-0.18265093210468497,0.20662404811018462
-1.5336194040915028,-0.4061375970072554
-2.6341590823993313,-1.1058463972762622
-1.4834807945742678,-0.5065786011933279
-1.8126279411450092,-0.6203646141482806
-0.27757939535056375,0.11163861727089949
-0.6259358928670802,0.036252652052355526
-0.13601721359732316,0.18143735969856342
-0.2934892379095625,0.23867726535637618
2.071511643584998,1.2816647776219987
1.067777807770996,0.8124428284548942
1.5811547988105825,1.1570505431871214
0.5624312619451708,0.478297234513714
2.18346986541578,1.24454723779472
2.0639263213589327,1.3385472377649146
-0.4097125338212426,0.13707955780129372
-1.4468548301661899,-0.47552351864360887
0.956512367662504,0.8570424824129942
1.4841829205622141,0.9708882068289365
1.2610538794400366,0.874346485646574
-0.07808411172175456,0.2422002731460656
1.0995049095316183,0.7452727868249465
1.1576664475073883,0.9673035843791448
0.5663232859580365,0.5430125211604367
1.6593027346054101,1.0305369225448355
1.6406754271402428,1.2304152354162794
0.2553276116468761,0.40433144955429023
-0.09865883293112238,0.18113972308562912
-0.5489016326861968,0.08410501721754074
-1.0444557550989164,-0.1705820755069299
-1.1418164367262051,-0.42346926209830404
-3.0409960651802788,-1.0745308528266106
0.23700447066838515,0.41460130166116455
-0.012290471000246439,0.22591088109298835
2.4700456218514755,1.5063372146296936
1.4958858330894635,1.1220728128714987
0.2570647083709364,0.4173698101536672
0.05844557135639908,0.21324417953332309
1.1512865700519086,1.0295628921037372
1.9123402809793055,1.1907259817841396
1.7213222225223723,1.2439532720462085
1.6141268521459577,0.9734170380220136
1.528447199942056,0.9954528545027966
1.6484924833364496,1.181078406714245
2.316503391281242,1.1319900231723856
0.871639819006176,0.7958841627879643
-0.08760604249130677,0.31390237623161565
0.19932442287356028,0.4368278358130376
-0.02935166118764393,0.35175303593855833
-1.1194947856318755,-0.3068786043121439
-0.3711136632067588,-0.00034697447204502796
1.3630394920504856,0.9780307856721723
0.40078778295633755,0.5765198845031735
-0.6728120834997529,-0.005179270091134135
-1.0141023116015455,-0.11100155475475955
0.13889505276092473,0.37333176752070735
0.05454234541125817,0.50355768577904
-0.5365991110164912,0.04490528600990727
-1.201165037359008,-0.22481931390134624
0.37371260210830337,0.5188326082825774
0.6831528888292174,0.4064989017276499
0.15808902686901116,0.26451712768896796
1.8210732646255576,1.2277707329051464
-0.68660724533707,-0.14771861961238208
1.7588678842758516,1.1813028016765845
0.026592516776221764,0.2612213179533044
0.06923762080363832,0.2602823890776483
0.6174657045572526,0.6279134242693435
-0.31935758739396347,0.1846940971054699
0.2979027320711519,0.44574080610378186
0.19054952412171697,0.38346410375562096
-0.7246657293901853,-0.10800646822607218
-0.5767352791238128,0.0464478187903515
-0.3426451071729334,0.07239056033824426
-0.1353840593963028,0.10584506973442365
-0.14681390929413352,0.21550357708623258
-0.20754813842215358,0.27909689696127027
-0.692481620455932,-0.0854965719253093
0.8674685199086327,0.6284512607319128
2.1888772842504802,1.4831698078240718
2.449676449719168,1.5535412789702585
0.015453460690111331,0.22127994016353814
-0.357751003130203,0.09954825578500516
-0.38898548671452493,0.17162868339704945
0.06171365654441374,0.40902237076202935
-0.27345039671985205,0.11382267268177268
-1.3938348152030966,-0.4763370777628117
-0.021113597005504747,0.3117729849306326
-0.26636182018922294,0.07606206146951278
0.25929496244612926,0.6293625016209795
-1.7552851338787674,-0.451620588316359
-0.6655782358037244,-0.1424307815252624
0.13328908238132997,0.2781174160209133
1.3076321491846872,0.8011484411336205
0.2942951595393416,0.5219461236530052
-1.1866984911378,-0.39129780762476485
0.015110462895055576,0.4332652445211156
-0.9840357739033315,-0.17104390671884176
-0.15548432519084998,0.2358960647298597
0.9930054077014641,0.6521618373072301
0.005276167248894126,0.30972789390207506
-0.4183338107180743,0.2562616659334563
-1.617285377525382,-0.4405707088590851
-1.8337637715111357,-0.622308497363066
-1.5568655417149164,-0.6253978083956101
-1.2353115683486204,-0.23599113447976455
-2.049417550272743,-0.5884462076072858
-0.0735780153941572,0.21558461716607627
0.959853039271405,0.7436060080006923
-1.4113938301447142,-0.5703214537152117
-1.3354633706696284,-0.30297338799818413
0.05651118005804956,0.11935561500281605
0.7669713328710953,0.683195242385096
0.3844349077212469,0.51290169553776
2.100422357623083,1.3794666865691558
1.7911188378270906,1.2441594018703328
1.8227149683370119,1.2161900003140738
0.019598348516333797,0.2734369873434742
-1.1886168376553963,-0.3746145347447647
-2.33842700888067,-0.9501399515430178
-0.5312257693730342,0.046265170346393526
-0.5011863011005635,0.0636700953802772
-1.1725643302887203,-0.3583789949545668
1.416006669482817,1.0118375877410188
-0.1898006783256727,0.09812128247726225
-0.8393006671315225,-0.24064571214768185
-1.4447655073394903,-0.4111838079221303
-1.089525945993402,-0.34155544319040465
-0.4539712369912318,0.06826054580046274
1.0008492880533932,0.7805916145188864
0.11399192789498336,0.328107679027136
-0.4639286883277811,0.008888935381174044
-1.7192336685550682,-0.40386277176658025
0.4278978232200614,0.49190835273548117
1.2057458747535679,0.8594965468113094
1.5441326416309034,1.1822771458278247
1.0632139381447134,0.7088223851792135
-1.0952467451650958,-0.20798829966812432
0.42512578927225064,0.46474303822469304
2.0147090221279673,1.4534209700284308
0.9944215621160295,0.8669645885242586
1.547952754438398,1.2310455411311536
0.49005547420312867,0.5593379278473738
0.1087242170975169,0.30715029093071167
0.5663411855267253,0.45342320277605397
0.44171385262218726,0.4798269249895445
-0.126472140181631,0.1831033203621663
-2.4996262302380168,-0.9318581393932506
-2.1064426691808085,-0.6201462147839016
-0.9603415484642974,-0.18819431825399352
-1.234136963959851,-0.16357111089642248
0.016151358966926543,0.2611486848565262
0.4529600999286707,0.6346812744838739
-0.3071581569668901,0.20938663261643783
0.21724835360603045,0.6028225639662371
1.1019020617598412,0.835215157035911
1.3730939772378665,0.92576223291209
0.8093517085452646,0.5556170606352587
-0.22994179807453352,0.2729693053867809
0.2690826392994635,0.44933476797993055
0.21115845639468944,0.4267294232926662
-0.5249590888132439,0.25760332975649647
-2.9943635939076434,-1.2277935259385884
-1.9863613868933774,-0.7858967380066922
-1.62485157737826,-0.4536603839110035
-3.053475817429317,-1.2904200056772752
-0.6833302379982402,-0.20570978664014294
-1.7899961067819623,-0.6856734856246809
-2.561401111063188,-0.987075623941624
-1.8139223730946963,-0.6031912342529726
-1.296139472630694,-0.3867966242464562
-0.6967419775821078,-0.2964576962680802
0.5868718882131214,0.324286801813113
0.1042212679098245,0.5502469394126903
0.9285821624417773,0.7577740435376882
1.4236773204648452,0.8489984159240046
3.53111049030046,2.0409625881646773
2.2891337597437778,1.4973888102875126
-0.27490447805036977,0.0991265232709162
0.4462393796611395,0.6890161548347958
1.2478006520161797,0.9434430463114528
1.129488874808172,0.9086012579574252
-0.12150627254739688,0.4032836518440214
-0.36693324083345535,0.20095294605165204
-1.4434732804968449,-0.3905143307039989
-1.6620112692044735,-0.5381668272262609
-1.2019942555684808,-0.45378923782002845
-1.5940816150610746,-0.44646136735449593
-0.22754359395217505,0.08867388592410555
-1.8630701941734464,-0.5712109458604917
-1.8242356076436552,-0.6444580008665354
-0.6151528010262621,-0.05674079626252542
-2.429361213449787,-1.0527172027804137
0.643616938710343,0.6450318510413681
0.6036657543137076,0.6363285298126947
-0.9013054912928915,-0.04316495384354879
-1.1972558718598911,-0.2766086368164172
-2.020252477344993,-0.6648823536576471
-1.0756014717102738,-0.37281044244607553
-2.3580257619589076,-0.8578585714120105
-1.795960182833253,-0.6233858274638459
0.3173024444382351,0.4613808152358661
-0.21610355152233918,0.28912183336559677
-1.7525278002827325,-0.7220613798210911
-1.8727586159870735,-0.5644519541416022
-1.2009889829177203,-0.3061200143352671
-3.087187037153374,-1.1394915761091793
-2.554611704761848,-1.0359400234101002
-3.125114988824099,-1.207809042975123
0.30368433707131026,0.40191091445497373
0.9139818569917957,0.6651621910120273
1.576834324344586,0.9858894356117689
2.534465659032931,1.5977603521545676
0.7968533292696456,0.6754497857363855
1.0550968242609717,0.9629586861584061
-0.6008722951487558,0.08180994102284342
-1.8920390086293497,-0.591655089225862
-1.005136012113644,-0.22564195815670224
-1.3283512468379108,-0.3808597989772737
-1.1848958143122938,-0.48635681224150473
-0.46541265113453284,0.02717047110543693
0.6438651753824647,0.7476008078454479
0.711154228803806,0.7634219280052432
0.13730270464428856,0.3356421456401047
-1.5544877569445361,-0.5803311984607581
-1.4358943955344765,-0.39014909982524515
-0.49745143086673727,0.1725335773310041
-0.43215783460160695,0.026480831181468385
-0.611793443327642,0.09239004356859995
-0.9189712181593546,-0.09008867796852535
-1.8579868766479275,-0.5440616913888624
-0.5456742099385037,0.1419861403713406
0.11305543228011927,0.4381532074438107
-1.9004101407243805,-0.6511348974829287
-0.6771493676294712,0.10644066878981448
-0.39049499398733134,0.15250528884639927
-0.013469059492849489,0.34588562117858207
-0.20298586592392784,0.15484975369193732
-0.175936409559851,0.20595885282670615
-0.3322910052694692,0.300623801583377
0.22974893658689577,0.3631683794868255
0.9792297887954228,0.7669490800067598
0.21733466620677133,0.2818607303449452
-0.1768441201273699,0.1738844465095073
1.1451007822160049,1.0029676345344645
1.3131621787880075,0.8526367635982128
1.3292179159961037,0.8100573192751132
2.073691586073824,1.3861369861773387
1.7875344314087607,1.1274802367298298
-0.10706301805182705,0.2417914175651712
-0.06463846852186172,0.3065705789884119
-0.033094468695540016,0.2482305529204452
-0.49773881381425467,-0.06841080979371587
0.9338504557067087,0.7130261634320486
0.44542863661476073,0.4471549094373816
-0.02791633226605089,0.45517311203936606
-1.2053570570324836,-0.25165208961252195
-3.388486491222395,-1.3713319978757386
-2.2684291104636976,-0.8878264383091087
-2.0547450916915384,-0.884449628824516
-0.4880049515722713,0.1379707447852565
-1.9164508231544126,-0.7765970680152957
-0.5714676071933072,0.009697431849497926
0.7039762767942767,0.5731572562825225
-0.4064026616671752,0.05864541251987704
-0.56727434413764,0.12862511941070776
-0.34737581036301046,0.06525393903222468
-1.1150449035993288,-0.21658924209599248
0.015015951495726987,0.3280189631275115
-1.5302347846880477,-0.4093307868922125
-2.3296615805455616,-0.876209624273115
-1.8251215715732823,-0.7519877720976972
-1.9238669869098257,-0.5857898274903528
-1.6934049873129098,-0.40552447013686865
-0.15870863021512915,0.1426353744904088
0.6938360992031547,0.7116373870550945
2.408118063512134,1.272597545522696
1.2309047838332945,0.8826780116378341
0.2545617456701651,0.5602637772714333
0.3179353798562496,0.3273728006385321
-0.31677550726898035,0.22469127139372216
-1.5078810192433512,-0.535152502826023
0.15040387277669176,0.29430072860038287
0.1353090444122309,0.4954302134482141
-0.6109631453159445,0.14753856463889942
-0.15786481369768096,0.271433995190299
0.05689099818529336,0.33290040630688517
0.4561548345507671,0.5976064380189463
-1.7494843457652487,-0.49808181727466283
-1.4783275561384273,-0.4529247565234446
-1.415237441976736,-0.503062618655739
-0.48418350091543183,-0.024212036692488906
0.5716951464432013,0.596097100385531
-0.2433970307517157,0.10853116545131974
-0.37784088958755935,0.11808460542904353
-1.8899177288968283,-0.5328334492406911
-1.4938223957304717,-0.41960965285716956
-2.5288081215640066,-0.7736960152389876
-0.8141452994560354,-0.18952230749361776
0.1931412488059967,0.2461396960902308
1.5105314174725377,0.8867354766685487
0.6071465215689136,0.4650191721300167
0.278549171283868,0.4838430676966529
0.5891462610474594,0.4835828126614083
0.1582960479856017,0.3387447349021313
2.6120897950937287,1.6352393156572338
0.5385938273794202,0.7171838748015631
2.9941493373109753,1.729121290094998
0.32408649376876286,0.43368693103331757
1.199283578493086,1.1522319800093916
-0.8898847317267219,-0.44318964429170576
-0.6964634465702844,0.02257917975127252
0.4275104278535534,0.5278505187833054
-1.0871092117001862,-0.13361156270819496
-0.8495427285990018,-0.24319988719819075
-0.6842842535917185,-0.11641737771399177
-2.055135011471279,-0.7279151236876911
-0.672487866120418,-0.0802766817724422
-1.5396889909112021,-0.5756262594097129
-0.5623799420034883,0.007075234268880626
-0.29124078527132113,0.20148762377968948
0.2789487315991242,0.37085965474465143
-0.22620692564909045,0.23821155606290162
-1.4133408838574577,-0.6313400205995008
-0.9535202286315775,-0.09703337425375264
-0.9879724438437838,-0.306475751089187
-0.35073372410589737,0.2908511229133256
-0.19861472222212684,0.3147779781796182
-0.9840137628385592,-0.14400825974210982
-0.4671848244485947,0.1203921611736744
0.03427903893125239,0.18549634889222102
0.010135398398699497,0.41232356298647505
1.8977177599764263,1.3339103898007134
0.2617439193431732,0.6401829886126114
-1.0676193710541932,-0.09733821500926176
-0.08041106834679412,0.3253583184569905
0.11041859141899883,0.3643184713581017
1.3688709529062875,1.1090115993814442
2.241633290472758,1.4830409323316347
1.8964542172735914,1.0972970362725085
2.7241162061072703,1.7801246946267808
1.0867980750934323,0.9189909164594021
2.6607169071046,1.6626885288367672
-0.4248393720512247,0.08150042771996824
-1.1399077067310461,-0.15405502899039586
-0.2685306153898783,0.2785560671551433
-1.5945426419488142,-0.5137951045982918
-0.215279503400862,0.31409913512878307
-0.9597782493975073,-0.18272771886939057
-1.195550171981372,-0.34417133900068947
-0.11634813578836001,0.38105857194410886
-0.04103132598764336,0.392346663258949
-0.17869080934454587,0.2584088387686245
0.48201996878700715,0.7457735734862915
0.5362468008821095,0.702906547921051
1.870675190792265,1.216045884361789
1.3795803939492768,0.9510489032577132
1.4509164057680382,0.9943613651706293
0.8508681881126997,0.9090567901809998
1.6846879161475805,1.1121842650436022
-0.3252370286606061,0.15862308474418124
-0.2570170358450966,0.27803670765245114
1.2819013266851715,0.7400181266423214
1.6402820186329137,1.2177871043403385
0.26375240857264215,0.5456965481302241
0.6274079753118862,0.6523629467662345
-0.695653481873561,-0.02963604898179821
-2.124222464251412,-0.7243501106028972
-0.419603070300712,0.08982369884236588
-1.4675960337658651,-0.6233820054227533
-0.645594547068415,-0.016918920045535336
0.3865397493595526,0.42862040650255806
1.0646599332901499,1.002932498723911
1.1008582503864206,0.8653757184306816
-0.99477428866233,-0.13290369411342895
0.10501786205474184,0.2287784789227144
0.14774459816697014,0.34764038745049697
0.43259605146023616,0.5146050108525538
1.657535217975558,1.1054002093920188
0.3570315789397488,0.4577861342374667
-0.9519433773167674,-0.4442147718534921
0.12242349224112159,0.3948338813868071
1.696404883350042,1.1514504768509237
0.7697121127695001,0.762431239228745
0.343000865232785,0.6140295417448347
-0.2914791256421638,0.3862919457874875
0.7120572000778778,0.7857745727012934
-0.37375411212081644,0.032979900002166496
-0.8271929494130197,-0.10133521011728677
0.04223650461283701,0.43900993215551687
0.8854258920574706,0.704030593580443
2.294217069299046,1.4927971237090232
1.9926606277074668,1.5968814351789373
0.7475285481918814,0.8424094302564678
0.7475514228370665,0.6588693433150963
0.49498744911673853,0.365917233386047
-0.4193679464118943,0.03432077792512224
-0.7293190290907099,0.015247813687337616
-1.2439512120289757,-0.2300262091518729
-1.324794983183149,-0.12964485585019103
-1.2282638805373467,-0.29033303623067874
-2.122415778530437,-0.786867319460333
-2.386936235158472,-0.928763730627685
-0.8068415369982549,0.01136019864251231
-0.2647418175671099,0.19482560732919033
-1.4138469493413577,-0.39840941719932776
-1.9918418838732075,-0.6637205107932512
-1.4211008407160648,-0.3722553061521362
-0.15056464555499893,0.2469084166903047
-0.07251083788117661,0.19868357926335886
0.367835525355591,0.6053560930470419
-0.23602073866564632,0.33119037632152826
0.37286689778247695,0.44289291022025634
1.6460279955877593,1.0393055796084831
2.992433616348076,1.9804779720613124
-0.15236132650590295,0.16900614043900974
-1.5458228190169714,-0.5307454933598956
-1.0822787877144784,-0.3372868859670559
-0.9023004424719306,-0.3932129824593549
0.18227410383683595,0.32055165662369994
0.1612441031952698,0.5813958285445753
1.7352570117289803,1.347464712620537
0.48235581413728146,0.506590001137986
-0.3612742608706857,0.08683553387184809
1.5056420341039511,1.2021390838600303
0.8257036390065985,0.8657864601962167
2.107980647483801,1.409823101497111
1.2518345052870063,0.9205698589446523
1.1348446443655653,0.8731458749427968
1.2514990195118334,0.7644123706592754
0.5859498422877687,0.5224900473175839
-0.19179237786436043,0.055389588147922025
0.5108448423439842,0.4921368369877536
1.063676325858268,0.8024893225042127
0.2436926050937568,0.4007346128264005
-1.1292929793028252,-0.3319983697781884
-0.8136702018516234,-0.0917026963688931
0.18145830804970853,0.2942007036956565
-2.460534345170174,-0.8509453343810365
-2.8951748237285466,-1.054188661873842
0.3307905774958382,0.28849794508632565
-0.7526931438731002,-0.08209761089935738
-0.7100575522107784,-0.03440632131030116
-0.08925873322106292,0.2551810601880376
-1.01018238398795,-0.3126561684983322
1.5203272910721888,0.9836799897037405
2.6455131219450667,1.6899937483808802
1.2836745135512344,0.7803017809802191
0.7862013000092956,0.6479695995122517
-0.4814687103335723,0.0247349226510937
-0.3585814923398014,0.12579371434428616
-1.772560597341198,-0.6248091330860291
-0.7249412156240874,0.05969725028611589
-1.85745213970232,-0.613694308894319
-0.7690519002474776,-0.20220822893893448
-2.776341822803532,-1.0316736905135235
0.37292367641936286,0.6220040543551982
2.041899559320421,1.258988839279636
-0.3019263582815137,0.11927757591859763
-0.37401933680626964,0.022759246203045813
-1.1678077155558815,-0.23831832233728376
-1.2018220010683875,-0.13051123405169168
-3.3635597118591587,-1.2800701879235885
-2.235609743045347,-0.7745825330058114
-1.5471387868218387,-0.47258019655418315
-0.3124804040772272,0.1620822881757557
-0.07359881816471428,0.4499577084764155
-0.8842605151042456,-0.2809191793747131
0.24954946803915778,0.5103624548889785
-0.0055393090269184875,0.2312609157338358
0.8919566075042356,0.6076504883615096
0.873905494836652,0.6692410933551818
0.2927450423299114,0.5034987044190126
0.9405657194675535,1.058541042766512
0.7488210756337196,0.5939817906291442
1.074539127926475,0.8678950019269961
-0.11669260874052034,0.18352128211385965
0.6500092671083433,0.6665581216761398
2.0586928498829398,1.3865216437505483
0.4180968096578769,0.5444516420705295
0.010714391677002721,0.5432995994812579
-0.022576494387850525,0.09460185929715917
0.002118648158622047,0.30168968203948704
1.883566381960187,1.395356120085817
-0.5764063783764615,-0.12742126746315122
-0.03201956621340951,0.497977941345103
0.15504138386472582,0.21756347945085844
0.16680774515171798,0.5102578223983547
-0.8078681830282383,-0.054274321742272084
-2.8876124956821414,-1.1074222488620027
-2.1835301184558236,-0.9046857631394599
-1.7841454511824586,-0.6596677078468814
-3.1426563820499505,-1.0629707263975798
0.6176349041459084,0.5903650491995344
1.7695638479348847,1.2243231400309513
0.31951602636712517,0.4793881678627505
-1.3454923207539717,-0.31556198296624727
-1.5994838036368622,-0.5104606445687777
-0.5449986226102568,0.13766674841844548
-1.103110542127781,-0.19912706323160043
-2.0009603581813273,-0.7049895388656945
-0.0803169402767645,0.44912709549205043
-0.5348669572267802,0.10486977844426183
-0.4855062704724394,0.023485672284933555
0.8349722451140293,0.7149878164447696
1.5210799595663773,1.0407836827075871
0.9783907758945162,0.6460702319273802
-0.836174287965211,-0.029343489633991082
-0.765103193912048,-0.18459187979187855
