-1.072497896790557,-0.18917750793563137
-1.2837454915054196,-0.39844387171919343
-0.12267720972701235,0.1953929695075552
-0.042850410748424606,0.37483884907979187
1.1253712687673285,0.7659126145176992
1.1821582514892741,0.9294576799748089
1.836254578980921,1.3750015933149151
0.5393229898511364,0.7606500573901028
1.7476173757099165,1.0681202862798609
0.32283158965203906,0.40195219978974156
0.5426611480128689,0.5046045567600337
1.0546415549411936,0.7953563785863341
0.5320411151528026,0.5732723302621258
1.8862129467163706,1.2858699286666633
0.8398817200227123,0.7664822781628801
1.231668389303954,0.9615978583717859
2.769667937982345,1.6127873261374366
0.2059380522947658,0.43790188069287395
0.7689630404313421,0.775052793214108
2.5090523131751477,1.5192100179152026
1.1092070082173338,0.7907605863079878
1.2367187322815503,0.8857876946164647
0.9930310000843695,0.9192839172449163
0.8564482027791203,0.8000923899264017
0.3934540434942662,0.4025931060094466
1.1187898104315548,0.935948550205687
1.629172013688415,1.0041011635800081
0.3078309855107997,0.3787209493285084
-1.8143145424811449,-0.37540404360136514
-1.1986799858866142,-0.4342109173431495
-2.0517291623839755,-0.5882245223633391
-1.4976401515378719,-0.3941961828153956
0.8734707494183084,1.000630213640932
-0.052047051224644814,0.4544731846900383
-0.27091043102540524,0.12938419883447036
-0.5789296177290946,0.02086559950339291
-0.48097040417302706,0.023613228053653013
0.2931926097130327,0.38430011302973455
-0.38903158981918523,-0.08395583636810364
0.3527813404852274,0.36903905329670195
-0.19482588005367063,0.14875086529080944
0.19749252219239927,0.3538507288834565
-0.28284790782873137,0.13442629251020385
-0.003120149018211338,0.40379109031029153
0.036736772715697696,0.36517571613420413
-0.42012544208971975,-0.043916762129788345
-0.4578537400264411,-0.03908134020095852
1.394674832493292,1.0042511911473457
0.06568763975896441,0.21983773930661618
-1.2315518145613635,-0.47775372874743044
-0.43440823360944686,0.08634843425757982
0.8195638328770154,0.7763741208883116
-0.4336202173864846,0.02268245450002177
-0.6060240338712624,-0.2493249625903543
-1.1045478910808466,-0.35462572973883966
0.9420748397817593,0.7256906017107841
1.5911023311431824,1.1629514780375056
2.818902859835216,1.6642066223009093
1.2862571004795038,0.974456284656605
1.5603238671482427,1.142481507555455
3.371590301159712,2.0331232668827317
2.01505238901381,1.1169071434051072
0.6800770670175339,0.7728427740349441
1.3261310100940986,1.0013219382166687
-0.3424172049046934,0.11385915151515115
-0.9173484274041965,-0.09880727011864898
-1.625400042257013,-0.5057316888271137
1.0286069083414597,0.7013020701774914
0.046323139840815264,0.4702429288599247
-2.267744680982543,-0.724576645761588
-0.9422496397999276,-0.21428071174284766
-2.7153731085150303,-1.0730292693996424
-0.22356676831627453,0.039894896343193764
-2.7777870729573246,-1.0454954171457285
-3.8417875020569063,-1.5751283416086856
-3.4016171559358837,-1.4453565808731195
-1.8294228801878127,-0.6709134712481164
-1.1925588524097912,-0.3107548162290241
-0.8563363198792467,-0.24499837825954876
0.08326226917334478,0.423796799469392
-0.8895786841327029,-0.06343126350096989
-0.3337479159640146,0.11463841065418266
0.3134768326133731,0.5256964196273637
-0.2419417915006209,0.25668176800378856
-0.4566469095201645,0.15660971798827747
0.48663752836176793,0.43214703447636926
0.136139497152876,0.45080121841187265
-0.9755353607555164,-0.1247791931206515
-1.8293099946633165,-0.8526405098249823
-1.3078526013498488,-0.5621474954380644
-0.2345184712505629,0.3534489835700947
-0.1285038436588672,0.2599065510046799
-0.18999608747656027,0.12085366766660588
0.10443089869948993,0.3363247170865329
-1.1132898553957913,-0.2502868800537557
-2.7558824787290366,-1.1567509114628003
-1.0978335815035651,-0.10981002890870381
0.7532170759073031,0.8913567488380667
1.037759338965254,0.6785621755425231
-0.026256220944946174,0.15021513034831852
1.5976362930929673,1.0585923104670212
-1.3708296826980593,-0.3009290502098935
0.12824488480953888,0.3288407556064075
0.5062130013483771,0.6177997575991443
-0.15183330738857703,0.15096675659290437
0.627408279729452,0.5238262336761959
1.2248489713624666,0.914602110019734
-0.9456041781081927,-0.011048130221734564
0.3293656220097434,0.39664495261989197
-0.6228871327022036,-0.13958747200615215
-0.666451037263433,0.042482299400075016
-0.8460411387302246,-0.037954095813189134
-1.8335299504498264,-0.5044874473810858
-2.0557425187972633,-0.8304854933125243
1.5306897970445361,1.205468971607312
1.075187293975393,0.673408524966258
-0.3234859849361964,-0.010686935521463325
-0.47692512295815903,0.08459802170513078
0.03435014849058493,0.3112967686332151
1.887710671102188,1.1170947133237397
0.5084125556185791,0.43402181852152766
-0.6428690711927636,-0.08285311823746844
-0.1380596036930259,0.3588991198453963
0.568641560310224,0.5943485340539572
1.0435168847552534,0.936615773369975
1.1229687889064748,0.9404554891307146
1.4257730773586035,1.090831647363875
1.3860744249825871,0.9645565444092078
0.1714165551115968,0.18757987476164104
-0.7006129600403843,0.08519725461346747
-0.4466025081949274,0.005069282308117373
-0.6272940411836212,0.01102891704112121
-1.24775496103747,-0.40462046299644105
0.5435604214360026,0.6258222398709309
0.1269648616596713,0.3257542496529902
2.3047823702655097,1.6958004912536535
-0.15368932674006186,0.40680129182304814
-0.18164196245996236,0.21710294121815857
-0.6922712762631521,-0.13750889121142074
-1.6022465831820434,-0.37117008225861226
-0.5425141999184595,0.085995122577878
-0.6254784129475544,-0.13011307925474386
0.8606307506415624,0.6286813921331345
0.27718446661717255,0.4950302722666955
0.16522484615512822,0.31771998438953997
-1.445649170724599,-0.6079386368646942
-1.2406181302909183,-0.5764090328615482
0.12758212333731045,0.44579900956351814
-0.7769692070400527,0.10278697875561232
-0.11325642586795914,0.3846646336851571
0.3296638586177948,0.4614165302404934
-0.06806887160213293,0.1709446371769751
0.3040782927375768,0.529290344375638
-0.3367825420585491,0.06827442475385502
-1.3069670074034914,-0.27855283166525346
-0.83950657849484,-0.09820562145795736
0.19290592822340313,0.4569987010719681
0.5095759495804905,0.5155499423696616
0.8870692574318726,0.7315215642420071
1.7916083205794968,1.287261853825238
1.3205009115027164,1.1758728291379406
0.4296872120411003,0.356740060428243
0.5128566949500043,0.463635339999395
0.9169018031530711,0.8789978361751452
-0.0006784625311524461,0.3171086936498469
0.33414142551879306,0.5727327788172025
0.31162531603003424,0.4159153084640904
1.4201753200075973,0.9990808685163158
-0.9237052485014521,-0.007664132342888513
-1.2437126653808541,-0.2546095248900073
-0.21714599333850526,0.019090902279804145
-0.9596528900045473,-0.2391627715011365
0.7242912791729643,0.5427408185027677
1.0724051817696714,0.7203996197358327
2.416068230746168,1.437789467310678
0.8363569577994086,0.7744994668574446
1.399834550095169,0.8993204954855966
-0.21398753117156177,0.2671037456361877
0.07858585041257535,0.1394174133473706
0.5179567224802315,0.49762063850284793
-0.05541499020383639,0.17717441768473136
-0.8120182015715616,-0.2112251818507117
-0.3978546915570484,0.13236507948053677
1.0596519146630148,0.8014510254894198
1.0168650352122104,0.7125333077002736
-0.0241617347895432,0.270686184743757
-0.38479264187332646,0.018393819811006046
0.9483128426715917,0.6830636667841334
0.2892988926819281,0.42008055000928185
-0.011903724953469697,0.4017485343051877
-0.8876542122141358,-0.11069991426208178
-2.9116727893111376,-1.0536667356702931
-1.7117347255101458,-0.7936568295832264
-2.8051773798399093,-1.148631835537267
-1.0846177971351565,-0.30180375625762534
-0.8287572333262656,-0.005329901463420522
-0.9341496388744603,-0.20450815892936586
-0.4983485504479533,0.01589498536929844
0.2461761940952888,0.22392961880305062
0.9038687323608078,0.8819053959836641
0.7333262735621027,0.6591261690192625
2.5057310385882587,1.5269663235642494
-0.0885048408350455,0.24460814891920635
0.33924473988858206,0.6311906768999245
1.3557938163150811,0.9085950399185985
0.55798555937482,0.5723274667636928
-1.3854344514075594,-0.27954311944190086
-0.5356720965654127,0.1362214270695608
1.331874442992473,0.9507595791588779
1.5781610110894158,1.0776567442760576
1.4025122687544318,0.8936188068934489
1.3678341706906647,0.9119709776082044
1.642831055520695,1.0766312665636233
0.2610328259912986,0.23544063512029148
-0.8968929408725823,-0.09542497161139812
-1.8225899738035307,-0.5456069527967493
-0.9124060224246503,-0.2266635818139512
0.8255856136122228,0.48604207831625457
0.0949914194238215,0.4815725741632364
1.5327770896985924,1.1458176097657322
0.6537792485633311,0.7949011129226505
0.9655539841551111,1.002696126352102
-1.3305431377273984,-0.4298395198681698
-1.317071417110446,-0.4706052677717323
1.4638246544156932,0.9644827895835404
2.6182974721808887,1.5345267456513494
0.7496561834343242,0.8398652472870405
0.8655571569557997,0.8008336588361977
1.9031771676245466,1.2934120278311285
2.4390122179758116,1.4287928455939387
0.6615275917530687,0.6697414965998393
-0.3108180147101405,0.11029984948996421
0.8524291778139146,0.8033326241243984
0.7008827737312388,0.6322845319072482
-0.3643189841747003,0.10646336174073717
-0.9858032969088836,-0.3892305440427142
-0.2746903721001924,0.31999965439916
-0.958758805985636,-0.2790171438140827
-1.3111465358326186,-0.37266764992589746
-1.7924373697445786,-0.5893415475443293
-1.8659499732487048,-0.6815342517856781
-0.29558160801433475,-0.03981852875575337
-2.310042449095909,-1.0099303716797656
-1.2182615087373558,-0.38043586006142927
0.0757271722256615,0.3645550940975774
-0.6797690748178186,-0.17027833246717208
-1.1564451378629523,-0.2272940542819847
-0.5082731453465357,-0.04793610390856695
-0.20188983810530453,0.04477512115375651
-1.1109245037028654,-0.27819145256306954
-3.180921909298515,-1.44871156153885
-0.40976369421026604,0.014638732408896418
-1.9465713930992194,-0.47063455447503266
-0.6864157640849016,0.11286437521752496
-0.7514479800475181,-0.061138486598008183
-0.5739004582143145,0.1129446198779643
-0.7366586377945393,-0.15404896279951602
-1.566691997691843,-0.5680362066978295
-0.8814538060618387,-0.30846862054009694
-0.4929239383991203,0.19581255363312905
-0.6967134860278327,-0.02686603758559406
-1.8776443909020157,-0.6798157183529993
-2.698508103170905,-1.0974386409941976
-3.1119804437667415,-1.1563058541832933
-2.4263180068746513,-0.893607965234535
-1.2473043304151217,-0.23655006039303073
-2.16605384311792,-0.7721900467966701
0.07355131241062729,0.23608658373041908
-0.6816009426356122,-0.08007643288196056
-1.2576686677567626,-0.3407593250261275
-1.8913941184566359,-0.5249788691936262
-1.9049908082019376,-0.45432793439881103
-1.00079088939659,-0.18997745904931726
0.2609625971515954,0.3374580325562501
-0.5727998179735885,0.08408531454297893
-0.6101712282599787,-0.11330413556015373
0.6844282311713445,0.5108620350025335
0.5812330551786516,0.5908262424192334
0.3434452721708198,0.5569704153314347
1.7198994617742,1.099421450663635
-0.09990532005377406,0.45351339728025614
0.6215538728194646,0.6190561050654153
1.6334988749156834,1.1647726229213193
1.4828455088444334,0.989714398873693
0.2895595351002761,0.40022523567206236
-0.6372406827252344,0.024563956472788383
0.13888538331584532,0.4432276051087862
0.5897149406489588,0.5378268422183919
0.08337071285473174,0.42823942222186734
1.5996521159095236,1.1102311786060635
1.0628837721895914,0.7355244488600527
0.9148514018914413,0.8278441454410665
0.9089820122574244,0.7285569756739595
0.7386626635670076,0.7366368210815726
1.3492307283601517,0.9971213493153556
1.0597849158909134,0.7790755666541898
1.7567610476863247,1.1938514607371526
1.1470992734199057,0.8513413337948914
-1.414647713870424,-0.5515813944178785
-1.353082509993696,-0.25530670500755104
-0.3029226342554867,0.12094442811559585
-1.4728348965036004,-0.3842660972387519
-2.0725741621886016,-0.6514964284836612
-0.198019277009728,0.2197595638215098
1.3140693361842095,1.0388667459943586
1.0137110900196697,0.9089383410414693
1.887022735716432,1.31706940958393
-0.46620096391637755,-0.12761974522653421
-1.595992729506586,-0.5189158152452169
-1.1735201002334392,-0.3357246795666556
-2.4803060891286,-0.8663052408278029
-4.063700329586479,-1.8005313185209617
-1.7866053257800514,-0.48058511228911527
0.21248924359656818,0.38509039491342256
-0.16909622990811587,0.18629505677394567
0.4179207037848606,0.6078297574146327
0.24223260269617877,0.48283284451515246
-0.7710636742030617,-0.23100970853690803
2.048743843780189,1.281804113143006
0.9510944457650035,0.7168405836597571
-0.9101042343727925,-0.2746310214472178
-0.2373711859651283,0.0358194562515044
0.20611885322185497,0.3821537212827554
-1.9767219924035004,-0.6010724548312741
-1.0316893192862695,-0.2354187910197088
-2.420124220708968,-0.8220318061526986
-3.252556250726955,-1.2650427023756134
-2.165118944852831,-0.767281619738725
-1.7256915669957984,-0.4536852277332708
-0.39332383061636156,0.14101527428246147
0.30985156966733896,0.3865940377332492
0.12604944728169182,0.4553014112210389
-0.6814555879222296,0.08356839649451452
-0.692091719703905,0.0702684667814266
0.023796327618374136,0.4141242826860632
-0.05530567580239344,0.4027963041178673
-0.3368353184618567,0.04576648720373247
2.2982760018395614,1.2858779531901336
2.543275987663966,1.437366685590445
3.2724826957683457,2.0086325996375587
0.2737847688357329,0.45715349010723844
0.9189604025949749,0.7878013514892729
2.0623840552213815,1.3889741521915868
1.732502315171795,1.0775024929010133
1.8141714200162369,1.083097103332645
-0.9213539925980119,-0.11909084684216442
-1.6221772383656505,-0.3900748228317289
-0.2434616522548616,0.1163499667325121
-1.7700755623149194,-0.46240277808616126
-1.0441761102414688,-0.09686216858682989
0.4811360430746182,0.4870837483822335
-0.8095120531234838,-0.06587435100130626
-2.254019925536978,-0.6859303933337275
-0.5643555191346693,0.062453596304013176
-0.3547404786344036,0.18215496077750226
1.802409425143102,1.0871253378062122
0.525474737438471,0.7083369464728835
1.056633363907538,0.9126915132946809
1.1594268288816072,0.9411019391946971
-0.4617424148953161,0.04570951673026605
0.12266141354700705,0.43398902955667995
0.6726299570245362,0.6483080605079222
-1.354086220660319,-0.306328132300978
0.6175360083454087,0.47359383086650875
0.4552698654650672,0.5320608415033019
0.9148432790496319,0.7485142104941237
0.6455199887905234,0.7287331857411788
0.5185079054395584,0.3511198560966833
0.21739701970710645,0.32416618708286393
0.21691309052426327,0.44201025589060483
-0.14585362997718096,-0.0021818303557347707
-1.3322546840318066,-0.23795728551844983
0.6999348447458689,0.7464142443136205
1.4640248093792696,0.9257562489728105
-0.7272526554172594,-0.12054856948844694
-1.883484408777667,-0.5881269489232666
-2.278587121032444,-0.7841294768365592
0.4052067376857478,0.5373238582899198
1.377006601100139,1.0672724551565511
-0.6809374656319098,-0.07769990110924013
-1.5765136012220338,-0.3751266387218633
-1.831839816988634,-0.5219501098885397
-2.689093824527035,-1.1118235197221462
-1.7049408972759876,-0.6986406669808864
-2.7073526217659403,-1.113486787989435
-1.2162836327760944,-0.2550995734018726
-0.7878584056567005,0.07691569061666659
0.855227753188939,0.716268593189551
1.8179550292993456,1.1767770083811182
1.9909380338607816,1.3539705038652976
3.0466731534471183,1.812992921779305
2.117043239062526,1.3747861576995075
1.3750301364063517,0.9955126904044278
1.9403509532693803,1.3005180979382094
1.8428546750247707,1.3129735217757155
1.0143629182517138,0.8335465834139301
1.7076209661245043,1.0861150860538153
2.586981931955343,1.5350017538764464
0.22894160879206327,0.5144794462149153
0.32496498077736263,0.4094105251674382
1.1561367049321858,1.0743508658917056
-0.14313292684612677,0.3089404732867318
-0.04665212419171397,0.18512939630789516
0.7334634840536308,0.6261150081511745
0.0038149264285044504,0.3808102733297693
-0.9947536833254184,-0.3422847316060829
0.29004321677223543,0.5362853449632473
-1.4969492039375463,-0.33927286734309825
-1.2167261246152181,-0.41493088012389595
-1.482667879263798,-0.32234109419739554
0.6034976820773169,0.6247914394487296
-0.9059353736678838,-0.21505847855942684
-0.9524420873276802,-0.06901474055627357
-1.761304574128212,-0.5890607358184703
-0.0005021827705495863,0.2652664775759957
-0.6439923445133354,-0.05768767571211628
0.3104678213280796,0.6084187933851811
-1.2737381450700163,-0.18560306946713634
-1.303113319331473,-0.33133625637039105
-1.5635409636401292,-0.47407329175106916
-0.1395359983662886,0.2562600485213759
-1.5577261759717196,-0.582429757638646
-1.4876338112231409,-0.5683523333780065
-0.5724867963780051,0.1252988235163311
-1.886510668943376,-0.6366602396400771
-1.9253587896444375,-0.8050297069270853
-0.8895155542091119,-0.2134173868840148
-1.7330102530712703,-0.5842703262565062
-2.345717938836581,-1.1145506736661022
-2.4794679020501444,-0.99677777353761
-0.42638703079629836,0.11855788089921646
0.1239208445333605,0.12547655467754854
-0.6744468410939779,-0.23656966452556358
-1.367959593954402,-0.46041442950867123
0.005314572722448507,0.31697436769946263
0.4351602742835106,0.6446949816550955
2.912075318984349,1.931713432432069
1.8768306995936377,1.0826676645852502
1.9901929413064061,1.0934767890888608
-0.2944242283351739,0.21498679091328793
-0.06507984235728986,0.21140090361280456
-0.36513019232244814,0.07793969720562288
-0.5768208907951331,0.2431516129443076
-1.1434583811339811,-0.40029565210155477
0.5145998751398636,0.6039323887296706
1.0768814396324506,0.8117913462923259
1.401021504422912,0.8097978693580524
0.5026081981139812,0.45023538465326973
-1.3213816010472301,-0.30748786928694394
-0.42598582238717303,0.0062677150162884915
-0.9787846115895467,-0.01065211770880417
-1.1710249496224587,-0.37257475864555667
0.20923700067025675,0.305738179692434
0.2814063187640016,0.48136183855138215
0.28657531822504234,0.47099106091332954
-0.39881049327304646,0.07027310848120362
0.4045157654382107,0.5136119539465245
0.27339022867508816,0.6447437235077975
-1.0912131450524092,-0.3246508039847947
-1.0662027436996828,-0.34314479767795986
-1.9912968028585034,-0.6161450101577692
-0.6316501014756568,-0.17898421508853463
0.2744796494558215,0.4562472135184358
1.3338091588257317,1.0205759584618508
0.5398471217623193,0.71002366014793
1.5595132186872498,1.1225525049261709
-0.6547314808076694,-0.09120882380691796
-2.1403355119006173,-0.7313725791438781
0.1294640313418416,0.42978936527486433
2.431383881062791,1.4392375765410124
1.6833406731760685,1.1618825657327263
-0.16015523629659656,0.31464901656564154
1.1085968047430614,0.838683257260993
-1.0420014687699668,-0.31112857951907186
-1.8840326510152097,-0.6553718320867534
-0.725484406675458,-0.1315501131416636
-1.8304374863955424,-0.48545233216065864
-1.770129657306268,-0.5267348486988651
-1.2419042407674994,-0.30568614233450186
0.10857987452138829,0.33201492279092837
0.8906649561835804,0.8546587082155384
2.603294510312373,1.7832644928116803
0.4172560775888463,0.6473852375802371
0.08248571311408287,0.3352024156589082
-0.4994380707630255,-0.12086505197338232
0.6082805746461134,0.589713089276921
1.620260171487645,1.1008692386330732
-0.061624096034174736,0.3551804355868144
0.7190689725803057,0.7197076174705559
2.6158994157449618,1.6645375795669326
1.8392536654680036,1.112072028015882
2.174152622220687,1.406575788826365
0.340270094598665,0.5219339867271615
-0.2380415241868582,0.01660900366225046
-0.421055775280047,0.06280105343048481
-0.3357446005927358,0.3114288232880879
-0.070122289121344,0.42221267512174565
-0.40659240331171925,-0.0037860821994298577
-1.6085387542554335,-0.5699624354499828
-1.5113173905023245,-0.3426715715968048
0.2514115372769359,0.44057358582905376
-1.0255977281624278,-0.23064574825334985
1.0301356063627747,0.8744570791322274
-0.1459876253790039,0.25506803187658894
1.0843622441601648,0.8269924150802517
0.6879143953705941,0.6182971114334205
0.011470718101930455,0.24350583952725285
-2.179543585615357,-0.810251192615759
-1.5343464037854952,-0.45129881860302345
-1.2855960287894834,-0.3949382022395408
-0.8285035820475961,-0.13959036766474978
1.4954714978909571,1.1817655789187516
0.9487843892902627,0.8622227895217267
0.9722683536609307,0.5936319882258422
0.890034398067733,0.8305808128394366
2.164074268445029,1.5597394886804352
2.370827090004606,1.3543960301934397
2.2232789862463735,1.4133349129207888
2.5293234194517487,1.519932289716732
2.2393258101351723,1.5887221757017296
1.1847067210373496,1.013197813966618
0.2424440012542255,0.42425728913505245
1.140704129300476,0.9638792114708948
1.5067623400658412,1.2041459569244557
1.7588147469855873,1.2119682623548258
1.7680469850894291,1.2444575289253075
0.7148403562944039,0.7075928580305526
0.3648298651652756,0.3209314227021214
-0.08841120961835813,0.35535576303643146
0.31296210486178344,0.49525615334376444
0.24560831497774266,0.4140969078904163
1.8577935513568986,1.4109064448584778
0.6503324299657289,0.6494763843076129
1.241936427257488,0.6808468820745529
-0.11463526548360536,0.1242561161300489
-0.5883178043516595,-0.0503697357988157
-0.05325529209627039,0.33101626796406264
-0.10330082270073629,0.18991912205526015
-0.672645262356927,-0.055668343037765924
-0.8190476618546823,-0.18074671791225366
-0.3640461731419774,-0.08128064718673841
-0.22267704635032534,0.31588118124090003
-0.21087958965643214,0.043226283866610815
-1.7820811308055304,-0.5535831537775674
-2.0621791834470526,-0.6558133428930278
-1.516006716862959,-0.4868602577261672
-0.05942970378294066,0.1813471954396147
-0.4599779977179298,-0.05791867391543423
-0.7124067329757915,-0.003563886105864618
-0.0662818837887672,0.07619271506043895
-0.7252425833133119,-0.10224428065790478
-2.4826261503358795,-0.8343885940665087
-0.03472644153933868,0.26160785586606083
0.14427258254830438,0.4044709369864924
-0.8747350040418602,-0.296847982585075
-0.6617719896565637,-0.024741743892602967
0.14281360882597194,0.3140171876703356
0.46375470678294906,0.2639580628304555
-0.19214306037096784,0.306606106403999
-1.4146812312311878,-0.42104166012037897
-1.49243482525852,-0.5872849164739965
-0.655563608120832,-0.08226070017349088
-0.22768149386970288,0.2301849859343171
-0.008138664030316406,0.27867584849830423
1.098239225342844,0.833927377688876
-1.2250469321872752,-0.4284305991653321
-0.8877505516095989,-0.14057078167720366
-2.4534717719961714,-0.88005035595128
-1.5178913970592742,-0.4914353529331879
-0.40077644757931064,-0.03202686975970587
-0.6467973866253701,-0.019102029381714666
-2.3876362746841187,-0.7878185934160256
0.28640857606555215,0.3933334570966257
0.059747382210773775,0.31022120133810105
0.49559281948906286,0.6661364983304773
0.19252248374282593,0.5551489979839206
1.1564656463561767,0.9725672132686485
2.8498197931480793,1.6086007549695995
2.012084857013228,1.4638936135497642
1.4678332928576936,1.0418465652402713
1.5667460990944786,1.1014793352213015
0.4602733392389696,0.4705788501725266
-1.1915004355752892,-0.3300186406885465
-1.5237373189270371,-0.3511283581659468
-0.8884986714956903,-0.1148279240666186
-0.9093992069514824,-0.3559020216382017
-1.5927668797818106,-0.47394333186248816
-0.21243670090105105,0.16030026613940251
-0.5345627231664634,0.03242596339340067
0.6202362127321119,0.7130390763333376
-0.22601441195623062,0.2619035953478862
0.8963125285765586,0.7320946458642508
1.5866282449426596,1.103099859691397
-0.060792044614102814,0.3278931421567478
-0.6997734947124473,-0.1352868547644291
-1.6578302737678212,-0.6412036640832213
-0.6484221870589628,0.10155354030098013
0.21841879214673898,0.42518860947011233
-1.8987719697892302,-0.6276931907393015
-1.0631326214309635,-0.3268421650056995
1.9153462696346795,1.3710506147058978
0.2924908686702882,0.5460425583005052
-0.4274351221214417,0.0455892193054518
0.19930503399737703,0.4284714158851092
0.35471030900328193,0.47665304666545105
1.6547820321357023,1.1321147712474382
0.9869813773169631,0.8049602442386677
0.7197722544186135,0.5846316462402293
-0.12211214395449632,0.23399602125779526
-0.13673767377657242,0.2963582939577726
-1.0291854076438132,-0.09518123720846561
-0.5380950865432468,0.14307281852166537
-0.931576021417257,-0.09947741975941567
-0.3417149696652766,0.0067267113974015386
-0.8081227606214829,-0.15303666620448597
0.43140545843126,0.5174147890414929
-0.0501112040675224,0.15056574459620464
-0.2871684819633952,0.07746869372626396
-0.8290921126013322,0.025739259590119662
-0.5096531974659206,0.18681852096837864
-0.2851168615880899,0.14680478087222518
-0.8706264248954831,-0.08965375118683824
-0.594701748909852,-0.027282826684769064
-1.309493039181854,-0.5200805667252969
0.4369769153221291,0.4787676717786854
1.9086957670131564,1.2075581211647373
0.8018600211768081,0.4625076571811271
1.2006422016332807,0.8855164889233611
-0.6730549346720736,0.07528290335027503
-1.1490457875017455,-0.25917544313895624
-1.0798354301324486,-0.24909777443507505
-1.5621152993831782,-0.4439682936697441
-2.1770561015165932,-0.8750526108531744
-0.984270580757288,-0.13884682561911707
-1.0661488670327879,-0.32354784722947716
-1.469221857151504,-0.39584944587313353
0.4098820965244028,0.5822237844686987
0.8568221940795901,0.7650421994284204
-1.0014250704322039,-0.2508234743486427
0.32137719582474333,0.5168833298057633
1.6490061010142123,1.2016915992948152
0.49645827879431614,0.40277472996562314
-0.0393918318477704,0.06633258016233842
0.8423019437621695,0.8410168856970381
2.4367138369569408,1.4412594659392446
3.1002937705236904,1.8853705885902197
0.5635712468892651,0.9042687195167164
0.5888151558348521,0.8459126199951184
3.9485404265004975,2.253956163185703
0.5841512278072115,0.5378394729148137
-0.39798615744683086,0.11482789984189377
-0.2907692317916748,0.18709210155894845
-2.0726623818195167,-0.86783906727697
-1.195833053510592,-0.2803633277382006
-1.0681111107023553,-0.4326266716413698
0.11605930348667981,0.20863161546005377
-0.49986072072533116,0.08064172439144728
-0.6554897107783269,0.07332263756813334
-1.1906388358685636,-0.3733209103090601
-2.0487650562095654,-0.658180748650262
-1.4118491479177002,-0.4392360684234492
-0.9807425718855661,-0.19503021541092394
-0.1621442653240226,0.2642080335011478
-1.008202427187418,-0.16390206047260672
-0.888796498231813,-0.15101910458569276
0.8884612786307857,0.9300915632357628
0.36294115899490126,0.39367285557040876
0.7936828682688454,0.7840352048243353
-0.08907389834465484,0.214476425349304
-0.5389753748260091,0.026217675329172057
0.40398827161342843,0.5522690736618606
0.6444510352295743,0.688728951102617
0.6660464091812397,0.6475452033787157
-0.07913318711158457,0.3267529142299738
-1.9149515588491612,-0.7288548349742489
-2.355140581657774,-0.7830651907921606
-0.3215998607158418,0.21095547529206288
0.06513738367592964,0.3552776648447851
1.0744533092695407,0.7688121793633337
1.82286654782297,1.1207751960684988
-1.2844606064855262,-0.3140563020433949
-0.5740000417219767,0.11447157570815769
-2.882996876431373,-1.030342351341975
-0.3541577187027295,0.15447104413187582
-1.0321229517713655,-0.22011550023721482
-1.1928040408952945,-0.29100593945997033
0.6875460796708679,0.4208382941176019
0.6186704687905004,0.5961473496423666
1.7791384306183375,1.227209790581785
0.618380216088179,0.702109904059701
1.845212519091893,1.4193654901273987
1.5364391321363435,1.2171764002080656
-0.06410648540669595,0.32393368274229495
0.11643742777157494,0.40500542821792496
0.8597755542652945,0.7261277745169739
0.8671870045032655,0.5790052223729476
1.5516219561616569,1.2195936507609824
2.678370828127671,1.5469096803115203
0.414113730881451,0.3729799343035134
0.5772518922352023,0.5967931266358191
1.394454367874978,0.9569768089072991
-1.4289488539491657,-0.26912650720779285
0.12305576705222332,0.2947036356256816
1.5395136467103123,1.2739061650208205
1.7367831915022678,1.19641857872509
1.12955704533218,0.852372043631433
0.22562788974265713,0.421406989984009
-0.9955389291445694,-0.10348253186773354
1.8684411956282196,1.295309577404188
-0.6664321038333181,-0.05631511238718205
-1.3345488152533602,-0.3336269560174331
-0.9010820642780991,-0.07993024789461996
-1.0392909321567778,-0.17092492343108412
0.7301180014723927,0.6467954339431791
-0.5499429791023803,0.07650303303906905
-0.5196331369334376,-0.10433012344200385
-1.8431469349693996,-0.7729771856674701
-0.4336364488212422,0.09097086941571159
-0.1339529492396725,0.17927440815660783
-1.9314661480721347,-0.7263950266982387
-3.004414762245948,-1.1533067393416097
-0.9398525275983716,0.22007061335330447
-0.7228562479557035,-0.05893330956510413
-0.3806898650161468,0.11750696090104377
-0.8624037964597391,-0.17495234121088288
-1.5349886494075182,-0.39373118934265194
2.161830869981415,1.3544064208680449
1.7319332696006238,1.1945351876801586
0.9629077473484342,0.7894506835053177
0.4610361668317441,0.5534833762630245
-1.0517405456104685,-0.13363237937161715
-1.6502238486361012,-0.700632760668051
-2.0914097077804765,-0.905018915094173
-3.1006934255066145,-1.2348770879833384
0.017946848244703828,0.21169769793285675
-0.07110315142496222,0.044651620997282426
0.6671188161765669,0.6596244897695369
-0.13723787139277155,0.1902526616710451
0.7877320619723195,0.6728996299904645
0.7363092944070577,0.6650271880003851
1.7838538520895082,1.26755604526912
1.618003692472838,1.111001396673447
3.4377393310684745,2.0600684640969886
0.12513092133202708,0.36458433424003267
1.5379177459563664,1.008532551979381
0.4844059437722311,0.4567458630009249
0.5466219467028707,0.3561195937869355
-1.368837960178269,-0.36144213623606
-1.0448256750014424,-0.07087830517761154
0.43490409071461256,0.46471557098799054
0.1409473734023084,0.4736572229363432
1.49986602902855,1.0646485353860553
1.4064088226270821,1.0661695370412723
0.2509430036620872,0.47766576141169675
0.39460519298852575,0.5387026914167452
-0.3374170270030708,0.19391192849041794
-3.246092001679249,-1.537285353292033
-0.35901271229472254,0.13969683895171678
-1.303530322296927,-0.42840924023621774
-1.9812279402753168,-0.7581818698904693
0.01959691358760174,0.3062973342824858
1.1912143262675698,0.8358886910697186
1.0988158907805654,0.9122214754492641
0.7551392841573771,0.7294190002742837
1.0536138336054872,0.9949348168199719
-0.34158381786724257,0.1854252148225889
0.5151086546438299,0.43679954277565125
-0.27633664140936526,0.12845013330394714
0.7021115716793188,0.5265746834029886
0.971120302162725,0.857766624588238
0.2500091849067644,0.4491515020960114
0.7699896847479069,0.7298088733815185
0.3534998459362991,0.5411071300115118
0.24417006915423994,0.5114405016899186
-0.20288554661673547,0.3056601526860441
-1.6301748376340384,-0.6933980321452653
-1.0115583856834394,-0.16474236721594104
-3.7001037398280348,-1.5001924548900054
-0.09959038783733853,0.30812989887309183
0.3779257860822864,0.4852126238232878
1.9009153155885439,1.2014659989940069
1.7700563835140717,1.3427081236648994
0.3002691586621995,0.6027847493074208
1.0916727158147261,0.9689943267360359
-0.6337150757726647,-0.12445981923585979
-1.6962402693118375,-0.6227624305134117
0.1435991377317971,0.23897348446020392
0.5022193932153785,0.5076502208753193
0.39035944694782876,0.6068751850755619
-1.223468812215652,-0.3236469815576425
-1.333536847132677,-0.54224109532091
-1.6775951906878293,-0.4292177457540952
-2.4466461322265265,-0.8915021024937004
-3.444811073307024,-1.4405606916204612
-1.3168742494956673,-0.4762840608475052
-2.788137976033035,-1.1459843976665132
-1.5421640355286317,-0.5108844574161682
-0.06581317655345953,0.288072125801497
1.4650802395279865,1.0029270465478632
-0.23760488390914525,0.18548028692209084
-1.0333403513230257,-0.38840619775838436
-1.2208280116159411,-0.33217793433458426
-1.1327501913286857,-0.29368852810967566
-0.46398705551444575,-0.007961637721623047
0.7854624516146205,0.7115756436759922
0.5358036291628681,0.5762373729697465
-1.269674705006644,-0.1882963010396825
-0.4653909453166657,-0.02846203320141183
0.5144525798758124,0.5285281357890451
0.49172809031106446,0.5569681126887275
2.7164907834783527,1.706793682327657
2.5790308610353976,1.6256749014028584
0.4854326836569909,0.459616377351833
1.0257122283160731,0.7405259386433567
1.0347968383131945,0.8973555252034549
1.411797353229134,1.0240563880598024
1.4966095196459357,0.8949233388275363
0.8607221703394234,0.7224933866716897
0.5136963083517252,0.4841703949018115
0.2261109933314224,0.5247807662029952
0.8679919027747469,0.9728485425358764
0.3637194597412556,0.4129420187256612
0.08955631906346545,0.3491943207604018
-2.730605543571225,-1.245315218822263
-3.5195288349214247,-1.3995384475747141
-1.075283519959429,-0.28645552531846813
-1.8656397704688197,-0.6798742199436845
-0.797401401253792,-0.33154370982374826
0.10421123080161487,0.3169504268736865
-0.06134313113989219,0.32850739299509096
1.8296889721990282,1.2933704701965412
1.8560195385888294,1.227775271468326
0.7040243354429219,0.648222629020089
0.9013214433062811,0.7012833550206617
-0.45200461111333234,0.1674673861327571
0.17280010443961946,0.3762981583151531
-1.0748969458727924,-0.19253348081222585
-0.43437978558751705,0.08560014940792339
-0.2145351477762556,0.19115943502618646
0.26998583909614915,0.3584038273445181
0.03758213706660926,0.19776380141553948
-0.18275128781623534,0.17708418227885603
0.7303456022189632,0.7172961860812644
-0.027559292622399534,0.08999967285405153
0.4264689251035815,0.34076165167699113
1.4647047396985187,0.9512367078284798
0.7919518853380537,0.5604711745881059
0.38416809761177567,0.6810557987454963
0.9286295430464901,0.7685113681088758
0.32290532268001954,0.5399076490096392
-1.014885721436344,-0.209597081082494
-2.220057614967416,-0.8256534786667759
-1.1248732596688529,-0.3436891459008855
-1.774820903235367,-0.5466271308713249
-0.4744640439707609,0.0487516564940853
-0.7435829483664621,-0.06796894767609848
-2.1086143292650474,-0.9066607712086177
-1.5242241785196198,-0.4666030378486121
-0.36336886044050587,-0.09425563043746463
-0.14269154143440468,0.35305329428329174
-0.04891573987463556,0.2786197062533207
-1.0873484727302003,-0.3084366650516275
-1.2991555961271242,-0.5143875821374237
-0.26960376367680605,0.14934884163822346
-0.5103401259432829,0.04012966518672575
-0.6857793812212702,-0.023148815027600102
-0.39489120906181563,0.11658971939167842
1.0561268443746292,0.8255693698715181
0.6506171666983211,0.7593873945934048
1.0905338233796371,0.7984908923691199
0.3667566498455286,0.3657239535963528
0.6600223911572041,0.6052793678571686
0.42501013822693856,0.5735657124697439
-0.8246911595864362,-0.009509034289312435
-1.088426138046771,-0.3780547469450203
-0.8347750546648971,-0.31091672803064324
-0.06586782849190109,0.1980284308213463
-1.7229526415240923,-0.3793568382271374
-1.2341450646582808,-0.295369364109283
-1.3152425399176018,-0.2899008853782257
-1.3540955156612438,-0.4758601720036261
-1.5645622560028896,-0.6349290551623281
-1.3815399885177022,-0.37921348698864016
-0.26363588553405937,0.22001064805176296
0.5763924627130979,0.6203570307886621
1.3167852553275683,0.9222205765020215
0.2820955220847122,0.4696414614559543
1.4650733789622472,1.1051242166225852
-0.33351665108860407,0.09305385542290867
0.12644185210627784,0.44937072057088157
0.5351223668816539,0.4922099556230918
-0.24674676273389268,0.1656143877211311
-0.6913786746392934,-0.1492014711034323
-1.553222924189357,-0.5402848624785368
1.1065370093383946,0.7964404730184436
0.6578443723978056,0.7068461497909503
0.8067156350191396,0.5793779669301715
0.4461683126396029,0.5763057181841592
1.2239667544800357,0.8569344592878441
1.7771696469338116,1.1433379997244257
2.6131073704915204,1.6562369322968136
0.1888466742049426,0.3069181266579199
-0.9547671931442144,-0.35546604427318174
-0.5804081667796299,-0.0727123343419297
-1.3402142693080807,-0.41380286939827826
-2.276215211386582,-0.8782213997224089
-1.0320103863635792,-0.18415233993854518
0.1743958996861491,0.5020366274177972
-1.5912057190013462,-0.6488549664352872
-1.610028378363883,-0.4042028537394229
-0.8743753864720446,-0.12342855857320645
-1.3753079342081533,-0.2604503234836036
-0.11945329718366937,0.15023555809761585
-1.8072252247310159,-0.6829048642766695
-1.1393856144115797,-0.28243464481578373
-1.1568790340206554,-0.15599960295492304
0.9806618186484746,0.8467716000326175
0.4931984992248872,0.596934725786839
-0.8695340069099076,0.011070322633502605
-0.6030697067561264,-0.10420227618249664
-0.5718488238781412,0.09975689070413647
-1.057124054215321,-0.11449144666754635
-1.2867303635955067,-0.2982368743712536
-0.730414552092204,-0.053412682290828684
-2.7192421024017035,-0.9652986522753857
0.31280208052573344,0.4233417049523514
-0.5184391237287376,0.08488744605696699
-1.8234556249835152,-0.5777520602377053
0.23525153532623855,0.39874607959952457
0.20970279293144953,0.5007059627652402
1.313917230792681,1.0545270342029147
0.12607650101797352,0.30553871724953025
-0.2745698308437231,0.11248246353627561
0.43345849296346983,0.29929902930774543
1.132446473574934,0.7859690793772133
1.5853891137290548,1.176449935365786
1.191850850319975,0.8902418411916083
1.9310477978734188,1.3909913940071597
0.8032346832833885,0.6382413345907444
0.13989983976344622,0.40253582625011775
0.4854638007869956,0.5859322052244895
-0.5797518268319539,-0.044541365384792225
0.5780228599472644,0.4635379781344758
0.03070584832450368,0.19414894919489417
1.4838988050444408,1.0490753647105657
1.9453907306340763,1.4892928616210792
0.3887493980493456,0.3233520944735151
1.5520026759175125,1.0385850329033504
0.2906198013077307,0.3584917693155867
1.0442055545150384,0.7689858103866081
0.21946817695083076,0.425155675401303
0.6500396711858145,0.6372318895594524
-0.49373867534650173,0.06036212618409805
0.2765498124081677,0.43363113480143833
0.7337849256989784,0.4076986752410522
-0.6821366746094204,-0.25977269001006353
0.20094092977702427,0.17951077480992628
1.1564096371922026,1.0357842699606958
1.1361516768212128,0.6976596054309666
0.9800037665511108,0.6997264688086391
-0.5729958032965784,0.04405773098517232
-0.44832607933536683,0.1509342763077206
0.42915274802705633,0.48382559090163857
0.35040304218082635,0.4987564079276111
-1.5317900582716852,-0.38618858545135704
-0.6110272071823912,-0.09785639656825378
-0.9322182576881721,-0.24471810077241413
-1.6184107062344615,-0.615833005999605
-0.6150382701424919,-0.01119739244625564
0.6727523192197685,0.44286446080584985
-1.2355061576895479,-0.34324460660542055
-1.5818376921635515,-0.6402809917783429
-0.3097439768094029,0.13436067261713364
0.1246364026218364,0.3799472517279255
0.27011926229169647,0.46036294976744335
1.56231386487591,1.0887694531538523
1.3550745404986402,0.9185146068156143
2.151688282131553,1.4321128830678629
0.7276809232620054,0.6126207558887441
2.322877499127854,1.411591954618363
2.049336286494525,1.2958833133323597
1.4863094712407037,0.8592461417304356
1.038642704903677,0.8651296283516328
0.7362901094239908,0.719426494603807
-0.264056158940446,0.039752466827407185
0.7156687156440847,0.5148107850635831
0.7273088811306209,0.5337105439061485
0.48297039904834604,0.35278507330691955
-0.05174824383796395,0.30556308082958905
-0.5710798479397307,0.004263008554946761
-1.360471988904579,-0.4754655681175591
1.0492012495979464,0.779754055409239
1.206924360678013,1.0463678882373613
1.9882460538980664,1.3565692214806857
0.40949792683880004,0.6602560059459789
0.6569484509116833,0.7054564794514369
-1.2743566916924456,-0.3106508037545735
-2.1124951639556118,-0.8526940644549135
-1.768847597961491,-0.5123895494799701
-2.2809851044849108,-0.9041647003665895
