-1.1629069195958468,-0.22496331849661821
-1.841872978175612,-0.4678570371360101
-0.09053749691898272,0.20987774069030218
-2.105504595659746,-0.9526951086976796
-1.8585361661606612,-0.6742300502378389
-1.6929141431048733,-0.6992970646637998
-2.263774697506671,-0.8249369752700735
-1.831497162360554,-0.5020084798074759
-0.6002126856153033,-0.03355588245236425
-0.9769890284280089,-0.2069518883185528
-2.9078138208860778,-1.2090652287813366
-0.4231453806401817,0.14232231632844478
-0.667517480502219,-0.007150077840863349
-0.42349778107694613,0.19266640089882592
-0.2657724001532693,0.13054595565113888
-0.7685305524952857,-0.0035959898828388237
-0.046553186432831795,0.15893112731769604
-0.29405994625912285,0.22503727502993143
-0.31870045264910263,0.42614125281554077
-2.5422750284998297,-1.0625146215852537
-2.4265563064205686,-0.9234860917681839
-2.7142709063335513,-1.222717937540176
-0.212470612594162,0.09496279836595724
0.48514513253316816,0.6347454041559493
0.6185771277520228,0.7988637952398232
0.9505306178767553,0.8143179570592995
-0.43209546242200914,0.17770282682378824
-0.8237738727528661,0.0061522907927860915
-0.37260435833913547,0.3429340495667889
-1.9057536946626663,-0.6990158362659292
-0.405184772007525,0.12777915711287605
-1.459383949250847,-0.35515883389713576
-0.10892642580292922,0.24640760144885898
-0.10623585044762193,0.18775126367789927
2.070288306099269,1.4050559291864317
-0.2525280311786593,0.08261076812454513
-0.5937601117822884,-0.09715975572041924
-0.3901495505262967,0.14992328445606412
1.0925865831287178,0.9450687782380969
1.8479126596865207,1.327119170400409
1.7668186493210412,1.3467988678863376
2.4642230080827052,1.3917760034325706
0.9639320259813499,0.7041889674393856
-1.3651923437847364,-0.45423532079448303
-1.029315433593763,-0.30449640166342773
-1.242042826884471,-0.3641444042163031
-1.1873749783475418,-0.34826761125673283
-1.0126312190063396,-0.17814962824431368
0.44221470239968685,0.5806572800246389
-0.8493845207897501,-0.05387095699965504
0.42154330464316636,0.41575741498906893
0.4095763979902881,0.5898656293473523
-0.7619598130588536,0.01935476129674997
-2.0180409503244463,-0.7160060710324656
-2.107015824611593,-0.7378489660533335
-1.1420246975577297,-0.2979168470167851
0.48693459576306697,0.40687268301035107
0.3876557415097921,0.4367230099479299
1.5486421705490727,1.149096152428044
1.1888209189160024,0.8249106465302254
1.6455892749512806,1.200416756947705
0.839354636440577,0.8502164439806579
-0.6803155113914241,-0.031008718044637895
0.0986326774014431,0.40611448368710557
1.1233519001143668,0.992027391228584
1.4232592956568575,1.0966116831546402
0.8536285422270745,0.7696995771690811
0.4920651045674125,0.600029891591021
-0.8369268041568221,-0.32276928069543864
-2.1350710725296467,-0.9131909385624577
-1.1919185824605203,-0.2088696326529349
-1.4720827482120076,-0.5307794684015001
0.818667752476023,0.7114630888140193
1.0236921354742672,0.6597732576006191
0.881101203882236,0.711665220041544
-0.2365796010885094,0.22424460488801506
0.007065849311475636,0.29944310217008946
1.3382584454150663,0.9891969319755298
1.7714921273773023,1.1216463512787558
-1.180250611200739,-0.20665117122346616
-1.1511519186241232,-0.37009710162002357
-1.988328727151517,-0.5860311675687364
-1.9171053457902492,-0.538843718235076
0.33644662058493946,0.5752207612417685
0.20354176786651146,0.40104786027288514
1.9758699469630143,1.3783252798108039
0.8322936309778661,0.836150770034596
0.07291528045648654,0.3154573381691054
0.7173899522846924,0.8221758767024717
-0.1742211573291117,0.3168956493308515
-0.8150094078553152,-0.04140184687261565
-0.9018115158327299,-0.1359976604372574
-2.0374125158566962,-0.5394504571450301
-2.6831312281491595,-1.0526870950575615
-1.3896802009928297,-0.3291512131945436
-0.37451339215079227,0.16497550392227403
-0.48961580742153304,-0.008537372370421598
-1.6007165697464183,-0.30223104793418154
-1.126988465730358,-0.2216031624591218
-0.9918183615577152,-0.3199714451834514
-1.0836198543553626,-0.07851234396100179
-0.918512946066646,-0.3417921816898041
-1.3649839696140607,-0.30750606924624124
-3.6025446913998143,-1.4780019958199764
-0.9387853195504957,-0.16653857423250024
0.9252335004171446,0.9808533073005106
0.3490307401420251,0.3475261023028615
-0.6500112660676338,0.06824625994324483
-2.594279011350589,-1.0140817894679326
-0.9065285050183167,-0.0897898820135764
-1.4382070626008994,-0.3898168142149634
-0.41593277402212747,-0.08866806140650493
1.306370879781993,1.0306388813447667
1.7248236412786393,1.3525416679021087
0.24041763553777018,0.3380456889992096
-0.06162987212013918,0.2419475879615117
0.009869103414622694,0.36531417068480176
0.7535264466388918,0.7686098493401393
0.8279558380926277,0.6280932009899982
1.629876613918563,1.068414050340347
0.8948655909953571,0.6909486324986811
1.294874668383185,0.9996236830024332
1.705130966761642,1.3104348892630535
0.6316223677308739,0.6047322316342114
0.11921665269620202,0.44114735139736594
1.7028408948700267,1.1027827282484768
1.2590482390132456,0.8527950155336134
0.5671746069777386,0.5220587281934634
-1.0572034269022148,-0.27756320568992293
-1.1868248456429598,-0.3653069289507787
-1.268345492395524,-0.37754383284390325
-1.6357511477916016,-0.5605549855685521
-1.8896311758924247,-0.7687364309281499
-2.3885720171361307,-1.0167223432395789
-1.6896373471169186,-0.4525763254773839
-0.5519842488401598,-0.07814840856190894
-0.13435916624939415,0.35820950261101914
0.9034566948914698,0.746022570111595
-0.09368665459061765,0.30251042851063537
-0.07050563588716895,0.22528033285361873
1.4771477398783537,1.0171287751578357
1.6024603626651295,1.1664005953503511
1.5856483603058151,1.0191866672075038
-0.3187826346207785,0.09336442132511823
-0.7952806199515503,-0.016522438366648365
-1.0928006524057017,-0.3896617996050531
-0.3076645811805071,0.09839926426398936
-1.404889842374439,-0.3542672751612492
0.8149038772986638,0.636208698875742
0.2758821539784328,0.44449734275210917
1.0649464617025108,0.7358248356371596
1.3147984906763548,0.7192732093539583
1.1774612735593188,1.129282425509922
2.0872561879600773,1.2597403034247303
1.14034885227561,0.862349729375937
1.4773563327640162,1.017508788915248
0.7327589841268773,0.5883703572932224
-0.02628724133535887,0.3503555033845826
-0.5732899842058741,-0.03788634828327501
0.08271669829137684,0.3753522609755649
-0.2713248204719856,0.19892392083874955
1.1088213668814955,0.8364767049708155
0.8735820947035595,0.8095974507563665
-0.8601158260484563,0.054487347048635365
-2.118151492942622,-0.7638746323839585
-0.9989182997646532,-0.2836759678391783
-0.32525963371039235,0.19694072988747402
-1.0931661395864798,-0.3199455142603534
0.7273906487190702,0.5833747076764053
-0.7560752206468158,-0.13484209008009684
-1.904470961050858,-0.641784349011989
-3.465039501640354,-1.5574194878442464
-0.9633819251965716,-0.22251913809789797
-0.23081497022781639,0.1457515121575043
-1.6135662033567453,-0.5917399597080751
-0.8590427531138624,-0.11164501985095113
-0.5319858324257344,0.07888283832485901
0.6633986414345763,0.6182216624260245
0.5900388157975567,0.6089341975889364
0.6397953008152719,0.604588796388959
0.6020701310681218,0.6332975285164945
0.26466964958300354,0.5178947705341234
0.21405675064366322,0.4498516488797846
-0.6378439575883259,0.2341472821973825
-0.9120775019031202,-0.3096704867140494
-1.2526136104278378,-0.40883685327813213
-1.586682587351318,-0.5362279500396776
-2.6066534124574074,-0.989845989739995
-0.9320521719807886,-0.010829754655950291
-1.2306487883852033,-0.23654833648250329
-0.0747877240802648,0.4305134593912183
0.3797901673559394,0.534966805032576
1.4626262987840026,0.9824764624151818
3.1509163697463154,1.891235262287286
0.42552773907002917,0.44844267011447614
-0.6671912441733756,-0.04331412764153869
-1.4966172359688992,-0.3255777216286767
0.17988771130885106,0.3796350852597591
-2.1736108858052177,-0.6502045779016785
-0.9612654003954222,-0.1823059148257567
-1.22694050791015,-0.4232684552809369
-1.3265566593372955,-0.479851075191465
-0.6132840813207038,-0.011788608545162942
2.216004878940769,1.452257546400723
1.844412982449123,1.4027664540257931
2.6642713623437286,1.617978820950482
1.3052680849258669,0.8300067291504679
-0.7478500526684438,-0.26177762938877147
-0.4074250776730445,0.1926525586619935
0.9076622747913763,0.8178069228278078
0.20177617583416274,0.4318863842526839
1.1915668234197678,0.8045572532278925
0.77520351641435,0.616636589836716
0.8343082726441664,0.6124991261401247
-0.09120352057989045,0.1789991953974237
0.02900661856431848,0.3853492941018114
1.5874223985915534,1.0892071611806027
0.48638462472515853,0.42384177567271347
1.254411855059871,0.979751072496071
-0.18159054002816533,0.18525770614416542
-0.460489198299206,0.08763500281246411
0.4967108455095084,0.5403543936014474
-0.902746658440601,-0.052992348686342505
1.0963185999100205,0.779023313416214
0.5633751656235784,0.37429168489510367
0.31179441350268045,0.6031247370581683
-1.2440292389943635,-0.22101747043450704
-0.3932005388215868,0.2172077267496071
1.4176994032543104,1.245427955478214
1.5696756494022024,1.2595958456420737
1.3546451042650263,0.8380351954826692
1.382933464282285,1.0719257404440867
0.38175546399065485,0.4014364443776564
0.4420133127154529,0.6406245226997344
0.7130688988819858,0.750385243418384
1.4189388202031703,1.183077932931579
0.28637863798094076,0.3872293296767226
1.0051948205902592,0.7629555347412772
1.7592869354882612,1.2444862411111157
1.6268713333670606,1.163389628322918
0.09378354177260184,0.4203568422724169
-0.455098798101909,0.12137923587621804
-1.541119551083338,-0.5326357672315601
-0.7365988325405329,0.004187689604294623
-2.5848071950636182,-0.9714718298197491
-1.6923193305750295,-0.665659379969416
-1.1128036637896483,-0.21050916530162814
-1.7363350544639866,-0.5644805624104552
-1.275506818458061,-0.4016940931046137
-1.156840775752451,-0.39894360467330414
-1.2637501184155313,-0.34910685259941565
0.018784160713072096,0.1675308300069095
0.2974552840406754,0.3713378628863314
-1.0032818480812817,-0.1898246578464673
-1.6895184178171634,-0.4938802658203848
-1.1863483858328816,-0.34198699292809104
-2.1194498021403834,-0.6595020573412808
-1.0905191215612735,-0.31821255312956337
1.0523068554732133,0.8011056902875227
0.6148944910772642,0.587387453899846
-1.1171701852664193,-0.2416671963153839
-1.3680630200486514,-0.3707711311519822
-2.5862994697786412,-1.0281884143943292
-0.9489306972152627,-0.21725729647147746
-1.0516775010733428,-0.24196111516818491
-2.1536410968334745,-0.814231089442615
-1.3180460951759383,-0.40338310281682416
-1.1718156500519683,-0.2575642858264303
-1.4243127878711768,-0.584896779600696
-0.2972235193340599,0.053578209302030694
-2.172544958671936,-0.7793803615281252
-0.7903929593813879,-0.27051603837596677
0.6870885240260953,0.6745285266897638
0.3726425418026853,0.5685233869489228
-0.5801221385574084,0.06512801107730048
-0.6804244802588678,-0.07926649833584765
-0.17516490614055674,0.027065871125276253
-0.22440015370967548,0.08886782031186588
-0.4326972546047385,0.16902555693765253
0.0696001591908399,0.4123162519607711
0.595677915893709,0.6165322170193264
1.7839856732377024,1.2744050849198088
-0.3684646094352153,0.17535050924577436
0.0663122147851068,0.3283391353492983
-1.5029491182817263,-0.6093876252659084
-0.3474901785433274,0.1435791366784293
-0.6128284969336523,-0.09986187328627252
0.16402086371293811,0.2846130066214328
-0.7710954290591973,-0.21416313341431245
-0.5552856341325342,-0.042996534972963046
-0.6189965465035081,-0.08657813453947752
0.04012688189035418,0.423178097941329
2.119371772728356,1.5151977412633735
1.3138465339341174,0.9452852430632542
0.941273996816399,0.7039514736791022
1.9847795287593861,1.3858117356397717
2.470314775668051,1.8018954917571728
1.4489942637209225,0.964155188867734
2.344578663210137,1.353903318851587
0.666171418224493,0.653533778678998
1.5508600576046996,1.1711331422983213
1.9759452119200813,1.3869269409565332
0.35030015424632166,0.4601727251468143
0.967376532289432,0.9476013742827907
2.517963962017217,1.4346187267463661
2.608102716904456,1.7717612689193767
0.8949310426856169,0.5973810585325279
-0.3908609928175979,0.11309296537488726
-2.872642454145126,-1.172676263429807
-1.0566723978813917,-0.19631890122548645
-1.0568021522865536,-0.08401528376937953
0.6557157275853372,0.683386918514288
-0.526260848937937,0.15199062480057413
-1.4469330508111136,-0.5279984001473785
-1.6487378124444054,-0.6471300383393024
-0.9708019116040746,-0.23986111807999097
-0.8146243764768644,-0.05449051963491181
0.6874371057742932,0.687961335797145
1.6335225861040366,1.1465102976899626
1.4637939906649506,0.8803442423634757
0.5571262269873136,0.5706646448586705
0.6634939732041247,0.7262375030553629
1.8482550816034116,1.1212741080885764
-0.3333802957915075,0.26361424875938655
0.29799556208070366,0.4257612042243759
-0.733287820547502,-0.10836929945712105
-0.6665597213197098,0.12398372863105414
1.2768153675239122,0.775806299678205
0.3451768703367918,0.5525036952536583
-0.5925752036685852,-0.12961684803839915
-0.12703573588384193,0.20652252995097464
0.10543192062617188,0.4343988457378965
1.305248492356616,0.9649249402459278
-0.17411429750273844,0.2233755022972272
-0.29460728839648304,0.06300116993965257
-0.24533718545116284,0.48165956857356884
-0.5141119246776861,-0.02144820874669874
0.7118366049923477,0.4790607239589093
0.9603187458786216,0.8150346205622426
1.4609161088604068,1.0089033588076344
-0.4423905348008754,0.08144165847600646
0.9114691716886449,0.7662617321521331
1.189855364383575,1.0233872862512692
2.0352332476572284,1.4504381663563404
0.8489856808399792,0.6696860742561869
0.9059788584895168,0.7597707434335992
-1.6527993012097117,-0.5909965341911219
-1.174169922615424,-0.21320112939653973
-2.988570146662954,-1.2157309068128408
-2.561605252411863,-0.8526676328912253
-1.9358114242538824,-0.5940090164299682
-0.21289802001370572,0.21095332467822925
2.4079426419170087,1.614302746510809
0.21517577883029715,0.4427066491691075
1.769274326579804,1.2591319050789838
0.6762028110397514,0.6160739540587811
0.2907668800945516,0.4362261734708092
-0.611475398320696,-0.12413469492849902
-2.080349756375154,-0.6387864429967267
0.20347423014361898,0.5653717470772673
0.5698018900696034,0.44479477149406865
-0.4523637429163554,-0.009272809161039064
-1.9917595382867952,-0.6520331965378382
-0.8952493828978738,-0.16891936960283926
-2.4344416191640885,-0.8737769087214272
-1.2162976033776782,-0.2509146630568955
-0.02846354448951416,0.03036535224888376
0.7949676175010181,0.5095232640757505
-0.10696763129644171,0.19521091047127612
-1.5562169438837974,-0.40861835874822733
-0.9689447244921197,-0.26108168242845636
2.1618833316333577,1.4064654014805584
1.2793763912952902,0.773264825910321
0.7239782782581563,0.7031159011611436
0.23960492393822758,0.4895033975566431
1.532523520448344,0.9797790201604201
2.678262243285797,1.436782093746651
2.2393107118576605,1.3926625621729396
1.7330117074591165,1.168454845568677
2.1291816641813757,1.3177102013310402
1.7355494777377443,1.2365768730147149
1.3922188823874522,0.9932921831026822
1.2035871095010138,0.9865056709058032
1.3919729875087925,1.0071613182373345
0.6492089407628332,0.5114092242526109
0.5334960300098295,0.602641519298729
0.1623616092767282,0.5513316018227734
0.5374096696353927,0.6255627604020458
1.2861190500080628,0.8124801562956202
0.46112669933250827,0.3325846570365572
-0.32730399192471543,0.2662216612757491
-2.7542400086805063,-0.9799538401422585
-0.46349500847968383,0.14890460308604547
-1.0979671153031743,-0.21841666017155442
-0.5773368751596323,0.06314421948377293
-0.7589098408662258,-0.12266633559692314
-2.6827183308402756,-0.9308996859314457
-1.1432106679946374,-0.32545343110602176
-0.16976050323425917,0.20082374954953147
-0.44803890599218443,-0.06727567896736808
0.3236505542963506,0.26476537181149284
1.6929958748026919,1.1175103459960447
1.1508549731634063,0.8613845887634946
-0.7475585232867943,-0.11295425788836706
-1.4365564249757918,-0.40170001994573556
-1.6241970686644507,-0.6919991323923593
-0.775506998677057,-0.1341844409785471
-0.25342834051486474,0.14050718752911956
-0.7192571624958102,0.05006118755739383
-1.108864883772804,-0.19942065461785685
-1.4621217540556697,-0.3275950568035367
-2.13476291227109,-0.7698263498550996
-2.2886791466767424,-0.8281268393114269
-1.0324756443292082,-0.2670915683532018
-0.2940670939969332,0.018545704477934827
-0.5451447027807512,0.022577655089888342
-0.6253709668498442,0.02933481465521754
-0.7755089391813866,0.1597619342380682
-1.6753625640538623,-0.4891979475006303
-0.24490647172707047,0.19489879430400253
0.05080364242807234,0.30461833246052933
-0.2059002247356031,0.07592385488608622
0.428714499303138,0.45574553825177294
1.0554246233680131,0.7552078356690721
-0.707456697556927,-0.08643604989296028
1.533090167555268,1.1657608147318028
0.7272246537056953,0.8194476692867201
0.6277466015820882,0.6548358258269354
0.6368550946846301,0.7544855067806147
0.9043406187638239,0.8042335236790991
-0.11778601818039958,0.20547607430446146
0.38956812653244255,0.6596781058936316
0.4159063700108397,0.4840220198899007
-0.4331613376510691,0.13281505860107629
-1.3746517726382734,-0.22562192617949897
-1.959661555648667,-0.6539495394848625
-1.8423498178358015,-0.7140848734137869
-2.026858309707969,-0.5341294473989944
-1.0554399792552127,-0.2450109732426784
0.21620918917036358,0.32190567592915126
1.4083227561051768,0.9032188222364061
-0.0924820732804893,0.2197292997387183
1.0859084390737899,0.8779156000244233
-0.44846741298492254,0.18257221120493328
-0.803901438913361,-0.024523518813713965
0.00893429186325767,0.1832748882425323
1.0955303973153097,0.8288288029255266
1.3115047027390454,0.9551193900748479
1.6385995361482548,1.181028363623343
0.5089418360645835,0.6342117633529959
2.009454103368133,1.4588453649274806
-2.0358819500547964,-0.6447716320604518
-0.9294422805367887,-0.023708364600088683
-1.1814219287523609,-0.22264621561710282
-0.40511979283306965,0.03583945516850262
-1.476413345651633,-0.5830779948691339
-1.9561594644435079,-0.6892778262572077
0.23424758050551464,0.22754216609211414
-0.7917504993921001,-0.19057518658923667
-0.9273103467036272,-0.3372257639535448
-0.7630180869348049,-0.06616704657257483
-1.8212808447308981,-0.5588736465344197
-1.1198528125811342,-0.18486918088071919
-3.3214127983758623,-1.3017919255450456
-1.0347400614637539,-0.2088749830559263
-0.45283098558712026,0.1322330434180378
-0.730552925366145,0.013659009426857271
0.20451763430914416,0.5355759666364033
1.1785538536329447,0.750305971577444
0.7715887636560549,0.7205381042773253
0.6944165751193644,0.6381283425964787
2.2152109974002787,1.3079278324595032
1.5136258399876656,1.0501545358379427
0.4798548333865852,0.6608161248998162
0.14796647163656274,0.3244425560584347
1.3872760580423629,1.0987397093737767
0.8276284580235168,0.6839137906171698
-1.1749076788305213,-0.2682889363803177
-2.5594698174426993,-0.9392942567269018
-0.707193014995926,-0.07801533309682274
-0.9286890200813156,0.018868338669103535
-0.7086802717952697,0.036684693678735
-0.19961655876758633,0.20624020345907718
-0.43633615292415484,-0.011393225125748668
-0.18916129503093423,0.1594065161942766
0.4169955454520501,0.3257127351027954
-0.5179700333399858,0.01641709935701704
-1.2554283097098367,-0.2526639474772378
-0.525402266016558,0.009982872640161455
0.6790724973753124,0.6770938052265851
0.6397550516911465,0.7391762672350002
0.26866843555119096,0.48216115310471336
-1.5855139619943857,-0.4828194611254573
-1.8907637958388959,-0.6880375299416156
-1.3699206627155538,-0.3321903443043289
-1.7619785382031015,-0.6262441015011425
-0.6440914823993482,-0.02410237805942502
-1.1258841176692287,-0.23926198396396123
-1.7054972757604259,-0.44135022102356103
-2.4276070790169255,-0.9483226899598319
0.8143426964145699,0.6189702068123627
1.7384550292979686,1.0191060024048546
2.3739978119258094,1.486989290820524
0.3459671819222242,0.5460097716283338
1.1954343691040255,1.0319821168439578
1.8396417155444151,1.256826451401164
0.03673532716504324,0.3349362770754441
0.8533006972760501,0.8624517205250504
-0.9412411810988275,-0.025860559892321056
0.3891202582657799,0.5403873125394122
0.47522235527709483,0.4618924342778829
0.6842591450051713,0.6758361216620979
0.9099103721838162,1.0597556372154155
1.5402300603359382,1.1113793491373583
0.3263803478993741,0.38105372650176605
2.7730152461998023,1.4425431412914866
0.6067303918063501,0.5457260150206091
2.0955472370480193,1.4414328530580662
0.7751466264236346,0.8608472448489601
2.9506345866796932,1.7405158391322413
0.8718399574180218,0.7243968913012521
0.5186139211198688,0.5744239922773821
-0.7823538137811861,0.05643836214445133
-2.4273423656779816,-0.8587856599333793
-0.8499476557414011,-0.14120879790409202
-0.4636641479157466,0.21293856348491036
-0.6204459151573711,0.050302715022107175
-0.46218546902035124,-0.1272789483130591
-1.1722948762203431,-0.2510937071048407
0.3806400580370808,0.5849335293985869
-0.18535416298433066,0.1792144246576637
1.9554896779189503,1.3913707052177238
0.6052242159430339,0.5488914583634876
2.322362814542525,1.5873969847809128
-1.2728843111644366,-0.3802564565683513
0.8631161404170749,0.6661402526717584
-1.5035550150307415,-0.36303613712763577
0.25550245970047536,0.2443699013680788
0.543116203281376,0.6789176185691065
1.5687027649362417,1.2366989977486242
-0.516945459457836,0.02222701549800219
-0.08341836904498873,0.26203430352558565
1.2078487658231747,1.0697938877322808
-0.9349446218012614,-0.2022240095167231
-1.6035686442466524,-0.4802114452239477
-1.0847907648367463,-0.31638198065004713
-1.072103134579595,-0.08425437457957599
-0.15264450831460274,0.3740289993286554
-0.12911124504774907,0.20346683714614325
1.8282693659646672,1.0951271705582726
1.1739345447952454,0.9034954452755526
0.46229245189301743,0.5164186103602462
-0.3428695079066868,0.13182608267347976
-2.446155751068896,-0.9620558663893306
-1.6702534699880056,-0.7084394638638534
-1.041550989555553,-0.3027189263873683
-1.0360088432475838,-0.17429425614273308
-2.492691416252577,-0.8487730634046943
-0.8708355968562151,-0.1781188971545576
-0.7259558959026128,0.0798990133886407
0.015344332591555432,0.2724923371960356
0.7908008856125833,0.642108751432429
1.3571808572827997,0.9466359351081242
1.633252805495766,1.187788309691625
1.7134637223758526,1.2658841372454734
0.2121174274790414,0.4122998850290269
-0.17831918644942812,0.076618140728862
0.6249046726417462,0.6440604004004702
1.5254992890484314,1.156526721346364
0.5678224540517637,0.6044470099999183
0.6079318867535184,0.6085856519279885
1.811688319990309,1.129963193491576
0.04367697052100494,0.38235606439163117
-0.34671469274898564,0.08056639009717369
-0.39817411701807603,0.13064016865485187
-0.6997932075574231,-0.11764790554499853
-0.5741413669123951,-0.03728226323213464
-1.4116497722711765,-0.2627584850790937
-0.9654189824341286,-0.2609096708604155
-1.5219741025417666,-0.4693896669616974
-1.5730634196720008,-0.5616566753304931
0.6320855874447995,0.6937437759629824
2.6498132073073695,1.5051061253654106
0.868938114070134,0.6298633423833353
1.2934108193013176,0.8883151830523444
0.674790470358605,0.6992111212747255
2.323620422816876,1.5019430385444847
3.066211515552177,1.8285037081656699
1.9311755220158304,1.1865021656178019
-0.21216933180000064,0.12735072149090332
0.23032787149060205,0.20573307686753814
-0.17470884586283036,0.308482358418314
0.5769098413039992,0.5129999336283135
0.3831638776446312,0.4679384835866697
-0.7418370184660597,-0.14051227825079388
-0.9931011419600854,-0.3174853002758454
-2.668101028823725,-1.1219146555780226
0.44670573172091443,0.6271964242259261
0.8959535632091673,0.7239956754763586
-0.014901112822028328,0.17435663230017995
0.8549472472479587,0.6736063027636116
0.7610450955870439,0.6548160267644293
0.144227142014287,0.2057865203554028
1.2205018132908099,0.9527398876611545
1.051239242594202,0.8747748425440983
0.2364533158167218,0.4101752068328423
-0.5601692568565609,0.17564494792704088
-3.0506984743644994,-1.0429968318584666
-0.16791900585249864,0.11023674481672184
2.3983640213768194,1.4335083869354055
2.0859662241781267,1.2641335825894848
1.7705167065522947,1.3970033611329034
2.039257860744341,1.2879886078805376
2.3428603275628133,1.3098378629256104
3.8749933463776123,2.27316876176003
2.022794388288696,1.2626107695828703
0.993997407945802,0.7399555172994434
0.5703475460765437,0.6350557027990861
-0.9463148496621039,-0.30117486906509094
0.6081651177203664,0.4344022381448652
3.1443708109368593,1.9462557679791581
0.4576661498340304,0.35400889008839787
0.39530738313603103,0.33617436486943697
0.12907054183888964,0.21195815488182226
-1.200565954905,-0.11703576778473507
-1.0384286872501318,-0.33729539245724854
-1.6267964206664045,-0.4260203198911058
-2.3948626630625407,-0.813864947710842
-1.452428751383258,-0.5033862669998
-1.3910059403061106,-0.3417714635761265
-1.9744291638297087,-0.8210066979907261
-0.6701597019078469,-0.1376053648270985
-0.4911856150023572,0.0554028423229574
-0.22529444719720265,0.26688424102841124
1.1576815142668804,0.9043368018655188
-0.07913067572681654,0.29039305320919057
1.6754082547211564,1.2412731286368677
1.3005154801684127,0.8360027584236984
1.580654708560251,1.0958528528862774
-1.2164036837023418,-0.40938150928258893
-1.0254859832918417,-0.28301024530017616
-1.730182113645549,-0.5164769493402075
-1.029734084040075,-0.25452990811040727
-0.15590848394273404,0.2335228385813639
1.5610920129976442,1.1159291817899974
1.0641241740952008,0.8169210220893509
0.019182922869798058,0.20948531368205825
-1.1706281235118,-0.43849193477436055
-1.5632611820145699,-0.3199330596564385
-1.264680319884053,-0.35173760210118027
-0.3544905899127604,0.18172112483045452
-1.1773765521895605,-0.3841837485210656
-2.395812965558568,-0.8925470810016268
-0.5810357892037609,0.10622125645638894
-0.7572915460751979,-0.05420335398624139
0.908531632625451,0.9546801679016776
1.0580095023777099,0.7941605506813383
1.1582467278578783,0.9998342598256543
1.4522862142782076,1.0488487002614575
2.57704737385256,1.4918561297305342
-0.7739266957225956,-0.3020492600467942
-0.37041389652829393,0.06198091331391883
-0.4854241134974266,0.09484489310954494
-0.33951550854253265,0.08904147133200174
0.4182570529390055,0.47789225003476543
1.1532141287882725,0.9776275244714343
0.5077508549051304,0.48277971814757775
-0.1607967570089568,0.17148634756938622
-0.858718855464454,-0.12730832705016926
-0.26959174203152075,0.07240786016507164
-0.5078274054751947,-0.02565479317813528
-0.7159293473590932,-0.14928266003421803
-1.1067276375118327,-0.31219616802065847
-1.7225707848308613,-0.6522766400706917
1.0429732716501219,0.8298027512553602
0.8996286120187431,0.8327473842127293
1.8031122284018464,1.1194759383451256
0.6956977715089192,0.8445153072677776
0.7044216500502262,0.7275559502829638
1.4141914537031406,1.0901843715486808
1.580417255769751,0.9921622985247477
1.4693346539107657,1.0721245870657068
0.08516213619039614,0.15971522337324845
2.049514491936088,1.2571598196417557
-0.15509160312770276,0.26334484831187477
1.1708777120870775,0.8835498386174621
1.4923092772513962,0.9793123154085526
0.5782943558443835,0.6764384343294563
1.062811989038019,0.8471464338942655
1.5432949317365354,1.1395182538719
0.18111799128546124,0.40695048906470327
0.5770263754310929,0.7028780782882426
1.4108960557056247,0.9200064034939007
1.5738821272600556,0.9953938477513808
-0.9271700233254927,-0.4229855548357297
-0.5220245342571249,0.058956315526993076
1.452028391393667,1.1030678898489477
0.3136638659691603,0.5362039185895445
0.20709331210644943,0.45273596196346844
-0.37636088195213313,0.23974647017927023
-0.7607304175120531,-0.04006577639666944
-2.78350336984733,-1.1999913191995168
-1.559766404085142,-0.24577754825194215
-1.8919570972837985,-0.6298121255061181
-1.6326659378118276,-0.4163616313642041
-2.3966278480748557,-0.7554924733426392
-0.7246378573697583,-0.05167843220544455
-1.5776661083727817,-0.41873552360140887
-0.13133800791388472,0.06854179891670842
0.8008356845629987,0.748192338907494
-0.23272627336281182,0.06332648800251343
0.06547888086301254,0.2620527594162793
0.5883180088630008,0.6255909598355184
0.5398701308108272,0.481751717792193
2.499671011397793,1.5164070628963147
2.5947439650968223,1.567300320514787
0.1596420113519692,0.3143936049098161
-1.1214748511336377,-0.3190250907343084
0.23600020740898742,0.3595715764551898
-2.2049272339662687,-0.7812008435996168
-1.7208890652149083,-0.6866880964703318
-0.9309534447914777,-0.29067408674471595
1.3342300298523773,0.8517463866418308
1.265998590652957,0.8250142336171735
2.3418832817283546,1.3607377909420575
3.614817891628941,2.109834612420504
2.0531685202740344,1.2941073132945577
-1.0329627870972238,-0.1626618450397831
-0.6121571795829529,-0.06206465101849589
-1.6783571916633728,-0.6626378444159489
-2.2940562836006544,-0.9931126101730792
-0.5818314743747881,0.011433609565718896
-0.5118509100468912,0.12167562439128482
0.16592474789200157,0.21838641606475265
0.08980236577310136,0.5210361774013568
-0.9694825521701166,-0.18458323253444334
0.5894095872446558,0.5415695143626662
-0.09090517833476397,0.2656095476826251
-0.29079188795885336,0.20976849722310636
-1.2234937002083761,-0.4399015525601808
-1.7653415416018459,-0.5099225552307018
-0.11415801899180789,0.11865736905369842
-0.7830701211462826,-0.12417267908843271
0.7220224717523028,0.6695798233513621
-0.5524261292511708,0.11069942760045354
-1.5635674338187477,-0.6397854051608539
-0.056630834986372,0.07128799952282713
-1.6284686251800318,-0.33643756369453265
-0.9361112326438634,-0.3276726224944252
0.5442181174390839,0.4818672002425753
0.07475429733961508,0.43764681824097384
-0.2821788131095574,0.2797664144379611
-0.33973525917788844,0.2076305610184849
-1.300252804601181,-0.40452383113361995
-0.18099852802085026,0.24601604650003803
0.9272582475693306,0.704942599056322
2.1061879792409792,1.243181847073319
0.14791792001297088,0.3988205575717474
-0.290213466226633,0.2216941063658664
0.05857353414708888,0.31418634811757684
0.20791018846059317,0.3548338131635244
0.12189792228665428,0.2451878141765353
-0.13010853626388835,0.22090184838264462
-0.14443907944114134,0.16779107552754297
-0.4346492268848934,0.20715486869690852
-0.8284346596377793,0.05390808559271609
-0.6107273341274454,-0.07131700560270234
-1.4913907453836384,-0.4858741791103999
-3.3414758763898362,-1.4114215617984303
-1.6599073422295205,-0.62114549830838
-0.3386304044882401,0.23114228256273722
0.9015917858574884,0.8583739813042424
2.770920540037973,1.7075083933741373
0.4960999247950295,0.4246267669842218
-0.4510987087495804,0.007135368344684798
-0.32807076860776063,0.12494658268652754
-0.5611664531045534,-0.02340332098184178
0.22281348221694264,0.40636172695853107
0.8462522049784245,0.8711008255001033
1.2509420699829277,0.7237252397688887
-0.9397598260700654,-0.13499855002163583
0.0617553289443431,0.3081729966542421
0.14750847636268044,0.2836741485978507
-0.4296386219813272,0.19601992475178445
-3.351105257163436,-1.5326608167640452
-0.618465706620361,-0.020149314511024263
-1.4746666843248346,-0.46923909903296346
-2.4371643484451417,-0.831006362224109
-0.8045855832801794,-0.22901898902628304
0.01806675997784868,0.23220469875074506
1.6457505110007313,1.112298337198784
1.3326017453828134,0.9970264473305142
0.5709122889696823,0.7901619962054308
0.8950147346283632,0.7233916800961983
0.1405561521182367,0.39316358484111763
-0.3887720342778386,0.19406647181125602
-0.6786980151818842,-0.03440059873189486
0.352559605619825,0.42791092257624486
-0.4528725884435782,-0.05465548838897838
-3.1784556741716012,-1.2678001606183351
-0.6702403970393913,0.11789871828772391
-0.15079823645375318,0.34890106974122576
-0.9128028878879408,-0.2328459483286721
-1.4354135883663888,-0.3862459303081652
-1.64486230381595,-0.5592091287054979
-0.6132627672802939,-0.11535982333591845
-0.3062209981275177,0.17305275766271314
-1.5913458662267064,-0.5120531882231213
-2.080743479108545,-0.7136444111749537
0.6693670012197557,0.3239509906969187
-0.28809944478233906,0.014397344912495225
1.3650896008473143,1.0781510519957218
2.2177355903000175,1.28428031186186
-0.8605512937363635,-0.3239515625872532
-2.1672331684353248,-0.6765997580068586
-1.6624981370500134,-0.44544098703420915
0.14851985271944645,0.43321868878054437
1.2920412314653378,1.0149823880176356
0.8095400506464826,0.718684787120476
0.5936854310814377,0.5373150269746262
2.8365583761483073,1.605891645199407
0.8689581767775901,0.6577188640943799
0.17679933029464623,0.5591266903744228
1.0750984423571164,0.8475959113540589
1.319811833079348,1.1306457237317693
1.0738775471371549,0.8343360964382018
0.9407687996547798,0.9759192127100861
0.5659953997448023,0.7372026899340177
1.3574889784174164,0.8132222182240785
-0.35073929678072535,0.1634815746557919
-1.0834499774983368,-0.3709602251479184
-0.24148138031060717,0.1473574508540494
-0.2189432752643827,0.216956365269178
-1.0932107082477387,0.07980782138191439
-0.8847986160667682,-0.23665475952828477
-0.0077449042138766355,0.15337309861512333
-1.0016155266989166,-0.2123780190897056
-2.6594832527479824,-1.0812100639349276
-0.48534734522885015,-0.042266745080489596
-1.4262177720695304,-0.4864333166098685
-1.2016083387375533,-0.029697752049742343
-1.2954130133095005,-0.5133571911248964
-2.4319617030602108,-0.8974821632564152
-0.9476573654399139,-0.08065604623986612
-0.4078356443430562,0.12938236512620147
-0.042336861242253554,0.36478931390576425
1.1508872767365037,0.8070037661109879
2.8411154215191363,1.8044353462130598
2.9782515262321643,1.852959511185064
2.344245053519442,1.4059068431252153
0.7071964751326847,0.6920672856707375
-0.8946771381297232,-0.11919070335404995
-1.2751634966731704,-0.2923331428567122
-0.34725110681289084,0.27103566393512235
1.2828046945359257,0.769286102030524
1.0152505686101423,0.6640947783154878
0.8935857173021625,0.7014065683767085
1.5293922583156512,1.1993655955397378
1.5227594874285724,1.128925701804473
0.43938809049259575,0.3953353123743607
0.3472114775842509,0.4755454270406827
0.5133424215156916,0.6085465659378135
1.3323009979450897,0.90256126726325
0.2315064492915987,0.40485151800876473
2.09766637475384,1.3060438499914544
0.2595449268704604,0.38182889309813084
-0.6598508446756164,-0.052721138779479454
-0.6741881193290084,0.08162845697486171
-1.2852579916090299,-0.12799905471122905
-0.932031338466468,-0.2155088754117482
-1.5946685505223543,-0.5759027085953627
-1.0607927036984697,-0.20092425783777101
1.067082460326291,0.6488445613021138
0.7478895373493069,0.6097396006839768
0.17737587133186017,0.27855929156028997
1.5019140181824682,1.023423684114087
0.44734770031013527,0.5696622444180816
-0.49718728261050343,0.09321774608667896
-0.13966521226616074,0.3451767752483098
0.2499612174382399,0.49333133469928686
3.063285801411458,1.8655450231036572
3.028351136053293,1.8685691974078449
-0.28797178520849,0.11903400704296507
-0.4132884229273023,0.08414999758908095
-1.4545126327137234,-0.23733334745847096
-0.03278770701018874,0.39883873048328555
-0.31216663261298083,0.11141985655133119
-1.2277283300135438,-0.35332933845621667
-2.842115018412117,-1.0856651491190983
-1.0974675356333263,-0.20143806756374316
-1.2239969110251658,-0.4413191193866467
-0.06959270393933259,0.2616947766338803
-0.4200799035720784,0.2235088989964982
-2.3703728279702565,-0.708308392155375
-1.0356888926318883,-0.34710342491663126
0.9899683374111369,0.9522792083988634
0.8265451915037233,0.9335443715113294
1.2684968174893307,0.7607058835956162
1.141131844546054,1.029098888414095
1.697468940948856,1.2470856694759964
0.4350645167388797,0.6771097073151261
1.6075703023718217,1.0546247462548597
0.1268141333278262,0.5128019723354347
-0.136181377028082,0.20622498018249422
-0.7901196261315558,0.04055000143153656
-1.53194214511524,-0.5270932788736233
-0.9519966474941748,-0.30932311507041105
-1.7958250773151463,-0.4864178570316886
-0.4543140884054321,0.23245624326593617
-0.6180745167479929,-0.1903858988263691
-0.3730716495503546,0.09903065371718807
-1.4862667459970609,-0.5385290343648337
-1.5146691539356234,-0.595616700758981
0.3976922658642644,0.49446916799550145
-1.6611223427118755,-0.5789508716490794
-1.2136075029257851,-0.4459460332145141
-2.737674857858842,-1.0142028325314967
-0.7115847731813192,-0.03877885664789546
-0.9826739583732864,-0.17138180592236366
0.47245383524149254,0.5898132390597595
-1.8485932617264451,-0.6062329390928943
-0.4149847070959003,0.24334875515056947
-0.8285112163575197,-0.08927399006361994
-1.8103867001385086,-0.6697948290037931
-1.8338141637787864,-0.6188449813729782
-1.7539451428238721,-0.6328596012527268
-3.0736326097163835,-1.4081477901322004
-2.8408925363096147,-1.2159186853381658
-2.5641241326994866,-1.0325120298175758
-1.2279095297033449,-0.36224359814417684
-1.6447953255243748,-0.5353603459552345
-1.995998059174297,-0.7697720641239724
-2.547859804152836,-0.9496264110474522
-2.5173397939127535,-0.7972398995907303
-0.9730251008337913,-0.12679451236563122
-1.4166837977284374,-0.42695758526644423
-0.20035129937029827,0.1632831758947121
2.0051217491758955,1.2754736220048124
0.4638231082122204,0.2953982346848196
1.090844587852959,0.9318037380388041
2.3940219293446794,1.4172210622689412
1.13735292213148,0.7620451627288031
0.36069666521446264,0.4696081070080843
0.5037845593994916,0.6987106574335111
1.0529923777302206,0.7817350354225813
0.6578259921264619,0.512964509275735
0.15188176370378292,0.5455446035378734
-0.5172794454476091,-0.05523661514900881
0.07611744422342304,0.5277077501570024
3.0502591373672647,1.8533537158106959
2.1878986231576127,1.4852160106416772
1.2486214766941517,0.9841132947918825
1.4342298530330395,0.9298378876265648
1.994633283833631,1.429762760357908
1.3526321438683222,0.9151801231837456
1.838916999347001,1.4110097872795428
0.47316059152366186,0.4271992162985193
0.49413537706932564,0.5681703556951371
-0.7337239819811301,-0.12684319283800774
-1.0940082091821497,-0.15868693535412037
-0.6858888568966017,0.009652733275388438
-1.035850647594232,-0.15005952977302567
-0.8727824420393911,-0.15843678556028104
-2.8339362834625894,-1.1241811363269631
-0.7585521594026307,-0.033919561542462444
0.012290512390083275,0.4209726859410946
-0.9828333788269111,-0.09036497095615303
0.4244286348124575,0.21949623749300506
-0.17423939193771143,0.09297439582262257
1.4406192730669192,1.11030098256569
2.237816098616232,1.3780908896856732
-0.2846238061460509,0.2927728664218653
0.811813411424152,0.5577009171548563
0.38817171391736977,0.38533505630011533
-0.8200759431656491,-0.169640526032665
-1.0522101024859456,-0.20972491778010663
-1.834890391423496,-0.6928233158285331
-1.807490301429684,-0.6755555868606056
-0.05304075830465593,0.16920354253775627
0.23513885212627939,0.4290683638408778
-0.13678911019671536,0.26019241737317284
0.6772370735906178,0.5851399599394447
0.37497249522393655,0.36795983990654085
1.1106402561097632,1.0415481577361618
1.0757398910689397,0.6186445634117134
1.2205807263271193,0.8401162845492037
-0.2761698461624821,0.37277076207065507
-1.0086846335501607,-0.28702295323430926
-0.03956031876118171,0.15713047326781948
-0.9004096228904179,-0.30802561806419504
-0.22459779448231665,0.2583181723705935
0.36369801451115646,0.46505132990682785
-0.05346354311242668,0.29415926014633975
0.9282189877995908,0.7046064768846444
0.41651541995459057,0.6561518636844152
0.9803751209135312,0.7967042947774927
2.177596086064998,1.3472718671090222
0.9342133401417023,0.7475300975738135
1.1487381835953165,0.8235489945639739
1.46305960954786,0.9205814573712724
