1.7409280631291706,1.3436850534803366
1.010955081396534,0.7117251934038533
1.5601961081310565,0.9024008457389742
1.9399788163583256,1.2453361175092428
2.027209452609583,1.4650044979160897
2.2757089638714287,1.2922487199128128
0.1642914772105435,0.2926246181544827
-0.4220959495419356,0.04914090763509093
-0.23841252638492158,0.20823835000422167
-0.3192682486387736,0.019860535216098194
-0.6506714411697356,-0.11464373451436233
-2.1250495921856447,-0.6494841492667742
-1.4627866000935927,-0.4511033539356915
0.045817897426641774,0.19370661188147884
0.8692924768042938,0.6755619589761617
2.3356144001061803,1.5221837974450685
1.4572560575447955,0.9174878685539678
1.8061848222800316,1.2128035535230475
-0.3193854498837698,0.1629693383444409
-0.6463622870316981,-0.0987954927677402
-0.38844849666143777,0.07292719101448034
-0.05745914644748762,0.21789143474822958
0.5763497081743988,0.5004576797639531
-0.29692465840294335,0.1619181106007716
-1.378753658601477,-0.5168569861131653
0.18512956428605865,0.44683719864331506
-0.8831056124032798,-0.2360276618338954
-1.2729711451178154,-0.14905463192569288
-0.38841596987994975,0.162271016067325
0.725589193130892,0.5507487838536789
0.32051555417290173,0.35937999117907315
-0.23975432858681206,0.09231859151758262
-0.9689720760279034,-0.24284386310173894
1.7653363148224908,1.171884126113741
0.05761027594997559,0.44512895737519637
0.8893958839566947,0.8178895999194031
-0.5579918176166605,0.1577367967576458
-1.7071563435573647,-0.5689638184081659
0.7191947619270782,0.7449341872056734
3.763910352532966,2.092986505208039
-0.7613076784318111,-0.17990570413845458
0.7661385935370679,0.6092408930371954
0.8347311419460737,0.7946451467279891
1.1223558929771729,0.9790995572546829
1.8413175715388412,1.2197949349652781
0.4463022754614451,0.44657998055138953
1.3195354292656751,0.9628102901272002
0.2855525486996173,0.43181842966258843
0.40416545435895723,0.6255404725718976
0.4954321164044526,0.7037053292975228
-0.003002598488949404,0.2744336052079336
-1.1359012872909355,-0.24931457540540497
-0.3412432747022158,0.33523845884836917
0.5795236920756524,0.6310672052936557
2.653532491183888,1.5231687596573784
-0.077978877060912,0.19964492744196163
-1.0661549455806796,-0.007745445842961385
-0.7488787117867004,-0.11728427284343451
-1.5872864683657237,-0.24914320016740796
-1.6856313028825693,-0.603739622768025
-1.269805037102589,-0.3114203170372948
-0.35979951657266673,-0.10183939029777397
-1.1157564680386827,-0.4430820758246609
-1.5116674126344227,-0.5117257549248762
-1.4079089804832832,-0.3265892885026226
-1.9965494754231825,-0.6674806885546403
-1.2206748206051734,-0.24530280239663727
-3.1668452082382763,-1.2884869016655853
-0.14633913339399096,0.24337416558868324
-2.1677137203506733,-0.6536274078031153
-0.902257925227426,-0.17426109542784762
-3.751450695073839,-1.5975122990109984
-1.4105438384669406,-0.42562375490379334
-2.6037925134409865,-0.9287637865972275
-1.631100526331117,-0.3492718607604426
-2.620701063913463,-1.0360815588494614
-2.2540428911228645,-0.6720635929176189
-0.22086617581310242,0.19445107231999262
2.2321007347018216,1.2900129436570544
2.2407262523697487,1.6456242446925924
2.0299181930610315,1.304080905191242
1.8788926879280077,1.203825701573631
2.377574458077873,1.5951465635740423
3.3165655404267937,2.1882868183548774
-0.01816164101968276,0.18879283013137207
0.20297034178908052,0.5856179258121452
1.1011804614316052,0.8740440059473471
0.7965510901704039,0.7987924056256304
0.4579350809584397,0.5109704919118219
-1.3400616596293928,-0.4138247731087147
-0.645276064549339,-0.011138868261659815
0.15749080592986575,0.32434592299846954
-0.6060487702467977,0.06011031777464161
-0.2045206356662317,0.23349144684105122
-1.4138274602990772,-0.3395336591684542
-0.6568865087372717,-0.09388824340473799
-1.8025201692018986,-0.4944255698990023
-3.0324373388244608,-1.41969968714238
-1.2679361106379172,-0.41548036876754724
-0.6095746123080146,0.010732665783214128
-1.8078542646084874,-0.6980358248608866
-0.6088476325805432,0.05870214484016731
-0.8550331928564088,-0.2943578073371784
-0.9377319926418629,-0.0977968649069874
-1.846593647746562,-0.8088742918779477
0.3664574126579072,0.42116917317770913
-0.9801267365544051,-0.3688491369280587
0.6059549666921769,0.6196379933774541
0.051518771387440376,0.19412781677367827
1.1110213442298134,1.0172203259385242
0.3526308270407682,0.5696891325432578
0.593560212509356,0.6638713934855387
0.49479566383645274,0.6904667916618448
-0.2504649802291993,0.12330326830993901
0.7805932680754275,0.7935653458919467
0.18920003199578578,0.38271962487091576
-0.8358885834101706,-0.2580367472784967
-1.3446178965006939,-0.29132635121114314
0.7903266734321623,0.7941095857100089
2.412376046818908,1.4905958484371533
0.5428865795531951,0.7142275213572201
0.6620293376310865,0.6912866243945487
0.3011679323938713,0.4591043534999602
1.6022733755865954,1.1590134514128112
0.9365830756164888,0.7389160653256011
-0.613455772710551,0.009665904573986223
0.1101361842672236,0.5848462781173123
0.26912154558574614,0.25315674619645273
-0.2851677048841446,0.16944339124718777
1.5928478920531166,1.2108900703710541
0.0649915139718451,0.5006408964487004
0.8674212339985591,0.7102937973380772
0.11529203876888128,0.2816944570155734
-0.4011324247922044,0.14692179986807707
0.05446845867346589,0.323327241557689
-1.1942682656571018,-0.21335377463296834
-0.6898741383081557,-0.06418419363722007
-1.5516853398137478,-0.5066944538764282
-1.0665536063947716,-0.3964570059606871
-0.15492326024763126,0.1477633888153892
1.584222614397095,0.9754217874469223
-1.1214629954135469,-0.4462417197111963
-0.5250944831455555,-0.03067222481585992
-0.9757231997589744,-0.3453646758333542
-0.3454747554311661,0.2294226871218405
-0.1015764395926805,0.38601317807240165
-0.6544637221407532,-0.10043245883444767
0.28774657592413155,0.44256330733982857
-0.5407622190805901,-0.16516337573032874
-1.6130947553526587,-0.8640391930884179
-1.1912241371656005,-0.319763489379025
-1.0156078376374345,-0.22806734449811303
-0.24257900515172526,0.038739439890330685
-1.072677121615963,-0.16960886191556207
-0.202681076744622,0.0666909250829788
-1.2441554203143452,-0.42951070795953644
-0.4925720953832967,0.048197270489731645
-1.117630711707998,-0.4088267546800517
-0.7200659116092935,0.14847725540675738
0.25845977115563945,0.459710859897525
0.9266549531711639,0.7572990648184394
-1.2878399502218152,-0.27018020597588543
-0.8023132615622034,0.10785046148909194
-1.747606824466196,-0.6438469006988368
-1.6427011755245364,-0.4153019482358839
-0.21610442671376473,0.08136725512062701
-1.619447294782829,-0.4851245375466087
-0.8949247171627951,-0.32743926769157894
0.46506039225745743,0.5856838416744753
-0.3669550458312022,0.2865603188371505
-1.539709112905904,-0.5024392707095542
-0.4581678783027344,-0.2063018838727934
-0.1352757879709947,0.20878465729232326
-0.21521008637790062,0.22366852415625801
-0.5357799826869217,0.016237842485795517
-0.18854040771764952,0.3021037076776302
-0.8609009466858099,-0.07814670561064346
-1.8729933621435322,-0.6554737885201936
-1.4872504272412437,-0.43549415551998516
-1.2991914883974018,-0.33025911214744624
-2.903550962820402,-1.13495879533061
-1.0004396093905559,-0.21932251492870386
0.989291448924357,0.6367217674814541
1.2688761318416821,0.9987956656732607
-0.2511946852501099,0.03499346768657208
0.7926834181169782,0.6867198920246348
0.30130690891924783,0.5589722492631626
1.146553116065459,0.9619677216569542
0.9983646993423687,0.8592626454706804
-1.3955455383374806,-0.2539233090331773
0.20957030040346813,0.3752311100119547
-0.2226320094540776,0.11362830729779333
0.3444390840076202,0.626478906273158
0.7231881287252977,0.5593540288371821
-0.21377262822185383,0.17967609572483198
-2.2450883228747642,-0.7725753919241956
1.2481951682463692,0.9092548574061028
1.1524843180508508,0.9343271363879566
-0.31218091514135005,0.12071065285881025
-0.4767790976759842,-0.09122844773975788
-0.857366068912708,-0.09744124551762258
-0.6799720722421726,-0.025017294195484693
0.14299205713385177,0.25865127387779063
0.3426094313777675,0.44129952067554873
0.7021529843473744,0.5917143226930183
0.9273139306925241,0.7620255872197019
-0.23174823101682185,-0.1316193373912874
-1.1843071433509171,-0.2946630385306032
-0.5278213145904853,-0.08107683221073475
-0.6585457220061068,-0.0837324316016358
-1.8431598438991383,-0.743334795437707
-1.059771388700609,-0.08826925995473928
-0.7040967018445021,0.12021088051994805
-2.0881514990602104,-0.5583934448667018
-0.4116062449459037,0.017618812315017468
-1.9633560598952975,-0.7931921101559516
-1.4158801667832983,-0.31520234757765186
0.5857344822393368,0.5173762842971683
-1.2019504566921815,-0.250616403833499
-0.25454214704234035,0.05079738289998317
-2.163902921910859,-0.713027424373451
-1.1262222776287876,-0.17057656645243352
-0.1886693350091052,0.24419408901337364
-2.2486659982456993,-0.8978414503763914
-2.202151278392515,-0.6836827896560166
-3.476739587959565,-1.446946111244941
-1.9209947055592225,-0.49530556689519223
-1.124222493279881,-0.31521636751120474
-0.8359425823440566,0.026224276424263282
-0.0912124272212369,0.41061614931988644
-1.1320621936422681,-0.19445627180215147
0.5663002515066801,0.5407778128725773
-1.0796627664281762,-0.17101106038106867
-2.024103530707981,-0.6519316831267572
-2.2342879095746975,-0.6371709510874685
0.8645729854139232,0.7815183427687555
-0.8723086554772121,-0.023843678708590818
-1.5592700424201076,-0.47412035654498313
-0.7313344672518507,0.1460712982289537
-0.7286251214643532,-0.09561544869117602
-1.1811989466435349,-0.3323903671405707
-2.542608652852875,-0.9147102829937179
-0.3550445388895792,0.10096625676980646
0.5254639957033465,0.504505957271132
-0.16751624896293532,0.3686160076195715
0.7006391372283477,0.6689945089259942
1.6396176327788812,1.0642794110823826
2.354949076838982,1.3588784194774488
2.1173902661592265,1.5056741085777423
1.2299023966718903,0.9569381088994062
1.3702617917683453,0.9912200801512026
-0.7787339151852836,-0.03449131754858324
-0.9869441971882191,-0.15562363563982692
-0.4371861071121501,0.03868299469425815
0.05289449965139226,0.3215163350055718
-0.23193757815849908,0.1786000997097235
-2.0818087721864305,-0.8515648481311658
-0.8869988303616732,-0.0805492319679059
0.28726074456866335,0.4688574712593372
-0.020137584606483572,0.24710310730483823
-1.4069879298533363,-0.5704390296507436
-1.0742222698436652,-0.14272402039921794
-1.5544666705574874,-0.4487508317180732
-2.1031928355490463,-0.7537221942416283
-0.8443294443319987,-0.09236902776317471
0.005051439316790529,0.2774626613151937
0.8973652742431656,0.6683433839420632
1.5498369382775619,1.2348435442361463
2.101829821778023,1.227747565909381
2.217445040420862,1.3461825840930155
-0.45331886738769067,-0.05487891179387411
0.07321645137556737,0.34691191969882484
-0.32785131950623725,0.1218961710445604
0.5161624846275684,0.45061537223052756
2.14992288973356,1.421278858369245
-1.506384390779856,-0.5917855721333537
1.1065279649550774,0.8310803120573346
0.3191753654503269,0.46603019746531105
0.11537849763937441,0.40463079753686537
0.7035203263993435,0.6231336284230359
0.968905435191028,0.8723641499490604
1.414234494735203,1.1322116761699725
0.11592033825200743,0.36476534864596827
1.3611058442295876,1.009073623457318
0.2834417952190388,0.5603492976650659
0.6558665716608684,0.5333344004982074
0.7154118330843187,0.5252298942612912
1.6250017755371833,1.2568322173237938
0.25508578728392917,0.5163505485360879
-1.390323237653487,-0.40582628362167383
0.021318143465533845,0.33227386412489107
0.3296132241568277,0.4201802260640201
2.8083501079909152,1.6098478657289879
-0.23716060847013054,0.33121995655370995
-0.47194385596268407,0.19180431508040033
-1.3948321860566317,-0.3527617415883461
0.5443112886813872,0.5435909807767644
-1.1736751579308093,-0.10358034655260123
-0.8950669739505318,-0.23326183762441402
-0.6974362424870122,-0.062393439050674654
-0.09569971055235826,0.3297351581052245
-0.6171420036140902,0.02811263186518148
-0.39855107512637333,0.33618777605375083
-0.2556698722066468,0.4327685299134334
0.2249429880672481,0.5212512914600401
-0.2591304010394161,0.11240744257619699
-0.6206492341114669,0.11258097733288575
-1.1987438067997647,-0.27861475907104927
-0.9004559225986509,-0.30130777494665234
-2.040497652712972,-0.6649406862346446
-0.5451078544078212,-0.05850260625883791
0.17075419610546339,0.23157337291006092
0.42519195639633783,0.5420165229779639
2.1736587170579393,1.3304123243604515
2.0713159646467463,1.2318594076924356
1.7638220720467181,1.2743485846437501
2.270809184381478,1.3878669812614777
1.072465812580812,0.8328811314813837
1.602992782550826,1.0773469427602793
2.857436280466996,1.6773699905664112
1.219997931460601,0.9882780411094865
1.3495187592996585,0.9541378444009937
1.2286498518640794,0.8975093325110506
3.0207170801114964,1.8960818420129264
0.9943423752193463,0.6794956416841057
1.2629024942314375,1.0042751520370596
0.9703663837779055,1.049644600281964
-1.1331993341935904,-0.3806820612677247
-1.843623598326011,-0.5893634625023153
-0.37751424108927667,0.02242142745391139
-0.24960792097968107,0.17137936817443572
-1.1423086932585238,-0.12654662773383032
-2.1587292069015955,-0.7508477964003779
-1.9514074153678669,-0.5402330950657825
1.2816007918368488,0.9027018744025079
-0.002811394610673479,0.37568367514254486
0.3045663198574114,0.652255274325753
1.2760107605482247,0.912366132275702
0.7293694923564941,0.6447857287032858
1.9874040826775015,1.2949697321821516
2.808203296571402,1.661708071122615
0.6183638593625757,0.7322347520319075
1.9147223641814768,1.3870655149643734
2.9151254795823176,1.766775538396109
-0.029849366214002693,0.37199678463876135
-0.41172975607410534,0.06975685606131066
0.09212399267167365,0.37111560186566517
-0.16128410378029728,0.013664416916273986
-2.345619168070725,-0.8574007268627204
-0.39847809141676305,0.08831522231530373
0.09122184473787481,0.43627816456162394
-0.006920011716270616,0.19026635249920743
0.029833615805924724,0.3373874410004957
1.6961094475774732,1.0687365118842147
2.019784290511627,1.2661580123948857
0.9557612588575362,0.8281587968089604
0.3704560604952224,0.43482097607590114
1.4112009090172672,0.9796734524506299
-0.16794140472688468,0.2280598092592285
-1.066619716076222,-0.1817987126074802
-1.8068464568503493,-0.586223086304875
-2.7883718036541563,-1.1141165767663794
-2.0064849818686206,-0.7066833277686922
-2.204880270783712,-0.8511039051215729
-2.2166523260572664,-0.8900439391139803
-1.5023554118097733,-0.3244127506076538
-1.7675181894645262,-0.5584614001396669
-0.7711514355576966,-0.1799456446240276
-0.4786648911476667,-0.04425495941807528
-0.46692534382260537,0.10271410582107174
-0.8026983876828496,-0.14095775973172475
0.5363955313331396,0.7643844617398863
1.7142577932698204,1.0868029124392586
2.181106642075727,1.46235561233029
2.2052590919966377,1.3444367468502834
1.3589430488068246,0.9308850908313048
-0.24381947758313915,0.1108046536482459
-0.28708556226674337,0.3802733501921902
-1.1496927845798104,-0.20743446019246103
-0.22394532635646713,0.2069316147980669
0.7185568882586774,0.6076738461514064
-0.04356436955592535,0.19657117332189772
-0.0677777435093337,0.3557102370908431
-1.4488969086400498,-0.30296596851876423
-1.9158435219646668,-0.7038869617377164
-1.3965254057009973,-0.4081252029735914
1.2663160907632718,0.9279261692589174
0.320571743295204,0.613228060268427
0.31561302314260165,0.43901378464815893
-1.4833168567069699,-0.36476455098151733
-0.5633126875312695,0.07745608792903447
-0.28582976523780923,0.26879418620563184
-1.8585480686554643,-0.7390626295186029
-0.5894994703489737,0.03148900850644619
1.4436965920626057,1.1150415324640424
0.7140621583308473,0.6617310957800414
0.784568351136614,0.6748328174522454
1.5150483563995265,1.132413945964421
1.1573332433578511,0.8700062497016662
0.45302800244254715,0.6971148687882317
3.0751442218323204,1.9284615500910036
0.7408565569681782,0.8529883375483635
0.798066707400701,0.4590849102381921
1.4577088447874522,0.7850933316589048
0.5862182083185064,0.6487378206230784
2.1970688934845786,1.4459262123433283
0.8887997404608166,0.864857481776743
-0.21126515244157318,0.4520435146535605
-1.310989374175697,-0.4037568156927066
-0.6630625303581963,0.0007102441636475665
-1.5092863544473196,-0.5039384825158181
-0.20186363905469606,0.23166163715549898
0.6581525742835198,0.8831596028671465
0.8874984876564511,0.7164115989601599
-0.07171125800805966,0.3290653990513299
0.2712390517039852,0.6045530933172159
0.7067783572136563,0.592367188722475
0.9744502387461921,0.8143716744943709
-0.544081927379843,0.07686202040279344
-0.14601053333767006,0.1847533244021642
-0.46497207006055896,-0.0243212076836095
-0.4048145104536826,0.09755439962540444
0.26388843037232973,0.2571891999376005
1.100008222574128,0.8461830351758167
0.7955210143464442,0.696146138321718
0.035971413631339266,0.14567172062154846
-1.0032205947446817,-0.35096129258776115
-4.2749679086771275,-1.9968655758505278
-1.5906663580229383,-0.4696991781929239
-2.292064744363711,-0.9827688366857462
-0.41460912168334596,0.1741312628889639
-0.046177554580952185,0.2961469217673728
0.09975473317860192,0.3916758527909313
0.3926889296043288,0.4495149141777657
-1.2918965973963128,-0.3612497198778085
-1.1100251948102569,-0.14248436616143784
-2.017541326888399,-0.7311111108317815
-0.16735029838083848,0.23523198864113257
-0.6574062212269198,-0.10586808804113457
0.682913879320147,0.8025281244848638
0.20558754046747363,0.4751277828099896
1.18027389898467,0.9316325631714076
0.31427035967415085,0.36988104512848197
1.5889981458545204,1.1516676396952465
0.9721486670361605,0.8587772882585386
0.9782960332658445,0.6115328888460894
-0.007968434243437295,0.31712547455238393
0.37938569812222384,0.4341029770349728
1.307829544123579,0.9977600193308725
1.3627685003972547,0.9270626442187052
1.7009848872308004,1.371526398194493
-0.3660759559297022,0.1699310005686745
0.3425596872203807,0.5385874534922843
1.2998832240144071,0.9393748562401845
2.380977423952651,1.6208589056753238
1.9803418998328723,1.362728960685517
-0.7933311695482321,-0.14880402574207052
-1.1373932409020129,-0.19554308942337126
-2.6522058278951897,-1.0133899242026696
-0.7526919158504211,-0.036005674329938404
-3.0453228577609988,-1.3391452679478322
-1.2270474137616734,-0.3804846332240721
-0.7564534437171313,-0.11050145475032101
-0.25720024079013754,0.2577294958973454
0.7731667550735045,0.5151272179060622
1.4133431023178922,1.01765707459895
1.4181988371456518,1.1014968691944957
2.4752296710807915,1.6004744265664685
1.4426229829906103,1.2620781376372572
1.8561612051630294,1.166759541220227
-0.23059942415506773,0.3271380472067148
-1.3242788294855976,-0.3493428849954881
-0.39983113501807555,0.1789251328863513
1.2126906615903132,0.9472253377161262
0.24459056309385485,0.4870011231400737
3.436386346475632,1.8178817046220141
0.6300373374272261,0.6468387340394016
0.8803267255723444,0.8008629050385636
2.6629614528663748,1.5479395041835702
-0.1727281816863162,0.31023426435209345
-0.5630371678959101,-0.06697002393221596
0.23445900625939997,0.35277703122187537
1.9354202973474068,1.4166093878901134
1.1596381643396645,0.9443200116831142
-0.03568713887152419,0.32234136373172634
0.25898323334745466,0.39834167931858294
-1.3000909210405596,-0.3833769877665529
0.2683723507197082,0.39412830522187015
-1.0391892930387727,-0.37607540102283243
-2.3616541232161827,-0.9191857932251216
-1.77466225741178,-0.6200475913561846
0.014145716193491031,0.3053644343524663
0.5650631722857475,0.6820267045960926
1.194268992064834,0.8038739224512841
0.9763313073539893,0.8090748983218246
1.0486353157197796,0.9095866897224927
2.4108390439745233,1.3317074455806481
2.3680813016355096,1.4209827030183182
0.3534404079117066,0.41303351181088555
0.42875227061004717,0.5103167211665989
0.3748656728239262,0.49556033496190166
0.1489839304503047,0.28285768488868074
-0.24292291513313213,0.315945217773389
0.17190529368958155,0.52692686814487
-0.6275028479796394,0.13476503947020319
-0.5648220734300363,-0.033694020509297574
-1.4621938019921976,-0.26965291713442024
-0.39217007192213604,-0.07816922453708808
-0.532441590766788,-0.09894629688159995
-1.2410229754747018,-0.32437600525845034
0.045114830562343666,0.166214728963038
0.7164868947041956,0.7736071885295944
2.1765455117061183,1.296212699680104
1.5812714931325176,1.0953011995418576
-0.305167571465077,0.02012103141694077
-1.2207187634663021,-0.40359203724711223
-1.9998712640191298,-0.5458924596665575
-0.5778816305472094,-0.0314770218121678
-0.5404045167818028,0.22383746198566543
-1.1870398786156058,-0.1773089042654378
-0.44334803495749026,0.11350739866781906
0.5328705159441156,0.4911811553366998
1.9799700202803003,1.2989508463370443
1.0059915520766636,0.7988412820496034
-0.3144820014885056,0.021315501625142286
-0.4841133973575493,-0.009862045934525096
-0.3261862541127008,0.30347728080132297
0.3295983690247857,0.5650149068948321
0.10544121445664592,0.3115310557539755
0.5036704433799062,0.4421865260346939
1.3667897024513904,0.9404830603938744
-0.3804418644301343,-0.027549185942678273
-1.9855736006367641,-0.37665326395657006
-0.8825684959598181,-0.06850727370975446
-1.2030062622658342,-0.3393871238430329
-0.37302143452483905,0.09549744520200852
-0.38461536884170605,0.25195833988490945
-1.7618485067679175,-0.49743204866541546
-0.4915539709285103,0.1725446296851383
-0.8587265949702185,0.026520565209414815
-0.341193160255587,-0.11797032159206561
-0.2877432753967771,0.22588861720583814
0.2160617726497852,0.3991138600104599
1.9292167860568095,1.1956765825899573
0.4691895975186642,0.4975134619584824
0.18529834740738532,0.574204137583646
1.2089588896871748,0.9540104398196311
0.3602770792671546,0.3569914773761587
1.2380642036767224,1.0798027997238309
2.2080063432662196,1.4554838378677804
2.2159682984922426,1.4022194343035888
1.5084253094667308,1.147132330728915
0.6948105270509508,0.6459736777489623
0.4785968244953091,0.5738958535116
0.7478972201701786,0.5351185291812913
2.8744590352447474,1.6898847444765397
0.3603253117753996,0.4144697404938261
-0.8837473304127036,-0.060633308233878996
-2.673007799066542,-1.0076492663651606
-0.9850411495920505,-0.28296952971402606
-0.12466700291629462,0.2664162374611386
0.16331572106237408,0.48409180455180084
-1.5085881578519809,-0.32011147467669054
-0.8070793655216484,0.013725234105240416
-0.3414455919535702,0.061200624189923
-0.5522175979926203,0.0767880114962077
-0.24376644203749243,0.3002567300153036
1.143475478024325,0.6777554298946751
-1.262841303726535,-0.48083038930010236
-1.1574920110328257,-0.28391463587984533
0.20485565890278556,0.34300463245736473
0.4614470395399579,0.44547414054206336
2.029298299484792,1.392226796677953
0.3531168627171676,0.49575912389810756
1.503602685968784,1.0696036617696016
1.3328900000989552,1.0182621140577048
-0.07020567617634377,0.32099513519147865
0.5029172786130359,0.6227115224101598
-2.7116518999219372,-1.162511597426686
-1.737741158503106,-0.5010872209444401
-0.5329578688610348,-0.08807878919837217
0.2804859715684457,0.49068360253041754
1.6271392983078425,1.0298203034181836
2.0030922743014705,1.3303603479502517
-0.761469247663201,-0.15694893201704369
-0.0674363856803184,0.20027571190312438
-1.8770725796617065,-0.8151745920871807
-1.9607855234666123,-0.7905541658857107
-2.7041433822677,-0.9780711950637861
-3.098983834915048,-1.246905151031256
-0.13676609567487463,0.2742656832206143
-2.094961577617213,-0.8769591903102393
0.7753376194035302,0.5570402216293657
0.6416418790956093,0.7173257532101289
0.2878825606723616,0.5122139906380543
-1.4409556241033794,-0.5953897744062357
-1.2002758183431046,-0.31962875263804147
-2.9017194115231795,-1.0790938724465533
-1.9624794963579624,-0.7636551048386183
-1.9924137181929185,-0.7105720904670116
-2.360018656171513,-0.812356053254942
-1.4069434377615855,-0.2901314618744371
-1.9303489646822025,-0.4855566094932132
-0.6348046220604724,0.06652670380452083
-1.792719062178226,-0.7269289366899732
-1.1420622535382463,-0.19998247446427386
0.04407224196664783,0.08031217835962123
0.4797558604566229,0.480404516896367
0.6035849860652273,0.7329442237563885
0.921556716077907,0.7867854006216336
2.4848033453080802,1.5427175447390242
0.6305344753840451,0.5592331982685251
-0.800095607704907,-0.29392668845143033
-0.9068470636038346,-0.075080263959381
-0.42450169238572605,0.049200790576258584
-0.8790460203830781,-0.1166450024068973
-0.21050891487973045,0.12965463601709645
-1.3948868103639689,-0.48289865935773824
-0.34571731777458015,0.0995652365871386
2.0446405283554654,1.2755982169174254
2.130581552901887,1.4982545058039014
0.03812734891402081,0.46796510753963316
-1.3395521346543873,-0.4442996600674419
-2.4357599005359702,-0.9807002917794687
0.7797764632217077,0.5709058064084543
0.005704250453218762,0.19705502109528938
-0.18019818514016603,0.15172074138020858
1.334656669264512,1.0284688378610072
1.819508223789171,1.1791553413255567
0.42731764966134744,0.6088375802087982
-1.1956455966519612,-0.26548002814252103
-0.8755361343938202,-0.24943033678975313
-0.7513967840538271,-0.11201748086575301
-1.351758146186746,-0.3916987476737166
0.28674323640980426,0.4032027336773789
-0.3429620588553679,0.06232523192446063
-0.14184748285125962,0.18116378413883016
-0.7041488303029634,-0.06276006315338506
-0.4574186731291951,0.07590551677613729
1.3644532472976536,0.9866680378204367
0.025308972980338296,0.38113402254322803
-0.5738462876902368,0.11753615375620172
-0.41698987350307276,0.00965501047155877
-1.6745456244613708,-0.513553163364473
-2.913004102039962,-1.222038094394428
-2.4970898248773796,-0.8529222772865114
-1.3114916438470439,-0.4853850587854853
-0.41440760793055975,-0.07882241882773786
-0.7244540661822008,-0.03978959618044217
-0.9386781525963799,-0.22068365411801003
-1.9300549389225514,-0.6170562702187459
0.42069945043151824,0.542866003791472
-1.4273918177999059,-0.4878927548708566
-0.6854440553250665,-0.06331260950757876
0.5566356850016139,0.5591169077620461
0.6956099312455322,0.7460137696529504
0.01832977113949863,0.34012865807009596
-2.1256613197144625,-0.8147467855356564
-2.218872452472113,-0.9365175297975826
-0.9989769069800547,-0.1410268258382387
-3.3231910316803495,-1.433014903371286
-1.3325960910883357,-0.5241246741592872
-0.6684780694465278,-0.05762398793502197
1.9424090886812544,1.12181962416634
2.005828471695014,1.3888577860609173
0.33850000551931925,0.37262848454441544
0.9634453807267374,0.5781138050501374
0.5798398640886466,0.6715811962138711
0.8491480282651926,0.6667555846602827
0.8633525059303424,0.7937885482903029
0.5445680878444626,0.7301302120732356
1.344989566213438,0.9194867391152629
1.78605517962097,1.2477095800573241
2.0958806845915134,1.428853656670728
1.9355465853122364,1.3248667707115884
-0.2699387435520566,0.17146115864621542
-1.2034865498973422,-0.22822848515465416
-0.8485602065336364,-0.1660635994742102
-2.0103880838713284,-0.7460293389164998
-1.8701158930815982,-0.7351926431408282
-1.3535081126937738,-0.47870165481063026
-1.6191651584366187,-0.603827756368342
-0.3100471824811464,0.0027062693897076107
-0.6932440656406234,-0.10565511737391389
-1.4974386238428212,-0.5470003703439108
-2.324280990295142,-0.8014032123151953
-1.4043598725114497,-0.5711025357506372
0.0026453953905830607,0.13362456805697134
-0.6541059618743353,0.1262151498844496
0.9282075593049932,0.7501499213528221
0.603909641436162,0.5811404892462623
1.6488777575869356,1.242340676344603
2.801592533279794,1.8460993953838378
-0.1471356943430402,0.15663394361755878
-0.7161431805561531,-0.12149647583075933
-0.033288094161079695,0.16686427617656294
0.7291189419167301,0.6157971803581263
1.5593538749724,0.9962350907128006
0.35691672751235937,0.714927080375816
-0.13124310222053914,0.18634517172337545
0.41102631427061,0.41769941938212485
0.06063602330141682,0.30768183024217466
-0.030349573428928536,0.26230571192302543
-0.517900222905731,0.2717982515648526
-0.5363853616400447,-0.1385260761257427
-0.6992469105351538,0.053373776021144986
-0.9476336334128234,-0.1753238208854737
-0.020106743385320924,0.14901195574143425
0.11544537020776355,0.30511877029983014
2.8358651495954237,1.7482384822869266
1.0321648326481785,0.601470459731718
-0.45738517394227574,0.054712329573463114
0.6352036730479647,0.5940976187217134
-0.14183354592846997,0.3788283668975325
1.5210346885750088,1.2241131371859713
1.4998946927276422,0.9791754802180482
1.2878040409323555,0.9418742932126022
0.6679656373641589,0.7054488741270711
0.8468810680611758,0.7061567486114855
0.45375560168520696,0.4200617246714178
0.6354293034265963,0.701277849981788
0.037102284894281246,0.4475687655837801
1.0654694542360008,0.7454463080055348
1.7807352986029548,1.1936086694288286
0.4364627792285457,0.4738875916074658
0.8925224618476437,0.9135483586164079
-0.5244271093719103,0.054621908872846986
0.897639474369681,0.9052724341307806
-0.31925594958148784,0.14712932969938253
-0.4805427110130757,0.025984518346495004
1.6369418991632243,1.108576118644927
1.3936399068144454,0.8414025452077729
-0.2858820200399299,0.0756227050483522
-0.9357693893436614,-0.15674821118348412
-0.9868775389402389,-0.055891481082887995
-0.6613249446824564,-0.06559144119343674
-0.0822587969297558,0.2551588326144016
-0.04787061724896534,0.08502001371601944
0.5636949698962095,0.6496251016194896
-0.47600908240587814,0.00024789891349545623
1.0663262988466526,0.7348363348428802
1.923400841537592,1.277007156031234
2.446208660630969,1.5832793185071177
1.4774076818385722,1.1146035198088133
0.9906797820992483,0.9107425626887345
-0.28881028074762494,0.06960834316789152
-0.7263979545038548,-0.05150032197445423
0.0803029262064402,0.4019718901333392
0.17465226301258335,0.289660900777057
-1.355222659351843,-0.5428992087730713
-0.7557479026084983,-0.08843897045416989
-1.2495852248217663,-0.2461137620568823
-1.3383721233837695,-0.6684210029965854
-1.0241369733271934,-0.19936870335752999
1.1601779562718157,0.9179790052751206
1.2849512923531605,0.9469225578932421
1.7800663834212416,1.1949096646329553
0.6979327782328026,0.7119754104294156
0.49132801395800746,0.8145973454632328
0.5873251052874773,0.5969052454502853
-0.4599368221677882,0.10589581553194347
-0.2520675800123313,-0.07631694915431964
-1.4936564085734247,-0.45086655257513747
-0.2437645574222269,0.21390007857145826
-1.5374075812758947,-0.559660553351409
-0.30600773297293304,0.04396540635673882
-1.3369965124016292,-0.21885816790379622
-0.0717907354352536,0.14841700945435013
1.0093823994942095,0.6962072368597974
0.5196506457174969,0.4196326216413877
-1.386286934384016,-0.33736959915048903
-1.8574040410317558,-0.7294308189025092
-0.16986815725633142,0.2707092612159245
0.4968926526655604,0.48486911829119217
0.8781196059772511,0.7266963195794953
1.70767915797631,1.1446047626208906
0.7217951359538725,0.5736288228044274
2.6490643116255073,1.616992189334514
2.0370324601964898,1.3241163656433064
0.6202307008760115,0.5855984882460807
-1.986733310194858,-0.5880746591951372
-2.297148203165259,-0.8293873966780849
-0.4982006887620324,0.16163442167139458
-0.4657297656573121,0.23557606579675897
0.39414170483342903,0.655224359107148
-1.5965264377149775,-0.3825095381140095
0.5260014889226827,0.5434720475369242
-1.1584631803739351,-0.3106611475700459
-0.9268927659108744,-0.1037947351749097
-0.06499549833630935,0.25891622927029784
0.4724239538920613,0.3457200154844765
2.5832222061255634,1.5866742205795865
1.681350414430648,1.0631169472706918
0.9204484110567088,0.8990431340810399
2.537512081985568,1.4663392106322444
2.732737359833915,1.7559489562497395
1.7564816707886908,1.225730691688496
0.2748788119287968,0.3436713910365577
-1.0634759718662916,-0.13679505438592834
-0.6604928051111977,-0.19541189101415768
-0.706118440089176,-0.1939506775346693
0.548026955814229,0.7249153442730482
0.4619650988123472,0.5886803319255551
1.2500672569677922,0.8188439340989105
-0.7701790871284858,-0.2597376560810781
1.1398084639411041,0.7442104206237806
0.21655088317633753,0.4743952175631655
-2.255545376037117,-0.8938510061617511
0.08550947562883526,0.31019573584495547
0.5882305939725037,0.4841447204840863
-0.2821693599666447,0.2270486936916597
-0.8683729279881556,-0.09091620863289075
-0.4247418757095618,0.03938525312761234
-0.167995908580546,0.22342517458918024
0.1475259452267945,0.33548426433403666
0.9481615260686668,0.8128397969374558
0.6632988561518197,0.5154712585889901
-0.6568436320354738,0.07948203873937648
-2.11832411063224,-0.6451916442662178
-1.3944964016441035,-0.2321457480717512
-0.4329481811707506,0.23337227264595437
-1.4316922039286808,-0.5070236038120364
-0.8805274240969121,-0.21868894558017893
-0.3560042518785095,0.1260739077851118
-0.6304318738131285,-0.04613318574877532
-1.7630867043602616,-0.5731820557404951
-0.795362552987751,-0.05512891024439862
0.13675005986228383,0.3631064302481885
-0.8278063189059123,-0.016862809094937217
0.37791543116017823,0.4784580823083569
-1.00068761221688,-0.20014036384111955
-0.8228195333023091,-0.1919454855765827
0.5095098099421386,0.7233563837630897
0.9483432958560027,0.825784909612818
1.1264891685009808,1.0517881604087895
1.2046583762416738,0.7855855518247996
0.20506579636273448,0.2811487582062271
1.4423368199520255,1.1648893851677298
1.0800217317362297,0.7946785001176946
-0.36896774973327917,0.26766760545780677
-1.626093077313926,-0.48152667612188704
-1.5143214705529782,-0.24423809270331023
-0.7464521367437982,-0.20251059164555102
-1.6887272264798645,-0.5208739867031588
-3.217311574149675,-1.3074701458259066
-1.2529129016579426,-0.4098180940530431
-1.4804288372322825,-0.3905889439514221
-0.19922532070219656,0.23318579080998053
1.2993322217775594,0.9849823988197401
1.8733048082518056,1.2325267715594197
2.346074002853289,1.4094640657712825
0.4312055916223353,0.24117144618190361
1.744283942569289,1.1389203273464732
1.4789460645613473,0.9002834311917761
-0.7753479669262393,0.02541371145847661
-0.7014153286406023,-0.009044181406455042
-0.9472356493550615,-0.13547296840300468
-1.1443893762534962,-0.2566488543829168
-1.3787033774171102,-0.42579556242204164
-0.7321511089816347,-0.03438779719499804
-0.4916437640604684,0.054503483394400844
-0.8454892687037546,-0.2682766299936584
0.6626411347600705,0.5236953622720317
0.18240701664643683,0.3989929798936773
-2.5029497890681975,-0.8112496084281366
-1.1773840589948286,-0.1997779163082407
0.14701385814356793,0.3575067776043168
-0.2583317970727864,0.16318023562145156
-1.4921274299530816,-0.3902969312189942
-1.0779968163133524,-0.18056222380519626
-1.0343836278396454,-0.10790710521815267
0.8195510197993534,0.6756847683470545
3.0011741274660384,1.6318731736185157
0.8360263436489426,0.7950155837729722
1.799876195969519,1.0506133093591807
1.3154552929762584,1.0042797258703056
0.806279589948069,0.7803102756802507
2.289110530883754,1.4556292734699716
-0.9683641591643157,-0.26488906145616853
-1.3654225157921678,-0.2517952538031834
0.15161813005456315,0.5850462919195666
-0.47815721914564735,0.022864198907776884
-1.0201397650135455,-0.12604763633165594
-0.10506636051064677,0.09360929498505188
-0.06427556093921043,0.19566268748884458
0.6170516391522758,0.7384873196111266
0.45489604506355413,0.4325359825985692
0.12083127174456693,0.34345544713200854
-0.1580425684046761,0.3166812558685809
0.6926988566793048,0.7182135051287433
-0.5620971785865196,0.06285999206067946
0.5673838052129261,0.5859771538790322
1.032638668557698,0.964598424853771
0.473378461416227,0.549769463596769
0.4846507115331171,0.7766296067731235
-1.3457574148402367,-0.33941208368838427
-2.1475063415606526,-0.7124976135582164
-0.10452361777376895,0.24400797268599944
-0.16215982146812405,0.19473635180211896
2.7485475619245303,1.7324385025210334
3.017109473953096,1.8270703337484908
1.225172940766617,0.7989936089397304
1.2888474186077215,1.024746292664181
0.06861139302618913,0.3099342415249694
-0.254620137862126,0.0987643175283601
-0.07874733087480812,0.3023230259079924
-0.7712364077061793,0.0832537739953981
-0.2609511140639852,0.39465906003927476
1.049900288058283,0.7097011408046352
-0.8019917088815585,-0.1599349559810147
-0.23565963693172554,0.33360367307066835
0.9078183179190633,0.7934477696180681
-0.2581631918702808,0.15137558140810142
-0.8051984585752685,-0.220426261420212
-0.5750937455402905,0.1790693111116962
-1.4675123845106752,-0.38677271080375986
-1.65405772002,-0.5868834147178805
-0.891015589708958,-0.02760872835864854
0.26348187520220634,0.5809584413802705
1.0897478476083042,0.6779267043387587
-0.7707491413827741,-0.06998875975085866
-0.6236904545373668,-0.03008167640998404
-2.7312576308657697,-1.1093594511218068
-1.6585898933324816,-0.4277990259498217
-1.1825028553282224,-0.25235597186610553
-2.062002934681559,-0.8166570486363453
-0.5001022565140967,0.08659607678467869
0.9167936367590006,0.6864920745413252
2.5236420948455462,1.5590328220363852
0.09991553751090909,0.38672284734298934
-0.9369669001650444,-0.1890528988014306
-0.4631085512705552,0.09550721256688353
0.6075158389104656,0.5596164940447682
0.8631067300329033,0.7853205961737014
1.017817119290319,0.7190861764550723
0.7764969009102275,0.7311148016471333
2.3531144806814996,1.4266063374269953
2.660482045374514,1.6898632717412414
-0.30661550470052923,0.1922576867015871
1.1659710031811097,0.804549214489331
-0.301252094866443,0.09685902893989787
-1.327607612313312,-0.5703055794971608
-0.7377460571107827,-0.04145260594622676
-0.7805703490170999,-0.05900485264464727
0.26058351720149187,0.45409691190904344
2.016171677433099,1.4059878724218233
-0.3442150681919005,0.14958266810509624
-0.7469275277470687,-0.021548471678069024
0.8729265234480971,0.6545338192909094
1.4188830250781568,0.9358828265912457
1.1540004588259298,0.8527262804353
0.2812070470527416,0.5253043803670675
-0.4309023775263182,0.1067115843085869
-0.9516553227640623,-0.317827777658189
0.10741116671500162,0.3965204173935161
0.5781261432437711,0.5416742639004453
0.6936008337813985,0.6309439003585012
0.5043310847593951,0.5094026308202017
0.5373760213222798,0.6092044304232231
-0.01438445572767122,0.38630223990824425
-0.7789704317213949,-0.04665441642175522
-0.651850123422766,0.019931741819350167
-0.7865929604836825,0.08317511072092809
-2.1623605719718872,-0.837981574376226
-1.5387177637131297,-0.47051670951121455
-1.234461079482569,-0.11816476827317066
0.42486046827751056,0.5375427834615525
-1.0310826935910424,-0.20465331368508258
0.2925278089292018,0.503982146400937
0.5172111525223964,0.4839509611476389
-1.5703973556050626,-0.5489331593345326
0.5994393647046055,0.6963074127953187
-1.238942484761783,-0.15542962584447578
-0.1407173247135548,0.19177983973086238
0.5160190600786388,0.5551961569447401
0.6177079235099897,0.6075672180337504
0.21247961196663512,0.5534428236952977
0.24001602422800083,0.501547761623256
-0.28917684100926816,0.20598485675060596
0.8262571896339552,0.6778806843914604
1.1519664192465564,0.7222565878734175
0.6423269249077471,0.6442967624103556
1.0338628679989694,0.9087132838869465
0.43054554302527265,0.629636739127973
0.6480932798485557,0.3822967510935563
0.13296168569745576,0.2920356787238786
0.7535978785746762,0.7444716556495352
1.3868208308495467,1.0149546690883693
0.6723555106377579,0.609465774317952
-0.08738251951242126,0.26446099301386106
-0.3525699603737789,0.07083429625914422
0.0019302075326970702,0.4832539780682137
-0.7989440270431516,0.045763007834246944
0.6977333704121476,0.7434695455375357
0.7975405074333547,0.8972864040696056
-1.4580157958812447,-0.49140377587607953
-1.6791153236645049,-0.5736481479664923
-0.6922159126116519,0.043206929908140485
-1.8360809493295176,-0.6538497494841583
-0.06105888110026392,0.3591439567650285
