0.4467143194296502,0.4862286946875515
1.9872679346307058,1.275140167912967
0.637356921346386,0.500546620826927
-1.082048307996443,-0.32417925083476284
-0.5595335794178685,0.03511678137516805
-1.4621522137219585,-0.5215151544025897
-2.5281956359338453,-1.0589262984607122
-1.657633953591192,-0.3014526251120381
-1.4492395394528246,-0.44670886288842754
-0.6683001426771347,0.10210051418029534
-1.2142678475376285,-0.36198161945129903
-1.1278212226980386,-0.393692080663667
-0.6703256533436854,0.039141379737209464
0.4827258534709613,0.5712830332724879
-1.552871850333476,-0.6334166357880683
-2.2329568340923887,-0.6594433872080991
-0.3655981879957355,0.1536640433541586
0.7521407333408636,0.5813965078584751
1.0780687966119529,0.9072095845507536
-0.15832264640504656,0.18659941680024222
1.5734243354745772,1.2413746964958785
-0.37169491138301725,0.21609681695072652
-2.022958898885691,-0.6522975309152952
-0.6820965691897892,-0.0437326431191486
-0.18676082704765717,0.20329280233803215
-1.1613352847422946,-0.19578295209789068
-0.6879097382132335,-0.238614957283342
0.40512184202454427,0.4728815256388003
1.2203603614473022,0.967834314750525
-1.3726284733614842,-0.3048730020087041
-2.023355108847279,-0.6518794795856784
-1.7865834291045446,-0.758478550766138
0.621293125722489,0.33133176380488316
-0.19619682078862977,0.3975921377953526
-0.19459783532989341,0.2241205265118526
0.08304606003995318,0.36884227060612795
0.19243227580315397,0.419669410620722
0.29776481287246576,0.3782377446700689
-0.6472074488641208,0.07799313806446018
-1.1805922347369786,-0.35075407410928316
-1.1965888534376439,-0.22278105102601053
-0.401152670172949,0.19523278744355083
0.44566919796532006,0.7124178159084463
0.10229787287932751,0.3517399778594884
0.2495395213094497,0.4637299387110144
1.0921243961694016,0.7887854929230814
1.0523877874612309,0.632407294909781
-0.5187723894790821,-0.028187756787475857
-0.23294995113072114,0.19944655883820675
-0.07096991390198457,0.24135063331353354
-0.14537888946946598,0.19534631349518325
-1.2163200782234855,-0.18812100038561824
-1.8616478214734058,-0.6204749514500247
-2.1631298770938754,-0.9681404125773783
-0.6520285729170707,-0.030542903697084556
-0.9134429132742797,-0.10746666749926267
-0.2940643808715187,0.013869426902150622
1.0575796076276585,0.8359673890552161
-0.13409436574088007,0.41226896428654425
-0.9083006647168839,-0.23192677172864792
-0.9960262298123299,-0.3141929593168521
-0.6825055593265362,0.05747404384484102
-0.7570806148292308,0.06137599937345051
0.23826811502004497,0.3693079208406555
0.9033902626368884,0.6320360387375092
0.9485948696724159,0.9438964895150779
-0.5088490448092451,0.08509348036008288
0.5720388564873693,0.4977152818583279
1.9200643339595467,1.4191126965926963
1.0483976003364635,0.9176150623180546
0.45133296466763234,0.3568163963754513
0.8945499303180495,0.6393670069847999
2.7005778164620273,1.5558149640869758
-0.33432838605054327,0.1667902707488918
-1.4505867232713507,-0.4492267743808943
0.1703297246090023,0.5484486886682021
0.46774357318526316,0.4313334041417412
-0.8434999048255323,-0.21952789993215993
-0.4968786235789534,0.15959202580305845
-0.36716166115487053,0.007529185453339957
-1.567268780939772,-0.38496054515102146
-1.5073977023160428,-0.3285244220303109
-1.5594650270208403,-0.3686538546268129
-0.9217331950666584,-0.07723715436109815
-1.6098974053569806,-0.43580101345599404
-2.0936895148850576,-0.658621858160629
-0.10357745875098301,-0.00043748225572068367
1.3701266585560667,0.9494205146488819
-1.26185610589513,-0.35906030961727153
-2.30193088566119,-0.9435532631256947
0.03244453684340076,0.3554600189402184
-0.8707461459835251,-0.4674600541381189
0.3400375632442506,0.5088462596223929
-1.6658847859240926,-0.5765952742740549
-1.098219173436685,-0.329094466087323
-0.7358987366969911,-0.1178054895890491
0.3541957320698169,0.4710781571212122
1.1109527511266304,0.89665917195925
1.244468705125056,1.069720879151434
1.6267425476627195,1.155216854117255
1.5109595092805608,0.9201109742573318
0.5589535671531363,0.5200180469615601
1.2544167103507498,0.8667762897700022
1.2370584345887519,0.8709394704958251
1.7534394201841144,0.9769414772492214
2.367778274588766,1.5639002100671002
0.2817436254659673,0.513590973696801
0.3814983802607529,0.5775969839540117
-1.3716609181238777,-0.5409225183076274
-0.44088762652036756,0.12475411252438012
0.22268057140890818,0.38018524507277224
-1.7225020034385263,-0.6739167162283949
-3.624262541518723,-1.4561398422504475
-1.7150178356691166,-0.5618848125967968
0.4288346333216986,0.4840837289883008
-0.4497095622826258,0.12606890410518606
-1.1227590672436327,-0.29158812294307707
0.07485264602671926,0.15700102518273007
-2.211013016995021,-0.7829236066496144
-0.48852499638515545,-0.02449971382415045
-1.725223807455049,-0.574186743051344
-2.6438904173784508,-1.2122315854056622
-0.9552688493670141,-0.11325060911634044
-0.9909730332964357,-0.11847314108531895
0.43475417171628594,0.5727362364947596
0.7724226759442616,0.6863628709987726
-0.6070554749665169,-0.13019908865853863
0.5444850577319954,0.6784084647048482
0.7648105331596469,0.6874636789171298
-0.9160779384557282,-0.033035148619241755
-1.575679088926004,-0.5338438021797466
-0.6806354173825593,0.04507059831646226
-1.6521712848758912,-0.6136559539841365
1.0678140973136652,0.8749411643240315
-0.4865069711396294,0.3898283463302532
-0.3071123831843857,0.19857543394188706
1.035372727143796,0.698635843008685
0.301394404940565,0.28782782260178974
-1.1790456766499808,-0.18892516356086642
-0.3453897982569408,0.10824885148947004
-0.3701998138730155,0.20051736662889846
-1.5065268823909672,-0.327526880209629
0.32566829612522397,0.4607047555089024
-0.6372931995799519,-0.09719826519340241
-0.7404171014409862,-0.163453964147467
-1.1494864591191174,-0.15626706887538977
-0.10021002205484952,0.20789480832379156
-0.2767191053351346,0.08875782177976219
0.9359552960714917,0.7009152212555755
-0.22003867353843132,0.12477594636411674
-0.8521385318717923,-0.13094424895687337
0.42705251062294947,0.48574252108792004
0.3396827487691036,0.438452483151506
-0.27905798901259216,0.18670809401994812
0.3099368679005894,0.46823447019108977
-0.2492603334899231,0.24110108667011404
-0.4736762359629135,-0.036690528311425524
2.1647922165645515,1.3412394001526444
2.3633303080349948,1.398680954991325
1.5836394060689842,1.1219321106242972
1.6585029248995398,1.1489193751393032
1.0540206386831743,0.6858853999335411
0.02837422065753281,0.23863546593648527
0.4108472446336382,0.6687536661637318
1.3439777376666302,1.0765015871377295
-0.4723402805364042,0.055557419280985294
0.5624771812024139,0.5110646905412211
1.1134169353029104,0.9530813353741905
0.08277982057974231,0.17755473212279863
-0.9587389074819281,-0.45083789163227994
-1.2904614815649484,-0.23243379640142003
-1.773037128631135,-0.4490150730260182
-0.5927357305342651,0.10417336486631447
-1.8088455151934206,-0.5652748178083666
-1.7141969580000647,-0.5136694495389597
-1.7490534589334876,-0.5720634852060357
-2.1912182062520698,-0.886572869382424
-0.9230626271684412,-0.186974761799114
-2.0877825731898936,-0.6607431533809567
-0.9580429310116911,-0.14825349505660101
-2.3011678155005457,-0.9955918931539778
-1.96871232923432,-0.6536090671255257
-0.3532073578450331,0.1451098539358659
-1.1827445933745142,-0.46871259669925697
-0.35797288099204794,0.03736520364212223
-0.541884623403613,0.11531509050780157
-1.6145175459152328,-0.51249733376322
-0.2517087099149209,0.12208392159893897
0.5921381403453154,0.6089678403186639
1.203447914503406,0.9382638058761534
1.398856648715902,0.9719621586582481
1.6063156055977914,0.977347131341146
-0.029064296501248865,0.1621467477039507
-0.7033320399359894,0.13917487633713319
-2.3739253711901163,-0.779809561607111
-0.812833440410077,0.01030677270570643
0.17754218851472436,0.4068296022352464
0.22678829524746857,0.3974658244648595
0.15695487547421244,0.5576609492939019
-0.3731747507254609,0.08127905093782134
-0.3108791010468589,0.12366294868786941
1.693613060357635,1.1659903301448589
0.8447689296562063,0.6028467839377649
1.3882528191407597,0.9742479218359782
1.7938561787413017,1.1981106274785704
1.2900851523354904,0.7711463380655892
-0.04122792193335878,0.2886990741001545
-0.615783000587601,-0.025822105524708244
-0.8504825250402245,-0.12193151245902287
-0.09892393327061277,0.3457351373725404
-2.7800275395709217,-0.9624721608234966
-1.1641352297555396,-0.2608165112345855
-1.1828466768118941,-0.16421346545596435
-0.5846676457889446,0.013947222077784451
0.6126428382176857,0.636030882378286
-0.2063698677881899,0.1214958462248006
-0.42938299021097515,-0.07246406101651412
-0.6900570002703865,-0.029862374647930505
-0.9935126190323222,-0.1359050434697008
-0.7623668329619727,-0.12703490809407608
-0.6512060209014418,0.041776847807035986
-1.9863524456558492,-0.7075999999666447
-1.2606323449863917,-0.26314499497244725
0.49321469882515057,0.57437184425778
0.6858338531792298,0.5538994413624267
-0.13902490032424775,0.12068244145746429
-2.2153522573721296,-0.8768164020545933
-2.35699893479629,-0.8608173428750151
0.870689942586627,0.6116171802224069
0.2760513909536627,0.5840467828208524
-0.33997196911277733,0.13530106029031247
0.24565922464687184,0.22310667462957093
-1.0962184141971787,-0.30088166939801303
-1.1512150359993316,-0.054122338784598906
-1.0239325243617041,-0.11089859618366071
0.6488790850086819,0.6929318736059444
0.0735042381420189,0.23874558421937958
0.2529827917395764,0.4650024478992677
-1.2663468039994707,-0.2170810974294432
-0.871371711035464,-0.25490916871330677
-0.4503063138914503,0.03053112951048792
-0.8325646808252086,-0.2447765632007707
-2.6569081641113446,-0.9378616935534588
-0.10498806938947136,0.2712429786667213
-0.46185135970023483,0.2557520150652046
-0.12170287236156069,0.15857446961579527
-0.13515147651750567,0.17612914319825085
-2.1999942931694028,-0.6695900842799305
1.366891101676301,0.9603717930579441
0.32315127852585157,0.5192199662192907
0.009591001494346663,0.45937100556097454
0.3137271118887213,0.46261786469431987
-0.3059430510659272,0.18846383719679496
-1.3980356789300064,-0.23282682412259587
-2.154752055925828,-0.6371947656188306
-0.2545438501912811,0.2366408466093671
-0.30748954032655845,0.02171864502404766
-0.377571475615779,0.10681462511526404
-0.15320637924556724,0.022205948672064935
0.03670526033994345,0.30283008992066596
-0.8216214677527764,-0.22054846969132857
-1.5958885932236733,-0.4810808128209639
-1.7690832769074603,-0.5028827972036853
-1.8225143752627264,-0.7419647409691963
0.02097717990776249,0.03434280113639265
0.9605124264141621,0.8190223041046967
1.8504587364164096,1.4205190828108216
0.7053770324274333,0.6565685337781239
-0.21510295891805842,0.148519365526363
0.10836255718848989,0.2706480000289593
-0.44119046754819025,0.02481302574252759
-0.3212941828722469,-0.018315693779393682
0.44036420180957825,0.3464200108365233
1.4950221721261046,1.0621694172369385
2.156584692486496,1.2275183614702305
3.888513930785511,2.2854223100425712
1.150641380039068,0.905738129723688
1.504665332323873,1.0660122761122919
0.35167794525918605,0.5468464647650657
0.29260182095244214,0.41684474202924204
1.232581171887453,0.6332389579865072
0.47041043289779233,0.45230598512054243
-0.2450391502457691,0.0564621957065419
-0.33678623570649446,0.15037261852939704
-1.074936085258646,-0.38234618851186697
-0.42453054419217495,0.32176482236317044
0.20418178582525742,0.5605878293428807
-0.09053844706861741,0.29960246069848095
1.322062508190581,0.9803730937406011
2.6640132615155636,1.6647574621687313
2.4044641420849913,1.3052543982303997
-0.38687236374599476,0.2764606044986253
-1.0424211593950683,-0.28123282091615187
2.024243355922706,1.1543825137516368
0.774331627859824,0.7489488354933665
1.3065659405099002,0.9324023706478973
1.8010510715856625,1.2415654080586915
2.20870269516013,1.3854940173703827
1.0844867154337752,0.9056489975259875
-0.6378916539503632,0.08844162165642994
1.2569993335755258,1.0702955460222094
0.48778907809043426,0.4635113773816605
1.9100041046649496,1.3980952003189744
0.44245434003789585,0.5773346215690354
0.601524288703401,0.5850461566437493
0.9197865312593446,0.6822833262397733
-0.03302015275389969,0.2705506704278956
-1.7840623509060423,-0.6586130847714007
-1.318558411615153,-0.42908363444597714
-0.7345320885304554,-0.039678618409364874
-0.4075511675728727,0.2367563758458057
0.09059724175240363,0.33149722470765913
-0.08862646189661771,0.24167317318257245
1.723527663049409,1.2371358827811896
-0.5910332786870858,0.12059517451978408
0.40864158293733566,0.5603564420173118
1.8749223765690575,1.2393187392377252
2.46247558554019,1.3046793739809823
1.8468376306699872,1.3314429270371058
1.5652595104176752,1.0631122447609693
1.0669687719680934,0.7447326096022894
0.5644483318357973,0.6015284780990046
1.3364361865977263,0.8985988889874486
0.34452255639139806,0.45268663325702574
-0.05290392380349701,0.5083569179434113
-0.3273920134741665,0.15200637431099218
0.3060040862098904,0.4351370459023996
0.9858287945364037,0.72098542501019
1.2806821485027706,0.8611784202596533
-0.5876822639711342,-0.010398772096351792
-0.7401896252709308,-0.0734607937491511
-1.0493343739442005,-0.35285106006421335
-1.6481923619082932,-0.480746148266456
-0.608389435380876,0.09892649159391426
-1.765874217300334,-0.7538207408536632
-0.3794577106505005,0.02322502116589109
0.23427535956921175,0.5698490428561828
2.3535225259407118,1.3893141199198418
1.6753320720686495,1.2142719686570271
0.5705163273965128,0.6324508649850369
-0.662170223190513,-0.08392888350506966
0.18256971252801946,0.35072406669871314
0.9619655826246577,0.6526029457228498
1.2663152549022199,0.962073532332927
1.6271320233823725,1.2478862507515485
2.3591139517642246,1.4205744238367957
0.5397242071828613,0.62053849549207
-0.12288263897491414,0.1611057565764622
1.099672701761686,0.9578641892546191
-0.1938190561821812,0.15846229207164803
-0.24042493826145692,0.2402675098355846
-1.1491345830241242,-0.14217687432118528
-0.5638347546070659,-0.07301953142841035
-1.6645209380048946,-0.5136903790290905
-1.5387455036201814,-0.6291931116133263
-1.9197370892583938,-0.6518764175377021
0.7215878239833853,0.6175864246264354
1.1583906310189622,0.8922387446076749
-0.1342787563309067,0.14493196885327037
-1.2633382344234563,-0.34509977591364577
-1.0331519041772168,-0.2098307850863476
2.34761337614534,1.403025084686611
1.1349793383407367,0.784175166256125
3.1079686274184164,1.8570675922627002
1.443175561533715,0.9359410557073827
1.04720718845976,1.0624659786195134
1.5130008201787803,1.1549072549399917
1.861230104349108,1.2281046100805542
1.7943720120531625,1.2611819714107662
1.133202408926923,0.8573981565713205
0.9081020851484308,0.7375836991645226
1.6737909402271216,0.9973972613880029
1.1406300700099927,0.7993258654800384
-0.5546757013084642,-0.12570025737778687
-1.504025893255514,-0.41613241347165913
-2.940492242318822,-1.2357935431839082
-2.0494307789781447,-0.7032923210577717
-2.0861670124015896,-0.596267110123652
-0.9601813734941664,-0.23125703457544997
-4.245728035799142,-1.8577970239201311
-0.6263206616735078,-0.11134833675666371
-0.2535171075069664,0.13698448116648937
-0.49164832979153283,0.035893832538505116
-0.08004211242340875,0.22206794123695714
0.47459360167956344,0.5883252874718226
0.5878746905965047,0.5728348232906609
2.386868500791806,1.4049419371629017
4.335562048553336,2.608662454475611
2.492295617387355,1.4257570672593465
1.119830713551608,0.8701661159272025
2.437095848608949,1.503281264222005
2.079497592489477,1.272343790815796
2.3851469142702895,1.3386526708702853
2.8305989844676587,1.9024835311382822
2.330063755577107,1.4145506072907357
0.00975325463511334,0.2325121769496593
-0.5021566173766611,0.14282864868280243
-2.1755175603095553,-0.7654666368506242
-2.3180802573324257,-1.064829106215833
-2.5726082210126684,-0.9226571029893356
-2.7314322746221418,-1.1489298892990447
-1.1059721083488783,-0.18532495233725108
-0.8455923956658298,-0.13095767133133365
-0.45231449852269673,-0.05226767353341866
-0.6915486863656745,-0.06089002478901725
-0.8247247958072885,-0.1720724778964915
-1.052690166112972,-0.18763127199957758
-0.23475219264143043,0.24536380322772813
-1.022726842009015,-0.1573930260385457
-1.411843793077633,-0.5785583622706136
-2.9054641312085945,-1.2601250312618575
-0.5135250973883713,0.2532328843270839
-0.16429837644772066,0.028162668666226354
-0.597339524004179,-0.14242159928518186
-0.505737495682239,0.12588627390781448
-1.2208220550582025,-0.40340992674601317
-1.7818625325286184,-0.7524078832353307
-1.6162511118676717,-0.5477051356325517
-0.4007154087315772,0.13707297354847625
-0.9452495414019647,-0.39803017669917384
-1.0417559917603039,-0.142986659548193
-0.6033409436368304,0.07379146565691769
-0.1378281469757494,0.04681429831318548
-0.44451637009403033,0.09965405892394066
-0.7982012559114281,0.06443777169988812
0.4943769965815751,0.7048654435030156
0.9812286272960573,0.8460378725395645
2.1244311927587116,1.2934167906729963
-0.6659323824818277,-0.13887208252723643
-0.3121881946422655,0.14796987089989388
-0.12559325555511686,0.2734868536821041
0.6181289731646614,0.4911759540312545
3.240451826471384,2.0176919766213155
3.101782534314788,1.8014209846440383
2.025282891518734,1.359745544254026
1.1500321604039137,0.79909500766014
0.8228209242880823,0.7468875148547242
1.1774091559708872,1.0985742856746277
-0.8765378464773791,-0.14087410770676984
-1.5934286902856338,-0.4765420617364449
-1.3959583960171154,-0.35929958020680325
-0.7874317071542527,-0.027139828637608582
-2.53621045449086,-1.0111443365709913
-0.9753239340541189,-0.22313207370772398
-1.3468803585347446,-0.3856468117161067
-0.07564730420616084,0.09818215851660639
-1.2109390096493218,-0.3435054493381894
-0.4726509022100759,0.1418353805550882
-0.4341142895187515,0.21390822029523354
-0.8245712801683123,-0.06084863561092978
-0.18698141645000954,0.09185532238782491
-1.4863939904778605,-0.4883167735697136
-1.4777903419371905,-0.4200954183088743
-0.6697844245615432,0.10711143248213639
-0.6496510667390246,-0.1449107497630685
-0.47811119942578756,-0.22564062025749118
0.5189595224065613,0.45882027279180576
1.8882666393986949,1.1738978308196475
2.614830542760254,1.557066509225548
-0.7291686085001008,0.008821652639395161
-0.5309340287384995,0.08322814550091681
0.20634201805716856,0.38645636179846377
0.5960350944987783,0.45905794728704885
-0.4649384698303103,0.1674623341092742
-3.6370643029886693,-1.4548330832396106
-1.379721366172572,-0.3226319290868088
-0.9536709898770972,-0.29716425271399827
0.7066877291394509,0.6002975967331154
-0.23225188289438103,0.1529358824971721
0.10236078640382548,0.16725401170286175
-1.5105607485933346,-0.6874440445177294
-1.6952869229537895,-0.7267694296138661
-2.170682344114926,-0.6859016026508338
-0.6497218644899363,-0.06733625171138889
0.16230603075510852,0.31016874958174473
1.7308484363362502,1.0260977536206315
2.196702026834964,1.3591980421810448
0.5712744329067657,0.5924975586955017
-1.0707810646803164,-0.3998333488563269
-0.9941752470364902,-0.2292583411340211
-0.5764291902371104,0.0716938028405349
0.8591694534667988,0.8845733317913356
0.5154759642442157,0.42484134927155337
1.8199555832586265,1.249474562081899
0.5386249738625493,0.4549574963932591
-1.907888982093299,-0.6248029854503272
-2.5647551320257937,-1.024932543699963
-0.8427701061278852,-0.24279458491607703
-1.038468104289205,-0.002287155916433886
-0.45055367152378123,0.27420425511707325
-0.5814222791556826,-0.03241816986617845
-1.6338650364736327,-0.5901509915202353
-1.71976483819358,-0.44210996943197534
-0.4293879025266625,0.18486311968835134
0.06809622487065614,0.34950765758738156
0.6233780161871407,0.684630471597428
0.8056242585547198,0.7596874157327598
-0.6889582925855099,-0.17164484757260523
-1.4617872896716029,-0.43891669630238705
-1.019538181075286,-0.16842168219428272
-0.7391053537581143,0.026953959259188184
-0.37990113667722214,0.24288260166921008
0.06624300367768265,0.154200999846639
0.5916392660772072,0.7884986823849554
0.5587572184927163,0.5351953120553291
-0.9279810797303722,-0.012492722995836425
-0.5463636144382054,-0.024065010978865757
2.3350240328341836,1.3774310901104416
0.6916429774606662,0.6405709164383676
2.4055350250664618,1.7542299211603474
0.49692286761943383,0.7237798760284911
0.9863681768034369,0.7740643013131716
0.6057262457960567,0.6665750013392578
0.4108561772364202,0.5786519289545518
-2.1086865716353844,-0.8618932385926268
1.1513736548512612,0.8049607088394676
-0.09364154309272643,0.17521135370523322
-0.018915714012782928,0.25314756850735903
0.4425910871094923,0.3397127308153556
1.3150648609683442,0.8867300981400316
0.14310076761684587,0.302799910473719
2.567949637711469,1.4164199170562557
0.030075402643815252,0.3744949883700838
2.35582929018742,1.3106620563507358
1.0743808550229539,0.7746813088857131
1.3378985766722111,1.0214088800421384
1.078610958356373,0.9234787858438533
1.8283405283200649,1.2082122840439433
1.4548840938148857,0.9055359765271349
0.39369676794041675,0.6408841318902663
1.9784945524603899,1.339310037151742
0.6496577551451599,0.6860751327903469
2.487883021788834,1.482246919734322
1.2832673837244526,0.8802536747788932
0.8687468951481311,0.692098107401852
0.15973096875992954,0.4884068315522612
1.9948218827455548,1.3498710424248819
0.8323705871522444,0.5879366213695736
1.290430493326066,0.9233038942699848
-0.3736877250017312,0.15200305240618162
0.5054739677649898,0.5957284022243996
1.515459528183226,1.103825943077084
2.1745061760812545,1.526406825302072
0.15683555866793697,0.3583785986883929
-1.3219094227577002,-0.38846531001417606
-1.0186778046838898,-0.2679367948399527
0.6831034873204418,0.5972178359550242
0.6519184570957433,0.6144794468943733
0.3386041614719175,0.5718571512520415
1.5896024213125384,0.991634094894638
-0.6917960838431052,-0.11440890511693978
-1.4948334826124512,-0.49565639564660413
-1.0142531173950733,-0.21050319163273284
0.41157827417184367,0.5351423061135716
2.12509626258156,1.3120757740612654
0.3925828042244005,0.5346718731794056
0.4600633931627477,0.4950433835650127
0.430345067132238,0.5478364389221131
0.4068292417254,0.44089102424987836
0.292379888597451,0.41343476967928094
0.5295288107839562,0.6244822978252009
2.1904406920034147,1.282454544606443
1.686386921051561,1.1369324871129844
-0.4228607193432481,-0.027122866496085432
-0.23919650684476076,0.3433580540999808
-1.3464931378181442,-0.4660851284740283
-0.6613972064517356,0.11886177714984245
-1.7291267904527836,-0.3946504932667581
-1.0744490888735154,-0.33652485252767006
-0.9944794431182331,-0.2475007476408994
-0.8802196252438338,-0.1644158217689878
-1.5679352719172264,-0.3962588490486907
-0.6068592340340491,0.042010291962654094
-1.6218671133789477,-0.42814150779168153
-2.232779577465638,-0.8087544845609013
-2.8170531448530465,-1.2730583453264859
-1.8880307329901531,-0.4691140879103911
-0.06969731114407685,0.137762468652845
-0.13158025993186603,0.1574946559615466
-1.556682534925898,-0.5205163478854299
-1.7320956529263174,-0.2977218657223628
0.13874490240852366,0.4210667780128362
0.8456382195457648,0.6521176748506068
0.6294573345046118,0.5496225732642334
1.884788415230957,1.1731558634406358
-0.03434737291116763,0.2493147931377677
1.035650242465871,0.7964328306115357
1.1520071520574158,0.8096949231030887
1.9716888491689595,1.2707707962055492
0.7123627093501695,0.4602262609518093
1.3789417853779193,0.9824019659418456
1.2281166665536407,0.9811765409197598
0.5003919330953766,0.41233154879851874
1.1001914944574818,1.0116284604519143
0.4909076029532461,0.6117205158990761
-0.22494697817866338,0.2703455164517202
0.8837490719773664,0.723977622100208
-0.4212588674775757,0.05316116622864758
-0.438501988557884,-0.05531465740366312
1.3467654633167128,0.9094710281818855
2.0158386816736327,1.1818600538654418
0.6296338883555705,0.507853849032906
0.3640506039608838,0.642850967154691
-0.7804128400610282,-0.13800920593377175
-2.9833955482764316,-1.12295343282711
-1.3315610359072647,-0.277671877509631
-2.5629792061708234,-1.0198529458262107
-2.2991896660644047,-0.8198377077628112
-3.037608744652373,-1.1572100235463243
-1.9513838644196093,-0.6686014749643099
-1.3523131557076413,-0.39364322445662714
-0.2157826351554517,0.18337898857752633
0.06725764615236532,0.3136720414004829
0.8413128952484148,0.7222186796058082
0.7251389311661226,0.6972771304871465
0.6767413031908246,0.7111145825397521
0.7976583522177156,0.6103882284808388
3.1880079099077085,1.6969827816326866
0.4767712251176439,0.493138782750582
0.5802583944736723,0.5312395730905349
1.2503979346800318,0.855192675471055
1.9297581479369215,1.290320842767874
1.8502451288031057,1.2404012410300622
0.3306659680097356,0.45102307628768334
-0.18886108049373102,0.08826558509800835
1.8595005433753635,1.3260720806387924
2.7677928352337755,1.7466384287436767
0.059745824359736854,0.3862592569687798
0.6798853132326791,0.6623459253285878
-0.9403690079940729,-0.0950155494302418
-0.8658022673037389,-0.01138260773018987
0.42248755273944294,0.6740518841544745
-0.5854970358322267,0.03344270173933298
-1.3664193635434847,-0.3891482372301217
0.1190701839912165,0.29021049802232374
0.20304962342383853,0.20970349319540088
0.22654837881247966,0.3460774280562505
0.5552145870939144,0.6076966252914737
-1.5660737558512974,-0.48887290633175234
-0.005938185108910976,0.18077893111344598
0.2678302766409469,0.47302744983457334
0.4760472866263371,0.4509080093385682
0.15116230913013,0.539156257424413
0.053269029482905184,0.29256911830091686
-0.3490124229425311,0.10607497810213533
1.3602620595193118,0.9843909561744216
-0.5965813819128906,0.10744654922111858
-2.8413311601662903,-1.1901749727739237
-0.83494722550984,-0.1443319023590783
-1.8456156896398674,-0.712243314939165
-0.14834598247419095,0.1025268548049605
0.26814090695897097,0.2002825596613486
-1.1803553348646867,-0.20201816565231606
-0.2640115592613236,0.15864045086041614
-1.2008045708921768,-0.3518002868524269
-1.1905294057876907,-0.39032256873891386
-0.4342268234080706,-0.09209647200107626
-1.5739423529735885,-0.6041314461006765
-0.6522749912308383,-0.15782821219736717
0.05757865567865916,0.233744850439465
-0.24722489744228876,0.08651423225771455
-0.07803024376559423,0.41576635561208336
1.1333302621581791,1.039348426466383
0.46436255597875364,0.409782555270699
-1.0522066706798059,-0.1937650569171302
-0.10276694924812169,0.39360384185171177
-0.09280627926663625,0.1069785870853974
0.2177675292708086,0.40303433894250895
0.4314862208512054,0.3684931712301307
-0.1578764425227982,-0.007120226863519735
-1.3943049637479767,-0.3394365486593381
-1.0920579781839235,-0.41580437810911547
-0.8515144875156675,-0.1838892233323238
-0.09325087823441425,0.27507138702040196
-0.6539775169383949,0.051006190646175315
0.5652783044654179,0.5357247569238297
1.0362324617185625,0.7977074632369876
1.574101367030167,0.9381352097242406
1.6083374070161922,1.0607060469330825
1.5628933759593795,1.0956419642432622
1.5350042117898828,1.095329576130582
0.19539288267878796,0.5806352726541814
0.336211190205719,0.4802051813695849
-1.8713408669747313,-0.6183252642904828
0.1719620807847646,0.49914966307818914
-0.21105500048909503,0.3138750757379738
1.1102705950918312,0.8748862216784571
1.6460428565750864,1.1265995844308345
0.937192571646414,0.6567320845184635
0.09020851502824134,0.4774549470821111
1.113758401567719,0.7735170640086809
-0.6014665999651888,-0.0575904122566093
-0.1769731084734985,0.20115296073376387
-0.35830336173008204,0.01152549778000353
-0.03138795797027366,0.3016611500917118
0.7917072679624335,0.7898842488983169
-0.4379111795861549,-0.008251542982866455
-0.9874515172390765,-0.2724271240042013
-1.36692434794639,-0.32268967540124593
-0.07625584903899874,0.4076118142710947
-1.0584789597979,-0.21433816565292288
-0.9370573745323275,-0.15079976774996612
-0.8512732133077368,-0.14508580257719556
-1.1035768407395672,-0.3365271637623109
-0.12353043253784135,0.473812557141592
0.6620920286820927,0.5517230923987142
-0.7741282681302455,-0.2077478988916851
0.7754220354095124,0.5615519343967064
-1.048929125302358,-0.1172820899027218
-0.6156909611006686,0.027020215943957968
-2.643701505056033,-1.1730535786664351
-1.460211558402228,-0.3617612821565744
-0.2693765910237311,0.11915651324365018
0.17368172635322804,0.320179813624073
0.3173971374110047,0.3116131913473216
0.8772615646266331,0.7077618013655935
1.491010250693171,0.990132197067166
1.1014181043804028,0.7280305744543675
0.22452440955099473,0.4315602392835484
0.14717884900807243,0.1517113924085062
-0.7564449651822818,-0.03785420598831998
-1.8423896291347392,-0.5888910063966148
-2.4262303893351325,-0.9999434694052604
-1.907175166406469,-0.5680977758206556
-1.4949934085924275,-0.44617119735540617
-0.4370021433196096,0.12032085203091164
1.9533305375147285,1.2925463335768326
1.5212598740175256,1.1009557751029146
0.21466323867579773,0.3642298522225719
0.28670200987587996,0.5463149324286594
1.3729672961536046,1.254799580631607
1.4976475142592531,1.022017530428966
-0.9521549822841835,-0.03250292582624703
-3.535939170950434,-1.5229032085253305
-0.46123435120857104,-0.0676836402539201
0.09876932417247519,0.42787390278790904
1.1994431521897715,0.922439021381908
0.40967453395472153,0.5970311224373784
-1.352267286939476,-0.3760962949382952
0.6983635618327694,0.6785631667252352
1.1148138111774548,0.7786322857789226
0.039273396227412216,0.38035622766172716
2.555163076440979,1.4829508061021888
1.14655472890194,0.7901903582841172
0.9462678323875147,0.7567475238152302
-0.7844726193138407,-0.07767253027210005
0.1489346153743567,0.44997227628666814
0.16160352918607845,0.46161226718449644
0.3979390366455137,0.5265987289114141
1.467108660568977,1.0655318633065987
1.3597539182744707,1.0260153819521787
1.0892448134760973,0.5941643146038502
-0.302790845272656,0.07468759594789703
-0.005987775383732408,0.3399394778854984
2.553665640909484,1.5864887587465484
-2.2813360663302036,-0.755559952231436
-2.9729451347521607,-1.0422495870698527
-2.0144056349232757,-0.750099661288918
-1.9258222922903143,-0.7338034954668938
-2.3864713383552068,-0.860991134803007
-1.2179295125675205,-0.29111007783475
-2.115454109720078,-0.8528111902785918
-2.674766477059003,-1.0093148755975878
1.1625455248664813,0.9040212847712709
0.45702593289566884,0.6061929851248271
0.6771286764739949,0.7282158826741731
-0.5073106176779949,0.18082344759126137
-0.7143163157930595,0.04889565584291125
-2.2567677769132066,-0.9162782818472612
-1.4129637343731738,-0.24671776270108428
-2.178062666328504,-1.0200328928414104
-2.0412596052698957,-0.6185752442076335
-1.6375610685197104,-0.3801080351478836
-0.6722497956028783,-0.10767462049183738
-0.17880496243694272,0.49000959132164057
-0.9206892839622158,-0.09118123724108175
-0.4573179143176079,0.07530228828785698
0.32979631886186106,0.6220949618729755
0.5801324153049425,0.8244287017592691
0.6552951523318917,0.5073685744448101
1.2289593970036115,0.7012547985733748
0.8139135571942973,0.6650417776920551
0.23012768714317883,0.32680679533404533
0.5300865977208228,0.47472623611698317
1.7547770561675207,1.2816778295487532
0.7291607818837411,0.7322566814913998
0.6887638335362338,0.5917387902922612
0.5935318278229383,0.5227250251807682
1.9139266758795848,1.2584799163631721
0.8801146459572805,0.7959235802984573
1.771741225634151,0.9363261259556321
0.843096221865951,0.7520689933419838
2.468059185522737,1.4912602990422752
0.643049805689079,0.5000599739072573
1.0219964379167878,0.9205439484047411
2.4012141765129966,1.4238616233224355
1.626137566826357,0.9611679916478701
0.9015111882463107,0.8284797135970909
0.8605350139199427,0.5887158035868905
0.962919595236547,0.9238601129017457
-1.464839993665529,-0.4306256603218513
-1.5969048528163827,-0.5509373762069705
-1.0149018598664707,-0.21108408661569025
-1.6360855113759945,-0.5754885093093964
-1.1412408980926496,-0.4651336178070925
-1.3181749391541313,-0.34143063554576325
-2.4636948872106683,-0.9271564359070359
-0.5420634949447634,0.1074480044007468
-1.4342688300576218,-0.40344409006662085
1.041646397499747,0.9233799578027387
0.8311059584940992,0.80716811176725
-0.016040100013334224,0.3276445127149524
-0.3093647641607914,0.1520477920150624
-1.0773887172340484,-0.29004113916548413
-1.8605952690575775,-0.5467769065704758
-1.4565399425368208,-0.42198547696113015
0.055771833044981234,0.14271319940474547
-0.01480238731037381,0.47628258846635435
-0.7760209512516701,0.018339665229610974
-0.27415715287753334,0.11973477530823562
0.763599528224449,0.7430424690051135
1.8384498544093493,1.1849419552971117
-0.480289942481112,-0.03209159403259336
-1.6311954556643482,-0.7405046998688929
-0.706857872011114,0.07195988327176892
-0.8887041932129585,-0.09480809820054215
-1.3420963987117576,-0.46010562567848984
-1.1776602196314319,-0.17419667172667602
1.5598564226932212,1.0187312046917452
1.0998091941942882,0.7406368981257387
-0.816003864720416,-0.06984250457634028
-1.0446927174662073,-0.14274801224230746
-1.8809751110208497,-0.6964038490846258
-0.7501814820362649,-0.11221880031821385
-1.6992510824824794,-0.49123145519970307
-0.6656458300609472,-0.2228371492729234
-0.5807705179991035,-0.21322076254182928
-0.6567969201445276,-0.08090515746389063
-0.42177159569762956,0.07046967083637058
0.05765872328293936,0.28038006954811
-0.3111242535642547,0.31397366886825473
0.3824144856697472,0.4794126966669262
0.593573276632369,0.6299093420688505
1.012993291770055,0.658666004299206
-1.240863400046009,-0.35167646120678897
-1.9667366485392102,-0.5947334024148926
-0.28566134855339864,0.3158592486429984
-1.3222671756734046,-0.20581407216123448
0.10343094263826524,0.3744395394770063
-0.38917009177870143,0.13601664251480325
-0.9810184076781174,-0.23512930167979226
-0.637275218431477,-0.058512314660106625
0.7388955279795821,0.6012052476958758
1.1508727025838938,0.8920820437913011
2.5668836329673614,1.6481601130541623
2.7710684120370352,1.569142387400244
1.1097467943836063,0.6472101245972128
0.6563492361557512,0.7871488363140148
-1.018507542691887,-0.17760519331360985
-0.5211073801907311,0.2023980062441534
-1.153671785918951,-0.26654790553477636
-0.8399591965600107,-0.2682740067097624
-0.8999048070196555,-0.22586371057265914
0.6888479762023108,0.5416088439949807
1.6866054657120966,1.3447814618852492
1.1583084118998181,1.0337261628290193
0.17011822835478674,0.344417569118327
-1.8180802796279407,-0.7182771573685888
0.19914979691554646,0.24700232255652377
0.33403766788260436,0.5508937904265826
-0.8984383892758612,-0.23915029857478362
-0.10934809525846179,0.1751333917887104
0.16500232351077984,0.3225405411434488
-1.7780844117677486,-0.7054304967797733
-0.922083079017108,-0.11379702620398752
-0.1296971280927497,0.4437096330212396
0.5163363439418756,0.6003537261669162
0.3155073053412477,0.44231402977263856
2.116797694587467,1.1762860232123682
3.998031569267493,2.340491053348082
0.2935097458462801,0.5519094019391535
-0.21848424599142452,0.14581704851065969
-0.38631144004601586,-0.12702163129871694
-0.5700742904935592,-0.06446982763659206
-0.9913073771413905,-0.14269264466573067
1.0001513326582128,0.7196753073128405
0.8223957736279011,0.6552873950294519
-1.3149121754754005,-0.5571186753700504
-1.2577278361498752,-0.4610140703353214
-1.5180796601035087,-0.5825561722474184
-0.49218569972210097,0.10920860519288583
1.0384117932258397,0.8071962025790193
2.405163616276368,1.4150375075577823
-0.9714445890517718,-0.2515786710007168
0.06841152083929347,0.3802289273671875
1.2693935470041624,0.834574897470431
2.1224096665538656,1.3677563652754685
1.8490824101689605,1.1844636678355516
0.38895047033340624,0.4013329027302314
0.6987048878443121,0.602772655378979
-0.9939269616481722,-0.20551260367690669
-1.6063153828790768,-0.6074775147530863
-1.0644796664532707,-0.16995493728458197
0.029595399513465903,0.2499873474837248
0.19218413569403,0.36975678660305256
0.04203182502046118,0.4308386072265888
1.3838736663499176,1.1017381667999668
0.9048823254273464,0.6499799154988262
-0.7220265040607832,-0.06871196333415303
-2.570593087702764,-1.0748689655962678
-1.721417042379445,-0.47710770300526173
-1.1997880025689454,-0.25546465716294897
-0.5088108691585789,0.0857319272665574
-2.4966169850891182,-1.0105760035265239
-0.7773955656841431,-0.14722172022889402
-1.440994142422897,-0.33361627225534585
-2.5310954388034945,-1.0721110887121827
-0.18873114890607479,0.2355044227727159
-0.5431897786164425,0.19762035130192956
-1.1600520197516864,-0.16365181901914572
-1.7131427016134664,-0.47315752423055063
-0.7456222294490712,-0.0946469026888235
0.5880053504704702,0.7269625546879156
0.5839937975339518,0.4631928633290609
-0.36725067440226933,0.09969030184423432
-0.20413559633612324,0.41000425170842436
-0.6956977804908924,-0.1252012758874871
0.8420617407902431,0.785978106900503
1.4918357447351631,0.898857529157418
-0.005854003416361331,0.394822319994495
0.45395303202383847,0.32115915320215915
0.8335576242794758,0.7542908809873404
-0.4970364872046312,-0.08329553736782544
0.6267313764587167,0.6909176359455828
1.5137119272614195,1.0704231440260055
3.090259555701641,1.9169436427549522
1.4697463507862167,1.1577121356209807
0.3273814138647233,0.35958174039748303
-0.4720714517195786,-0.05472228579986731
1.1373144014975367,0.7729817794357433
1.4228646060890355,0.9161646972600997
1.0613681543850173,0.8212311546990427
-0.49518494433888127,0.04507449840172807
-0.8655619342321311,-0.2159004140556341
-0.7205453630390235,-0.1226360757236378
-0.8797820771909615,-0.15754756897514427
0.6620150698398954,0.4799783591617367
0.48930967337368536,0.7001357043552189
0.22244825781141925,0.5834689801748126
0.3288052489015455,0.5469737639151568
0.4231048727383094,0.4038625979147619
-0.43890915871243047,0.010315256568476108
-2.4039776736862764,-0.7256473577204542
0.49369107054689176,0.6293779730670821
0.2210830081583628,0.3153207280325137
-0.5814348032645599,-0.1108682722626052
0.5543325852167853,0.5211277625895945
-0.3066747239105705,0.04035702893102931
0.2939595633797118,0.5220754581957775
-0.19603153755617597,0.0893003768106974
0.40457963797030244,0.509828868962728
-0.16197038352677273,0.2660765909621381
-0.18099472759779525,0.22519116854937749
3.2131567537439842,1.8991528753329143
1.3294697340227115,1.013408514157209
1.5696208855964868,1.2142377608845285
2.2561515139241495,1.4314256480263055
1.8279497472055262,1.2929691827962895
1.7788594174773142,1.2081681708589813
0.9950297560764774,0.8970370684259584
0.5743600788876654,0.45498352660793007
0.9956762728389126,0.8347330046797942
1.724318998484263,1.200120092176058
0.5299408750920458,0.7631910964893035
-0.26664393846896983,0.23050535596569235
-0.2669714017325239,0.28746446661324754
0.922049990647786,0.7246271015510778
1.4150275391901834,0.9748802420248165
0.943144652334782,0.7589503806450261
1.7876943106368017,1.086546134676094
1.063078633628088,0.9299086661726141
-1.3314580267695275,-0.42113418474288106
-2.235406699721363,-0.840565530601217
-0.8039596032974811,0.06598280608250762
-1.048477224410461,-0.13900937193854168
-1.21181772796869,-0.4210415038562937
-1.8130060625157378,-0.7068832910590805
-0.9678159549681721,-0.22642467467920777
0.9929983024548219,0.8481398706732957
0.6643265890721806,0.7170520432999749
1.231842324059043,0.9861240380328529
1.180832789042001,0.9335387698022063
0.8069760353239263,0.9093337230334751
1.3819383825928286,1.0279553685910225
1.7866813061219,1.2841818464704131
1.1124374798682588,0.6787216761602565
0.7297049104295443,0.6915206706184881
0.2911356273987243,0.3333918986018543
-0.3030494990910079,0.09345552878476024
1.136110571846621,0.7584267194288106
