-0.2700383325404103,0.15051655265306818
-0.8361612122380013,-0.2972467049952628
-1.056007627780958,-0.29290011465621124
-1.0741608110210077,-0.3854268076215997
1.11686226725854,0.9071612274116411
1.991661865633856,1.1222676050032392
2.050015852835295,1.4477505821265289
-0.5423847720858255,-0.044065227191702805
0.543715013171717,0.4787027993682959
2.4701317550873396,1.5168528534389456
0.4196422827067797,0.4909935420677188
-0.10115148687699116,0.2485981253738464
0.3915371286582392,0.428533838298763
-0.36502459516364266,0.05035262659666313
0.598296066303851,0.6413064091810815
1.2366369633258834,1.0297449381226158
0.25731058414968,0.1858605116825936
-0.4847836076825468,0.09311297951656027
-0.811235182139088,-0.11175693113090217
-0.5515521059625069,-0.03396090331072099
0.001714781544230326,0.2366238176269328
-1.7160047420667761,-0.5941351940920183
0.06620881016336089,0.11978893296980936
0.46532930135976136,0.5804336166275886
0.9207526843221236,0.7969605221939365
1.0688823674940424,0.8408823822640242
0.8117833124256705,0.7894198454033231
0.9319221418999402,0.6751687867710889
-0.7016831345044926,-0.018469809281716605
-1.0982580272221052,-0.3678147633031921
-1.893979285872618,-0.4692526222754056
-1.505377789971394,-0.5277487637707896
-0.3248970719330059,0.12428104043949703
1.144395066792642,0.8508953535958144
0.9278488744039995,0.6440801531405331
1.293294585332931,0.9045534806500078
2.424693157812073,1.699218878333068
1.4564622836834311,0.9525934735841045
1.1516793572326276,0.8794709053966525
-0.9719250314875955,-0.20332433889502044
-2.464654731855868,-1.0715087679786988
-2.0631852880703256,-0.620471260739982
-1.9481611332222153,-0.7048437248331466
-1.6379172577061842,-0.35918584573167767
-1.610346786482447,-0.6291482466197063
-1.0668179563136557,-0.29695434557104117
-1.2914601772767307,-0.4599078947073147
-1.8123046092932449,-0.6735254841204201
0.08329037653673721,0.25388131559519955
-1.2416313307423663,-0.2415587708053677
-0.6219668433992338,0.0492661176865736
0.033845329899880205,0.32701168023777505
0.7189438092941435,0.7528844014411858
0.3294530122083174,0.38290091897750556
0.3578331562145995,0.5231508825916333
-0.5624763347354858,-0.07130163865583947
-2.8179533080917714,-1.058158821409938
-0.1535556546243131,0.05030403250411275
2.3249587608372337,1.5055099857300376
0.4848290722049273,0.5784396517529634
1.1891490573365056,0.726446962988686
0.9965676056758229,0.8050598849127024
2.721205130862823,1.67157364385466
2.468910074144076,1.4617450065957054
2.3181685102210086,1.5404262078787132
1.050764173471411,0.6068980893885743
0.7950886042838903,0.6149890115293236
1.6203024233922574,1.1302390234505204
1.3694063761063182,1.0355975050164388
-0.00916739147187795,0.30813389057817403
0.640615178173969,0.7533231732088437
-0.4786241770396312,-0.07175673396894286
-0.8768646265082087,-0.2709990898948596
-2.23164021379605,-0.7574394762356607
-0.4002705667495514,0.1197793073892637
-0.21399182536149042,0.03199779978430692
-1.1829278998858324,-0.5160542376563204
-0.8414635385156488,-0.01799772646939131
-1.1571896892476858,-0.2764302580543707
-2.626535311848118,-0.9450046302451592
-0.2484660588466343,0.09075325224822434
-0.739902206608788,-0.018348128918910106
0.11782193737956759,0.3267871076323409
-0.5305749130514922,0.057422061525379056
-1.42529076741545,-0.5783170473576575
-0.5582424523818083,-0.07710525018916187
-1.9987831408341887,-0.7767986743836248
-2.4123597243601207,-0.8940198570950092
-1.3679178717670406,-0.5735218879731689
-0.44256504892777093,0.013863741647424002
-0.37127709031828704,0.05435756901360534
-0.6616327689786117,0.04392236848615137
-0.8274586255343429,-0.17994716011358983
-0.6422888807980797,-0.10862936333902651
0.007487497082792949,0.30912490664428854
0.1354840954874733,0.38283409127494683
-2.035937024781124,-0.8339407449173561
-0.7992370024530748,-0.12299071149635996
0.1429110200626208,0.1780545515409211
1.2521468919172731,0.9433295132966717
0.6378240145143886,0.7264807232277091
2.1998475219183,1.495109373391306
-0.4712294382373994,0.0817678200853959
-1.5764626434071434,-0.6441297552728436
-1.779886416085692,-0.6908500151202602
-1.3627298634595744,-0.3575396055427817
-3.3092607271347143,-1.323427568367208
0.4450048288954367,0.5758786436699644
0.5863913056453312,0.5630236637765894
0.9178351142345658,0.8449463500347055
-0.975044158396912,-0.1598249868548892
-0.24534611444925558,0.04041120529712128
1.439932701611973,1.0075651082787245
0.34229715849198816,0.36873911055448594
1.9616757067231743,1.2202679536908985
2.0530922887047174,1.4259999452203473
0.5956043731237591,0.8771735435471621
1.019662750982578,0.8761060820019688
0.089014091826781,0.17711751218183414
0.984936881943471,0.6435100663901727
1.0174974700338282,0.9969135303455005
-0.44902576341168476,0.1742175448708646
-0.7307178690148095,0.0010868967412120262
-1.887759603105538,-0.7741546029229718
-1.557269614198734,-0.4633343775818438
0.7649677702198104,0.8108409989123515
1.2055337749689365,0.9566209073368346
1.2531580544535916,0.7757904522846716
-0.12816754900856053,0.22721761749363922
0.9687253214121474,0.7670480699313061
0.521487793896962,0.5390204190792593
-0.33156190948384573,0.022859603202154216
-0.9663395153381394,-0.01709999989351227
-0.23669589542841396,0.028975562464078564
-0.21646309518596948,0.2481598258276092
0.3622096954325994,0.3564888443220634
-0.46933209736198755,0.1075127998693363
0.5651051013382948,0.6043246740165241
1.558408526639498,0.988539186460993
1.085498223297302,1.0146603621206651
0.5027848844264794,0.614480775666312
1.1663914114613552,0.9518765284232938
1.545733849437746,1.1369089171149214
0.4931842938464165,0.58051028724616
0.2621213486259678,0.5730263612062794
-0.6055169401551821,0.10414064595609071
-2.017875132151091,-0.6318758452378784
0.12761785266084735,0.28361661968670765
0.826326925490582,0.5650499298881654
0.37794064797611643,0.6133611282881053
0.13802396734354666,0.3527716251347169
0.9826382589450876,0.7194055727052369
1.1138789081290423,0.8210027136796078
1.93532368139816,1.2138244047367301
0.9320391076434695,0.7556694327843893
0.9744778217564669,0.8011596057091716
1.566892383979627,0.991055480192801
-0.16034018321628207,0.33980183150429843
-0.9500558474228115,-0.1462381395481206
-0.7483311544484186,-0.2682629452390875
0.10409830561677491,0.2713515611384534
-0.6720586142562577,-0.1418490639149867
-2.8431347780530056,-1.1117937536394584
0.0019322600196065576,0.26578279112032427
0.5112789820086608,0.5876121035548811
1.9265309981071181,1.4101022241588745
1.2033928671179939,0.8696486462960764
0.14873861313646664,0.35791073078251834
0.9033197382383559,0.7336724131479265
1.9558841111802425,1.2043334298842148
0.9031064849939898,0.811371262899707
-0.230920457077323,0.13468912582475479
-0.8296484609489669,-0.08641339180250446
-0.11342204489606766,0.21716797404992996
-0.30917419896977894,0.010022827773248116
-1.4532331974672215,-0.40538181961055864
-0.010951228134324142,0.2831436324725353
0.6930027404056487,0.8065330362104848
1.0630292213242827,0.826206658591565
1.5941740814550578,1.0953563391417385
-0.29863113416641074,0.3034566454251407
-0.08618557991360351,0.31717327697152814
2.180168145486016,1.5112822145282676
2.6227731066920352,1.6224099743352203
-0.3526733903008017,0.017227522160189135
-0.6498854968804263,0.061849494406170824
-0.9001558678596492,-0.14146419741013358
-0.8267603581592008,-0.03725896665588968
-1.1924054620409263,-0.32963083327612397
-0.529552411841175,-0.1197140469439236
-0.31295446798341564,0.005377040970789643
-0.7823967086878141,-0.11730637783313297
-2.017971437533731,-0.7002866369054379
-0.9986582260512008,-0.18314117633235164
-0.6173130112678251,0.07575280477244772
0.04962061730509282,0.3481696816540596
1.237420684211627,0.8777391768265401
0.7246909388512551,0.6624554766727369
0.9518555273860456,0.9162386638019901
0.7058103094186291,0.5190412150087333
1.5397547983709199,1.1128098104303585
1.9244692177753915,1.242010829858778
2.5099195853916583,1.501477557504777
1.134339434483721,0.9642904237599864
1.5361083167783596,1.2032424334549852
1.0889475888510156,0.9250462376149815
1.115962995920272,0.9514881540082422
-1.1867111011046916,-0.1423310420644041
-0.3218089045328678,0.1771163471477693
-0.7101594412986435,-0.024745065234294858
-1.0616469765680994,-0.286068844217791
-1.6740531724085201,-0.47675446380636516
-0.7703587855295913,-0.07807028675047939
0.1644994420883742,0.45018602085527365
-0.4933112250351659,-0.07525849036917162
-0.5687192716722659,-0.04004484131701837
-0.24110370106230194,0.21344624750702296
-0.14711806150985746,0.31372237237737666
-0.9437076574479037,-0.05020140669358707
0.42708089869452937,0.5371278329554668
-0.5405358982556222,0.23086669636231955
-1.2474454921838536,-0.21355684444422246
-1.0685613672513814,-0.19130698113138955
-1.2776554378494376,-0.2619824481431187
-1.7147067699109062,-0.48490257702002587
-1.9453969544864527,-0.7022568405971376
-1.8057845335876035,-0.6675123596896682
-0.8856554757439634,-0.3290823490116882
-0.023506197232273318,0.10030858718142616
-1.2712738327576536,-0.33910514418067117
-0.8537602578403608,-0.2156100321239957
0.4984179783178211,0.6116605564798541
1.5882732725511757,1.0458798134379863
0.1319449607170663,0.22492504922153492
-1.2478116079372115,-0.3564136486961288
-0.3938307095054513,0.008320344326829432
-0.16419825166868227,0.25739227478999105
-1.1776405048018186,-0.3288057099371194
-2.8561028085619373,-1.1468690255383547
-1.1040759030227356,-0.4486339185486103
-2.5350131648041896,-1.0334017363385593
-0.9223404098571382,-0.1800962797621042
0.1962203104209791,0.372944245083186
1.8599732149540968,1.1540879768793755
1.0526238448043426,0.9049793004354529
2.6072294877714417,1.5697082174699901
0.23335548973094689,0.47988731840961896
-0.5817019855310732,-0.02867287398473354
-1.929396200876021,-0.8034958074512475
-1.158504186426404,-0.3196748163709113
-1.126841161565327,-0.26487343590170054
-2.2676681369088065,-0.7704553989018074
-1.6669380009757817,-0.5529611216461509
-0.18554536036058156,0.19138929062299198
1.2657371603961978,0.760321584569887
1.0342336293115602,0.7902535962122571
-0.4733807446463508,0.09571549047817333
0.2517850601722917,0.5389978955072269
2.7147101919515926,1.6445385861542003
2.462881650230095,1.4491624438887791
0.5318325101372867,0.4453014867933591
-0.5454655995016509,0.0067120099093098545
-2.51431253320027,-0.8507640016968974
-0.9349096976338349,-0.14917668788626479
0.3210962019403969,0.6565741359720804
1.509891245687186,1.0473300064541444
-0.47178022400062114,0.14436632863680765
0.24792259754925322,0.46484582542994723
-2.1987770085009117,-0.8365839303854318
-1.9177738652002385,-0.7725016793633167
-2.0193515298751317,-0.6939188791955181
-1.2659051251934554,-0.327596633430284
-0.3381156170828983,0.26801594609716295
-0.4894766198634363,-0.1429614386622787
-1.73421875234891,-0.7910618219447471
0.12650341158596645,0.5217483409278315
0.19770604802065145,0.5188005764215782
1.0734803891057647,0.7371017749147426
1.899134185124243,1.342928254762822
0.2374222691714608,0.4523432238058619
-1.0099106897028505,-0.3420508186489922
0.0385619833270634,0.3581454229564561
0.09941411486103183,0.3461927003274042
-1.5917646305197022,-0.3642688472275796
-1.482356903230428,-0.41252712647554834
0.811660307842065,0.6756897423170323
1.0232680592081131,0.7631705548356018
2.743715893064991,1.6240724202361818
0.8805713245587137,0.7136708554723745
2.4105241749541024,1.4999269002780709
1.7525939808902327,1.1365094783291638
1.247791110105059,0.8006553770493059
1.2149584816506802,0.8621242512109011
1.6547510629773008,1.168182990173406
1.2155793697963535,1.0847073381060028
-1.5136105718820456,-0.5234184406063167
-2.1022067534493356,-0.8321449568364845
-1.0068858575886,-0.1498760969872641
-1.8219917881067844,-0.7591739432308962
-0.17326468669693096,0.15452643450086367
1.228921799683205,0.8848371600798899
0.6381473192397108,0.5831394277244601
-2.2948991747315466,-1.0295840404503835
-1.5804394191580118,-0.3621964853998356
-0.7104102876013947,-0.11125062847958014
-0.012068370276503537,0.1678214015865774
-1.1689624714143758,-0.12816491029442026
-1.00992310111234,-0.3304374636025711
-2.121243894592409,-0.7770316831076697
-2.4823596215140222,-0.9552524130262378
-1.7293232429198317,-0.6536424028744804
-1.5492193983695928,-0.1699295874347842
-1.561386722074466,-0.42137879364665143
-1.9795257304887204,-0.7030172079408897
-0.06252849473207323,0.23478720779116485
-0.5278469106178416,0.23215711448296386
-0.7874075137300549,-0.015145640340209598
-1.555561129502971,-0.4232797316149797
-2.5987750160930925,-0.9609798552040367
-0.45268983280068653,0.08085856350046274
0.2594151303857142,0.2725472290810158
0.7748573870296496,0.8222474396165017
0.5228887625512104,0.5417190033844622
1.9311931927121027,1.3687893129717335
1.0506352132571535,0.6800348720527765
0.04046895273724849,0.2925547113573832
0.6875694360349589,0.6725026031131176
-0.11749249506687065,0.20277976600259526
0.1343169464825692,0.46765846950494655
-0.7948825270486066,-0.16783179614772759
0.4122910911319472,0.562697195947238
0.5740124962635603,0.643613534727565
0.4629091063977982,0.6900831901448601
1.3359652080879574,0.8414043214768026
-0.006686663504997026,0.21400863622697625
-0.19295482077011644,0.14287732302736603
0.560164346042483,0.48037096795945794
-0.41796580395228755,0.06385472210431017
-1.0723428047595174,-0.2807830152691725
-0.5733905589717851,-0.12094078927357405
-1.0230555501803595,-0.15028812779563275
-1.585327548407089,-0.5211610534214377
-0.278358656930791,-0.02315804366846419
0.49206866416561645,0.5763242041971026
0.33966471987219105,0.523107678168979
0.3750019411980667,0.6739319816441129
2.2486574004853574,1.291820370817728
0.9440804442910021,0.6184830233975641
-0.7374570254549102,-0.06590577319966219
-1.3094678540304332,-0.4420567814182987
-1.6243827345813031,-0.3788920081631165
-1.400642385668346,-0.4386649517118913
-0.8410143248904196,0.05804987726011546
-1.6265456519104633,-0.49655128463463377
1.3825575304680264,0.9546422484581155
2.674761235412717,1.5945268451768106
0.8381630008185301,0.8037591802966274
0.97317147345453,0.6536971641776982
0.1746026351626706,0.3716689957870593
0.2167362928774016,0.2717735035865228
-0.17865585081726656,0.02886728886676465
0.48652416687039657,0.36636242439311917
0.1925435992361349,0.4253765348020097
-0.5131089744627149,0.05005058817106644
-1.2582652960397962,-0.4416350047814303
-1.1318715357359876,-0.2112936674812673
-0.14919119464789976,0.24234760861587049
0.46132311782244795,0.4175284346025131
0.9775077164793089,0.6302270660856697
1.986196466428448,1.426949025820419
-0.32500713838437645,-0.11375300394852689
-0.2453310887353954,0.014873928051945207
-0.015198306894391805,0.3824527413300143
-0.409077161520541,-0.019536689765536824
1.2466849377293903,0.9101207669361006
0.2553984849517136,0.4754974497321526
1.605356826579591,1.154457392296719
2.377740961596319,1.4893185239276923
2.48644763729024,1.360581625011176
1.1226208020551736,0.9053805064633035
2.5969472855690547,1.6148046117691996
1.9851496361818532,1.373514623521377
1.4916627549390207,1.1907048879359414
3.9119174441285187,2.1998427183054003
1.7221355627267338,1.1188547087797018
2.1414720180507265,1.4711901599082007
2.635114231201815,1.5681642331956733
0.057743914321505496,0.245268422185074
-1.029705539633267,-0.13836506558811723
-0.01115895003657541,0.17680953083897633
0.18211146875208187,0.3940567976512736
-1.0641186576709505,-0.2330824776758939
1.5013337140979703,1.1150963190970227
-1.2730087455832413,-0.28361160788908846
-1.5020535708320588,-0.4035160529398437
-1.9600498126134291,-0.703898070025622
-2.128404780475258,-0.8745253571526348
-2.3145679034298956,-0.9838787348215812
0.39063574402490664,0.5936347648629653
0.5617128223874923,0.7021290206673825
-0.19165910307066336,0.3424970280728673
-0.8301803519074762,-0.1396188863509183
-2.035253740481199,-0.7276200270310617
-1.5116473268522421,-0.4808862088189266
-1.5062317638239526,-0.49378117438282293
-0.958745741797141,-0.18535668016380424
-0.7530441452325053,-0.2160350427177141
-0.5472108074079794,0.17558627891045747
-0.3799051270694726,-0.02180677812466536
-0.022586715875214936,0.1346422974375615
-0.3865444275543873,0.05845179263383195
0.49398119953309977,0.478156999825685
0.646915179672341,0.5100393932128903
1.1875821737592878,0.7437108406750744
1.7521870640598567,1.2822047855253778
3.1053812108141234,1.8203121673792106
2.1721552575130367,1.606238082493185
1.2485823346184117,1.0108698596991894
1.428366001366438,1.0974816352808294
1.7519689600086759,1.1643187625756912
0.8763560782069958,0.7853768211767812
1.6962884924618016,1.1225851111017269
0.06226544092135067,0.49065806425067293
-0.7832322802225956,-0.1251350042651699
-1.3745833896986053,-0.3958717135790201
-0.2392050340486107,0.18421389791501228
-0.04518917685357374,0.36379005278418947
1.4754295071470154,1.027118943749046
2.0204133931029866,1.3249707265975208
-0.3378952986182382,0.06436869992296333
-0.2658076834160748,-0.05205546159651861
0.5794889596850397,0.7163779934896191
2.111053016897318,1.3651491488071745
1.7686742433459939,1.1255202015089951
1.4080441715259555,1.2358728499254887
0.19326635541778037,0.4693346851061538
-0.7358864372774689,-0.2107914108429582
-2.22564076214716,-0.7569134476793207
-0.22300332064343276,0.09621993609792107
-1.4619764698002062,-0.45177962811418443
1.8163532823722432,1.2073382489938915
1.30498053552318,1.070691965419117
0.03084004738013668,0.37038804277323834
1.4781690856601808,1.007793885616052
0.2156631083402457,0.32621633034181324
0.47582507934231777,0.41502643664841093
0.6660630278732486,0.5888421878790597
-0.14640492180359432,0.3895546913807296
3.0782764628374344,1.8597904652585435
1.9487971618373914,1.1180218437850926
1.5301852325084202,1.1255311891005202
1.7247000607632548,1.1794282408543741
2.350085469691843,1.3217186324090493
-0.7740890117065109,-0.02835125805230871
-1.8711580541912176,-0.679614140727922
-2.0977496273251663,-0.6842713454397603
-0.7703977257962431,-0.11472561077027033
-0.28847906003294177,0.06883875298616926
-0.7823002683032039,-0.04952113128985451
-1.9221119082289997,-0.5184663961904705
-0.7663954330270548,-0.1523104430047636
-1.1706811899296232,-0.16982451699570744
-1.7236686947140991,-0.5370610979201513
-0.23206602995944037,0.23967380533583044
-0.8473897233222977,-0.12941431560534003
-0.5165110574342282,0.10556336229457239
-0.5717944227347098,0.032727099021537864
0.47174826294792493,0.6302088962076673
1.7139114295577451,1.0750238973035822
0.9882460683253647,0.8411232940398619
1.8039513719885962,1.0651518453380704
1.2098772030841674,1.0367237618741427
1.2483952875448516,1.0901029019256392
1.2869606006705516,0.969542541638216
1.9277176049268068,1.0807454517606074
2.300652054167349,1.3635484768077548
2.1585295528374138,1.4747628807275164
0.12407498503415204,0.32422826396460885
-0.45699886958298586,0.12664061034094443
-0.9043213769473143,-0.23815012845655836
1.5441423595885593,0.9708225076338248
1.8068538780677625,1.0578974288564784
1.3109875770252393,1.0264749484974272
1.0474398887439196,0.7864439506054756
1.2945266402575073,0.8382697646634176
0.9095023958098621,0.6803597293481859
1.2165126803044082,0.8486519077832071
0.6557368097637633,0.631482198801546
-0.4046564694966871,0.13098860745944704
-0.2089394752913699,0.05337903331958202
-0.3780750924791796,0.21461302469131827
0.6397925030142417,0.519885838413319
0.6817128994899526,0.5620466411252231
-0.3092699571731846,0.11484617339728115
0.02879873880536299,0.3273087656879468
-0.6427927655478204,0.08704338305381992
-1.2943503535155885,-0.5413321207541694
-0.726153583216009,-0.07631217695898519
0.722499262367401,0.8668740012284181
-0.0723791123442642,0.4090482847757406
1.5338481544098954,1.1644219574257988
-1.1976912278972813,-0.32776920991030645
-2.7059452911976964,-1.0760687690506068
-1.1922393118704042,-0.32893093980214644
0.317946116786878,0.5285797640119565
0.1385158700393091,0.3805869714530132
0.25356708551505935,0.5523078202733528
1.396785517655677,0.9915542260611502
-0.37835449082611883,0.06427797331723067
-0.098202329563772,0.3809061630489435
-1.0407325275950872,-0.27891522692941423
0.7179295813655645,0.772370052651805
1.8336459333260737,1.0904578262532214
-0.1794582923471424,0.1998097974345281
-0.7682820024092072,-0.08162172463682342
-0.6187235601294505,-0.0517300188599543
-0.7031021653698788,-0.09691160175653196
-1.3373346475991217,-0.14129974723556255
-1.1318799004894542,-0.2525753434920951
0.44775522276738633,0.5416344281465437
0.6460345118305815,0.7072429341621924
-0.34116407599496357,0.1826194050273036
-0.898059670521157,-0.030653923630302893
-1.2059042548018888,-0.2885190459754804
0.015568405017570175,0.3451906368308029
0.26139809711124173,0.4380649544899937
-0.25989316877523644,-0.06542716393296236
1.7950389402764821,1.1293889145079237
1.5901289051221803,1.095261122340876
2.7955044011780585,1.813328008127426
0.9076154859255597,0.82522912038712
1.7169348831134421,1.1305474011074892
1.1761365311714138,0.8572356849694424
1.3847248589355594,1.1121914710245773
0.41693416455653287,0.6330856677827534
-0.7987052580366605,0.06322139782267372
-1.2405055749240224,-0.28562308352375154
-2.4961362034233576,-1.0452147432532446
-2.3141618471805887,-1.0960704420176817
-0.053813682091423676,0.20756273985189624
-0.9318264564758615,-0.21897637086242513
-1.5017205582271647,-0.6154611874397222
-0.18290050820706527,0.2956093322340392
0.26406075251263805,0.28387615449628933
-0.5802636859409482,0.18141635407214857
-0.3490987882651251,0.2507538044027309
-1.6910236213371084,-0.5355157481577475
-0.8184348552483989,-0.1853861114369505
-0.8300553126204602,-0.38896716664638714
-0.4031360991764796,0.14305574548673275
-1.496701302208486,-0.35778765531565476
-0.035081451092289884,0.2830064455363595
1.2334874443947415,0.8435999728001012
2.6193734371083965,1.7977820302874417
-0.014252491788380617,0.20046109359931946
0.5984759562781619,0.4739215836094759
1.6633719355094903,1.142880170775143
2.0519803415969915,1.2124726667238082
-0.3954725592356845,0.17763549811304818
-0.7474454669915581,-0.17759017497560298
-0.25763364004973627,0.1405358861123816
0.37919225392749223,0.4804146865368108
1.1694907382809916,1.0571308484741877
0.8372927655827773,0.6614929286703606
2.8488100122424393,1.7616600595674803
0.29331570887728853,0.4451666058857603
1.190069182633049,0.7963149623353935
1.317231785470741,0.9487157703405186
0.9073209869067774,0.7035104878699419
1.163674482195745,0.9247648621731461
0.9357965621044672,0.8289034276796564
1.5392666417432839,1.1717110541326676
2.479801198673798,1.6920439623133534
0.9378031951419618,0.9170905286530571
0.5790863729844844,0.7071341616631316
-0.3253734242650729,0.12178676477712014
-1.0285999146376619,-0.17393943619911204
0.7816823384407726,0.6724662582633606
2.7632574276376913,1.562432097741799
0.02187027494258298,0.2379475339163235
0.06800934045149983,0.23803837421653262
1.1888117515080214,0.8742200582656593
0.34349553031973756,0.4869581302263016
1.2438999847188177,0.886547241814159
3.5521785970325643,1.9251984583768191
1.6402726330861637,1.0740643352646955
0.26922816005051375,0.4643089382249817
-0.3577564815600423,0.2369588665107294
-0.6768200793382567,-0.1382942565300478
-1.2104123113982734,-0.40087507462822114
-0.8556737838891654,-0.06758754446005641
-0.7302545467909575,-0.10455499729552992
-2.4487005787083604,-0.8939952139237531
-2.26802088269047,-0.8932463545995363
-1.457632652269423,-0.3414519158983108
-2.505722419942046,-0.9537440562622136
-1.078346267685801,-0.3090201606586039
-2.487305512588025,-0.8332093996930623
-0.0046805846230570936,0.272078955138921
-0.2746604646669877,0.2247668687241455
1.2906249236656704,1.1212760135849278
1.1806692004304509,0.9066364471532807
1.000858653198086,0.8561441874420519
1.0841551434785548,0.8039069282972776
0.5018336255847973,0.5973996594857361
1.3477792810825355,0.9898189645812203
1.496235969206161,1.135922464236368
2.1562477869126937,1.361029478349996
2.2610824890911916,1.4560421670598411
0.8327735542399565,0.7187855047892964
1.3884047602098641,1.0478325236460946
1.1563647977624776,0.9837749577634771
0.8399776692695768,0.7136158405168778
0.8056690025562444,0.7161954820502302
0.5009020095816785,0.6909078610536559
1.1606070570553468,0.9155373258108401
1.7675170525805322,1.2294574899741626
3.369136193265071,1.8598000873531424
1.451818490358019,1.1798545037397556
-0.2664600512683376,0.05600402915249364
-0.5721118958836705,-0.019357739931444802
0.3722854915848205,0.3907730440670932
1.5014517025047045,1.169253760452052
2.225409730613988,1.2973051619917078
3.155887599409815,1.8649497431536135
2.4217248462945387,1.533807265146239
1.4977740360130098,1.1234085342511186
1.4277633078624912,1.0217570828696516
0.2502419837231702,0.4140583216355125
3.1067879857245098,1.7027699322540637
2.1002631180213847,1.2861967221863528
-0.4630358484990431,0.05920273033238041
-1.410949448845361,-0.4532425744484592
-2.0522174792488204,-0.7175865443693428
-2.0937439054373623,-0.7580492589954002
-1.079383588925887,-0.23927477779250966
-1.8235205557862297,-0.6356274529177698
-2.9215043396979676,-1.0680822939626968
-0.5324469719756666,0.010546525430771194
-1.1392038660529185,-0.4086514234872214
-2.298272914437791,-0.8142908416549243
-2.115639325145601,-0.6082162847668464
-0.5494022088355448,-0.0017032931699590137
0.32494002238853514,0.6642680229271483
2.1209867768086044,1.29266960736635
-0.07105760438665731,0.10587501632286161
0.007969765503640452,0.2676170125622387
-0.50930181675855,0.01162746282059672
-1.3993666182218762,-0.3975953158280655
-0.0004516872751351153,0.2185942698888363
-0.2960878869021366,0.26174099098753734
-0.178208798184818,0.3745436624072156
-0.2214955283132489,0.04480538390732308
0.37306351118535186,0.523808158284552
-0.8076604247955186,-0.12330809408082584
-0.5079134354043311,-0.015351686288424295
-0.041877810433099294,0.26499941410877276
2.215043241109743,1.5148738759637148
-0.12786870004396067,0.4222823004577387
0.20814192888430813,0.48164107877917745
0.8103060973303284,0.6490730141332968
1.2034277912942637,0.8690459883593522
-0.22643566205694654,0.06062834973016015
0.8483889522115475,0.6799972275457143
1.74350344726736,1.1167210881735163
0.605694576511631,0.5402101175733321
1.6219154383647882,1.2486417435788126
0.8591563805096971,0.6772222544437607
-0.019942676823368366,0.3105505735149397
2.2044126962579087,1.4888841502848367
0.6281207328821343,0.5735692642409865
1.5096223751029392,1.2457221965548018
-0.7658677283675689,-0.11096965886724498
-2.5549234159944088,-0.986517889926535
-1.6250456428216553,-0.37581000211597565
0.767842161910981,0.5854948145162404
1.7307527245066923,1.121926036757646
0.6099065106168438,0.7683107405300994
-0.722918690745297,0.10382754616396811
-0.9274520999590001,-0.07655985110091383
-1.3285457778798206,-0.5032924739776617
-0.5068669075588096,0.117126605357829
-0.45436793369123635,0.01736736454321474
1.081427196788358,0.8165831216268756
1.7027451410971333,1.3110808893488628
2.7415185760697973,1.7246656619792795
-0.6482803077314694,-0.08640816602257242
-2.327732479465863,-1.1455369338876757
-0.7165491535905102,0.05023252522711032
-1.4987157905948567,-0.5792653139564495
-0.8452401280778212,-0.12761572480687744
0.1548211940288502,0.40385962356461286
-0.15172844317367812,0.05804743101963397
-0.5856588269013113,0.07201592261386261
-0.16345566369502013,0.24217744417439407
-0.5535697459554286,0.04903310128575375
-0.6720662562351942,0.004649655760777804
-3.636893288803436,-1.550490174066571
-2.2038390924469193,-0.742497111508019
-1.0210187133803976,-0.3168719975278152
-0.8781714944863985,-0.1880093200959672
-2.625867505437631,-0.9977973789009948
-1.7275688888817888,-0.530470708206272
0.7789748946417758,0.7069698019958803
1.141121653112262,0.8781438238469217
1.6755649173670992,0.897733740558516
2.1493699623691382,1.346666194286514
-0.15232428670020925,0.2539524979915268
-0.6050242152622154,0.07293030385732154
-0.9308901367435795,-0.17327115257402032
-0.2769129107484095,0.30518254304567805
0.09181107072418271,0.26045453777532257
-0.17029545248894998,0.3541896234767423
-1.1794674666021465,-0.2791353066820198
0.06101051137642666,0.3230366788514914
0.3952473781544337,0.3845897106341291
-0.39277561831414676,0.055940641396439755
-0.87640862370116,-0.19131260808890702
0.6487879493434353,0.7229904038513143
-0.26609753846313466,0.2047318656160764
0.028233474305049577,0.48756752739207576
0.1673725583152585,0.16297903619332324
-0.5170100552376136,0.043600289442584796
0.2823239844515484,0.5027056170090531
0.8299889015247532,0.714207851245818
0.4078132067064445,0.4517121261387564
-0.578769420879722,0.04831922077469065
-0.014189190611001545,0.421604950288482
-0.05947327088302257,0.23484517580428366
1.414056610497987,1.2501239932519708
0.7844597785447236,0.6570088720387575
-1.3140768460490007,-0.5523446556459115
-2.3663309285739165,-0.8723007091237854
-1.9207137861526833,-0.537535470351969
-0.5603228042905481,-0.0787486153730113
-0.3594459136069888,-0.049924780474197655
-1.1720322614923064,-0.2731893666006643
-2.6084650298946612,-0.9547249442832855
-1.8406617368491136,-0.6460670123242847
-2.0452332062504572,-0.755350798883849
-2.238334200085801,-0.7941912317375979
-1.9157421401353343,-0.5902612960515049
-1.8597721195418273,-0.5846912911658675
-2.2895806013884283,-0.918706477784605
-1.0562681958391715,-0.14277520835618357
-0.9379184456714152,-0.2968487789296555
-2.5566391427042703,-0.9024715490053734
-1.3484066536369435,-0.44350988994521834
-1.2994101485464256,-0.3598653325405957
-1.4054053629317977,-0.4701361614653314
-0.4700832493336795,0.11436682734199718
-1.8298111425588914,-0.5852444276250679
-1.276754516518054,-0.3908425710392601
-2.109442193114587,-0.80214625294571
-0.22542979541384245,0.2646097343092517
0.63201598549794,0.7199668761671494
1.0167058328964984,0.7760469937173888
1.9263605954781209,1.3004041420414791
1.7682506868024692,1.3107077698106158
0.7594585769873025,0.7824683242369642
1.2699307922840015,0.8165062397772608
0.8974763392666518,0.7314851884619855
1.0766331325843277,0.6629460512883647
2.470441486868156,1.6075634271121215
1.102060078801907,0.7548041684880638
0.5144475389867609,0.5501612675992372
1.2819395379700829,0.9432786311177953
1.13197895814439,0.7177374882200827
-0.21607409311317827,0.24543211938855986
0.16386287452365841,0.2929416822885632
-0.5976151473748584,-0.004032047819426792
-0.9133660000594468,-0.12556558711136706
-1.0319412839621722,-0.3008336113721678
1.1554358352798768,0.9449755445603769
1.1693381010636719,0.8117441266642532
-0.6796059007704606,0.045930340442804876
-1.60882847603088,-0.45005637517567976
-0.14960976792572767,-0.01671175921289919
0.9373504271945015,0.8120706581801158
1.2496168155538614,0.7917014382225919
1.5110384957230774,1.0443604919990435
2.527364013667615,1.6300102013497124
2.688979562257396,1.6586963968228432
1.0814985373686885,0.7309480138980474
0.7413577144686354,0.7457305512646095
0.027812365560694885,0.3799490433461524
-2.3366081597313637,-1.0296232133903147
-0.9135012858156312,-0.18882844540974858
-0.7505338424122927,-0.10703474034995741
-0.2718061111325371,0.17874620251829243
-0.9898006255662204,-0.16853968277466372
-0.9553196078631848,-0.1549113372861793
-1.5695157498234868,-0.4137768269560913
-0.01935792152564919,0.1845199332467639
-0.4244155612300634,-0.03369689532582115
0.0543145842572183,0.252317247466699
0.011232491211541129,0.21927713067987745
0.4447371035585232,0.3226838693343226
1.2865741528612644,0.9537815065345752
0.49389028337317953,0.5059263072721434
-0.9044727626803678,-0.15894822388829705
-1.22522544999442,-0.3791783622538178
1.185484042445745,0.866375121926906
1.4338854709720317,1.0537261974970789
1.4080796409878253,1.0362998041418232
0.1394556632396915,0.22761395945763638
-1.175682858975428,-0.3222801513736494
-2.386286915186152,-1.049808075044547
-0.936069046240434,-0.3158533999191197
-1.213572834784224,-0.2055972655560128
0.03337898721443211,0.278308178806674
0.22399695058361188,0.33967272584217917
0.5260846796842235,0.6257498514792286
1.40391618116444,1.0515503728345164
0.8926687161287846,0.5372990638755152
0.5733323095452194,0.577469369213409
1.3178880593694213,0.9916481704079737
0.954390690102547,0.696764033555195
0.5884188528881668,0.6768471674784181
0.9053712222092226,0.647814342935383
1.551277292198904,1.2380451294451869
0.8864321166270287,0.8017639651936576
0.017243748060750463,0.22380326901033037
0.3707032645101709,0.5444973798078416
2.523958105569227,1.4573774363551353
1.0201162835502946,0.6638467025620212
1.969092657656307,1.1870767173623136
0.3320221377998135,0.46144000541856933
2.1503990205494334,1.3738789589103988
2.7783498243550713,1.7459754065732358
1.3258465244694217,0.9913883044598198
0.31673674950462427,0.40205685533869484
-0.5639536326986095,0.09695196288975277
-1.16035527672595,-0.31517478062881366
-0.3373365386284799,-0.041708937057455486
0.7542224368888788,0.5918671297699474
0.5673366629177875,0.63494037540648
1.15846506524236,1.0549284688215554
0.9396106274169482,0.7076789426633849
-1.1325619570987797,-0.1946280188766905
-0.5878376687937337,-0.07883157856551007
-0.5623967381479259,-0.13404837899541577
-0.5792206563970468,0.04352438565157365
-0.3417985970732156,0.11334601507911396
-0.05946553555473694,0.227635234228996
1.5472127330415977,0.9779464500006319
-0.2572867813131803,0.11771054275108239
0.6649489060973481,0.7082263654967217
1.1244321663956878,0.860480064491926
-1.0227387137910828,-0.12535743359418922
-1.1097850981142139,-0.21767265169615876
-2.0601040173242837,-0.6540422351792758
-2.0387947334371543,-0.5801373851345782
-0.8999701281911916,-0.2966081800733127
-0.045408281652116744,0.3928214955167859
1.2105776292045323,0.892899762592677
1.515740068662872,0.92406480285879
1.4068863801028826,1.0077256280435158
2.242802643335809,1.513862250760143
0.39699983642727243,0.4132505038554499
-0.13186958480943184,0.2681075116332112
-0.2344997973532717,0.21549909081374496
-1.0318348054255344,-0.059472034278790276
-4.133227720778845,-1.8343492478303298
-1.885932833755215,-0.6686948959024127
0.3736580572766406,0.40405768076755894
1.8958654105464834,1.2190146597915301
2.1678140597524482,1.4420961297430328
1.1720529447572228,1.0228020752516545
1.3130602426504683,0.8789374132551733
3.1588186989113014,1.847321062972012
-0.04303870747726313,0.3935449943263324
0.19845412061097953,0.3308080346879737
-0.5398437492486522,-0.17240649901276456
0.22914344633609518,0.3675913164903105
0.13707503161828388,0.3675671946123824
0.6696554962784866,0.5928069212596242
2.4226034763024407,1.4719935844938334
0.6726930124039635,0.5592418488276977
2.54264398556355,1.6295716136385927
0.9856129703160377,0.7407778084605239
1.364276110094629,0.807450736308239
0.18144546245121773,0.4703063972054535
-0.016690344651274974,0.25195306737848583
-0.6742963340603192,-0.10424126300363772
-0.9086279363721372,-0.2802232418988253
0.5331058531186138,0.4721337560505419
-0.40112491820776225,0.2990775455562191
-3.1622320122041816,-1.3041513920443168
-1.1376599886970282,-0.3497076460295613
-0.8003619406684026,-0.07192172702036828
-0.540008165361694,0.09240306031851216
-0.2431069226423641,0.28635043632742413
0.12362131814214994,0.44714602998818254
0.8844862549851663,0.6607052806876526
0.4419474453961618,0.6200084686599916
0.1283733568548227,0.36660961553882376
-0.6255205760561583,0.0018138852563130588
-0.8176360849727314,-0.06286578671267179
-0.09245808931326194,0.3676151010148166
-1.210074320548324,-0.16874524425653323
-0.23686326837116145,0.2947941784113605
0.841184886880956,0.7310381225640081
0.9343465996066843,0.6813507890897339
1.4562849546496817,1.1799326334884848
2.379331528859729,1.3135871001409838
0.855379731262291,0.5825593917693772
1.0622864449653022,0.9441296724645614
0.8503388673637149,0.5831929167185421
2.8115475504025866,1.7600407457414697
1.4163562045987659,1.0521895799302547
3.0211725731842485,1.857057803412964
0.6332990255882606,0.5151608736579442
0.763437496818112,0.7346413957118894
-0.8886334272985918,-0.32117313007491055
1.260715154376141,0.9616009718502327
1.209114780258311,0.9446344574112313
0.6752087471831381,0.481511870324872
0.6095399778040433,0.4758012662647354
-0.19513922894472313,0.02688611680328898
-0.7804025784125765,-0.09994527462652233
0.12567118809510536,0.26996479572774634
0.3839470526801072,0.47111720976543775
0.10503650934313041,0.4715055191231334
0.09556312799664549,0.36690926115944955
0.15336621552643054,0.47575431516975214
-1.1650319640944669,-0.33974440976486553
1.029265238191785,0.7717427628726746
0.7643404619629226,0.7261240417803719
0.39728514170888324,0.4873134059956199
1.0154016436079507,0.924842641872654
1.7134720693324765,0.9763349693413119
1.7510530163737978,1.1867176610925638
0.18061150047837848,0.43763782211622115
1.0946494490802625,0.929742688779674
0.3335040197904775,0.6135430669711968
-1.113451320606483,-0.35032755598202536
-0.8906352557552754,-0.01579393705314583
0.6867255249686852,0.5265745106671953
0.354075110679511,0.46156249756859447
0.5657503618135605,0.6390386997617733
-0.3890729843851989,-0.16172068511117815
-0.5692071442959954,0.16997690183272124
-1.908161721219809,-0.6209428864257642
-1.619247436908657,-0.41293119804805367
-1.7445035486672267,-0.5326122444366834
-2.420567963572932,-0.5586451721568805
-1.1430870383051204,-0.3241945156692397
-1.2753176374552775,-0.34387578816586883
-3.6707312210166583,-1.5389818486365943
-0.0558258380635539,0.3447858232920934
0.5560319267566743,0.5826587853094145
0.06680177682037075,0.3027852217147707
0.9970728631750672,0.7381862387332927
0.31630340297125664,0.33677149211044105
1.8079802873111848,1.2090692049710157
1.669949304055458,1.1862564544091536
1.5066082264479654,0.9752840772076358
1.5951749987258472,1.1528938538872604
1.5137877225186327,1.039952833393428
1.9273148820726256,1.5154875595880446
3.8845513049586433,2.2366910521065284
2.0441820157190334,1.3038512585247053
2.73997864360141,1.6489057942753478
1.2301905986617756,0.8190329576472496
1.4111043707780193,1.1416065805282634
2.6646038270168453,1.6630774866961096
1.4751175203160483,1.1644606370994153
1.48911953443567,1.2214820328491092
0.15396452330533472,0.377152349300847
-1.1287561057705098,-0.35615199484664506
-1.3171557790421957,-0.35284435102258555
0.17239372309226952,0.23220897095283627
1.4772415706163209,0.9913225653263841
0.48225606528757364,0.3423369790616768
0.29390455279221595,0.3288601069451438
0.7973392083058974,0.6563941618699636
0.6475388821508706,0.6516989660983623
-1.612605870036011,-0.39440879399988693
-0.6065016861512799,-0.15523489765841192
-0.7611961650690519,-0.10310888850103497
-0.9653859740374339,-0.20078006607312437
0.8748216419147038,0.6852609188564979
0.4509632345112087,0.5473102290288827
-1.0477559148578317,-0.2943309446243914
-2.0335106748976433,-0.8939246840986422
-0.9535918505342513,-0.2809513338910938
-1.9740168470367747,-0.7257656829008313
-0.49172968350852675,0.19357114036169706
0.23098560607587865,0.36472177340667933
-0.019736879095126864,0.3311261521204633
-0.5578241342918272,0.018885284512315307
-1.0272018839067876,-0.21498281728387472
0.07584202488960001,0.5036698307817935
0.050223021025048664,0.24833349387756623
0.22467319446707495,0.23236342740716812
0.8129354750173413,0.6944659332462302
-0.7534853257575219,0.04258055625385332
-1.4133616511515934,-0.3526963938891989
-0.06021109896170096,0.41000967700976587
