1.5948225031224925,1.311012020316569
2.2457566362047277,1.527366899942686
0.8947602493403418,0.6107025370290877
0.7366909403261939,0.4997202807672203
0.7138851945307174,0.5736878173878386
-0.05562781367615277,0.31701107560791036
-1.4843632090281145,-0.5315097272079853
0.0773578745647957,0.3733319013448267
0.16579016112286854,0.373525481024121
2.7818651883494327,1.426761594559007
-0.8040874256039232,-0.09465827833561975
-0.291804031333629,0.32708244976514844
-0.6761963745475148,-0.19820549432032059
0.47665915730899744,0.6006656445075635
0.7128631984840925,0.8093760766252794
1.517012670806942,1.1733706808410214
3.1022048134343034,1.950103476088497
2.1069482847866077,1.3594889750644081
1.0628650441864764,0.8714753413503719
-0.21185575976526205,0.15415549464864603
-0.03075355973949659,0.5440668541689443
0.42367927223324714,0.5495018413477332
1.4430976277915044,1.067314386012337
2.6267855559575697,1.7117660592312207
2.0677595017188923,1.4212490292081068
1.6006295041982577,0.931559933107233
-0.5623977310386663,0.05515634008892484
-0.9954922201673121,-0.0526205034653468
-0.8591693095161077,-0.15166141397940142
-0.5791002311060245,-0.05866859419033675
-2.266678846773061,-0.5897427989693426
-1.8166637835290425,-0.6476007557732872
-1.6603557457092262,-0.36698623336651365
-0.10998750646530697,0.27492004911526075
-0.7851513490171989,-0.2164601057871809
-1.6736553049718266,-0.5791056016070887
-1.3102688176053654,-0.27050345646736224
0.3120520785841677,0.49128985060388153
0.5328318921309847,0.622067386404169
-0.8288390186679551,-0.1018189908792265
-0.8101943735171943,-0.03237113014598493
-1.0583548599879342,-0.2459478491186851
0.584458123190213,0.5691799493651398
1.651785795291161,1.221347050325211
1.4395235944941376,1.0927212790202474
1.0888749802820095,0.8204985361874139
0.9955177588090693,0.7307650900442128
0.7090055521615574,0.7054186210456836
0.10065107891964686,0.2786238753068318
-0.44551692721971176,0.11674815826112608
0.16670741257655336,0.44866036895381156
-0.7433165656474279,-0.026555803151684612
-2.020551026414207,-0.5948314936027039
0.579374975177636,0.5877465118438253
0.24547456347116953,0.5174093643859982
0.5254035619465247,0.44252676089888765
1.207813580237431,0.9050425927328661
2.3497761349266995,1.4529442735668998
2.1325922056748206,1.399030823658515
1.3562140086752008,1.0106965274944757
1.433955286681483,0.9774456564464732
1.2741727377662961,0.8196159731408063
0.7469762830989366,0.6370726684143665
1.3361253783329934,1.0816971729286702
-0.30642118543933117,0.3166314737195458
-3.5489379550206506,-1.5885449211394607
-1.8638515202426875,-0.782603071163075
-0.8205632996883707,-0.1432683899660053
-1.1260493896352983,-0.17689714083894859
-0.5125474984549319,0.0757396069372697
-0.01859829850385003,0.2979389780286807
0.47204849365625723,0.575933948658155
1.3602249428832907,0.8999162275554085
1.6809561585299013,1.2392012873487899
0.3466525945447225,0.36030477476497275
-0.2226297217372299,-0.0374162973624573
-0.46203867784353503,0.1699914623161296
0.7795550362218929,0.7322334627367286
1.8072363945050278,1.065482335325183
0.870405545045914,0.9139678275285181
0.09527420329517955,0.32160506997388094
-0.8470572625587032,0.1251016700738629
-2.256160598588683,-0.6276963072518941
-2.695461574215299,-1.0473859380211719
-2.770604830762868,-1.1948282118604348
-1.2140986373758682,-0.16040631020206386
-1.1542928804289365,-0.1512256857956101
0.758955629709623,0.5612633370602754
2.2957900105181093,1.28455647734661
1.0611796235234674,0.962303754357431
0.49626264805219883,0.5724592647239929
0.9106361180840907,0.7321156190153263
-0.8361786806809047,-0.12924405724406185
-2.582587416015541,-0.8931747811569217
-0.9018815633808315,-0.17806717368542868
0.09057589017167589,0.5323589408511941
-0.1292829843131152,0.20915674107476864
0.40128379549900944,0.5417232373425606
-0.5278625521616864,0.06786616043781579
0.0027391852452999244,0.051404996490973215
0.42427147523420067,0.41025111867109143
0.8763977833570862,0.8395242235140039
1.7891656512557697,1.2873702126704132
1.6078082195976353,1.1501854081211982
0.1419885433781377,0.5165139585972406
-1.3103524517662022,-0.35707274184492965
-1.0688080987038955,-0.3832243271333192
0.040747785570578676,0.3905194117403912
0.9160697881582791,0.7918946797698021
0.9797455964240889,0.86702740423969
1.2108552407965643,1.1151148829914028
0.9661678156699358,0.6842888510146277
1.3199749121591289,0.9630216160569242
1.6251238599811875,1.0860940098048846
1.1331815683264086,0.782542751821681
-0.49395863695943565,0.02109277400346401
1.03673819849194,0.8431141632943738
1.3450329466288449,0.7821003257894267
-1.793710165996513,-0.5328611620937493
-1.8482319884721692,-0.45354356246689487
-0.7419150350280505,-0.04114423792385415
-0.2884484957919358,0.21805550066599166
-0.5103949353018502,-0.025413610034150033
-0.9703087424858201,-0.14132682604123004
-0.44166096794062093,0.051882493288207016
-2.0544037931859216,-0.7855047605675382
1.513039660193427,1.1487149437812718
3.106848942106526,1.8882268199624888
0.35737120980397175,0.44730123876855055
-0.744626369144791,-0.04447211234074239
-0.8939583571381327,-0.19336435961144086
-0.6237024446407341,0.08389563661736515
0.32433186096254585,0.6252900971315609
-0.06335348175942274,0.260201064484062
0.0818693849879927,0.33043976971220523
0.37364707525684027,0.4571619007513067
0.1849921268548601,0.2390752952804738
-1.981575932715422,-0.6091981090233487
-0.4548189085463443,0.1492047814824431
-0.9629369171997174,-0.18638902609258812
-1.258115862030159,-0.3619047836977778
-4.177974957877558,-1.754200161509225
-2.0831835497619364,-0.7925228076402704
-2.364846555606587,-0.7551004370696276
-3.3978524765518188,-1.3805676874663775
-1.0422131474034388,-0.2861150881372122
-0.7392675491140998,-0.2903792655508721
-0.5256059055155822,0.0780855742478157
-0.23008272405575397,0.016888921808574014
0.08868937315856526,0.3036095701706764
-0.045207418372920485,0.43698217428462327
1.8025840460460771,1.186699626309768
1.0026533634122332,1.0224771756076878
0.9528799353851185,0.7851492896294499
1.7181759613807197,0.9522590919256454
0.8603490080178862,0.8845435480062889
0.13248431733069532,0.35463588955774833
0.559921301382477,0.6248000773725135
1.3126552981754926,1.0676137538834536
2.705706411212886,1.5193307127072302
1.8125352579565657,1.0397319795842808
-0.2156974658268329,0.3320186913610127
1.8392194707183855,1.1727869948421286
1.3741412838026408,1.0171672613128087
0.4270060050474863,0.7195443446740531
0.1637524406202435,0.46818592310216883
-0.5904668136870357,0.055441854891599675
-2.0516055580225805,-0.5423312950497178
-0.8497326089709503,0.027914141389346503
-0.24966742894564775,0.2289267922408198
1.0495235118480943,0.7956155765552926
0.3370890935645238,0.3677383165737523
-1.7447688297203139,-0.46233470032113244
-1.486005147860934,-0.4054151508067896
-1.282126957667231,-0.2401021678990255
-1.7642040704017057,-0.7107416852872237
-2.2314042507996614,-0.9109000788910795
0.19889350248966187,0.5122590240180542
0.36307104978373755,0.5087926563584606
2.0579622203829917,1.3519296487133634
0.8880713097513013,0.8027322728401103
1.4453932142921795,1.0706368071096624
1.1911984981727683,0.772346283635498
-0.46004813519832,0.008896654839535306
1.4919762016538907,1.0211847844309876
0.5000239607170498,0.5696602005130317
2.322612855315483,1.4657905179687636
-0.2700837431011027,0.06472430431404519
-0.0749776336399735,0.16529734531014262
0.5694039454608759,0.6988146549729861
0.11415960206226516,0.29860342454719335
0.20636927209676093,0.3046411152866546
-0.5164074031681958,-0.11784376049279902
-1.516083924037967,-0.5021801432698205
-1.8163086112109998,-0.6560111985215724
-1.6869070666611163,-0.5336468060121563
-1.9680242444285512,-0.5368909455833968
-0.5189652875773397,-0.075269418807539
-2.231567685100719,-0.7872734225409597
-0.8339563324429923,-0.08314373297647917
0.33415847177738045,0.5199299109673232
-0.8628594325834256,-0.17863770337471438
-2.355704669687574,-0.8175524214195944
-1.2138892158656667,-0.34382994312281834
-0.9306695620509118,-0.18666773631793748
-0.05925489255141125,0.26601371721407585
-0.8963728920451015,0.01375847184926357
-1.1109443026703472,-0.15976129585175997
-2.018081572813756,-0.7495193063975915
-1.9785759373426162,-0.6591476904109819
-2.057442944699984,-0.7945957524453163
-1.5766348177737517,-0.6007447722233286
-0.63561042259963,-0.04106745574298308
-0.6731036455716158,0.06892240686942488
0.6066443855747399,0.7787914113540417
-0.21433449193615695,0.2454716933416215
-0.4896609129214615,0.19536786222068264
-0.1264349901663243,0.23834077376108795
-0.4187639210640004,-0.0029972121968194765
-0.6872201200590723,-0.1553044937875151
0.15467262837553375,0.42549747593039744
-0.010747012074861034,0.2707256722044621
-0.39938236106476116,0.3286276212491288
-3.724945254699113,-1.6293809180487226
-2.3289854185388315,-0.8199207339559519
-0.7541679989030932,-0.133072321585623
-0.04255042274465459,0.30163696238633125
-0.07501596263336109,0.21135357656810225
-2.3718779024114762,-0.9865733432662824
0.6084226679100386,0.5061151278824438
0.7707467218208757,0.6557228783571315
-0.18930262155930233,0.1482129682949093
1.8264749434753786,1.107455208874395
0.1805783612302272,0.5103571256302426
-2.1193098697009645,-0.7382482389071374
-1.6931512025871944,-0.6053912951410821
-2.3881927741397955,-0.7900907775373018
-0.8997592606720157,-0.006155126630619762
2.2775006429927744,1.3127755742315004
0.6854815412611809,0.6155235367479757
0.5261375927522534,0.8007985205780892
0.8503892850316217,0.7448700699308368
-0.3276482369740009,0.32239373143639727
0.05948148551893173,0.3548760183725608
0.3369529028076915,0.4083021474943701
-0.3237024261037416,0.3360814974751305
0.10468983728969194,0.49711488585156527
0.31808675521981106,0.5017240419007634
0.07558048145958327,0.2499535820931336
-0.5692359699374792,0.0012813076776057551
-0.09596738254964349,0.23023139265952686
-1.9305981915983819,-0.5837961427407994
-1.6873037285377768,-0.5915887351632317
-0.33184172035594717,0.09951995539544142
0.09400845138676645,0.25744401047469484
0.9380795217250394,0.6265334713169299
1.1344204732988865,0.8225693451886739
0.09933286459247248,0.4011518588153365
-1.14920445960363,-0.02042144874959645
-0.8891976132770506,-0.10705025241795531
-0.29873423272949823,0.14661482031093206
-1.194427570983024,-0.3993319405625143
-0.946186733104315,-0.14677645582593551
0.5977817711570642,0.5984317724603805
1.7458647166143382,1.214330684205285
2.0814892634522146,1.3851852673298994
0.8947519174399416,0.7367803095179785
1.0921866502581001,0.6463012400464937
1.3520128007692849,0.8986404541364376
-0.03436681044130496,0.46141457965252813
-0.195212298555627,0.32697688179256545
-1.351904461735469,-0.45882802860598704
-2.0589649269410124,-0.7776099705283811
-1.776642555287237,-0.714121939779664
-1.2845938448417635,-0.38398975847005984
-1.7866031910712656,-0.5582179972042911
-0.3898409831627824,0.04846046308892771
-1.0371410902978466,-0.22963841410602653
-0.5141391685176482,0.054964077439656325
-0.6318976577997065,0.0033250456758213073
1.2467102807621064,0.8007195197989242
1.6286154926800407,1.347303949364877
1.8478426754083903,1.306057496326475
1.773808952076969,1.1958299953399332
2.6303255328927166,1.5475472615280743
2.006504517468067,1.4406712532773793
1.0203225810127454,0.834935624432079
-1.4351640327569415,-0.37960031101114183
-2.526647021767041,-0.9282178328492721
-2.323886735470611,-0.8351305905209621
-0.40556195740532675,0.058918351645332094
-0.653328145780899,-0.07927321597708728
-0.5302463458436063,0.021372216281688936
-1.8398540036778122,-0.4522909618894658
-2.132387434194537,-0.8303863963961229
-2.3637408800052464,-0.8178850919604208
-0.7564797547450688,-0.17151961701921725
-1.3983068939969894,-0.3239481709967651
-1.5623319650771648,-0.46988173501049124
-0.06507801300244598,0.2796561538698523
-0.8445859846829686,-0.21653560377766043
-1.0761168015249178,-0.05780734284815653
-0.7643865858917932,-0.10544949069935622
-0.408968179977448,-0.04404792036737093
-2.324084689110124,-0.8904028488016249
-0.5926356439334443,-0.032160321206475585
-1.4780856125477562,-0.4132690182377018
-1.6545233135957174,-0.5518818383482398
-0.09824413766887752,0.3808832057589207
-1.3119744719433182,-0.14847416038068945
0.2125564233082734,0.25942956145062007
2.768947574307049,1.7484532378596858
1.3059991692222008,1.1148193665022068
0.3595420405979405,0.5300711066777565
0.7627216881476184,0.7258059107991782
-0.015734572881111908,0.29007109766258
-1.2186790071007036,-0.33520609887808445
-0.6894723607173465,0.004104934291756929
0.9430894762483564,0.7416827527760531
1.6566616663360438,1.050453773661901
0.39463742799544554,0.5449304427995628
0.8611506727767007,0.7368843117981169
-0.2465378980338664,0.23855601915227262
0.41320116525426454,0.47871084562437277
1.0802986213626184,0.8303239124339301
-0.5590416620941059,0.1371076647237614
-0.9520729434945768,-0.18228667559135006
-0.6308719866068911,-0.09520587499757971
-0.19787338201513505,0.03234985649579855
0.8934117237658059,0.6632153984312109
2.0203020125721523,1.1210917447154722
0.19534223944890972,0.21382226265348409
0.4553028252480368,0.6127019373328617
-0.5897249652471943,-0.005622290019691065
-1.8598092848192433,-0.5355651463750706
-2.0226058954188217,-0.6592518671823916
0.05390083562780812,0.40127898423555447
0.33799810085298354,0.44321086916386954
0.0815504285950108,0.42135768804755
-0.39065976168068095,0.16315693225021083
-2.301942828320912,-0.5405317654615106
-1.0354891196919196,-0.2381272085312925
0.01572452976794836,0.31607322201830235
0.15018908474049902,0.13034594072698447
-0.3341281879570176,0.1898665776167053
-1.5186955342864752,-0.39237981452031667
-0.8596957793162324,-0.14079240807635013
0.8648241129089642,0.47607005456624846
0.45016917294271136,0.638003305185721
0.7695241446580041,0.85282380694988
-0.3812926103716846,0.16378880584119754
-0.5918198211542958,0.05630825049846612
-0.2955102598887164,0.1945757469822518
-2.646797142787773,-1.0607056047278831
-2.8129579351902976,-1.1725476266357355
-1.7552336085308902,-0.6696258886457395
-0.42339437392776,0.049338417361299416
-0.12709691297567616,0.12508384690031665
0.21465592563980443,0.503054122958868
1.422419920776004,1.0053799004621233
-0.15611593965864434,0.1696661858489279
0.8512885920834145,0.7769283871818066
-0.7356316176115028,0.06407078708509198
-1.4987205624334359,-0.7238713294366437
-0.6046116948345723,-0.10648562371754823
0.7407891309650501,0.7584756952395306
1.2675973588731777,0.8225740304655371
-1.21089183884735,-0.424778867836374
-1.880441126381875,-0.8241514799885457
0.954105347641135,0.8156869958823509
-0.1300523030644285,0.11472233944712484
1.739766695411753,1.2027925123036813
1.4486383309263657,0.890326336461409
2.0665289608270583,1.2030851180810114
2.378676105184078,1.7064720057102576
0.2254580120008649,0.5120172084408937
1.1886220101160572,0.9976274830983565
-0.6890284100157239,0.1392537008722327
-0.382670012969381,0.2827280508471131
-0.9561036781680046,-0.2806346631152906
-1.2043562845527835,-0.36525084662389096
-2.893676562863748,-0.9955115601903869
-3.5725135803412167,-1.451530508087353
-1.6061445502297265,-0.5455257932941531
-2.4495060557990205,-0.8821015490732924
-1.9459640539217997,-0.6276429023871387
-2.727447423404074,-0.9786028939084925
-0.7358858726093829,-0.06385332044212795
-0.5037444154589723,0.2870768271709848
-0.03197978533778695,0.32698019277821083
0.8268217075092684,0.48401171135972343
-0.003042132045241619,0.31118079285304473
-1.5914386541208523,-0.5644923923362544
-1.870456515172703,-0.6139691131233002
-2.5448218957682585,-0.9727450314536443
-0.5009128896690654,0.005740713754428292
-1.6601445594630988,-0.5298025772523834
-0.21945481980506765,0.12398042968046674
0.04888330871511551,0.1935316880818436
-0.5747393962240492,0.11115436449419298
-0.3390298872803047,0.2225940343971496
-1.6312470772051484,-0.6046945556258858
-0.017731205095136815,0.22370737080586556
-0.34725645646896286,0.07399276764748919
0.47962915618606644,0.5542110193240354
0.15842072561625004,0.5057221666077205
1.6469388422603781,1.147317138175209
0.906645749314801,0.7211461791343327
1.5405665258696897,1.231506304418398
0.8569373892375511,0.6240678682098619
0.39788624331014344,0.6195396075803739
0.9307833141884229,0.8147941062763149
2.346032022855059,1.4347061287930376
1.1983025964686116,1.0006114967728528
2.080175978545408,1.4926209019886436
2.087959837305135,1.288017116782894
3.4484936386674474,2.104564100649302
2.0340534439282,1.2541512141974902
0.2575439913798899,0.4257992664324248
0.2240399332514171,0.21027719198392694
-0.2030006758376205,0.12901780747581992
-0.22345417141136048,0.13282678783398616
1.2863765630424855,0.9063953098951263
2.883113544134181,1.6555381379378056
1.149352750352956,0.8329446004984398
0.8774806860220932,0.5889453902189004
0.7651103192862855,0.5859722673112266
-0.020629371966745746,0.30004377343929534
-2.452624669022703,-0.9148010426238374
-1.9691818997396828,-0.5256061846906646
-3.0483723539462195,-1.248518799939871
-1.9569016151990386,-0.63893323410354
-0.14024249077597029,0.20839121221161364
-0.8175270297702278,-0.09885228418234208
-2.87126066539225,-1.0865162012370426
-2.2755146913578157,-0.8841768844875221
-2.64443081459007,-0.9657534644348404
-0.6936783817457919,0.0906627064710828
-0.30232173335420437,0.17049939983467094
-0.6545381438370477,-0.16634279365579965
-2.4069048579390797,-0.7501637687127607
-1.2708149392244246,-0.3624032228405537
-1.7642254730141114,-0.7280228334250975
-1.4669847880478621,-0.4364692472820974
-1.1904857842477086,-0.15878566118000434
-1.8725811903001652,-0.719086978212103
0.3709303395151906,0.43857112397371256
0.349557494856506,0.5515363592336155
-0.06407336551580178,0.359170136765691
-1.3932039644931606,-0.4212259245070422
0.13962103992161057,0.34057823357669315
0.06766881910011084,0.4303816919253083
-0.9269786482879716,-0.30590620551366665
-1.8451937866888264,-0.6109873084718872
-0.44407473711656464,0.2249040952511625
-0.5052452763116361,-0.04066335583852865
-1.298399780710049,-0.41872652371427493
-1.9517023921939631,-0.6198808332358228
-0.8677639175121458,-0.06395379553217716
-1.202032988949594,-0.2548889937933484
-1.5146636639609776,-0.5625569660158813
-0.25540312754396644,0.17662565848122905
0.8409681574024739,0.7158228218187724
0.044207930683151875,0.3268660830735386
3.978027153801871,2.244589952575266
1.670534635752832,1.1773563015601136
1.5693724767109245,1.1797123148724218
0.940510668553237,0.7149067078552654
2.4999200592497393,1.5792876188107066
0.12325116448112916,0.3366944267363027
1.1315730729776283,0.8465505418303627
2.01490288538616,1.2348246026000909
1.8331405595975494,1.0607716307781898
2.287625515002741,1.4573580503716494
1.7937713778637687,1.1853268303556401
1.1817798401818904,1.092281339314269
2.058861078018951,1.3899787475612988
1.3033060291809655,0.9730984481301286
0.9544344156669727,0.8675129946693504
0.4457185017576395,0.49373843867725453
-0.03226687326718769,0.32356834968164006
-0.40556827244081534,0.10284715975050733
-0.9779647322047567,-0.07956291401457527
-0.3936555995603262,0.13492815033947272
-0.6631742625239523,-0.2157111485554575
0.3480426979017436,0.4355790572649267
0.29351931524591124,0.278468402572384
0.15882817131317797,0.36091654577301746
0.2527752526139837,0.6389832945674094
0.15902580897122914,0.27588397325958797
0.6474738700204813,0.3962585573963795
-0.6408914624363337,-0.09771629420026653
-0.5697659491933584,0.17056934595810652
-0.6913097531807215,-0.16752534873352193
-1.251775388546641,-0.18579763053342338
-3.0321580062169984,-1.2284713849667324
-3.37810627771214,-1.3392629150473456
-1.1822453524202805,-0.26759723130085583
-0.31997677960059867,0.16340799422563632
-0.8750116618805217,-0.18506216600330963
-1.6610507777172803,-0.5416760338089583
-0.07172855804033462,0.32108019386296255
-0.9027395727369325,-0.28323026508856997
-0.3960620344676726,0.006171455254810207
0.5485403785235898,0.5606053426649276
-0.41826095552286346,0.12543184505935318
-0.7327630832413679,-0.12999393514051127
-0.2550350041071434,-0.09095801974272455
0.3645624059613749,0.4796323793094847
-0.4767642555015524,0.055878242958520466
-2.6324699401194738,-0.8955775045259042
-1.2746144300015871,-0.3373879398740051
-0.7914302128492933,-0.0615695440457636
-0.7063057818234038,0.014163969466282844
-0.08521749287658353,0.3758649479486146
-0.029328014276116907,0.2970764510827914
-0.9639042738479164,-0.16808004317620234
-2.776076210260191,-1.1056130994872118
-1.826757417821759,-0.4759617929287635
0.06333474683064644,0.3228720253146336
0.4987769128662013,0.31205334810606544
2.5857307510220524,1.535180566798129
0.42576315254375696,0.7765793126008544
0.6463492104404535,0.7136575131487173
1.0439758593939357,0.7457193785727713
0.9167114550337603,0.5722663652273733
-1.040397479330509,-0.12623692377182089
0.06651532246213032,0.26760305780483656
-1.0589600234020646,-0.12087228980473362
-1.2558298369588126,-0.37771190948647193
0.6752956843260929,0.5234351140666013
2.468415358972864,1.5631944851363992
0.8998638706457798,0.8163564920711506
1.0153408776368755,0.8277499237280428
0.24590226840598173,0.538256574759407
-0.6856592637600359,0.15540072468072916
-0.8001497706363307,-0.21026684865673514
0.15430089852169881,0.5422652451862349
1.4260119320836084,1.0046028344014362
0.3144652229649062,0.42006307348019756
0.684949954352213,0.6139410019442356
0.5220516358742631,0.6607708328348022
0.4946824623147069,0.5417377915836892
-0.5589823243550486,-0.006240292923788346
-2.267065542336957,-0.781783010098531
-0.6219327568630436,0.09157060955001146
0.5732263296590274,0.5835957229425164
-0.2956309728689599,0.31012764780778695
-0.7620567246791753,-0.16605063257609765
0.3341204742236904,0.31753647046567357
2.046832006501608,1.2420465916915062
0.35126105331885904,0.3983775988671937
0.8136674834623777,0.6472514637705502
0.4609711337537833,0.5330843194215
0.5723112382178444,0.73454965685153
1.8772829997014973,1.153267040296814
-0.3792883567909404,0.23612622714311554
-1.9791485689525572,-0.8243451729505167
-1.7734452880064246,-0.5885862444443923
-1.9705232927224219,-0.7330667315047475
-1.4652245396596961,-0.40069863344600165
0.0682227495963682,0.26596443581007095
-0.09471995033331781,0.45304548902570435
0.8051751103068772,0.72330374512125
1.6973042247156047,1.138886964400395
2.029847550303392,1.028768437047724
0.3954792449997494,0.3357161228606609
-0.7562456883906494,-0.1304561120813008
0.815635853812756,0.8285953122931838
0.5041670729036904,0.5529002614171799
1.5625958367248973,0.9817492278597341
0.10460047365046321,0.42522297040821655
0.6972211541145907,0.6348033292350334
-0.02287479093100131,0.3081059294242453
1.031665851011291,0.7545486921193475
0.8956984184171315,0.7162826602315584
0.7886052113460975,0.7752311869195017
0.26147262404237126,0.17033352623086306
1.1716131034419053,1.01276036040743
0.1250388534395095,0.311935554875139
-1.3893664172414242,-0.461411220090282
-2.717701050034004,-0.919343815369532
-0.09173633448838436,0.07704266820446612
0.32241519481343284,0.40695053562499217
0.1323986690857383,0.31034367752974745
0.09726868669657855,0.26885818389165705
-0.8670365569945466,-0.22337618484138017
-1.261752128521515,-0.41081477768037045
-1.109129616539371,-0.4544948709685128
0.2958410823507389,0.37658119014968566
0.016145038647708998,0.39856902502643077
1.0405129294683368,0.9266402890979824
0.09099375362896744,0.1602074752267326
0.19075598771040742,0.3384669293467598
0.7781222702447954,0.7871006844530375
-0.2664852736085551,0.11455926520221159
-0.053989146701987095,0.2659680115415607
-0.2600372040808772,0.30561372297945494
-0.8113615583790112,-0.03128401376239803
1.0740623156561546,0.8055081208331971
1.744055211559289,1.2355960102466215
1.101126829366155,0.7447301767128177
0.8698757394000521,0.438923849731687
0.9591751750775072,0.8101046717864206
0.421132589718846,0.4970432026563133
0.8451608845680921,0.8530110611230556
-1.4768246003353371,-0.41937551489284275
-0.8894213940165645,-0.04171083534974532
-1.1559947505056862,-0.5330756971510694
-1.5636687363982256,-0.426040465780759
-2.3183514868341972,-0.685336376856182
-0.7650496649457963,0.026359358025148147
0.5397811334111916,0.666435899016678
2.1274945211072542,1.4684086474345976
1.7424304598280302,1.196614489296236
2.004570376148175,1.3368580126268372
0.0004330282547975184,0.44099027396846735
-1.5134923696161695,-0.6130119804945228
-0.8057978770384193,-0.05872628547298703
-0.7847299713703142,0.019869462073586697
-0.40817655888738064,0.07003952764901022
-2.0812650011485228,-0.7870056484449037
-2.245494764184876,-0.8743917349554452
-1.0019781806373111,-0.29292813727658196
-0.01782762575407515,0.24244211189698198
0.8329127835039684,0.8533022095640098
0.11859778807474197,0.39165876087193774
-0.559479227797323,-0.10829339298229412
-1.0632744276241661,-0.3157605434857459
0.4473878901577736,0.5402492079093717
1.0613437698296089,0.8113425887375657
0.6222869919065511,0.5390269301772603
-0.1713614909000657,0.342392443580267
-1.3336168654523177,-0.29637754945815153
-0.40130961237608376,0.12903682703973962
-0.9613388560896727,-0.24717558040161655
-0.13383761554246543,0.33721862064616803
-0.43736892055494203,0.17640847062647713
1.1579421218362322,0.8424790981630234
-0.07349493453603007,0.36434199952786944
0.5154280817107547,0.35855170430246597
-0.6612617664417377,0.08384401891265948
-0.7822175214248788,-0.16552459506482764
-1.3472783673063868,-0.6152133871457537
-3.2717161879172827,-1.2675521909878988
-1.3726074816465574,-0.44984152798618693
-3.0351582120382927,-1.2388354779498807
-0.7488612699443201,-0.0721503377480092
-0.6226759083298397,-0.09769432006182312
-1.394173832548978,-0.5765868821052864
-2.4236216043873853,-1.122332521569292
-1.4060273819831333,-0.41497673064434404
-0.8148414408765967,-0.050204606124660364
0.5706909743832032,0.4057338465594589
-0.869934421639516,-0.19704260837985374
-1.5620276143985077,-0.5555489241136848
-3.14509037745532,-1.2976341995702918
-1.1210679401548576,-0.21017381089646062
-0.6502166123640999,-0.061870252097320194
-0.5584012068351103,-0.019655126025919276
0.10515908041016431,0.33939806458860167
-1.3252296676153668,-0.5122839972812604
-0.5016142873846154,-0.13642208146991602
-0.8742009967081916,-0.20826165625408344
-0.858670630129602,-0.04845421210569785
-2.3001816948545444,-1.08789869892423
-1.039520782611733,-0.1623725976314886
-1.729846276917539,-0.565298437631649
-1.3820676762493174,-0.5314012554698477
-0.8939835591667643,0.019521568330118533
-0.40820299049114206,0.27168911927460637
-1.294414505323501,-0.3452378317658821
-1.7088031425632892,-0.6162928901257667
-2.589345563531332,-1.099662919324731
-1.4169084086235062,-0.6060875257030099
-0.11766963874497349,0.15670752747385955
-1.1955650920332592,-0.07652166938423016
0.4576903935601171,0.5380627738762018
-0.06259511812095014,0.3320699184727556
-0.6564531831021749,0.04933600209773582
-0.5421166936436492,0.061374596295156264
-0.5926353365029435,-0.12862636326897692
-0.11543531196537488,0.2079022592228756
-0.4500399398286605,0.09714597098289941
-0.9394619704514292,-0.1920535056781691
0.2304271475807299,0.612536572012268
2.1054382073189193,1.40997753971327
2.36735416724341,1.6217925898630183
4.38314069674894,2.380577339475828
-0.5941129259659983,-0.21342691237384753
-0.6523702148715705,-0.07165569112523816
-1.728740302166103,-0.5304501414293488
0.6052203243718717,0.7164163601260092
0.7988859883989287,0.8044010099416259
0.27278782852271505,0.5043048882757657
-0.8471327403769151,-0.031607873758114746
0.4786312914945837,0.5403227157939398
0.2425513663217583,0.31395393942950023
0.18474562184180196,0.2759073147306788
-0.37043299818813724,0.04468659123981353
-1.8062621769970173,-0.5898774579170405
-0.8827417807442907,-0.24841649297021234
-2.1014169116604324,-0.751354056292119
-0.37990651609331627,0.06043758990487286
1.3557194290039267,0.8185754130591265
0.8842217737508111,0.7929855903482523
1.6622700590065662,1.0996430575500284
2.319404152971967,1.4365156318314587
-0.49877815269534787,0.01954853827429882
1.348362238586779,0.8283293641888458
2.250785855959159,1.4193054219308636
1.38430213157663,1.022686531049676
1.756330323960435,1.076641307755976
1.9347820718763251,1.1129351909931864
-0.3385489729584321,0.1839784514326184
-1.6534738336703105,-0.33950473471727227
0.7025493295413434,0.5270443338130548
-0.16795474866481364,0.09404332717361606
0.723946729380559,0.6269880108417285
0.13235526518444157,0.4461425608866224
-0.2634430686986105,0.14494919624510522
0.5088512465442339,0.5212651204065445
1.0212279921988796,0.862226661351024
1.7265224414561813,1.174667122295899
1.293150875306708,1.0806834490025234
1.160450012541872,0.8812738420028936
0.7340103718756211,0.4945401909183252
1.550359345542863,1.006889757467964
0.34355069126783444,0.48531581053159145
1.0658185414781365,1.0046155126307197
-1.7979342486407295,-0.6317329609832429
0.12542590544745247,0.5009112790763538
0.21746528355629974,0.3932772905132746
-0.8213770287933548,0.06982374122536267
-1.6382816692051096,-0.4591993683427655
-1.5941797259816388,-0.4013177103186186
-1.5818419583346164,-0.5743674976798271
-0.8806851257867578,-0.10112674793283748
-1.619156922821397,-0.5537681050301069
-0.9856854832576746,-0.13329880847595096
-1.031075209939915,-0.29831466285816
0.10921112831906399,0.20470786458992113
-0.008420016694713123,0.29086375384118135
-0.5277575013635021,-0.016775619324817803
0.5072687945316308,0.47673915505977577
1.3947220287961226,0.905225275412453
0.7845024049863027,0.6506980622957177
-0.20266498118933962,0.15478195651587326
0.4665202610751944,0.5672555204707709
-0.26748771741645994,0.2948786219482542
2.6602729290480047,1.4721646596721405
-0.05664498087140757,0.09049145535840938
-0.624725258557687,-0.08805484003532671
-0.010720515395304386,0.3761592705236966
1.0057188429119202,0.9637629979775179
-0.43813591415879594,0.29262642847366827
-0.9713224565409879,0.009236143839233574
-0.2488785766981556,0.12870387407307812
-1.1125659094312355,-0.5040401532454519
-0.5748961751741679,-0.0325410165664406
-0.9007545688332399,-0.05040192551780176
-0.5717580896279836,-0.14843438959897973
-1.6335526445395254,-0.46561849005183437
-0.5534958018508314,0.126732606181725
0.048561334100261644,0.376930489789956
1.508722282027605,1.190180905368281
0.8668350153314021,0.594472008829768
0.5463892085083022,0.48720534928675724
-0.6481355337606697,0.07541745170375369
-1.0320724140836346,-0.2543118282022312
-0.26794253572216165,0.07240648003323358
-0.12862754599420828,0.4935143318257845
1.7057427386177075,1.1162316570433413
1.2054049913728113,0.8749458912262791
1.2153700990415763,0.9444644713768842
1.5914937552455977,1.2946362397932512
0.575925723557901,0.5223020690267721
1.3465058748235288,0.8628044148620747
1.0668118739098995,0.999826726941959
-0.029221818561346535,0.3025637257144115
-0.4342816298849606,0.10938659217268996
1.2114963919079809,0.8322207486758862
1.782444433731248,1.166023989073576
0.5867675512367696,0.6597151398109657
-1.1605890378660062,-0.25923578911890505
-2.100534434995179,-0.890887412280089
-1.6047150264077885,-0.5980959172070849
0.08018506947237714,0.23463023427337037
1.2652122440938296,0.9069928333382429
2.6952489119964813,1.7052352367885057
2.414193397248737,1.372118922762387
1.084114688315248,0.9363630259226801
-1.2082318954285154,-0.3580493984478763
0.2617648961567639,0.31323220387796585
0.3462140708391281,0.320528685475248
0.554078466081509,0.47416080204212596
-0.30246227732254216,0.2072373679578744
-1.5123673268186937,-0.3965841060493623
-2.498285266139168,-0.9554980537477044
-1.862822491635733,-0.34886582845476327
-0.3575908942312104,0.05126967033968191
-0.07684398132639286,0.11944553283760231
0.09748266220439106,0.3954448172155011
-0.6379415253259942,-0.15624219883405893
-1.795249027372654,-0.5054851968836881
-0.4432541170921015,0.17173791867718152
1.6775788497940103,1.1619607541338337
-0.5108022552832021,-0.008072635597437608
-0.9270210266748493,-0.2932826126707103
-1.0126160486860574,-0.28621769477716397
-2.6452084958065814,-1.1823923081239227
-1.1308915394252204,-0.3460535827512573
-1.8253228783889122,-0.5248216597478952
-2.097546587381057,-0.7054268032118622
-1.8213734677192788,-0.5023005296724814
-1.6047963698862056,-0.4609363558607246
-0.00018370612196005887,0.294194742069109
0.06063328243024198,0.3440359066119848
-0.7088971132329754,-0.0864053909059698
-1.3668314311267813,-0.1705616497358914
-1.0833570368562406,-0.2448682197776558
-2.6158980472037188,-1.095492456062877
-1.1179615078435607,-0.2102200349632827
-0.06934345780200013,0.1843146023107758
0.03233186859007807,0.38818959055450714
-0.3028787229555595,0.08537905729679864
-0.13278845582586216,0.30866624461078424
1.938929687787513,1.133441574893527
-1.040156305769702,-0.3649785952156619
0.222435423021201,0.5818226241479401
-1.4792342084189254,-0.4694513179829332
-1.9868163020362017,-0.6821841801115418
-0.881799969062093,-0.08411106322084888
0.34042413745913025,0.7875252776891485
0.021200532326685062,0.5415237401981612
1.6851901472276163,1.1717309299372691
-0.33245438435149444,0.18382791003281812
0.23167620184504595,0.28937022594159645
-0.48484472108782417,0.23006721620996212
-0.18231345955107575,0.09067045069727703
-0.5891308426020806,-0.08348961673576298
-0.8537435316686006,-0.0715244321254653
-0.6620894577161838,0.11110713793087984
0.6757994410804818,0.6220535652911074
2.112289097673077,1.380858793412702
2.3158531817871664,1.4785253471303803
0.8047269125472198,0.7659106245736588
-0.5309306337792113,0.022110071043169532
-0.8774250075735262,-0.07998279231839626
-1.954009634888604,-0.4937512452121768
-0.44045914772899375,0.12820746802495578
0.06863686125395674,0.22890545226120743
1.0488420346711849,0.8117208781286174
0.29899150785424167,0.45291325398788934
-0.5829667838196938,-0.026362678312760617
-0.04393088127814132,0.36244521858679013
0.8058389389327989,0.8161161815466514
1.1783550228514326,0.9159763004646438
1.7388496805391696,1.216614002634219
1.431742213266534,0.9995246155145389
0.9136753235444313,0.6922140858951419
2.35952213259319,1.387976150269453
0.9427658467501338,0.6208648952765119
1.1593195445479587,0.8976274236110504
-0.10963908212308793,0.26299461417591913
0.14442913151437314,0.5207114383746568
0.5634066207732014,0.6094338965228381
0.6580241745083806,0.5428047420928164
0.39020847827263516,0.4184644957569267
0.1881563365062205,0.35030636735224885
-0.7600390692323539,0.00831015857767084
-0.23025657829841378,0.2216848877684931
-0.5261429289607453,-0.015110816873674243
-0.5768024533789053,0.148635605412778
-1.8464146238412698,-0.7335330849171524
-1.5472420797355044,-0.4516114414804769
-2.8022755890488913,-1.3075198904966667
-1.118299703878093,-0.3549256599111744
-0.226004142995598,0.09796894322640105
-1.5394665152924003,-0.5525193532528744
-1.4180975854214117,-0.38606914712334833
-1.1236062557162225,-0.3944818085317714
0.38365677022895495,0.40437981693331193
0.15736314079115873,0.5230342554999876
1.0544559668189741,0.8803919741833519
1.2285040785441903,0.9642488531234593
1.1959911605983924,0.8174300234047736
1.4167847920500134,0.988677325629407
1.7647878293445383,1.137887601785356
2.0713233531977266,1.3749765463008221
-0.09954205388563886,0.269899705103738
-2.3127260740502837,-0.8468603828246448
-1.0892819789559227,-0.4609853968538768
-0.7950638833089508,-0.05854633734766745
-0.8473018989929053,-0.18978482821654746
0.6621219728748755,0.5301133435038967
0.0012817780249975153,0.216074597107399
2.1310625542382087,1.427657495651413
0.9380364718141407,0.7843405295074954
0.5131840108356922,0.7516290382879778
0.46294819599326376,0.5877540407984421
0.9119482738542475,0.5844860179687259
0.22638676094794663,0.3865472169737135
0.748611452784735,0.6900895414817106
-0.28945727281063804,-0.0008884296267550607
0.4057581174619674,0.44534149255442745
-0.08249711573237961,0.37778505542732077
0.6916125422620194,0.7804236012917407
0.9771823555126686,0.8745897558329357
0.26752250871863836,0.47963308950360206
-0.8134621080762985,-0.15970204512743574
-1.5061216770933343,-0.2744707188760593
-0.02635010959719941,0.4955303668479587
0.21297746499392575,0.46519331133052416
-0.5357631590440304,0.13971129429274864
-1.714808345293456,-0.5806706337799443
-3.1208303878926866,-1.0857211842128875
-2.1813248140956802,-0.7937739461270882
-1.0075427535763064,-0.1677250376076055
-0.26660090368947376,0.12879558144219294
-0.249949574948235,-0.0158594347232002
-2.046798604744034,-0.7893063898907781
1.8719334860502344,1.2576283699568298
0.20146102616490547,0.33746841178610154
-0.6507993015101317,-0.048081125688573964
0.28909101987005326,0.27497134152920577
-0.09382507427274206,0.1964028944952817
-0.38516720326962745,-0.048332747333902276
-0.8433393828254077,0.1673273058269616
0.34024881307914745,0.48608154182420144
2.214447571007648,1.3602341507297264
2.0147121944379007,1.3079022056603484
0.7853326977971786,0.5861406729068962
1.114183474711934,0.7061687786319601
0.160765984348897,0.30986150646555866
-1.8298989214758477,-0.6797584357983323
-1.1658452143617788,-0.2008995085379746
-0.9787068862156728,-0.1128640528386483
-0.08649459632582313,0.11596300942525298
1.09108253671365,0.9389346671784646
0.8013448711702846,0.7156598526114991
1.5682998110374102,1.085846487412111
0.5911501040104186,0.5041760269169427
1.9186737339604945,1.2618357263811102
-0.002940165275250539,0.3236587986207167
-0.47571738681736997,0.05329467614029514
-0.3191047064663003,0.1889064242917458
1.2770942442767186,0.9220391269839345
0.5701703663451179,0.47050046016971525
1.6135082307875295,1.1586052199589965
2.607152132787357,1.6734012776311582
0.5016185972318967,0.6223118437193933
1.3664350159646044,1.214897715000192
1.3770157913822234,1.0544290437352841
0.44362641534348723,0.5141254846500207
-1.1959787913335345,-0.2454513581022557
0.16237781725953404,0.48308983419280244
-1.56953381885367,-0.5721119425869644
-1.5300852363471829,-0.4856313741539822
-3.333398116693411,-1.3362309367564618
-1.107790233663952,-0.25486153614315293
-1.5469411535383897,-0.5099806104335918
-2.0215572627092477,-0.6450776505009922
-2.2784881073748506,-0.7614278777463366
-1.8610343237535183,-0.7584401548944492
-1.5636395819463198,-0.5046096230767515
-0.00814056258747331,0.2135815097126536
-2.473885343966045,-0.9196312083379269
0.5239387285705073,0.6742239511667192
0.059935694278503315,0.15875526353747513
0.13439246149565198,0.35451604027404054
-0.8694566572174692,-0.32237199785397186
-0.2446343548067751,0.1886957893393333
-1.7101069607706794,-0.4477112713843078
-0.9642685974567603,-0.16229501168038882
-2.5522029384217872,-0.9015892971901953
-1.5107644494436177,-0.4342525783144585
0.3736385340033753,0.4027571008306374
-1.3572408935813307,-0.09718191287465516
-1.4251929979969682,-0.35604833825014126
-0.00454823223620604,0.44612853105113714
0.428064761059955,0.5899804557803199
0.24974183650036813,0.47918780300937397
-0.12322112117286135,0.13868125438075116
-0.14270916771804024,0.32131126619712036
-2.0499049821168294,-0.5530275746600816
-0.8377810848090608,-0.1621226532478409
-0.9193880511694047,-0.029765704007332944
-1.3319595999461047,-0.3822576193979172
-0.7662019429756157,0.03622585477899673
-1.6943116384802732,-0.6661228329473593
-1.7289366681768914,-0.6165185025596082
-1.1897266030221623,-0.31749880911545914
-0.9287773001233959,-0.14844836789372007
-2.7098488896262887,-0.9817186325286557
-2.7305398297496106,-0.8709296237007721
-2.9247515256847025,-1.2701172491371542
-1.6522558514395933,-0.5382142198783764
-0.14018009377794238,0.10106460463541025
-1.3808434983180895,-0.2134029596896446
