-1.4928338168451336,-0.4431690847951732
-0.7886213672200107,-0.10697845221479466
-1.1018950570509465,-0.14539894823789945
0.07293430016241553,0.45022789834182386
1.1306201391353154,0.8542976371050993
0.6813601562643206,0.7494538727700237
-0.04804306667425229,0.24039828629255888
0.6146197956976369,0.7389475503949052
-0.32531409646671394,0.09514264663200284
0.1400932505971083,0.4192312732579892
0.8271323249340934,0.7593434505812482
0.4842793424537365,0.7182304759498537
1.1698587772581384,0.8672129317774306
1.1549207448569945,0.9152197039516411
0.7805102380681743,0.7760979255154521
0.4880549517910584,0.5495259010351757
-0.9919413319353315,-0.2640618380816105
0.8230279646018016,0.6829922640305032
-1.074460317632012,-0.1818903695260608
-0.1963349917266498,0.2768504809272212
-0.8423320874257509,-0.03930149411686376
-2.044545001729372,-0.7385561414151882
-1.5104595482750651,-0.4809235225803315
-1.2493860745630228,-0.4718057601460821
2.2200098970546955,1.2868713542114336
2.6897744166091235,1.717076414796312
0.16359365539510673,0.39451841380196884
1.9409368429408846,1.1688556722908365
1.1757284591148751,0.8403752614295774
1.313983254086387,0.8307195716473836
0.6016318806965502,0.6015364806120157
0.6069137187974143,0.6648864513087733
-0.30172663736654626,0.22223200394847856
0.11487334058911802,0.3447515589719017
-0.37966083054976113,0.05196417294978715
-1.1898972317472483,-0.20827495543201363
-1.481594336270216,-0.5255379110466057
0.6589068316816293,0.6722778093753305
-0.5223603137289262,-0.06015212926128716
-1.16187480903521,-0.24104907263094474
-2.745850740035547,-1.062568638591989
-2.38141514558526,-0.8151399909241419
-2.8216785624819547,-1.1255768394698875
-1.9020660491051484,-0.7126062380086885
-1.3831318025836632,-0.44227443452277243
0.054423128758085304,0.2608798205652586
-2.6816796851455194,-1.0118126945689485
-1.2018263299064396,-0.4293504243952493
-0.33408149430706446,0.052145162226986064
0.20821669169813312,0.31176524682815343
-0.2550263501385154,0.20842641016000826
0.042031246940287315,0.4463161595638909
-1.0940866192183454,-0.3514934836263897
-1.1306952174087748,-0.46874811357364865
-0.8651067069142162,-0.18012114423927958
-0.560989955416836,-0.008382808807627509
0.07111084223120989,0.2676360383245796
0.6388517327272977,0.7951049712126665
1.1382094436975336,0.7767960147529016
1.590245834375707,1.10584268611723
0.42329453794572025,0.5514503811582795
-0.693011399788154,-0.04872238805958531
1.8123795365332864,1.0935776621797721
0.4472188535663034,0.5267473467655575
-0.8894192797002021,-0.07635867627082424
-1.4906895293923847,-0.3767016792585794
-1.1189085181781329,-0.41458550768401065
-0.22817523453762656,0.397053097328186
0.48025496684794133,0.4822073285303161
-0.468065100647657,0.18837838184769864
0.5404200954343077,0.6005037633328635
1.1657446632466222,0.8023557365631516
1.4328025579376034,0.9191338844620147
0.9602846881076689,0.6856100178804857
1.5379292369549327,1.0508416064411645
0.7682455885411261,0.7413228791708575
0.022290547682329187,0.18733476615681682
1.9661504314656206,1.2107173730835683
1.1238080166232902,1.088271770657662
0.7448532702726258,0.6442851975072101
1.628319532343427,1.0968581585853832
2.3168274942784635,1.3334878994427957
0.6283486468938669,0.4088288655331538
1.3508466226189624,0.9496160069708272
1.1361477721739026,0.9367700174850017
-1.0553380467265399,-0.31279070806900644
-0.19237851226984215,0.18600804206256227
-0.511257277224716,0.13758619553340784
-1.8649394646000896,-0.6922597994825188
-1.3028294016610118,-0.36113490386778935
-1.0134411938638381,-0.07339303368295971
0.5899634847907103,0.6526226627839877
0.9080994601539006,0.74979423843021
0.9619518211271061,0.9078444580084026
2.0966412589652563,1.5190630522095028
2.8218316202708804,1.7067806850827725
3.6051348103674528,2.2244845187893656
-0.22274077964239747,0.29501503574938426
-0.26215359426638857,0.2263958695706424
-1.524918821410004,-0.38902207101808894
-1.2156929851662033,-0.25656919693321745
-1.6454352406986816,-0.4460519053400801
-0.7577288507400891,-0.1318127490590686
-0.32294461830178645,0.14876158704151798
0.05521782201509173,0.2233349473340751
0.23985522933014733,0.41411900736958684
0.07938968252903844,0.5648487524633319
0.1066747544501335,0.3585623660999321
-1.0827069540428882,-0.18657283924324658
0.48935834873457074,0.5227891190384982
0.01369779164095386,0.4127025426863426
-0.11482160958428816,0.297154808962727
-0.5946978981031699,0.05074953565154864
-1.2640786380367983,-0.4305514438299496
-1.1430566003992617,-0.37056877178776576
-1.3404046795572893,-0.6015343301165318
-2.457584565937144,-1.0164454877968176
-1.7985022310072543,-0.7587552247892662
-0.9069674683835995,-0.08304393968185958
0.03505970863235042,0.3955892538464044
0.09390310645576469,0.45738098387471754
1.8299124808230607,1.2278027109789955
0.6631603365738397,0.45917087259088135
1.218054998074174,0.7585818635570242
0.407880765943228,0.58243460471192
0.8855996246340707,0.7983076238380314
0.3481343482337708,0.526821381827786
0.9492715704990284,0.8402419278406583
-0.43083130713868967,0.1322472325328811
-0.06661761692752871,0.28713347732073946
2.0407967840359906,1.4258021241731933
1.2219778567162258,0.8574144153976261
-0.32401834024527254,0.2257488448667921
0.18267533871866626,0.4882347657261273
1.7747869635512004,1.2670113735431134
2.1282486547308994,1.2997181299788119
3.1844208021372093,1.926515208968558
2.106083152189713,1.4568554973216745
-1.7171216424090006,-0.6036872769130648
-2.269264191082905,-0.7280383426338142
-2.231449979139308,-0.8377140543982324
0.4849455281731079,0.5077223155429104
1.2490409137119172,1.0253326789913653
0.5931106166395431,0.6730144923060966
0.5389585522610207,0.5900968309764322
0.5378260408882565,0.6403389794936014
1.7643389601827997,1.1282328016573633
-0.1879558847986662,0.019728065183385157
0.2900379323180908,0.5332402147701386
1.0078864351615606,0.9733826634451702
0.4068133346273653,0.5784837539185734
2.0473695219078474,1.2612497954453705
-0.10395809710010995,0.3129671885698313
1.3041829131658602,1.059980781722204
0.5350838381827441,0.5124296567522408
-0.14688846593489485,0.22525326759527411
0.8703760555655329,0.7902204897754002
-0.32470439248918603,0.214025725463196
-1.11444302518954,-0.6218262369271967
-0.8786871458527546,-0.22814332254572295
-1.3606219436752116,-0.3268265009199835
-0.23074433077204126,0.17913350459673952
-1.388429002272223,-0.3556911246345364
-0.8456391365703508,-0.22580716528677908
-1.983769815207195,-0.6489364616231825
-1.5274572907247488,-0.36397694298996974
-1.4514377453886183,-0.5274733764929129
-0.04705585727929984,0.06413628281944136
0.04497973002505681,0.44610394836939055
-1.308489696120612,-0.4009716738200292
-2.338828828263561,-0.8035654296958334
-1.6376540604325172,-0.5533173214750589
-0.8508717467661936,-0.15525550391418522
-1.7578422105701001,-0.537896011594755
-0.44413374493069524,-0.19074859633420427
-1.5777536732901605,-0.4313604076107567
-1.1379564053133673,-0.27468522768184145
-1.8102300797217827,-0.6947074452451952
-1.9193584483768449,-0.5899066827623483
-0.7968337467198849,-0.07800210183354163
-0.7675161462835021,-0.007588836822904163
-0.3110360338964924,0.034342419536194296
-0.9821532941761768,-0.14449466499243419
0.2659471839155422,0.3914862531008913
-0.5265362319621982,0.03949291242198481
0.06982107852713865,0.41452252727007083
1.1944581786016357,0.7933931370387606
2.8737994442795496,1.6364614061037153
0.592733398756026,0.5170926737464663
1.2818196932469803,0.9496348211880048
2.8084649293601287,1.7266315009887394
1.3103087493548662,0.9990613895872832
1.5830575899203247,1.099730872558737
1.1091161809169396,0.7761019036821041
0.16691011879991624,0.36842144196224524
0.6823434773877166,0.5990720784339453
-1.1154335906140158,-0.2992269071545769
-0.7968700184438059,-0.025771154454077974
-2.8766881356791263,-1.268876858851996
-1.6190543490148348,-0.3512344977522783
-1.6652575275747965,-0.4907283002609627
-1.2256863880702331,-0.3611489126287011
-0.44006171930469967,0.1388916560913631
0.44907765141020495,0.464146670163321
0.45200463571113997,0.5989043103368736
0.004410846970286042,0.37561665682652545
-2.408400933676554,-0.9926955372661942
-2.1764262528259657,-0.6278050049303527
-1.8697211730134158,-0.73102526050398
-0.6331986571970909,0.006111074443963582
-0.16819851778249312,0.21583453850788475
0.6965783133439291,0.5662243918383655
-0.2533155919503298,0.31610851025047837
-0.8853190734126344,-0.1557012442130442
-3.0288194325477886,-1.0876532860562864
-1.821586335656066,-0.6706038223640223
-1.4321991767226552,-0.33945473802486903
-0.1806975062961168,0.16625674750139233
-0.618816355539074,-0.0020856298067963366
-1.3948472399998173,-0.4386361025360858
-1.747347133834405,-0.5772906716731392
-1.7668926857704246,-0.4382388757668322
-0.21316045295199382,0.12335951022989787
-0.5665240181926023,0.17480340489696114
-1.3346273403595288,-0.4765358570558554
0.726923342913292,0.6841402813469301
0.5208531903876019,0.4479959617784676
1.0637508801495292,0.9773947784701043
0.26954457805630005,0.32387937914822995
1.4553701691086478,1.0114141689976164
0.002274401460240272,0.17954503022485385
0.03608247172241402,0.18990471205329063
1.9064898266332622,1.2481158764565519
0.7152053879994038,0.7067029783484466
0.6806884263427745,0.6440092164832952
-0.7655256462777587,-0.10793333971411373
-1.6196092732815892,-0.5974083357108926
-1.9277079276142173,-0.6774052593339207
-1.0355441865863242,-0.17964757261599118
-2.7867250019548853,-0.8991982390156861
-1.2542516804271275,-0.33889870631413965
1.290394557822858,0.8887149294033497
1.4734979445920708,0.9994517229586126
1.5899178966139988,1.12799498959891
1.8514063796052538,1.2367108234139093
1.1974052613085113,1.036076348646467
1.0374857567250981,0.7276315915881679
0.8066258421560889,0.6976653919165153
0.8904198377273099,0.619575273125354
1.0047681192104778,0.8619008004893206
1.760093607257394,1.2322927321575237
1.848692829611435,1.309030262022469
1.4923181806909973,1.0549262149357184
1.224836989518742,0.9677961150084224
1.0538876730883557,0.7582414498774526
-0.2279562495501274,0.06375167495874978
1.865348994418388,1.260792413010969
1.431195278755828,1.1498284023227459
2.3027899375789596,1.3468954428517959
0.30988129297008427,0.5786287180596517
1.6101760828972402,0.9824117412440653
3.2093477286356213,2.174394817358853
1.8469019663324244,1.1792334861259532
1.6614321609731366,1.1475119850530748
-0.7926713259446754,0.03174260486125327
-0.690365794885546,-0.03451640154378413
0.7075888100516081,0.5613622581547979
0.9770159844557722,0.5701635854917436
1.0440031265179488,0.6721243414797627
1.385206205805074,0.9472346004409228
2.06859302079207,1.4003744366768824
1.99904971755472,1.1627120444809995
1.3653088876097006,0.8723664385823763
0.7791386605557418,0.6316346381704794
1.140963454188268,0.8070214180342047
0.37798461891422497,0.555953909696005
0.28161145835719786,0.304416922798473
1.6523782801571831,1.105314334733854
0.11102609438577249,0.3133198096424966
0.8009860596228361,0.6843711251858776
3.062462367960741,1.8857783679834936
0.9205170332713424,0.8380875553904585
0.8010284992071058,0.6762387857893262
-0.063670506350892,0.23199298461079412
-1.707527798565086,-0.6091997630757549
-1.537927155701464,-0.45803753442597056
-0.6376116142006393,-0.02618782783697331
0.7389545947127206,0.592445718535701
-0.31571565843465177,0.03840261342697521
0.4508558711574915,0.4474042865743919
-1.2804976355951012,-0.360986766051796
-1.163474712591076,-0.3374634763899947
-0.9944445238960714,-0.22262715118129706
-1.5554395372229008,-0.5714521997637189
-2.207253192065425,-0.862527217649194
-1.6180439412385375,-0.5163876348348435
-1.6823487914518351,-0.5340470613151322
-1.8714318013701474,-0.6656251924840227
-2.8086564888634604,-1.1293381146912413
-0.46405351161319086,0.17588726037144164
0.2379028312955095,0.4764180603038926
0.8472330723431571,0.627813933296282
-0.2678653789390124,0.03607946408213661
-0.7720805975438494,0.01753395733699971
-1.514097079516115,-0.28842079938084125
-1.3475520125011229,-0.4984617859421263
-1.1038471025305057,-0.2337274353766046
-1.2322334189801627,-0.42225860867094084
0.7034222116433858,0.5779444254465117
2.46023261532733,1.4110555923076136
0.7498293272047427,0.8062300203879864
-0.3129355053561931,0.06559433406944026
0.8028609544353038,0.7398092045548655
0.533227367740637,0.5955440628301552
-0.05743391722446528,0.22996944800196742
-0.15731851338662572,0.11951190822584515
1.1532439039237297,0.7688067865539929
1.7132388007780475,1.2175703169796976
1.7014649858028714,0.9343861102143072
1.244660229628673,0.9051071199865198
-0.642067539700926,-0.019105296364907043
-1.4257938059552369,-0.30679735041476996
-0.6308351752017212,-0.031693192144467044
-1.8786529486069041,-0.5896045485746256
-0.26604682112163314,0.12048793363372792
0.4634850006017171,0.5810728320994955
-0.45475760199685095,0.10353867319891623
-0.33080598201223604,0.24374178134613134
-0.5048197626046569,-0.07731484239777328
-1.413426509472469,-0.3571836268457538
-1.9601021798873348,-0.5127852533296063
0.042194643758899364,0.4748617849489596
-0.5606985940871423,-0.07439125438818356
-0.15742714740885816,0.29629729424746587
1.036135234022324,0.8350063876606353
-0.5803090110581475,-0.044097330932569026
-1.3983898066122995,-0.536762886285541
-1.1280886247331932,-0.07500562682383735
-1.4367553219909541,-0.4292011613921389
-2.1042087891930037,-0.7076489001106655
-1.9096711484243039,-0.7310108923265433
-0.7534048129814142,-0.05260903349541195
-1.7887355282026571,-0.5779416164199346
0.2622536734201666,0.437003658360667
-0.2460898176902181,0.13241234135781232
-0.42753537837861344,0.2165402307789321
0.15077906720633139,0.30215886509512063
1.4075407199717251,0.993978712115137
1.9095996291250006,1.2851549468183097
-0.8798392836424249,-0.15198005706363865
-2.110856137966655,-0.9940059140821149
0.48699306915233675,0.48595520601005526
-1.347632030798286,-0.3989423548113758
-1.1117101502454299,-0.35776903325296766
-0.04832889255116812,0.28237366629032634
0.8177067960339545,0.6255000776849258
1.4475210035542014,1.1998597173814098
0.5563720518772595,0.679042501996199
0.8450651454639873,0.7000714077706572
-0.5679589343441767,-0.07895724447276836
-0.5709179026956093,0.04694838977188072
0.6050362347648125,0.7943929735898762
1.2736284262093986,0.9275558476282996
2.556217900998285,1.54731204495577
0.5845484308524642,0.642092785226037
-2.26470355615236,-0.8496319030046592
-0.9896424560968841,-0.1544263464986233
-2.652753753684661,-1.099048445561426
-0.6412847858867027,-0.17353408776309492
-1.4144627942297634,-0.35202774810296195
-2.0013792966599335,-0.8777453517241274
-0.6583479079701545,0.023464235812907255
0.4573756604252811,0.4750295876392608
0.314785374585217,0.34294906599273095
1.2033781689667609,0.9332824741748563
0.339083796426088,0.5586704554001074
0.0977468986727906,0.2707559858627261
-0.037401886198786524,0.11786812873157998
-1.105523337405939,-0.28037838921041375
0.025052752980464055,0.1161559133791017
-0.8544193179560283,-0.2372562053222385
-1.2288136615805396,-0.24067517260352522
-0.22869472056297324,0.17517329306648785
0.7496370563096845,0.725095019413307
-0.1305655849229509,0.3844876988359211
0.9407605364251481,0.8084034021375084
2.392068272233252,1.6021308475875002
-0.16894284429496853,0.25253637920038646
-0.6501481787933521,-0.030655857597205207
-0.8208233541914395,-0.08667223787821772
-1.003780002813217,-0.10744833424770826
-0.32770559301543284,0.050271381238572554
-0.24505054573408616,0.16163667116606917
-1.1340823500291273,-0.23196778896651907
2.2208013088422796,1.4799203816265074
1.5829444559001962,1.2406428409110115
1.4586801340811428,1.0617647563081016
2.6247844298203193,1.8095501363016488
1.310791435914813,1.0562400460509827
-0.6158016851645457,-0.04152952767813483
-1.0441438201911573,-0.08740467276107611
-0.5955545528866215,0.09694160870419176
1.2731758314482309,0.882168871564766
1.1342394922588999,0.9766011926180782
-0.12001256271112604,0.2020618319908466
0.38292112971038234,0.43170306610278797
-0.4355745924413632,-0.09090825938583824
1.026868468958932,0.8627583222858052
2.420917674794806,1.5676872647444626
1.7235137896441883,1.14015461099751
0.453379591582441,0.6462180708231394
-0.918763507000703,-0.03962084204391925
-0.7794975433878268,0.07790444283791725
-0.4911399374894503,0.0862745602436205
-0.2448040644758845,0.08569734618199817
0.451591523681796,0.6283462742839593
2.636173439862749,1.5920335995779968
0.24545762772562918,0.37077827224101784
1.2957641222573257,0.9283348150151
-0.145685520381986,0.05145141066797257
1.3262887508690433,0.8862029252872995
1.6361602388423773,1.2112668886876028
0.7433762725603987,0.6457484628856223
1.6948408751911543,1.1500178494742503
-0.2939160480946419,0.27970437142017635
2.747460902235209,1.6405514875755651
2.5676986228854553,1.6097777853066448
2.821153819413441,1.5653423079074837
0.4180496300282902,0.39651824402124913
0.164525771902141,0.2239287400927754
0.9198125083671245,0.8148522885521722
0.6458653049302788,0.6349924046309862
0.0017676482680283323,0.27203870513835515
-1.135168471815852,-0.3651846426887166
-1.0077841221304886,-0.26243737138201273
0.5569059969822521,0.475816509423657
1.915958359407188,1.3403224180507403
2.3858340971969088,1.4749043372585884
0.1319530395096482,0.3627199391728319
0.2630945620143086,0.44157147134625085
0.34425628449270584,0.4101929213295945
-0.42186008482407067,0.12308500723172972
0.5077203971930838,0.5097696345580294
-0.39522189035761796,0.16390783051306249
-0.42749838337041335,-0.016011374932727973
-1.6046056210717818,-0.5595059177252205
-1.2312153719689882,-0.1506196318388101
-1.6506234791162238,-0.6729872475893096
0.7812008412820044,0.6635422564722513
0.9233515598758192,0.9207135950231309
-0.24789607605431407,0.2420004944999051
-0.9340809018259788,-0.18120889359909614
-1.7830972007943633,-0.44327631849694055
0.022331087005834638,0.21417778334194376
-0.6597158908682315,-0.06930215824117013
0.6843007644417477,0.6448128405931554
0.38669246624534803,0.47797518171353365
0.510314023920552,0.4973021912477239
-0.5422083758390294,-0.09752368760675617
0.21670872416327203,0.5777364386081832
1.286501211727267,1.2303966140484626
0.9878748821069908,0.8953852130309783
0.4541142550993586,0.5545982297987937
-0.9909607121176183,-0.17081289555717183
-0.173871772055341,0.13332829083412462
0.39375091248733934,0.48286590125481077
0.05019993158145658,0.4113330381381033
1.75871221016741,1.2361107259963415
1.8870931770307564,1.242963269271163
1.4948188219263112,1.0077662334319568
2.764761941852232,1.7273759858547315
1.2869466357037131,0.9884469830473566
0.3389340785283368,0.5334822860848581
-0.12476975390596523,0.43209967533085125
-0.14932067983050998,0.07768247876950227
1.0290224195562707,0.8838906317572911
0.4370954459388117,0.5084356412791956
1.7150982476385814,1.0894203493270815
1.2552851964131722,0.7735772565920309
0.6083448330417653,0.49706745299510197
-0.41163387620909275,0.2642118559575208
-0.10349094905993639,0.3224763814825816
-0.828679021607739,-0.23372958773893032
0.3783438800434845,0.4342437724662286
-0.5760968819025649,-0.09206670323106186
-0.35001184375257915,0.1028654701030976
-0.009543385928567627,0.30520998940625815
-0.8823921405114987,-0.03803022382082469
-0.7788043958743479,-0.056350398198191494
-0.8110148963279841,-0.21407117911749776
-0.8915210099675405,-0.07664507370442569
-0.8040683453475016,-0.22920373406689712
-0.042122574289079284,0.2678543399965001
1.268235786715207,0.981735602846257
0.4710504274896989,0.364028276715879
-0.3564771477576808,0.04071136553023756
-0.24426321185727595,0.02161012243910887
-1.0222212148978964,-0.20139585863798024
1.111909129795747,0.9306164725952578
1.6768169149518375,1.0909955093804549
0.6432217766445041,0.4761229464088216
1.2361073931021132,0.9535290378697885
0.3183350804693661,0.43880036736103883
0.17305830673655898,0.47498677587267835
-1.3422257763255685,-0.3212039700906094
-2.216640036283762,-0.6939821075518329
-1.7036435381161388,-0.5433107814761553
-1.987403953385791,-0.582654809572831
-0.7496029391316653,0.046883443360108884
-1.4807712763115106,-0.4165998780573465
-1.6048964312911371,-0.4489772442656195
-1.5873869026000837,-0.40209117742906997
-0.561277997738042,0.0302870656838552
0.5558090871050516,0.5979398119209003
-1.019980845931993,-0.1760631687649975
-1.67940450726247,-0.4379156698202951
0.8347332442009301,0.52895023196469
0.9691152757340902,0.6937342122750555
1.197864569044662,0.890625924872476
-0.5965788484726052,-0.049604537114403324
-1.226186097475563,-0.27135638847410704
0.536156010982816,0.4889251260105958
1.5806575639477916,0.9370255061879447
1.6476884266404106,1.0942961525860067
2.0209888586181703,1.113872950424487
0.9957985329044022,0.7806164844347976
0.5763634391330603,0.5716438505335028
-1.1876598403311651,-0.3048584539400992
-0.042729178874751916,0.31026100538128587
-2.0875066538816824,-0.7837404854776127
-1.9660667662226516,-0.9185187530073046
-0.7081337222806573,-0.14904126446932842
-0.5839120427482267,-0.002212637969268471
-1.859674390330802,-0.6046458929603572
-1.4880860600093655,-0.5011053855296473
-1.483364322412591,-0.32042176083914076
-0.4348204780613868,0.15634713107612008
-1.174525391324925,-0.29457573349801175
-1.7248458590015285,-0.6658277591488553
-2.1416119737717554,-0.6946346328895409
-1.553840034694587,-0.3077522917326359
-1.2101072533640245,-0.2882314387937368
0.07930421138507848,0.23183564805568713
-0.06385161063883911,0.3215331424441539
-0.4313571483178483,0.1652085160034013
-0.5519936539124671,0.08768123597614279
-1.1444954840602253,-0.4126563040374039
-1.3375819538766809,-0.5319418251693511
-2.7857358065981668,-1.073354889405983
-1.2867716037857195,-0.34031145764681037
-0.8169690441753668,-0.0031027406114993578
-0.8955347886154832,-0.09691968459478732
-2.2066739166456855,-0.8899269207598839
-0.18752937215322263,0.22313738648747447
-0.7463775689164975,-0.11070698753630132
-1.243673626081608,-0.5376191537596969
-0.7334330013513172,-0.0398471334608486
-1.3681713693082123,-0.5072957290748897
-2.002723056354888,-0.5452212141639786
0.26747567088237933,0.4470822753812681
1.4584213166867095,1.0497461376452673
1.1564974379198678,0.8428737655675257
1.8784188279327765,1.1917827788584627
1.2181206954696318,0.979012368978848
0.8913058838009641,0.6828438664021009
1.7798407398617617,1.2364753640603314
0.016312551548637977,0.3127247663362218
0.666162129073999,0.7533428205367895
1.5143636493066608,0.9193102971786798
2.42383285889958,1.5385245945735067
1.3140695462497636,0.9285302244279133
2.504089818225826,1.6764493523346697
0.9713284464552944,0.7410037094975132
-0.7121882048625121,-0.230231597276792
-1.2567864366616448,-0.37812476659106387
-0.7064562657001577,-0.07634617438885138
0.6302677683029587,0.6624444128255429
1.5671968850691398,1.2171685067860534
-0.5623074843755749,0.0821247749922117
-1.8367300257424581,-0.5346352344438952
-0.6515007771505323,-0.1508060046742671
-0.6423616052383911,-0.13018870991136788
-0.5913910345846228,0.15873015934695023
0.019834432344510433,0.44921058729471874
-0.6404865416477237,-0.16594156980216176
1.3371387798673635,1.0444332849210727
0.9000232347432531,0.6865974769430877
2.0223608443307377,1.0821893366903796
2.4549766927996037,1.4088529287122316
1.6652503296333565,1.1205978723455878
-0.0583151810929341,0.16491741787842987
-1.484194333389902,-0.3333654721367766
-2.557100377299481,-0.9488729156942243
0.299220044497865,0.3731575945335011
-1.1420294588886526,-0.18820404207069236
-2.6930246908179396,-1.124899717378467
0.9074294805731133,0.7450056640209423
2.1479964069262616,1.3342620321796466
1.9077617933320639,1.0981356839513925
0.9081833990070991,0.5388615649866461
0.7381274261481093,0.7017092327030892
0.389928559565581,0.5399348097567986
0.7286472200213433,0.5942106816460531
-0.4842103608799172,0.20124273280002125
-0.8893462256504538,-0.16250871012619922
1.442994451676285,1.0600273669466111
2.394601787056539,1.4289444987107045
-0.04144035325079942,0.39289635214988844
0.1102462499928424,0.156886184852143
0.08719390732739228,0.44835578098041784
0.7868549502927332,0.658693520386176
-0.00511231864775874,0.18508461314091257
-0.6332508408425621,0.10322056814653321
-0.5255312627933193,0.050687007721283046
-0.30069492670539927,0.07468655507259367
0.09160667776210091,0.35293201277448455
0.303720949153596,0.504538523221619
0.6698427088117,0.7071012011419994
0.7964435209288848,0.6899816802288761
1.0831274414338923,0.6700845906748827
1.58430357761222,1.0750746221571075
2.6860013426538187,1.7626985158171606
0.7542989336025447,0.7146694490212699
0.8238482048387981,0.8630028944596835
-0.615676054658689,0.18141608843582674
-0.7637075785791119,-0.21582811457775974
-0.6688673993313814,-0.08750966667681837
-2.0263500660986504,-0.6034044867410175
0.07730157045365482,0.3036951210526262
0.38150438532795117,0.4970422753706701
2.5745824510588124,1.5742932345797223
1.6471456974060943,1.1864329235928226
1.1948305686383944,0.9169917136299782
2.4597832356638967,1.558322026419011
2.5168558025734975,1.5248428892199917
3.3866700150018048,1.987745389305417
0.47088918377959066,0.5827199987179492
-0.24819471609257826,0.372608956257531
-2.7503533089483594,-1.1442904188264247
-0.36504777545897604,0.14773905265564008
-0.6439418891293442,-0.04490100745290447
-2.4457383911885517,-1.0381568378409596
0.6626637015478594,0.649959042680016
0.8111605437713187,0.8125889440112186
1.2133006718471155,1.0268463198779516
-0.503405838748755,-0.07409706180205759
-0.46409257959864236,0.07751487529295968
-0.36560887706331857,0.1612965671528102
-0.8974728544822426,0.12727292301248955
0.24392781911555061,0.4702635944148968
-0.9688130540293763,-0.1973557666602872
0.200617478859334,0.2982252731893133
-0.87940419787024,-0.0059945410651714715
-2.4711119097250522,-0.8303907246295906
-1.558846708651408,-0.6505115907125323
-0.8077182622136501,-0.2293686974333832
-2.762358735300984,-1.0046549635372104
-1.6176976620536543,-0.48291962904148367
1.0463995923236606,0.9845373552888927
0.8463617984695592,0.5780698246960426
2.4269907776254627,1.4741073426389462
2.6707999219753393,1.6568715817740147
2.2321408092337216,1.2876653495413557
2.6111211466406705,1.7230667978420038
1.2568654031200541,1.0063282500012303
0.30601978530829943,0.4604004977468304
-0.7196693773394627,-0.11715513626297921
0.39690974790495936,0.479509791298824
-0.24728051514522786,0.02691591789356293
0.036645101437560945,0.2575516336028907
-0.5471948926015691,-0.03215175542502673
-0.9254299020353712,-0.2228738441211357
-1.0277615677110088,-0.30464677642329924
-0.015454346154596288,0.13587704839466253
-0.44549372867176257,0.17389219652877339
0.6329581746254163,0.529173239324064
1.5412118524909522,0.9266095871306975
-0.7237988902420872,0.05402428998638281
0.4404399420277537,0.5040614796652344
0.37047500927472676,0.3741443505346055
1.2011673645368288,1.0631498786542486
-1.7540193757387037,-0.5259253572689626
-1.225015017938656,-0.4269275181448844
0.11567597692514564,0.4501495882616533
0.28143762570922276,0.43452144103031826
-0.28173963014254455,0.4682138994567223
0.08265465591867133,0.48976767530943877
-0.15074138951881255,0.12507965990616843
0.749543597815823,0.7367684315701407
-0.27492847288455713,0.07326534865218987
-0.1373832773079054,0.2203914823471979
-2.479216512169947,-1.0427886014536394
-1.7739638092843262,-0.46855134223972367
-1.6245144288602154,-0.4613742075907775
-1.7502665278601883,-0.6783681904706356
-2.6655911687059435,-1.027855876919773
-1.5488677219290308,-0.430385432621995
-0.9322779953979216,-0.13304618833710607
-0.9223846940893072,-0.05607290789955598
-0.8350890863060436,-0.0333734422419423
-0.7820598580240752,-0.0785384599231032
0.05736297689962533,0.4143641807207953
-0.4507218613053937,-0.05667448127319724
-0.14588259648233592,0.12054936573372825
-0.8580237504145104,-0.05073463546664514
-1.3513347425304572,-0.2617709118510444
-0.5291861376092589,-0.05805837026154562
-0.04817051019897195,0.22740048296431858
0.08555255012564508,0.35870574789730386
2.265997939753511,1.5430163331887001
2.143895742310392,1.4277868981397093
0.7764663383195136,0.5825728710889794
0.09328314390088288,0.38069078224506814
-0.10205503187275365,0.3836581047030476
0.7088670879104466,0.7466884841800577
0.8062861563924177,0.716266492675004
0.3835761264248072,0.4073431534538296
0.08214189337898531,0.15214836749380475
2.0460036701423197,1.6313607044245009
-0.3035763483112317,0.3355394324117614
0.9906392480719736,0.8066278643789131
-0.17229418563164534,0.2170149324277377
-0.2360523892656014,0.1372401481980588
-1.8831682655938902,-0.6251131837849765
0.2251035774943988,0.2455523941178483
1.9103575822688112,1.3309160098888926
1.2867652239769969,1.0638952942286126
0.4957688673039899,0.528865453799438
0.19307656256463146,0.2909422358829631
0.27843371238662296,0.6124703994517171
0.8125519820130152,0.7564164145133997
2.198450910826721,1.351239696807091
1.457584199375916,0.9437987433439704
0.4081549717026901,0.5426260671463965
1.5675846154506394,1.147459241373414
1.77053817723284,1.1226591416300118
0.363580143891333,0.5116487368753188
1.2887292651052074,0.8506232077428113
1.0484297396408,0.9333829484022791
-0.9011225951008021,-0.13497126569225565
-1.954126993617856,-0.6138621323355008
-1.6578908867839148,-0.5915740056465196
-3.2104592478457086,-1.5091090606981403
-1.3301398216811764,-0.23782638951741847
-1.7588202675147127,-0.5548318603841421
-0.597269252540297,0.13626526772407413
-1.7828069576829315,-0.514529595754677
-0.5337915099333104,0.02957965330846707
-0.30716878281379534,-0.001889461097973888
0.05797473276942222,0.2662386250245399
1.217990936218556,0.9976593008605202
1.0669078810237989,0.7578305817360502
0.26139463268715435,0.46015959763361286
1.9410975869438358,1.1708017085069073
2.2897434336041833,1.477168086339332
1.2407157011847034,0.7232829795296782
1.3192719474090557,0.9105440834032931
2.6834492068240063,1.701297952089894
2.243353986939094,1.3458932773526784
1.3553273723589714,0.9957093161329821
0.11768512537953923,0.4019319324016806
-0.25652899860448136,0.1210619057162036
-0.40128406929415555,0.1701631699520542
0.7360467736206332,0.6544280069375829
0.6335261089710582,0.46899504627670496
0.6696378455438506,0.5211055806893485
2.5319936479264293,1.4573622519762575
0.9269254619152854,0.6132385113834171
0.07938619675562397,0.3065342536770891
0.8994877396685702,0.7699751456012836
-0.017092096259660794,0.18595203503366958
1.0881506944468033,0.7251003951736388
1.5203683528495755,0.8358346782124166
2.7690787732806665,1.9529347371450128
1.154349550724367,1.0282164410890737
2.283223315303388,1.359063415614804
1.5376035198770923,1.047678540422777
3.4205658741218192,1.9533208520205034
2.604161913447739,1.5329534125337405
0.8617838772762106,0.6104180430826674
0.5509797200343903,0.4547924938739316
1.0637237259016916,0.8197765567108254
3.0392919676779524,1.7592329592351286
2.2022228180503767,1.411261017478629
2.171856709243855,1.3917836151373335
-0.05568368177545424,0.20477531987209036
-1.3487299256590837,-0.29599241350649347
-1.564405095918688,-0.5456343121466036
-2.9340011328631355,-1.148820877995311
-0.6817470368476075,0.025285745637113208
-0.7614481953729264,-0.04201128967165486
-0.3408308481531335,0.15407302031919928
-1.5426989174632264,-0.37623013125597904
-2.466299832795131,-0.9561533623639586
-1.2828690819934472,-0.46995498127060953
-1.2753013032707814,-0.407836301914133
-1.1744938580849225,-0.10522705430301699
-2.714560165899095,-1.0823823236020045
-1.0488624647057243,-0.3528131430177581
-0.8752585047309906,-0.2796390966243182
-2.223593243121767,-0.6533001126952411
-0.4801955967118581,0.05150292891067457
-2.6201732355921665,-0.9304221919080097
-2.8712232213265008,-1.0000198906154119
-1.7108100903772918,-0.6711220291569618
-0.3483353544405393,0.10067848418769403
-0.8739082384972174,0.03783700330413073
-1.212198409678738,-0.2966883016251297
-2.358812034863588,-0.7852292452468527
-1.6651936435513248,-0.4622456508576043
-0.6045849999937605,-0.03482613053858951
-1.0102517869915328,-0.1014317764052321
0.09403391300123143,0.25646861134208265
-0.7021336474401015,-0.05501618127369792
-0.9348054669181165,-0.2344756045087475
0.4577019384930262,0.6370755051349738
0.26669751733856906,0.4760771655408976
1.7148722255815776,1.1768790788432988
1.131392980936419,0.9291382280463079
-0.6196242121714679,0.08257845492690237
1.633636216939246,0.9811035449182243
1.1192535298209565,0.8208835186117712
-0.039350148276804386,0.2302698303028426
1.653371758048728,1.2178954461274865
1.9904211053049474,1.4911400813753866
0.2583850588483869,0.5197668196509468
0.11478311050046755,0.26476127751035206
0.7939329574474009,0.6296732413024377
0.921354890396237,0.7690627329873629
2.876646913641226,1.6424037023525189
1.8528146479196674,1.2725607257344258
0.8404157290240912,0.8100914950450768
2.0613223558607494,1.466974625888711
2.784150688817728,1.8050165844162098
0.3561705151989689,0.49478814728269316
0.04713489747580074,0.25018414358547014
1.3854711997036135,1.1391019468524137
0.36285415807991617,0.6559183132469604
0.9774338356413064,0.8266895336382359
1.978994991372522,1.2358069840277093
-1.2954452795718687,-0.40701553726844564
0.07939622000443203,0.29582202270337066
0.6434602592947606,0.6577783410156638
-0.6403503832111751,0.015825997347747082
-1.2294793287948775,-0.3346771828804257
-0.7366632840909828,-0.1380951360393909
-0.573548352983937,-0.0106004416702381
-1.4444350164883697,-0.2518937245528228
-1.9016918954378994,-0.47961277784477196
-0.653002953930232,0.005530473983393375
-0.5365047368759557,-0.06572240759701037
0.8777166785055405,0.6731618530448306
1.232002524443828,0.9424812407982011
-0.32308497693653226,0.25127433963773393
-0.8598915188232815,-0.2539688352861764
-0.5998727643150104,0.12414078341741298
0.18902013224802694,0.5200893216044988
0.8092135927273786,0.6102647017875322
0.9358318868994482,0.9034605089161999
-1.6922051433500929,-0.41328046959666354
-0.9173774591798742,-0.3304849264843121
-1.8357769383278164,-0.7752029271268641
-1.6814206360765054,-0.4731082539323703
-0.8085808097140187,-0.3167762972296383
-0.3877436817186084,0.06802055442061815
0.8281887648466699,0.7263894422898073
2.572814876440691,1.618494960825493
0.9044794843257242,0.7215353339537176
1.6421215871660213,0.9503907766163724
1.5396022128335805,1.1163013973431009
1.1167622389150273,0.8708451762006857
-0.17265851065131677,0.08237566700318055
-0.1742395474554244,0.251747690742144
1.8204193257134225,1.1396169923851136
0.8465375549379524,0.8062303669687688
0.20485731900675447,0.36854339678045483
-0.356243662887729,0.17402694976062977
-1.0132872489799063,-0.1934987971481656
-0.14344625787056753,0.16421445042110835
0.3830841786497957,0.5576639481549098
-0.7244365081937738,-0.026982955731548137
0.03592552015108874,0.4045102087494135
-0.10741430661105189,0.4133415575771916
-0.6756014946287232,-0.032543993292874274
-0.6262367500846114,-0.09718479769382574
-1.8040917010905066,-0.519897348020685
-0.007852820816085293,0.2707440744387166
-0.12396448437707439,0.22820316746694144
-0.5253415381104511,0.0811011566454464
-1.1603346051702454,-0.20134798247586894
-0.11168342830206912,0.026209916364853758
-0.3504446216258603,0.22879871319510792
-0.08188672481410147,0.37445553640114065
-0.17750228804259263,0.19635030285455554
-0.17509370790424394,0.3431094707165656
-0.3163883623794932,0.16232922173183795
-0.40013706252809944,0.0535006193887014
0.3758850925926252,0.44562616040271397
0.9114605850346926,0.6580970165518825
0.3255903723619021,0.5180358398034137
-0.2336360963002908,0.28820891137123605
-0.40839611328920566,-0.09718209695562219
0.18268563430637186,0.31316706940966055
0.26576365652308215,0.26244905414030906
0.21273458656316835,0.4568815515490705
0.2483628100814581,0.426681649395679
1.4559764789981073,1.0395712106716364
1.1533341433992665,0.990026627348536
0.2558974197543512,0.42203269376720365
0.1637228266322068,0.45902740090433536
-1.0209594205452401,-0.3144011981522682
-1.4600000697875144,-0.36302234594242877
-0.4470528028523678,0.30751784736681
0.19729357433821892,0.46489232824746995
-0.4488315693716516,0.09320845619761346
0.9509963924608091,0.9813034294909337
-0.5724923473228458,0.04808576965614293
-0.1461325292052521,0.21965933305230315
-0.04060860160471243,0.2607567278059288
-0.4407056909259687,0.2069008278749504
0.2760750842030235,0.5654036321889038
0.4003874827559592,0.5962138039178507
2.2359919788407927,1.4959249615048473
1.7806031477963793,1.2500268737620197
1.3710069788521644,1.1251635392328916
3.2320364211862183,1.8934675862508596
0.17873737214119156,0.30851941169893765
0.5575165321410035,0.673452631011189
0.4679067219436127,0.7467875547981427
3.1414375823783844,1.900594772466914
0.8595750155476577,0.6133636495286999
1.872481934086143,1.092494743815141
1.1483427141250386,0.810750761657257
2.019590853467754,1.2917271770895913
0.665681747144137,0.7664822985947422
0.27379061704636476,0.5036193210488694
0.9730659382470812,0.804545590747465
0.7810892506495914,0.6584746936455043
1.3309414931828973,0.9353227189115805
3.156323749519495,1.703548641354037
2.3750558408874274,1.5334447795537285
0.4802715038388051,0.4559680692337977
1.3396988574620181,1.002529215697459
-0.30816823279023176,0.040663698213921684
-2.2958436637984057,-0.9677566789450401
-1.1941013453239482,-0.26992489638194433
-0.7595105655805454,-0.2186092617754629
-0.8151688982749202,-0.2084363750119717
-1.6801251574809866,-0.7959089576204166
-1.7816911132345825,-0.6757930715976068
0.9616028051277004,0.7685038356120008
-0.15969138274408046,0.03481317364065678
0.4454634246347054,0.38960420753834746
-1.5461969543183154,-0.34636465645568504
-0.31565574120633744,0.13497155049198667
-1.2214218777034582,-0.37595971429952213
-0.7150697638939212,-0.11120104980125547
-0.06695637700372226,0.24265036575248222
0.1507751037685396,0.4163259883167903
0.41878329244377965,0.5612800505128764
-0.9474356375870574,-0.3220089768255844
0.12383586035449523,0.43100477293114564
0.6218117565936548,0.7009289134016831
1.1405600048274802,0.6696364476060706
1.7618077162415107,1.40244213583274
-0.07676253073073203,0.243341481288684
0.4961949121915802,0.5672019540369386
-0.9461622681654431,-0.2352359305632222
-2.081001749343102,-0.6280429188246626
-1.4374202192359289,-0.19041970680640138
-1.1932478981303398,-0.16512068927232412
0.5376562831952351,0.45886986643782296
0.4608074160164301,0.5932095190504698
-0.3988498476182932,0.14578347599403885
0.28421007596549613,0.5795184770607085
1.312201932409566,0.9284241415100005
2.450374887702127,1.606696313269441
1.6259193961088227,1.0390545346326512
0.8844428222609915,0.8663144283141212
-0.6596390082488159,-0.10157528322741398
-1.112119828058491,-0.24317858381491772
-0.36994577828513453,0.0968779198906932
0.5756832712301456,0.42283724133725553
0.2430785664194164,0.6373654465169168
-0.35706627455640316,0.060562609930032596
-0.7394535696794149,-0.1700770269577363
-0.6471764221036318,-0.03178026923313021
1.2176112896564868,0.7764246845142024
0.17896137657618683,0.38294958283624564
-0.07795850717865954,0.17832964750797373
-0.3934742814374702,0.16930518404664813
-0.6032246955037455,-0.062413361343292395
2.6263849753647133,1.6303085789373701
-1.17135799262203,-0.2247856463650679
-1.2237415581509443,-0.453334589066921
-0.2055347290098054,0.029207932781647017
1.1920880916023802,0.9588445096908659
0.6585778739145354,0.5826489077826414
0.8107017972479968,0.6168057954485009
1.4784128485886878,1.062039525641058
