0.26468464304439177,0.5362031674090374
1.5413328092830278,1.264411125791123
0.9128553223432174,0.7636969118980145
1.3436841034910616,0.9690755804901952
0.045262552066842376,0.4396306089264165
0.9652955773871055,0.7908075581432139
1.9206822394237735,1.318763099871962
1.6791707629796748,1.1209863500740405
1.8610093745151333,1.2422025974757667
0.8044288530263606,0.8834971312341726
0.9162332057711113,1.0393329726092337
2.0622521010567385,1.440539563587066
0.8506267456549041,0.6813458265301561
-2.19972426654421,-0.6455145649965526
-3.227770882931119,-1.4340407779264044
-1.6848258570934402,-0.5978205330329115
-1.5839602973626117,-0.5848479160347684
-2.554629213560383,-0.9196530851407171
-1.252368808645177,-0.4900612482406006
0.37382665971745566,0.6356629881919077
-0.12500802350111884,0.37319989000378695
0.744293916345658,0.66999433952498
0.4901840677585301,0.6522554947415291
1.9141404466777674,1.2142656308737259
2.373905000168876,1.6538643470504082
1.6444061620056276,1.106761320679335
2.5858012782086464,1.6151091719401702
-0.13466317514916182,0.2316450754923771
-0.29529631877611306,0.029645072998383037
-0.38196870824595336,0.09018658894964642
-1.4949140164997514,-0.35966904977161784
-1.5533184217358285,-0.5206022781180278
0.016925725025905836,0.3066672718350717
-0.5451935536552566,-0.08830473937368882
-1.7478960063754458,-0.8429481572025985
-2.6772458209338774,-1.0345857710598934
-1.7118919961625594,-0.5479111705972299
-0.14910763413226635,0.043911761162114094
-1.0012058775720467,-0.1302568028748673
-0.08247184869514357,0.2332099028191776
1.3735368260459597,1.0168602468681964
1.3521230453537072,0.8619514178344577
1.597464721504652,1.1642471708020485
2.0190081973877128,1.207093434537114
1.2638432873450778,1.037344441989425
1.9484485644664127,1.3428478272278068
0.3078872768222073,0.42626365438868985
0.38589981168307874,0.5210218625376136
0.8644026265195757,0.6190149937658549
2.0292695830377108,1.4008683138676095
2.65343302013562,1.6839229567451635
-0.21139028548997296,0.15510539979150562
0.6908219768905252,0.6823770072659634
0.7774584645711364,0.6695741188606763
0.9662722810074595,0.732069704542301
2.2712172165486075,1.5031705489863587
2.4583114115007723,1.3870573055480293
1.5700879934345373,0.9853337077501267
3.5827754148091966,2.1243522308134337
-1.0059808602939857,-0.20795340778757498
-2.0327378019001197,-0.8787820029977869
-0.2541220281641329,0.17340886157451735
0.801310433472107,0.8424349850268474
1.7435259381324633,1.2309304608819025
1.822894565203779,1.267111076835302
0.7183324566953422,0.6505969509939762
0.854432432153957,0.7589385304911483
0.9706141859789539,0.7315016737022619
0.5171592063921873,0.5733097606427521
-0.00221836339470588,0.44563354872615046
-0.5976665959598859,-0.12131335848907995
0.7302046387489576,0.8428740809840215
1.1942947925004153,0.8707286287686353
1.0055155820074173,0.8532275823748185
0.35458079887107696,0.5492992572716578
0.07938735901412691,0.32503386535377893
0.7652428662865598,0.7331526879969944
1.7092156152681675,1.2731512412394341
-0.27647532897253746,0.18016370749075158
-0.3106507259266651,0.1527950936870291
1.2521795388764736,0.8036962871485106
1.1771985277007162,0.9100870750560807
0.8601674079786498,0.762745161716988
0.6858777761159518,0.7223362976058547
0.4430160670786943,0.44561626756242206
0.49475622909541683,0.7303707298126707
1.4777576856200552,1.020421201340343
0.5267235978988125,0.5346307059373205
-0.8630930844914426,-0.03914593957118301
-0.9347994543027709,-0.2052857520746976
0.9997136588947577,0.766694610463406
1.0576750522446892,0.9409740880838126
0.8839061284249583,0.5753475550523027
-0.1655864823584169,0.17179879297533193
1.1991898674899366,0.7849786691010756
-0.36608092859647823,0.13227008263362036
0.7475752721028754,0.5075093778401034
0.4619894988607858,0.5772223679791713
-0.030663853491472826,0.3584205935358893
0.4796887234432771,0.4549657620329836
0.8084798854999449,0.6254212986222165
0.6744274558747426,0.6147229364768416
-0.6426763486685684,0.032229557124734756
-1.3927183772009322,-0.35917821053294174
0.008193509480681427,0.3098484378719551
-0.7503559201694648,-0.18095709447537128
-0.9384265329631079,-0.25007091332289255
-0.9239127768435853,-0.037682495340036815
-0.966232420648937,-0.1489565501686565
-2.224443086939988,-0.7499261016703705
-1.264787281394568,-0.3044586772012876
-2.6033708783020546,-1.0919482290507045
-0.38755923623819544,0.11181707839097688
-0.5035722945089496,0.0598498744443148
0.4062583808525294,0.49230085095779025
-0.0238732066613766,0.20681627349617765
1.8403158611002186,1.2172484678727538
0.38377799691985814,0.4628131516642026
0.5214470993949222,0.4925138435965116
1.6923660255504585,1.1908245943593132
2.508945671245101,1.5724951640947618
2.521805537261248,1.4510090215462268
1.0981744337135866,0.8331480860915724
1.4054995623701385,1.0781206013298266
0.289714968472532,0.5146727217847544
-1.741280657458185,-0.5507224873054866
-1.0361120166356335,-0.1933557248851732
-0.01566416071060961,0.29982425996334316
0.389576519740903,0.46385467502684546
-0.7865635318618307,-0.22605776249852966
0.5255084814019324,0.6284490757879547
1.3098509820436803,1.092348259323758
-0.4483801872039441,0.13817721165864047
-1.684564716403398,-0.6034769501391439
-0.12399701844162703,0.16058362431746054
-0.1463980288459204,0.3038608043294875
-1.8479238280680401,-0.6215380866627193
0.4980972738771734,0.7611654646384509
1.0297757115791404,0.856356274180262
0.7374219167412395,0.7614926718019668
1.7008173869736596,1.356626498081771
0.8996745006884456,0.6734559703699311
0.5600085503088218,0.6155423350870811
-0.04475640702440986,0.4233783319329362
-0.1611582229846562,0.19161520390466374
-0.42402443414378005,-0.008262379924132285
-2.1689942925009733,-0.7216055201968399
-2.431747181644117,-0.9449404249998329
0.26341475462533515,0.5302674981839852
0.31501802235684295,0.3424494859221904
0.395205472312535,0.4885930301326212
-1.006972030317444,-0.21007965909429943
-1.8683561870383163,-0.6786630791570141
-1.0772620750239925,-0.3017727736057861
-0.3817715689929596,0.10394714641935919
-0.8449922924512407,-0.1606385196369911
-2.532679321776153,-0.875737742192887
1.4627893094832425,0.9823463169362385
0.4752994837662456,0.5405589912494773
0.8399417563286404,0.833885396856316
0.18710057494471988,0.4494961860328583
0.3495359975876342,0.6242410740628559
-1.1916944907325995,-0.2496775288431824
-1.1558059155667806,-0.4180665249640967
1.2815649968536649,1.03182715916847
0.8823215632116712,0.7272439578310983
0.8826040163513768,0.6810309606523987
1.4915976920628817,1.2034438881998737
0.49857743750597144,0.6278318673441318
0.320560056472148,0.35472028160490865
1.747201619627058,1.1992327687091366
3.1743014262250266,1.8783268793010819
-0.7091633767353183,-0.2271020234899531
-0.7909862433041116,-0.04096893111183372
-1.0193617775907509,-0.30903582260341
0.02384472757990619,0.12475989246034297
-0.3106588073980667,0.21979162630367183
-1.3049001881955773,-0.23846940686142926
-2.4130362111966557,-0.9256935944638811
-1.2022740923872839,-0.24708345649758434
-1.3131821824142444,-0.26041472047469366
-1.2732079451452987,-0.43433742400926656
-2.09148963644625,-0.8665846070685862
-0.6225627974504092,-0.04050822290713633
0.32685397345565526,0.5273591799481507
0.5693637320441627,0.5680017836820679
-0.974431160735198,-0.2029964862432833
0.4768096418490957,0.730869275821266
-0.3809940507358613,0.12375530206936403
-0.3575846654435457,0.24667686548356257
-0.3703343762317773,0.26212262919573626
0.6568821333174668,0.5766606941357624
-0.8785797453308416,-0.26865585594057245
-0.865495162316242,-0.01926170721613467
-0.07307597496953533,0.15003294635779524
-0.018279360956966598,0.3430044608843318
-0.017323147809260597,0.3269524584276181
-0.36227741785124873,0.06302494424708044
-2.133893526536319,-0.6692381458704808
-0.47948653647912476,0.004983963655201679
-1.7294783655618768,-0.5938952933961184
-1.7959849093172822,-0.5566035047312468
-0.9943237752250086,-0.11447945016605528
-1.5449815521399657,-0.4683169223190517
0.23539093719036785,0.4927807971085962
-0.819840952072295,0.055502662766672484
-0.45876004684244764,0.06701993105236179
0.10688115594416175,0.44030830611130817
1.4987334253365248,0.9033338468643989
0.47095666111334034,0.6988909670491064
-0.14790078778617494,0.2590599857225801
0.2883766598297728,0.5449872985711053
1.1547036797472572,0.9967396539079258
0.3839028785962338,0.6887889868230195
-0.7821220874038236,0.04597357637979185
0.2752755702609424,0.31624137856564233
-1.5078601836206422,-0.5319473354579934
-1.8402437587291525,-0.4311537899755645
0.25258251999392045,0.4017241903760217
-0.43786153270319633,0.033174650741888544
0.6223871429744242,0.6122099362723822
0.9036897561545714,0.69621687081512
0.418886996538872,0.4125203590838554
2.247628491383639,1.4812192270653672
1.777725162305626,1.1338675693371558
-0.027109361121076203,0.09229697681087051
1.7842534273486008,1.2488796854628037
1.3584807560393928,1.1176228764494849
0.4169227419385685,0.4290654182107497
0.950590355781193,0.9001348072018261
1.2190551114228638,0.7468872103272846
1.6874200560535275,1.1250800738633586
3.2272214406792328,1.8827170110839664
1.1228631749801454,0.8489729537251687
1.8095189885189897,1.3343291187731143
4.308506348597738,2.507181041371094
2.015528837139192,1.2627843511657724
1.130907076009012,0.983339866575503
1.2104370202237547,0.9906453193589697
0.526855940385542,0.4609651807283808
1.3962076969606119,1.1916542675453954
1.129289609433216,0.9654695718169544
0.7514476706171488,0.6899619628718782
-0.552457835935337,-0.1094767988876458
0.005969433245686995,0.3014382204603103
-0.12442605945727027,0.2593957890327326
-0.3122085710206874,0.0785580351330531
1.0332717889838487,0.6947362972418824
0.7636312350669687,0.7505522280874967
0.39035892306769987,0.5267117909208004
0.41871955188569443,0.6399071530592999
1.2169396617629111,0.7608192032201525
0.3794671578219333,0.5740616641561759
-1.3205596009717084,-0.39105432071515495
-0.6645004508786336,-0.06087142253926586
-1.4558250832944206,-0.4585915419476021
1.4134671242958248,1.1468532983085162
2.3690715982276593,1.4129794493515415
0.7947048655896565,0.8732134843027963
1.7585852090150953,1.1171699193404971
1.6661422419450065,1.0513065958799812
0.13083510024729894,0.4737213744056842
1.44423106308724,1.0174211792605692
0.5622684680545122,0.35252096906269614
2.5781703308439843,1.5900705134315418
2.29248542197326,1.5295565369262458
-0.5618787864000985,0.19831593582701995
-0.9891142578127673,-0.34424433713637637
-1.413030263123741,-0.24203277908289275
-0.02151512261691979,0.26882403314383363
-0.34102774865237584,0.19782290255555787
2.2063252280719645,1.362372726075822
0.003878458672445406,0.3933967103127644
1.508027398387184,1.1918036604592013
0.8048254197371165,0.570841487421684
0.8058080016307831,0.7275748139520191
0.25146710156205676,0.3940661596028704
0.16279431541773287,0.526647891444231
0.42327403480194326,0.5570964678109982
-0.24003442245216094,0.14737419454038056
-1.0795428502716278,-0.1660740589389948
-1.0746562765577166,-0.26162047999592714
-0.8780869563959163,-0.05976929233252509
-1.6162483227721902,-0.480118152527356
-3.1324020428630526,-1.2157555721589004
-1.202669746103578,-0.47729180176839536
-1.693714828560366,-0.5883169013008307
-0.731830933363458,-0.05549671109459682
-1.5297597114990342,-0.5414799637956519
-1.483074891435587,-0.3406933766068557
-1.7219537414746386,-0.5169459800970161
-3.1255066076409084,-1.234837433411814
-0.6026225379369149,-0.1241218810678838
-0.9838763761096982,-0.04907903708929803
-1.411042555226562,-0.2933464654124308
-0.536865252236237,0.07744640862049045
-1.289341894828988,-0.3296068508482876
-2.087125587781281,-0.5467544319500937
0.8479181330774781,0.665592439879363
1.0298862531312376,0.6939204725770943
1.7031179314010032,1.288982654974605
2.448420242889182,1.431114003660538
1.1906630989603078,0.9049163967656095
2.461553947558048,1.3970698099836292
-0.411554294023325,-0.01091308064526117
-1.3343497631223302,-0.6149109670239211
-1.2480914430821526,-0.08071460144419002
-1.5793143882293283,-0.35475544996085484
-0.17165855857917534,0.08292347533031796
-0.07663435821143666,0.276894820188819
0.719323882512638,0.652699600376265
-0.07385350971969984,0.2293229708703031
1.326100402289744,0.9204541076208006
0.6322610496938941,0.6956220054944247
0.47644673682486605,0.5059068211520289
1.3843128313490976,0.9499529690679936
-0.19742650926593408,0.2387321599666743
2.216313645099969,1.4874268124518317
1.0301699147505967,0.9447632334307003
0.149826830303871,0.28396364622461784
0.4799953094003863,0.5586029371035868
0.22528548446175067,0.3222433599965326
0.35202569456661625,0.40525534037570277
0.15250097611363148,0.37997515012124883
-0.0793819823099717,0.17100245925422453
-1.572184806058249,-0.4031391052458553
-1.2997595222393634,-0.249261899521183
-1.6784516524901387,-0.4932655907935602
-0.6912702077763857,0.0044678514732321775
1.1425099650970583,0.9003983861634911
0.3497271865339907,0.518791279881218
0.5118992211968714,0.6065642022743751
0.9047666836349596,0.8543893291824738
-1.0221802612426147,-0.14229941922761835
-1.1182382890244087,-0.4195072224681088
-0.978378440247115,-0.20501897949567474
-0.7051466136240948,-0.08318296077168703
-2.37120104463961,-0.8721884043953172
-1.561515190669156,-0.4196514849757245
0.020236240976372555,0.42545046686181476
0.4504845590012028,0.45730835525353053
0.18469824932954587,0.39905577832826744
0.4285769385047016,0.4793862018813868
0.632108487937715,0.5860876805141176
0.011387036454367228,0.4593229677431932
1.2199237022339484,1.1320795672685864
1.2506082602507034,0.9131060810762929
0.7055911750910904,0.5630684177255226
-0.3987706152561089,0.07791444392131071
0.005238090165703035,0.28589727913552826
-1.2377752295518696,-0.35115896242924904
-1.7582892942503578,-0.5983920538685789
-2.3925904259743582,-0.9531050262909938
0.9546578624849993,0.8066869928886837
0.3267116287175809,0.3232808835511155
-0.3841271053866712,0.12265391660066079
0.8711319219626401,0.7484085886454539
-0.7009696806211838,-0.10586023586220578
-0.26138692597309043,0.16612632705341315
-0.25121647865699775,0.22328075698046398
0.23730694311043377,0.5418431600441364
2.3416564822876325,1.5036552399679581
2.622269903041449,1.784213473831719
0.5122595050092689,0.6163539859082984
0.8844578894526928,0.7829305971129912
1.926491781192209,1.229894084605455
3.3501811009812834,1.9756960360051732
0.2076661348708193,0.4479104003369043
-0.3862804105146242,-0.008676573176558691
-0.7548292690272951,-0.023656862516184783
-0.985474682136751,-0.2002009400226777
-0.5667485171074468,-0.079770524788822
0.2178343246366511,0.46113330628761506
0.28419398668514173,0.40497438081409237
-0.8648045008824408,-0.14362324617049013
-1.6499667605239534,-0.8125639937445677
-2.5861812224034297,-1.0826232744650046
-1.3606746839551564,-0.45884227992825743
0.51066868884106,0.43475557388005226
-0.8642679353705207,-0.1842912559992186
-0.3062181185186791,0.02983246341144498
-0.07719706291834169,0.3295581884849123
-1.234543481088518,-0.4138300285850841
-1.148556408299797,-0.3556977444681908
-2.298907694696924,-0.6881299249807953
-1.061714808817861,-0.28615356364081623
1.2646515073963691,1.0656119770088732
0.27847346936728445,0.4393336673499501
0.40923349880244553,0.6219505953892219
-0.08379729058450003,0.3569168972031881
-2.194501335831109,-0.8743636756821997
-1.6012568296149061,-0.36100674421244855
-0.24814562487166048,0.12272390224694021
-0.7330661317728864,0.06650501267408299
0.7380112728477172,0.7021069034413415
-0.7478379114728987,-0.0954635254912912
0.4559522711406314,0.6520648844256325
0.9314114851635693,0.848509559991725
1.3462233026763246,1.0439547123585071
-0.7804525968324778,0.09921541591030109
-0.5787289754502201,-0.2376027093963236
-0.8889361538753283,-0.1407456135032689
1.1508415340645117,0.851741254337239
1.1101421069776332,0.8667734681828317
1.0230420546245873,0.6952283275165007
2.116943477478716,1.4514932262560487
1.6185946136685223,1.1048446943833177
-0.7553548077744765,-0.16016035052083138
-2.491821516555113,-0.9801452597698563
-1.2561007301206635,-0.14779936880617833
-2.295735097751288,-1.029972225500965
-0.25678567135011987,0.23502072615227576
0.6754370722838356,0.7006222282491096
1.9571736364104715,1.313530841211889
0.224192098060499,0.39643670321644064
0.4074941231713728,0.40913897962099893
-0.012051166953871817,0.43606879498474216
0.7258164538361149,0.6760599843944076
1.1603600313773255,0.9450071013041708
2.429903635295603,1.5551577474671059
2.2918451971157685,1.4782207766575752
0.4632992270529369,0.5599460363981837
0.22713497572396568,0.2540864710467024
0.653853499800219,0.6690856288023809
-0.501859109825152,0.0433263141142068
-0.4109107467810576,-0.06105427034534061
-0.8492965548743754,-0.24275288821882668
-0.37675050255378517,0.02573647854321004
1.250502793539264,1.1885720994006297
0.6160525907513235,0.6566909029074355
1.0976657707986917,0.8927506500427539
2.9266878328522172,1.8147352671609358
0.6992623105113309,0.6073359735563753
0.517239590907628,0.6087334029203368
1.5348216798038863,1.095598638450273
2.2784561301215613,1.4082755988858804
1.6066764767988113,1.1452125615839057
0.07815418843397504,0.3014584704370438
-1.2988414937964932,-0.34932357867339897
-1.8037456445007858,-0.4276692026551996
0.0061895399823761466,0.20097306765510506
0.9580984528980909,0.8350197871290506
0.5996074743990307,0.6053488897926298
2.1396023063326477,1.4426956792461856
3.6053040453626113,1.9851894774110919
1.0985540590699234,0.7405251510510773
0.478411669014187,0.7185261810544159
1.71708878300079,1.26648010193691
3.969251608821735,2.2518039700187167
-0.15654729954224456,0.20189347719358836
0.6960578085039245,0.5683693256282022
1.1112236830931526,0.9004172797741061
0.39132526820847413,0.40437678625072637
1.1208930394216639,0.7616270105591496
1.217238620647969,0.9851743539882414
1.849022450518652,1.1231852785869516
2.0226580346486425,1.2961015058361045
1.5516192597885632,1.1238308694095753
1.60584096604018,1.0851737373945747
0.6223059735661925,0.749877011362694
0.910073168260779,0.7442994417215703
0.8596840580246312,0.6447368404210068
0.40946379761734436,0.36175420823575033
1.632045090465439,1.1865986262661785
-1.0960715316267207,-0.24757632374883876
-2.496700599580162,-0.9312805187947889
-2.0975191834814177,-0.7855237465976992
-1.4143188410461889,-0.6427576596974163
-0.3156065564489743,0.07068003082522108
-1.0727248525001325,-0.16722669777679666
-0.408342029523836,-0.05021551881523534
-1.744374222864928,-0.5750604841580094
-1.445229210631182,-0.3107875708947936
-1.1760384223879372,-0.44631552307871125
-0.9029201095398655,-0.2204091539532455
0.006911516320540878,0.17105693390096252
-0.11188844967759166,0.2388291859003018
-0.05880399014816456,0.2831887429337181
-1.9912360106022027,-0.7546063785089265
-0.5563977615447513,0.011341228244931664
-0.6366664867163931,-0.009379091067349176
-0.8749421514372533,0.057485795016859076
-1.1306981363878803,-0.24118583264740848
-0.4008534936741056,0.26689392017709046
-1.0621241444741085,-0.168048223398997
-0.5587082623422628,0.09841975249522972
-0.5237509919741571,-0.11519055324273944
-1.276992381133284,-0.40892075053080973
-0.18996461045916468,0.23716502133091982
1.218795421848267,0.7671936853917249
1.1559814580444718,0.7678532842497849
-0.13769396045628113,0.09031219665597773
1.1510315508903997,0.9353401152342803
2.064066860410315,1.126930882139488
0.030341988501841,0.10765021388367849
0.6369158813831018,0.622473101334395
0.5540948325821449,0.47347574424677397
0.4379932443055924,0.4843108729501025
1.2999991023055837,0.9871548245750206
0.36819198104983764,0.2577374144336938
2.3721625045877133,1.5473735509226925
1.389323985295432,0.9139339563309286
1.4729661249671704,1.1183007747508278
0.5444704488515919,0.47180391096329544
-0.4867951749268615,0.08829060768397418
-1.5358909625396056,-0.42172170144172805
-1.8117015670147931,-0.5914585280729137
-0.2255388071688249,0.15378282877057503
0.9829026619025321,0.7412889316055039
-0.5407019157763666,0.08924942288476584
0.35645094751125794,0.4523796795922014
0.5913323676455065,0.7234749790046179
0.40435974270278935,0.37638693806357776
-1.514610598094097,-0.420699620202031
-0.057632127963943014,0.3132864393453447
-0.5209007136043975,0.16984531599556887
-1.0006139622742727,-0.3274008361273847
-0.48497305681977,-0.006816722631571057
-0.7307164264677598,-0.040671156099587484
0.6687776337686656,0.667884555589947
1.2430808065757812,0.8843352396506644
0.26197395596688244,0.45105784005922944
1.1680396680958978,0.8481189681730497
0.7713366502547311,0.6131357769793233
-0.39650000401060204,-0.07687623658035622
-1.2090480667955044,-0.22653144831620786
1.2648817796270158,1.1061129520813042
-0.33003131502169425,0.08436525539230742
-0.48944535731330213,-0.01999453529254755
-0.4043481422503642,-0.026219534627979615
0.5845824635930106,0.6556344702770392
1.3858248955973789,0.7986088203751804
1.59825983383623,1.0708933233842317
-0.4927869607011801,0.21834252324677875
-0.43796222058465306,0.21242198009514
-0.09039792096813504,0.3316069334943422
0.37291334925003095,0.6093462340476623
2.486208406792036,1.5476050801157561
0.45877238077607463,0.3953292601715599
-0.019344021249781407,0.29241502711795975
-0.4559046881490325,0.09294729562192905
0.3848590256252907,0.4853945262202907
1.927094134679827,1.3661853562254445
2.866511956460317,1.7313133635374645
1.697968008644221,1.2474356968863123
1.0209242844198236,0.928044062467615
2.143840278451356,1.3980354500932017
1.8161797731381693,1.2252524131272535
0.7737344465437273,0.6758369159718064
1.635291492811028,1.1672731013900244
1.1187379316703148,0.8503364455339489
2.04317473893829,1.2383410731701692
1.3190608454862496,0.8800907652651735
0.5366880783975416,0.6891149176341821
2.2140373700937417,1.3939759009314212
2.944716127522271,1.7281508165778583
2.4265227854902456,1.4674590585965026
1.0483257474796925,0.8269254883792133
1.3359995167973042,0.9472166724345019
1.311005776430546,0.9096168994105361
-0.21571143737588527,0.11655459938939072
-0.082079830340345,0.16656775328178688
0.0005907262144023567,0.5306500917021348
1.6238042101758612,1.1878749691996846
0.4062316411278035,0.6262333482478901
1.2160354199645396,0.9413085954387789
0.11790260719384615,0.266919790696183
0.1523332890553965,0.23333631108046693
-1.1820152782838844,-0.1807830772305798
-2.0177473936214265,-0.7590860869550642
-0.9159555278072109,-0.16058454477083067
-1.2959555459364545,-0.4063170218452038
-0.8832865071588478,-0.12154202493908914
-0.7927644737347818,0.09069100591700577
-0.005828234456003667,0.3596896370000088
-1.7083696069036818,-0.43640267401614685
-1.6631136901826968,-0.4671367321453418
-0.7965002030647226,-0.057880245953808813
0.4350763517308983,0.5776094029083759
1.1296323316739816,0.9064014817547523
1.1527344209878325,0.8803561092392823
-1.007181034893692,-0.34944455950753894
0.22430338285565565,0.31533270087035004
1.6813934813392168,1.1868618734580814
1.2939176898875142,0.8128361699566804
-0.25907627168725644,0.17661256092599348
-0.23413122985649243,0.15182455394997035
0.7922979762165793,0.7606032856389825
2.5661063461715967,1.5794996477318026
2.4188270898686874,1.4705156088221076
0.08653840845385474,0.25164686493099087
2.9809308145459363,1.8014289070331888
1.2837992836501022,1.0308910924424914
1.5421960979949043,1.097683400959574
0.31441307695996734,0.5204063659397486
0.8959355569487644,0.9313720847909731
1.725186106427354,1.231518431307381
2.5821267830958012,1.467952137068412
1.1372535569300515,1.051868616631701
0.3573080944782592,0.5497082383818794
0.4073354022104354,0.3755664834957231
0.40476530239538555,0.4362791654397911
0.9331038427933943,0.6759489178091225
0.5789569099798861,0.5843373124912964
-0.6607526109425006,-0.02407754591064246
-0.1301218793941088,0.29312308354376293
1.1687429610642581,0.8844113539763305
1.247390604597077,0.9762871402996732
0.7258951263538633,0.6375230367610369
-1.6818263648575533,-0.6432412539341619
-2.5121718531408073,-0.9943479457440803
-0.7806502830372708,-0.1702765201265409
-0.9568658519498974,-0.03596298399072456
-1.8080674065431568,-0.5477243580300775
-2.7592206019830963,-0.9907849805026114
-0.10654832991646224,0.16164299604264776
0.7023532779270347,0.7312212298415359
0.9147905501208256,0.9476982309968474
0.9032540549980538,0.5881968816641647
-0.19377782792438625,0.11814159240071731
2.025743823092218,1.2787021604380462
0.22287011649224575,0.5048652124041935
0.07489878836254293,0.5148879690470465
0.7829976049575439,0.49663514089892097
0.016047049732648144,0.24165955675947873
-1.62887957355719,-0.5878415705618303
-1.6425660286300152,-0.5421055917947302
-1.341480647388282,-0.4005866890095313
0.7584493908621376,0.6740469224097994
1.3738816004028542,1.0677545211487989
3.2407139616029728,1.8812392568413592
1.8427355751328272,1.103509174374302
1.3756873486590677,1.1472432393269332
1.267724201418436,0.963452053706198
0.8867300228862017,0.7707353457306734
0.7372872594210057,0.640869652785339
1.2400144727509692,1.012766018654074
0.4552749933808392,0.4290161806972776
-0.13719676292956257,0.3367689506586886
-1.6662578256477487,-0.7072774507336612
-0.2573950945590323,0.09641567106589756
-0.667559075759423,-0.11014346879329856
-2.05482336735741,-0.7728814634044834
-2.2369219727087346,-0.7216723749448467
0.5193652054690561,0.46147981315095793
-0.0021214613887752254,0.27500863078081905
0.33353526541665074,0.5001437662043748
0.7319147964861182,0.5648079553281403
0.2549126865882331,0.5021131578390431
0.7990459094654239,0.965591354859902
-0.9113678812553242,-0.1627692687869859
-2.113858363800018,-0.7475931104437332
-0.2085020709130182,0.2797223209868661
-0.7606465827943186,-0.11186281854927144
0.1511684930337991,0.3794164890531508
0.26076916026595853,0.31009890244648053
-0.5481012571787853,0.09816296621321718
0.7994517364215962,1.0336381412986022
-0.2614147205619065,0.18338802575701915
1.0129139619966685,0.878482079048128
0.09673416450892869,0.2662594967165919
1.2813581461313648,0.9625982435955937
1.5319604033928333,1.0452775558856262
3.6120073052893793,2.089746409445488
0.41460006857262954,0.3889498692485836
0.9087949171003873,0.7101127946487678
1.341858544990287,0.9947187839449926
1.7840392025630991,1.3445445125760627
1.9753255186983374,1.228024148949717
1.6538453906208352,1.154312357962946
0.8136723938222167,0.5702310998885596
-0.8151590880852322,-0.07154125127283001
-2.2457159517857113,-0.7001045121068935
-1.3663656821994399,-0.34382757788158835
-2.350653217058791,-0.9009785807249391
-3.410026909216503,-1.3079659669651151
-3.556205670449186,-1.4482480599919527
0.4634939217976408,0.5327061644473364
0.9578772337610598,1.0210540320841242
0.7178397135077379,0.7168085583317935
-0.24823875337080414,0.14113491904520545
-0.06719118372983265,0.37315419403156125
2.0940642439516397,1.5279118747445113
3.379738513115945,2.1289291701583504
0.4762676029065396,0.6928444566456508
-0.5468610652178942,0.22953806955334083
0.8321151692595428,0.7945666344788253
-0.5201635558399156,0.037182705909801876
-0.4872993754387994,0.013804145995999717
-1.5026720548988153,-0.6461682894129145
-1.4184055395459738,-0.42550740656498565
-1.9627056128185454,-0.8333306076906648
-0.361201592434093,0.05398216695167242
-0.07203069377177468,0.3958332646250828
2.2634913055290897,1.266255674110841
2.381920337248908,1.5198751952081497
2.0385339716671034,1.3029648754148606
1.9474244144307538,1.3347660426845775
0.4942143484175221,0.47572640956314227
0.13639331514061293,0.39666611210650404
0.16848371348693802,0.526485660988498
1.0809644581939497,0.793902842147587
2.1427977486700462,1.3435758177686175
0.7023847170405799,0.6793089502297248
1.3415964385413792,1.2666000628711211
-0.6709858509260955,-0.14472330623348328
-1.4017769306070327,-0.4517614643046127
-1.4942170905561714,-0.224825508036945
-0.6335448830293211,-0.15080348942096003
-0.6174992097279655,-0.12259371215366548
-1.578858140051853,-0.49732476013559807
-1.320945684257663,-0.23045930843156454
-1.026301922804391,-0.18243956073030107
-1.011220637948847,-0.23944357037526925
-2.4731883120216693,-0.9784898758795131
-1.8549575867314574,-0.6946137565777251
0.3837336166633991,0.5473696008780818
1.4908876643408009,1.1010934311898195
2.0217326430171685,1.2403094755442987
1.517001803388633,1.0999297975878182
1.9214346888635871,1.253736873106155
-0.251337914342904,0.4016943004720044
2.8838517365987544,1.8635612130904038
2.325651639300537,1.4128195396726209
1.306288065808905,1.0446432168616804
0.5566942420872044,0.4723203740225442
-0.8621293322356355,-0.1047823440777487
-1.8796373841746805,-0.7673864799173242
-1.4484367893629855,-0.3625822042672657
-0.7082354650239798,0.017601727754344418
-0.6215470579350473,0.17693395787981375
-0.1582631226046532,0.2867482424443448
0.09405257297995812,0.6204537078147907
0.34642825159042645,0.46583513116720415
-0.5475036416173948,0.0360205071876704
0.5877655698349897,0.5393104880206445
1.2145286644652966,0.8459822846562243
0.7797509761778091,0.7056294941390376
0.37909089518170913,0.5835901512610671
1.2986340795874374,0.9593335981348523
0.12377972117073599,0.3699907880968321
2.5411449273081534,1.525673208876461
0.6527071277311122,0.6869701932072241
0.7749191846946746,0.6295506369798161
0.75946896491922,0.5534622608385845
2.365447233724734,1.5771859173610183
2.6559547109251076,1.7430584364150543
-0.24641603175477234,0.3737919519078321
0.6582356449069233,0.7042537610205383
1.815465094114139,1.2226579688585595
1.7599853664521394,1.247297396298989
0.03872829568231273,0.32741754215173013
-0.8148503678828307,-0.1907191192688168
-1.4517245950880802,-0.3937489838870413
-0.2683878757489826,0.12150399257458161
-1.0851852065342733,-0.1829346821337565
-0.5712559966023939,0.006670182828853559
-0.5354391930928272,-0.1835423858218948
0.38361404007715255,0.5712976821043999
2.869646416695984,1.6103105538649904
0.21363142672818447,0.5484854886829915
-1.9192698716526118,-0.6843840642077677
-1.022277640733354,-0.23626929885256648
-1.7668974670370319,-0.6939248208389062
-1.605859831206698,-0.4320247917630228
-1.0264852305738932,-0.0016292072558604653
0.7403566637921803,0.7179288804198988
-0.23081570018073239,0.08820660949019804
-0.7311235487751193,-0.12669038027810725
-1.0265541011115125,0.015003759571878883
1.1973778446814958,0.8460251896930946
1.00244950871673,0.6515387025852388
0.1815265952209011,0.5058741734992621
-0.05638434160453529,0.23706476491324985
0.6670096010318877,0.65874199549427
-0.03583692962144003,0.2957838854496316
-0.1800231680442763,0.13833673858945766
-0.18657200073144128,0.2535440581990306
-0.5866907686304613,-0.027283554404830067
-0.45197230132179866,0.08776638545676903
-1.261809251861151,-0.3934953063064968
-1.388402552553537,-0.4405715858064938
-1.3228103080669764,-0.2889349074896592
-1.6234023036860674,-0.6879907152583726
0.8014939141227861,0.6876632733479379
0.9671005718541996,0.7659026039154974
0.6024362485114465,0.46807528449438396
-0.25568020975628936,0.18923465741277046
-2.2083312777403017,-0.6142466660903898
-0.8997219485480045,-0.12015703731231453
-0.5904847316621634,-0.004369263226333122
0.9436377644912619,0.8645773060829782
0.381402824021681,0.417318833147705
1.0776418207313312,0.8160270513533379
0.3844285433211617,0.3073598180272413
-1.2344845825945492,-0.3865014928768492
-0.2816759699842114,0.13385502270536354
0.3097247435496193,0.24608867607332613
0.546278163303616,0.4780705402901076
1.6472101170002598,1.094280877688972
0.41190917603769284,0.4607719621078057
1.5577355353000102,1.0078653600196907
1.4603521056331998,1.1258629277249128
-0.046019241734344574,0.10578960691965028
0.7703832405917322,0.7788128290288406
0.09173372817793113,0.4869925014213099
0.4069254610785916,0.6202607219252192
0.807159139090309,0.49476529531631724
-0.6828526941800951,-0.10161372569140409
-0.8332786268426458,-0.10431036067518588
1.6126623440525694,1.0853193003007389
0.36539728487740475,0.4349974536973471
-0.6292507595269523,0.10115686794687748
2.007801520027561,1.371933302014675
-0.40872913244733033,0.09840932099158355
-0.9460309991244524,-0.3268554418888784
-1.7061091684389695,-0.33845388898207684
-2.2879594303699866,-0.9681528428138619
-2.613930537290609,-0.8716588692266349
-0.555952445667926,-0.059129175523732536
1.0679858219211584,0.7001274439463415
0.09241023561451456,0.3527205738996892
-0.2605406368262982,0.2614236528217736
0.13349832452310334,0.2629843062974751
-0.1030330708307633,0.20370225623415578
0.1979105599851787,0.47656843098957374
-0.8763898991580825,-0.1669407585320301
-1.4163570405619046,-0.23578145213997995
0.3127782231994425,0.45039161165892133
-0.35382787012490363,0.21174614857340393
0.4437636084121927,0.6553056986244787
-1.5746617841280937,-0.5619298336747784
-2.1739277994565183,-0.8326701011379586
-2.761833106811127,-1.1330874768179038
-0.734011867766333,-0.11169740721722493
-1.2126421484254666,-0.45953886857737747
-1.4605982682482155,-0.4823047938002635
-1.226663991252863,-0.3500306508208411
-0.6411758128322101,-0.01624892418524841
-0.6385102914724942,0.06640530561725176
0.2510236059346388,0.5950056544095628
1.1081722384401684,0.7719088277136354
1.5261773125419111,1.0746421772242583
1.3884211921831324,1.0036818996687404
1.1136933567118277,0.8978759797192115
0.17105573739676538,0.2157894014808516
1.7523669458803572,1.2497340399520587
1.4339685401325821,1.1313425300805449
-0.4631804130825107,-0.013767531272983843
0.09217180373031864,0.37756051373487304
0.21857175310745586,0.5495867111624375
-1.1427456237820768,-0.21177530830669616
-1.2275788390514366,-0.1536207769410711
-1.585868749727021,-0.49847295161927
-0.029971664078152327,0.23769091674158857
-0.7185153265259462,-0.0800116520337591
-1.0921845855598042,-0.17084028399817539
-1.2571631642513497,-0.5687148831171095
-0.8740171937155998,-0.10083039313399318
-0.4755207152364107,0.06446868278377386
-0.2923852550048167,-0.00885350026860382
0.6058569389786956,0.6749915491512606
0.8560256480532513,0.6928591567548067
0.9376627206164386,0.6741340307274367
0.9550655866000943,0.8955903140405558
1.6005851373952749,1.0768712142130592
-0.2206831369320481,0.3844389370390523
-0.10570640279307603,0.12621800575451922
-1.4058483178946963,-0.49814625718496275
-0.051004494089316066,0.16081067176899588
-0.008652829137131869,0.15628209461281137
-0.1845733063008859,0.2602536199436327
0.6180549993946228,0.48502292616605613
-0.609502032103451,0.023548882517797506
0.1612981388949306,0.40299742238693914
-1.3292830342903372,-0.392236398157116
-0.5932962361573002,0.14604500836526255
-1.7300606997984298,-0.5329655455070736
0.38112580345462654,0.4770003515308527
-0.3519471625411182,0.1783019806164551
0.17375837057754573,0.36942695434370826
1.2656775895655528,0.9300821802023167
-0.569649328830776,-0.12943866914745777
-0.76968196413795,-0.19414524985571677
-0.7389974429118126,0.10301772161719824
-0.6965991295633379,-0.17337735487751432
-1.2671390223727341,-0.20391773505895391
-2.8143796968052293,-1.2283489664455507
-2.4720282044286233,-0.9310595536456016
-1.7535372694809954,-0.43528957895727627
-0.44619450550658213,0.20343087058367043
1.4207197223304202,1.0964007318886315
1.194512396964893,0.7654131990036065
0.5263601006784393,0.6490549708074459
2.1479224395464813,1.4132995593305244
2.1436990348561302,1.4304842951011434
-0.828484433577545,-0.23298443338630437
0.5785736721092158,0.5741005108876656
0.7269766814818404,0.725911983628536
0.40545463723436603,0.35367965130046297
0.16799048373572562,0.5469635085630157
-0.6527814869589024,-0.0410836619491302
0.17920683432379914,0.3551872607433179
0.33357605194048834,0.4167305134402417
0.9822964407589234,1.0028710000599523
0.39330002114245327,0.4388303637391675
1.7318723535138543,1.33564258110466
0.5402313746820642,0.5103508285513065
-0.03522906063177644,0.19667252161540622
0.39073870256269544,0.6407699674069608
0.8230171307329648,0.7240968670152362
0.750127564240821,0.6673987088299975
0.23944718420369326,0.46790265779441653
-0.8892902102918324,-0.20711239492832015
-0.6786746411736483,0.12156176982274483
0.4070826931396292,0.35723232635954416
1.7408663072819999,1.081635982109753
-0.7222743649297725,-0.21985495362108476
0.5945314372156651,0.6328251873066866
2.0097962513151204,1.2448524750096077
3.4064131166031606,1.937180219026977
1.1867944054696535,0.8292634388654707
-0.19131385768437348,0.2715832101266521
0.026232913295144766,0.2124752472537613
2.8290510588490947,1.6731948229516236
1.45883945283039,0.969905082514402
1.148335998780513,0.8762868762359652
1.5067878504899421,0.9299791778244533
1.142574108439891,0.6020878189169356
2.673848277475343,1.6091257313491714
0.2858987014016834,0.5809968962424014
-0.3295081615031014,0.21999613548756675
-0.5063640129151059,0.06824993810362101
-0.6023159630887265,0.019310608676506233
1.0379274505545595,1.0976025691320501
2.998356003338828,1.6987095811036756
0.6848092802152866,0.7809412490906839
2.321205315999308,1.483200347440654
3.2369345612340723,1.666135192856557
1.1517494315411523,0.8442099290897999
1.3899530440613832,1.1164720264139196
0.8273322238720264,0.8082183400521504
0.1949199228173047,0.5819655261916585
0.12968392424041641,0.49135354634498696
0.11560489433635875,0.24746396678624716
0.8766221605788422,0.7688455663752229
-0.35604672258561165,0.11115167862600801
-0.6941657492363944,-0.10709567426349155
-0.9279610512369227,-0.315103414149604
-0.11647853694493548,0.08405380704031618
0.8065935231397617,0.8282524002836382
0.17533947555410878,0.28590876390174774
-0.4861527404241769,0.10620075110486701
-0.1884095917435224,0.10500642912444338
-1.468679107638623,-0.2077171983172047
0.0447492983150406,0.3303416992897974
0.5825314137040898,0.7422896294893034
1.437365749248694,0.8935384978302767
2.507670899797595,1.489442299185031
0.05674939881840557,0.39893090063407305
0.5537154701076444,0.5256439576205191
0.4825530212612681,0.5782076363339601
-0.6959577737926543,-0.016688767743540812
-1.6913515597704984,-0.5280888827182897
-0.71386546280961,0.04127889294123961
-0.39138663615454167,0.16378202081521281
1.3561132105513587,1.1465328053399004
-1.4897760328186131,-0.4219335316453149
-3.0921407802148764,-1.2092442546258633
-0.9044681785847857,-0.14569416686092115
-1.2402315365063026,-0.28038411562958604
0.5901718869492053,0.6135320695408322
1.4755769544223625,1.0754189898136126
2.3536435266081908,1.7250139089589172
1.5100176856828935,1.020189381120645
1.8704540902190085,1.2441118355195977
1.4928517821250842,1.0295580236360353
-0.2482094209381115,0.03070700282147651
0.9073837058911481,0.7709175653480814
2.43797341276787,1.2865733364720389
1.273063549338312,0.8031651329680163
-0.4714319885011451,0.009232287831105801
-0.22432565443951633,0.3737154436417097
-1.6210271640097338,-0.49018519597082255
-0.8197024776979154,-0.24794458688582502
-1.8875268380828896,-0.7158845608671867
-1.7274486878297521,-0.3553898858725776
-0.5065701602354941,-0.020788840817112395
-1.6291069840641594,-0.42256244444355784
-0.943991980211795,-0.010088090309081227
-0.32354879130752234,0.10917098576801737
0.0032293923823807913,0.2458434148354294
1.7638591814730908,1.0982820349471563
1.3197640417990004,1.1384000340117262
2.2219284977225318,1.3972536521006484
0.8024703094610732,0.6574948208277288
-1.1779092618845763,-0.30260523727936595
-1.5850183417940724,-0.49930068279566736
-1.143749210417747,-0.14011603776634013
0.5768892784397033,0.5883361953041271
