-0.43617845917796594,0.0989992811050881
0.08068742451014066,0.25073924228868627
0.47152865085219603,0.480087140718093
-1.3638205695679007,-0.30672024304158685
-1.4154484714815703,-0.4826934068167571
-1.8300503146991525,-0.43240903696834704
0.08146208007696987,0.2588025325624302
-0.5488352783803063,-0.13193790596569746
-1.3955806922969023,-0.40239979205181947
0.6595474577530392,0.5699820167142872
2.0488955813102185,1.3407741261747725
0.8541854667193781,0.7324875063057645
0.45738328958052266,0.6614776108048884
0.2055484603166114,0.4560259321588169
0.5518471851044884,0.7202553047132669
0.5176693741565562,0.4601727416502276
-0.6306974484022576,0.17169414227678184
1.2037201197251441,0.727887812578816
1.9855455765177326,1.0919524256192064
1.2013359073898118,0.8551375121061854
0.4442330647996164,0.5781237127038432
-0.8925686506542021,-0.21447306579370712
-1.0981311713229196,-0.2046514896894684
-0.7802910373844818,-0.13163243587451115
-3.117833783975711,-1.1279659321830742
-0.45303241353617985,0.027408828040353814
-1.3596161590712366,-0.4023470420524515
-0.16659234708001502,0.33178672421089317
1.1270817711683239,0.894167993835002
0.330693980481918,0.7063522446118324
1.3436901023897811,1.0791491482443503
0.6789787274399284,0.6235106685562366
0.0728467191402844,0.4147858750483394
1.4784839207535498,0.9633182847419477
0.25304012690414746,0.5899833977951378
-0.624542727210023,0.0018823914632594644
-0.2730949740331295,0.2717883846646788
0.022478849330149153,0.4160568842209778
-1.1943210033558405,-0.3141308320496013
-1.5283179600484955,-0.3876373594668402
-0.3799072470261532,0.051637565619320445
-0.46261053233633254,-0.0726028973800428
-2.2616640496468285,-0.6684282794663162
-0.7838034916204273,-0.3069168156134929
-1.643402197524609,-0.5901431104673167
-1.7523278137335794,-0.5885143129775892
-2.274106023244113,-0.8410749940231654
-1.4799992812695848,-0.38554847423081967
-0.9523926037124821,-0.2028235801154212
-1.9012915795898073,-0.7923581793685863
-0.7913814328897286,-0.12272109635043224
-1.2342414355072395,-0.1259318289515174
0.983293066761096,0.6517640103603038
0.7885871213156023,0.653238567382623
-0.5420512372853858,0.002460802736075799
1.4696332926202051,1.153002520826209
1.1766397244744982,0.7542268149186379
0.5688583510707066,0.6707580325642121
1.8525928465275743,1.3869544310314408
0.963759745618537,0.7354252753875411
1.6436586378637053,1.1751847552063777
0.24422942549253535,0.5012437294902138
0.41579959365223595,0.4594021837587585
0.4123568778788236,0.5692159889743242
0.19630476559897259,0.49047207204165333
-1.2181291641343934,-0.472472455825149
-0.03619507679591172,0.30958303886330896
0.057790140782917006,0.2798443221266644
0.39728620562922856,0.5314850257633704
0.5065119167697939,0.5583673424327594
-1.4431198852807858,-0.4922736113627848
1.583151598580693,1.1350641323235289
2.2222890812860667,1.367300768442422
2.1012130936056748,1.2581298399259935
-0.7650813923195243,-0.18169661898931852
-0.4496596274229132,0.18987272596886814
-2.636946789113489,-1.0186540469124725
-1.9879344968765946,-0.7681084835829408
-0.7152247464274526,0.04412341502224887
0.5077954225311243,0.41036422910106196
1.0513151818357804,0.6692237495791749
0.7521569487589443,0.7478090446859068
2.775618319492497,1.6276431101614282
-0.09741323719938211,0.43633612682887085
-0.8986294609329238,-0.22411494778824514
-0.200032024649337,0.2599417834324761
-0.35246865277516576,0.1552464007042968
-0.49061193450390794,0.08718603901777161
0.25851019864448715,0.3382646748592489
1.0203483342760427,0.894457444273024
1.977784103037315,1.387317943200918
2.6246385888950683,1.4382821352332542
1.9716732333215332,1.150141308575402
1.907789204908261,1.2205525077569783
1.1068867070434814,1.0103397227328592
0.3622877343035665,0.44049937976192194
0.5067164742223282,0.646155248211747
0.6916572147948612,0.7267847623480976
-0.6766998449955108,0.0418482779494357
-2.855053592319713,-1.1254316906536714
-2.10052743212798,-0.8523391619982923
0.24423384264808856,0.2497911231991375
1.8056530455354804,0.9988331409110314
1.8649358788199324,1.2211033605854922
1.696676204146633,1.2693163268023842
1.8102317769901277,1.2012159887583362
1.4503868993815663,0.96719782415191
2.2748580927205957,1.5075499816329014
0.8091072999899265,0.8924654273858318
1.2514437118670307,0.9049000354160613
1.3544149617839187,0.9534498464608091
1.5675813613954839,1.0473206675971583
-0.5384616305982199,0.21185088397586424
-1.6896926437156319,-0.5077019111429776
1.2071392518325708,0.8497469512635597
0.7967978420949331,0.709408319688055
0.6668360902436716,0.6611990639230501
2.2413549827507793,1.2354023362619462
0.5757692700662883,0.6454085089674215
0.0765103562276,0.34648625984665155
-0.6541217448183547,-0.03235344150386017
0.43500484535321915,0.5008113236663301
1.0320178712744592,0.643679505587091
0.638990211703384,0.5382527104567579
0.7164604570952084,0.7967779132269462
-0.44926737867742383,0.2481457059986805
0.8382844212809977,0.616304374249159
0.17542004629983798,0.36319215720510917
2.082252164164062,1.353154948793044
3.3709627212008515,2.096022076423033
-0.23574479585820574,0.12641778146434904
-0.37912734506922424,0.06501118952229257
-1.0542821181831388,-0.13088603240533428
-0.1473348513705045,0.06150321850711901
1.2385341251565303,0.797478265695353
-0.639528696065701,-0.0380757518427025
-0.240488736679564,0.20933152133802652
-0.22350432048603183,0.2118739922989576
0.37974966322614645,0.38338027771043315
1.4796216757780287,1.266761411592233
1.9355475218016664,1.3290565028725108
3.0014446069521963,1.718396996739016
1.4772256701771025,0.9621318404987885
-0.47600490259132644,0.2666377578230219
0.47637502247543484,0.6550800268422804
2.323790845483435,1.3165833487494478
2.568527727963195,1.5971597688926138
-0.45898479406674464,0.04111260827567004
-1.9758443059154989,-0.6433249323977367
-3.791330632687635,-1.7913394033429895
-1.1027291514501623,-0.21406699683943703
-0.0414945342046662,0.16352583423340528
-1.9974231848133273,-0.8627342132039759
0.29429598948978364,0.4394067264899136
-0.2539898360262998,0.10454230165998783
-0.7630588518735195,0.022044328382129497
-0.18662835835137737,0.07433102006527664
-0.3682999548198341,-0.012568005589414039
-0.21512218418799103,0.3061610285101733
0.08092571556640846,0.18748105489754102
1.4297467809141007,0.9282530320547969
2.5872980513257975,1.6268274466130004
1.043286074326633,0.7423120984886276
-0.12526037350441088,0.2928374290946112
-0.9904961537381495,-0.25017594476895505
-1.5536413536717426,-0.5232509976423415
-2.7221036731866,-1.0129254245774335
-1.918093834539248,-0.6280526053981338
-1.5006094768581073,-0.45071522627863336
0.4216024450119049,0.631275704055608
-0.3929401525767236,0.25125961058259627
0.23266572300599125,0.3257397497311031
0.1696072807178042,0.4956750742342344
0.30803886245160605,0.35727877894356835
-1.1273693588134346,-0.35431956273143533
-0.4731831109639283,0.027436567770217947
-0.6856459396795291,-0.11904118413602162
-0.6524307003236725,-0.17640213154192738
-1.5986017842240567,-0.3302055206322743
-1.725658725062741,-0.6112945889871644
0.7781283738793943,0.8113038181637778
0.7685617343424951,0.5835035483971087
-0.7867544880681616,-0.1878342338238198
0.2591974823341653,0.3854692606964964
-0.42196234533582944,0.18591312469094373
1.4638360979788574,1.1140193034127108
-0.34584686159836064,0.23266947355362882
1.160741945417501,0.983122323350027
1.6142127260484513,1.051666571707081
0.6364812126772719,0.7247816789597006
0.12560074003453842,0.4414652720939444
0.060777769887863625,0.3829011309450654
0.3806098556630465,0.5454499405552429
0.0568575972269319,0.18045490716373452
-1.7455260366193015,-0.7003570081817523
-1.4356921867287955,-0.4216026366017704
-1.8973864024623674,-0.5806113108295329
-0.6976284471466212,-0.06005545799492976
-1.6683146430963682,-0.5366774191555325
-1.0856499319000892,-0.40431473258105394
-1.0372802742385092,0.029687686680832964
-0.638009873208127,0.04861196131583388
0.0277446344775496,0.28180270012436104
0.1772964483257747,0.3583609078694185
0.4642392816072396,0.4858883338306772
0.3404454569263176,0.5844687020671856
0.778628802371419,0.6130681589612473
1.1965021187991063,0.7443527001214375
1.3049850265923464,1.0915396217164866
1.7377301051453853,1.13408616422127
0.8178980912627358,0.8013951121911493
-0.8316791792089685,0.04068583935619613
0.35761464741733595,0.3472667706575048
-0.027440683498730023,0.3812198375066551
-0.030241048121864,0.2697042162264547
0.18751467898047688,0.37245012551324164
-0.8707826651924988,-0.1031844327807227
-1.7893678648494182,-0.6041710369100031
0.003707334287095465,0.34104819105863343
-1.2751884656422912,-0.12949869012675336
-2.196823953648419,-0.7966377746656226
-0.7299089839302522,0.02395413429773882
-1.4451883479324685,-0.5333573073186193
-1.434688979809788,-0.5066933663973991
1.2880556090086892,1.052264847229201
1.0834948598108551,0.7407588631573343
0.9422416806830048,0.7857936027795338
1.8141993952380586,1.2377549692742984
0.7976109925777872,0.5380989910819032
-1.1651186733416716,-0.33139932808883815
-0.9411840360354071,-0.2598351213115903
-0.5644496609971998,-0.04119285522050761
-1.5939796830739101,-0.5518259518481756
0.5622805425214317,0.7176738981748754
0.7891312832040263,0.5870910379870923
2.077197595122862,1.1949735232377479
1.3861350905411303,0.8519776397365545
1.6765440868309245,1.1288118756450487
1.872240705678287,1.296113650390602
-0.18229085119997102,0.34811333854844273
0.28968917186550114,0.5901226054439918
1.0267245515533572,0.7705773937336806
0.8149085025908771,0.509890047465509
1.617764883343582,1.196639150173314
1.1382176996353157,0.9418184834203367
1.203321689207221,0.9485187570341976
0.8529023058385738,0.8097340292637074
0.618908545253466,0.7938059449381397
-0.03674533732976837,0.3856738915566897
-0.6950243820655445,-0.08864504364019352
-1.184683962343359,-0.2532091655604677
0.3641220772696806,0.40470903871712705
0.22172846085012257,0.43430635456866457
-0.6977652185419525,0.10858586409618429
-2.4406702444257817,-0.8928320823236933
-1.0313462909145095,-0.3952346715487762
-0.3246911545520018,0.11502053095939044
1.2544392807878528,0.9514816558576346
-0.38457113203182625,0.4240262068859069
1.0129590692133044,0.6977128998757135
-0.643553932529039,0.022464256666356777
0.22321063285404819,0.28006303444232505
0.06656078722407446,0.24213366215056137
-0.9628564886566211,-0.24464657774731488
-1.2340718463984963,-0.19681250670369094
-1.0349693941229303,-0.382425918965045
-1.30375060144255,-0.3593154377332698
0.2028093673398348,0.5652979908592823
-0.7568275357802723,-0.08223378125611713
-1.9586790669881349,-0.8542612481249635
1.2647437362918124,1.010676145104587
-1.244207868427055,-0.3399886405037012
-3.115364349569573,-1.339343175757341
-1.535801136005392,-0.3976627926927922
-2.256571776805524,-0.8097810222594737
-1.0635329947677086,-0.13433677653380122
-1.2104698137822345,-0.3498674256219856
-1.9174598817145083,-0.6607227859512206
0.1890970893161914,0.4274491266527073
0.6927917061369515,0.7639747544833086
-1.313416245297021,-0.4444169450842
-1.3093334197878999,-0.3789357306317593
-1.1444967185348347,-0.33534374744133677
-1.4270649465343292,-0.3099765283766162
-2.071544704617993,-0.7035841539916587
-0.1787913722401281,0.34396186407078533
-0.012903943403619278,0.31300988296643506
0.37552022355328846,0.3933734059081248
0.5803173616482817,0.6147845422160308
0.8389029586914485,0.7165215169361121
0.5789143194926147,0.4861192140887804
1.3523988622686014,0.9177931690243954
1.356435216599709,0.9322726463824189
-0.19176455021714134,0.2524196153408528
-0.6327712247382555,0.015104184275335282
0.5401841642780009,0.530105650437601
0.5249000892430837,0.36765123582728043
-0.8529758055967801,-0.05758045454987194
-1.8014455143562382,-0.722779353207613
-0.7186544828036241,-0.017444042303174055
0.1957991979618081,0.6705413132737184
-0.05492931243872992,0.0638978749404365
0.7306240450362809,0.6457164460997566
1.071776261300332,0.8757680511727387
0.7013757973925477,0.6386076581184343
0.2750365599715268,0.34759261529883384
0.04182381871886076,0.2781372100374743
-0.543593253772187,-0.05614467403277543
-1.4637577369888841,-0.4841594829456724
-1.6520091403498727,-0.3361711986476703
-2.049627842430246,-0.7193968897577777
-0.6288372987237028,-0.15050902606142771
-1.8144743813321815,-0.41421712690422785
-2.0778837284845215,-0.8585236157530034
-2.3356140044859806,-0.8484829389200087
-1.9875095007485228,-0.7067314720371791
-2.228448253934058,-0.7886711539146275
-1.49574570378255,-0.3919887077867365
-1.0276293416598266,-0.23919316667925825
-0.9227388141715911,0.0017014681580364843
-1.1195626855132264,-0.4423220909754723
-2.852617267867664,-1.1749686225227682
-1.5477612287843667,-0.5685961435330327
-1.1424734311669087,0.05775465607669755
-0.8350242367342303,-0.06226782812454511
-0.21655823211612235,0.3589667815401448
-0.3866659401733319,0.2172575461507817
-0.4486580496485577,0.17049108654718226
-0.45463395898407244,0.08398084295244104
-0.4444058988785584,0.13054199003826408
-0.2276239000188264,0.32646716594091274
1.0220894128744904,0.7226865265871103
0.18454069370256687,0.18637039020297258
0.5719346274467104,0.6792409826960449
0.09764172256309739,0.1334403678826451
-0.15267712143038464,0.17352553709987514
-0.493681951757859,0.30248983231182225
0.8556198537351412,0.744997326201695
1.0860931967146275,0.5460821388183321
0.5624515345925947,0.7580889566427227
-0.15646453552148598,0.08136937261404373
-1.8939183844124707,-0.6621898581819826
-0.6337772082286315,0.038543178881583075
-1.4802307145486868,-0.4721535123083399
0.8871919564315357,0.7505752098896523
1.0293071565889602,1.0784309801689584
0.22673631133486372,0.5944737229322532
0.3694790134910365,0.4906840901674552
0.8481290915115768,0.783813254784988
2.2814734077242065,1.4202361788337288
1.4937915600602913,1.0371673471083203
2.224867747342412,1.3531185540854846
0.5263773159637788,0.6179405572836779
1.398874245567144,1.1499899300520044
1.5408704358439704,0.8676404256523088
0.789320258745012,0.5382920893694259
0.1669859414177347,0.27791319227680894
-0.5584570613564058,0.04030123593671216
1.4418354548381767,1.2829422800520878
0.3949373031874146,0.5692387080978378
0.16417000639810328,0.44304994790658137
-1.3130445573542302,-0.40064769695215635
-1.9893711913580607,-0.7380102842033822
-1.6905405085207383,-0.7195375889847463
-0.04108472771783622,0.3632955497309578
-0.7397311345798273,-0.026287637850859566
-0.6916498505007095,-0.06896416238958632
0.55124278813834,0.46553882909677796
-0.27623438440072845,-0.05365687350698037
-1.2424323083674305,-0.3471490686038572
0.07945067886959589,0.32451588810805526
0.641667856911075,0.5995407670882258
0.9430525622446106,0.6643846166617139
0.41533019344652666,0.6401292835763446
-0.15310344780699425,0.11237022078554867
-1.0258925454472325,-0.2586544175316844
-0.48122422643756174,0.08092898206267353
-1.66358692309805,-0.48614652847777134
-3.1376808412918047,-1.4138607848123677
-1.7546378098590307,-0.6046333251066809
-1.1770310955050889,-0.18110824664780892
0.05253419623682354,0.33982756407234077
0.7098180190771888,0.8068524011616767
1.627271510800477,1.0774398165095942
-1.864506931317359,-0.534231211704531
-1.288094968367307,-0.3669393422022299
-1.2109426602698532,-0.46594062572112604
-0.27768864520832337,0.09609489429888249
0.900148006945137,0.6062597295112
0.5716886604429476,0.5842787605311972
0.013752675072360665,0.19759580705794705
-0.17533096924501934,0.06852600491094729
0.03080663361401667,0.3795254832638739
0.5458391071648233,0.4850801062916741
1.5574349463914292,0.9187696234499811
-2.599371779088422e-05,0.21344461753760238
-0.45311002384497545,0.028644319152848215
1.0158404223845223,0.7929742990588713
0.6194426124871344,0.8506250659176979
0.3524218471365017,0.3996037661952022
-1.5163455176532705,-0.5515039724792427
-0.7378661329419225,-0.07362946577082094
-3.4033927230818892,-1.4765420100604332
-1.6042671439539087,-0.4431951281204395
0.1768155188946554,0.3163983711464515
1.6984285204916023,1.0795689209687727
0.7991200629055577,0.6630762119018844
-0.4797148198199789,-0.020927991161816747
-0.6919439264409959,-0.01899071770952865
-1.5043623394033743,-0.49567203191805664
-0.19791833002775372,0.0030658607564082174
0.49566455486398964,0.6266619515002578
-0.09834640967455766,0.19231239652629747
0.35485213769248125,0.4551373483983586
-0.0064681936879241175,0.34053376859134543
1.410908486444063,1.0982003884066136
0.8496448376435415,0.7941756477124772
-0.3835441612972218,0.16586469035393261
0.11679204387356423,0.4858688346019894
0.6917452583908451,0.6954414410776341
0.9258277354683107,0.7654760633350604
1.029126785290489,0.8414238573551313
1.6729609243038372,1.130190045642567
2.488049382274111,1.4492096354246526
2.3813939249811336,1.4809274165244402
-0.24950025145537613,0.21350512101967756
-1.4690288604314767,-0.19280808718308384
-0.8864806020133601,-0.3002539204092831
0.29704281331345017,0.4990653594340758
-0.6464950376527548,0.08089147148553733
-0.6873745663447856,-0.06570413318027116
0.8707068000240734,0.6543143911563781
4.042704278481145,2.4207582189301706
0.677912433861207,0.6363077190543036
0.4455833332936055,0.47454856778765114
1.1554493737953584,0.9688124133236358
1.0606744157935835,0.8854191419937125
-0.5827779019463638,0.040403272943645596
-0.9388600765483839,-0.09373020216762917
-0.601696492171758,0.04879405532551267
-1.296846412826558,-0.31620332835848475
-2.1114563230441976,-0.8834451883207795
-0.8807418413635445,-0.016084212820508356
-1.3559019240957826,-0.34828704497098883
0.3169357341964577,0.47164061647907457
1.4902155433511755,0.9652388119080015
1.49191021101583,1.0745793986614869
1.3542180368410373,0.9048998503946744
-0.6228705282090174,0.11278206499513496
-2.046867971345964,-0.4353495913913956
-1.4032673360994896,-0.48931907883840414
0.1880361558437048,0.333776035084176
1.0005907283603792,0.7200677455107958
0.5037768496893447,0.7068658959419284
0.8688337047088259,0.7697060596298584
1.4499238639467613,0.9862428269425111
-0.3731416289433287,0.05205042653083337
-0.28319723647891554,0.45477397184388424
-0.1086626746950208,0.39941773139760645
0.86696318735205,0.634395994344266
0.13626899121851976,0.42005129730110546
0.8719920210004032,0.8328131742518048
1.0833958374261303,0.7246809024471714
0.5470951609000525,0.5758084858661595
2.7110719554689093,1.7660023139806145
1.2951461099718444,0.8653939649235878
2.365017883731073,1.5250895248749594
-0.9434915573762463,-0.18745199030264464
1.412673432955684,0.882226959809133
1.6285553406402005,1.2928827979370727
0.8055227568610156,0.624612101925542
1.251755799458817,0.9613590898404496
0.24510791773051188,0.4772927819571458
-0.7031322232357917,-0.021018174327580352
-0.4108040978727018,0.07287861694177955
-1.392910190688903,-0.3780969086207245
0.5733795404115386,0.6382806078509581
0.8336411180220455,0.6389714382339255
1.846062404353638,1.1932204025097233
2.2977810080039918,1.2644886057336988
1.0946389408591117,0.9356252366022311
1.2159618293456578,0.9785026475309576
1.8620690412930745,1.0967924192124674
1.2295891440071622,0.8182193536396162
2.2520378860605024,1.4399312975234968
1.9476752408693523,1.277453123281483
-0.06676213012155152,0.34005256665731515
0.26219659702032827,0.4261552193403405
0.41986994109094455,0.5706418231867048
-0.0766890405506887,0.42605776041369725
1.1592484952983677,0.9829889679549699
2.4248167045055817,1.5842151223604213
0.07037246898119376,0.31043788661982175
-0.05986761680294951,0.1888436309690533
-0.6137940770436411,-0.024361125185461997
-0.12242305001820603,0.15237760579765233
0.848522957785375,0.5534409396001385
1.330842864889443,0.8668640386109108
1.4131537491907749,1.0133563749836145
2.1009906818353175,1.4271953920628253
2.4045760797382068,1.4249886310612614
0.544606837469548,0.5226615582237946
0.04616510761129111,0.4038306870522009
-1.2068196067627157,-0.3349409127681432
-2.860231169034871,-1.1489504549564271
-2.7682722470821552,-1.1715010114564373
1.0223542358795454,0.8293099639675592
0.9030151151435701,0.6716965784151484
0.7456190364868738,0.843269665296041
0.1211296198367533,0.3915384938882268
1.7383301936589852,1.099751778733723
0.2242850716124144,0.2470618544083907
0.3928806661522701,0.3262646432194972
-0.611213889142616,0.0780840586682633
-0.4419659674758971,0.1201466505664002
-0.2103433680022904,0.32169001724781265
-2.3424146644022006,-0.8905402792245051
-1.964351174396642,-0.6079877585861797
-1.8218558768563184,-0.7345325717872528
-2.410125980400866,-1.118203500049039
-1.710817991094165,-0.5295865839276255
-2.726224794676924,-1.1884107657281027
-1.6998753496425643,-0.4332486094484246
-0.512045619524009,-0.023045556921042723
1.1669668100729549,0.8101129746486835
1.63016029619947,0.8435563296798791
1.4266002257884587,1.0092274426602938
1.063169568056387,0.8381707596414287
2.287799122772598,1.5256272849318073
1.0715791441015978,0.9262703073081406
-0.42437408979250213,0.11810495480948621
-2.239218985560425,-0.8628233722112166
0.6553877005841084,0.582945113363242
-0.091403965064499,0.1670606246095639
-1.328238253431109,-0.288486169528186
-3.195806889388432,-1.3021348353487938
-1.7400391226562593,-0.5910681842435961
-0.3206839509261562,0.0844945449439947
0.5973507619475069,0.43748642347830824
0.7737636017194134,0.41892121023660717
0.4385346237811928,0.48550541750196574
1.1391920575523389,0.7931420877392485
0.5973242216178126,0.5320259483193541
1.965604325607827,1.4108068025357923
0.24151177408391544,0.2796322080781126
1.082257337399152,0.8302323095743268
-0.9954037424756408,-0.21122645834704112
-0.344491412815929,0.1599796858283462
-0.045136287999732516,0.19114173040263144
-1.637403558847136,-0.4657743538466316
-1.2854280781711576,-0.29417453198360827
-2.4819507392205713,-0.9235898202619596
-2.601518443568473,-0.8404634627835897
-1.6180167250679736,-0.4388594482865228
-0.823154462413946,-0.23234937869668898
-0.4474160219643166,-0.010937648625918922
1.2308948600182466,0.8358266638245042
0.24463265001808443,0.6076485295650773
-0.5999467406024686,0.020454826042510043
-2.4110148483028317,-0.9896722149411007
-3.368851719492156,-1.4003536080575327
-0.5576899780370087,-0.023144880700192987
0.5374156240909819,0.601450131756946
-1.2692334118279298,-0.37912724671243714
-1.1282606423946464,-0.030939209537590745
-1.4383225410874296,-0.5271238881357405
-1.6675345901207987,-0.5240875823597594
-0.6104712333125137,0.0344738728666934
1.3525416720156254,0.9998884151384388
1.0392815978337555,0.8417412417817519
2.2286791764872844,1.4692932480126295
1.1875634021864248,0.9872087025894613
-0.5901383384314309,-0.0759706394504378
-0.05221969277446692,0.17333041531268573
0.4496043993601408,0.4938719958021975
1.1325067011663055,0.9191380982374189
-0.07723612468668772,0.1994128034467099
-2.340131124331958,-0.8232280937712988
-0.7617256224794204,-0.12067081407986074
-1.3240587063534197,-0.3425207049305361
0.7561518979208333,0.7329005677914934
2.0341263565545984,1.3826027669430976
2.0538240708924884,1.2081173095597033
0.122248766048487,0.45199322074631654
-1.3438922544970444,-0.3693694120295386
0.2980946732230203,0.30318564759808825
1.5470510591071176,1.0516041103462406
0.30032061251098763,0.18433423799142173
-0.305581281504327,0.18120018430186374
0.23817217688623488,0.3717915567496041
1.9645844327060988,1.0838984127368987
0.42124384608698096,0.5155507573313811
-0.031118729925119104,0.45703954818776293
-0.4318871152260643,0.15205715512936818
-1.3305910651878305,-0.40641969979093806
0.5144058486609332,0.5169241636686521
0.9491325117198508,0.7686958297119629
-0.5798959813133383,0.014643515434985262
0.8304363849093984,0.6629897672650105
0.9659939631225802,0.5899653113692956
-0.29783547558653634,0.2663509360455982
-0.29870271974241325,0.06370422286970724
-0.7417925226562267,0.08365175668448874
0.4195055390565431,0.5372386328366026
-0.06783008686307956,0.42321615396003587
-0.02007456012177891,0.36761432743666056
0.37085852314191,0.2779721888760544
-1.1785753997752793,-0.11359257935499598
-1.5526393572727786,-0.5216184030635247
-0.8928428718720615,-0.23314620382505968
-3.4513304101886053,-1.5094388761845097
-1.5433986071108818,-0.45158238035837694
-1.3385928399850922,-0.20824256888924808
1.1329208149215066,0.7422085037303231
0.04978739657573972,0.26414169126566656
0.11876867875910566,0.4335436909515381
0.6828119976670186,0.7243290360984084
2.582886294807677,1.584200350501062
1.9598403776576663,1.3505247773427898
1.3577597561896242,0.9488819417479263
0.9852046291228211,0.7886902717902592
1.514944509166623,1.0651584060849077
0.38197333112397214,0.5326978938586884
1.1280933640285755,0.7541107479892593
0.7910325172296401,0.7174271229355486
-1.9603389010494903,-0.7935580539975887
-0.2843435225234243,0.03844996122919486
-0.815144206536679,-0.17513982062342442
-1.156395987203869,-0.30126992525754753
-0.43112334696739246,0.16072769895784528
-2.848876731883771,-0.9535479395234883
-1.6757696007220395,-0.508537684102415
-2.0902645065292402,-0.7045757088649216
-0.3664392804115457,0.10694024499376238
-1.4123482954088933,-0.24094347476948877
-0.42638566059550354,0.10520835708928394
0.3018732666203016,0.590623747512749
-0.3949862745818243,0.022176605900567886
-1.0854291744063937,-0.2230302830522924
-1.3233878655671532,-0.5323380849857435
1.2724792959852578,0.9719942881807917
1.7201040504093998,1.124188409241812
-0.6274257748248198,-0.08404772131253353
-0.9572491424587717,-0.2878386853455464
0.005220897657858825,0.3286878487176642
1.6986069742644097,1.1179259762564013
0.47525123679266223,0.5632538695966003
-1.65768144035906,-0.49550118958162204
-1.3198584641487057,-0.2859957667924133
-0.9292231215181033,-0.27670939517982107
-0.19704439287355668,0.10190106026355342
-1.2915622481032574,-0.36436087459591326
0.17977305003004573,0.5685941900088542
0.5972928927742444,0.48775140372107206
0.6021285398669257,0.6057668280469005
-0.41496171471186505,0.05160291020202296
1.275208081175456,0.7986856851487418
1.5810839438923727,1.1410534078565147
0.8563408434532227,0.766063314564601
0.9135200938192225,0.9222398934952151
-0.3216614675761196,0.10096906790114737
0.5035738832320288,0.6122756384767448
0.9998505752656698,0.708351983140638
0.29662928213509826,0.37803488466182894
0.4427976029633687,0.4830695519026988
-0.7722653834880178,0.10788378381354422
-2.3216415586927694,-0.9107881300335176
-0.11531481866347737,0.3752527444029484
-0.36121007745724626,0.09572613330999714
-2.0827912933675528,-0.870255669903469
-0.7431723357364298,-0.2425041137548067
-0.6098882380906071,-0.21146954257870004
-2.083593365353334,-0.7212402864695877
0.2850237276920562,0.47504317607350977
-0.0009784749678796723,0.46791760423386136
-0.6797398460944357,0.10535838709368986
-0.4008851518769623,-0.016462660339832347
-0.07822047918106784,0.3251402553177761
1.421244212169238,0.9858504282288556
1.3017654698889365,0.9990539432734186
0.7385153729164308,0.5728366249870618
0.3822932328803549,0.36065706055952124
-0.5086604589104912,-0.09128936472253071
-1.2035587505188337,-0.2827362888279722
-1.4239671739162436,-0.5174252131987875
-2.8715982518560113,-0.9553339293095107
-1.8413525493001832,-0.5258891158090864
0.08580071392249189,0.22564930246673578
-0.4134534769740666,0.05083205328677917
1.6561381792669128,1.2388746228910685
0.1821416589053837,0.27636743664191943
0.6070191472555488,0.569269094179619
2.2220267942462915,1.4846186545340243
1.7265274785191411,1.2724019141280347
-0.1382041221939827,0.1487835693234142
-0.8537165722449394,-0.2290397487937022
-1.4101972487982797,-0.44933975812156207
0.6803931342504932,0.6106814113225228
0.5615741621419954,0.6660954886408923
0.9361765871800514,0.9654647311873498
0.9642253895633137,0.9096680826356153
1.539344548138578,1.066773057556624
2.6119734356473687,1.8233416779840255
1.5752802397685228,1.15750709960846
1.1836205855938609,0.9071613395985774
1.3782501389925095,1.1683045792956483
0.681037459524817,0.6176085032716521
0.07984333473720673,0.44458538641466033
-0.9062714885135846,-0.07416154609127089
-1.245574574207902,-0.35303862293798355
-1.492738092836065,-0.4975097887609623
-1.508597617804974,-0.30588269289030245
-1.422883325979162,-0.4661162108367182
-2.3095526066357124,-0.8853407298510491
-0.3725539249538332,0.07619969686678373
-0.6255752271995569,-0.013139181489259275
0.5482732558719313,0.6148444220093663
1.4816380322224596,0.8606589374919194
-0.24981924885129447,0.2059313175342868
-0.1783043544868192,0.04360393333077481
-0.007733027985813767,0.33799412465652484
-1.0986439184944172,-0.20648449023881044
-1.7792691682433857,-0.56327234563623
-1.1445941329565081,-0.3981404772972578
-1.9310487569885388,-0.6681159584320883
-1.3469012645230793,-0.4319182944150534
0.010287370242373695,0.21700432520217106
0.17657943084021602,0.5185718555500575
-1.0931951396357111,-0.14387661311292477
-0.02563497730327935,0.4709461472324886
0.9608696696080354,0.9385422361666415
2.0644160323938157,1.5246153122505481
2.1928730703536043,1.3826514175541653
0.5830266117010163,0.5265497843646865
-0.015016934155114847,0.31793092735786965
-0.6433619784631759,0.0795511102271389
-0.8120320358230109,0.039986555698641596
0.09422693491009315,0.3117578057934029
-0.6423662545998543,-0.19291430692034067
-0.22789615782314732,0.22619886123987878
-1.1191760919824851,-0.3297959929933524
-2.673830858257224,-1.0236636619343906
-1.4524242711849458,-0.525059366158484
-2.461244706800974,-0.9117896966080494
-2.0257013946258047,-0.7705147650354338
-1.3462115601053954,-0.457204629585114
-0.4716571568134047,0.04052504070411404
-2.2134477854674453,-0.7000551912677178
-1.9345299429859395,-0.6978645558323577
-0.18419909096586606,0.3967366362127642
-0.7473455458509966,-0.08772115415709941
-0.8717162490070337,-0.1498739881951953
-1.2288198319835457,-0.3095421451097002
-1.217748254149038,-0.3370215617899249
0.16673679932831664,0.41109617756786804
1.1130608233747092,0.8060271832053654
1.2620278293522715,0.8581063531057507
0.268356465278647,0.5538124234640487
0.8155446184142428,0.7017494058086592
0.8378284261445852,0.702468304082396
2.5576358659104805,1.7892754332907037
1.0115335721272707,0.764167880697149
1.5626067945130513,1.165793822907046
2.043359855925611,1.2084419010677503
1.0267588602094015,0.839332720718027
-0.036295741943493054,0.324949578685155
-1.170400350003445,-0.257531561011193
-1.8973518036714854,-0.7799164666814663
0.8919904553367737,0.8102677900131275
-0.06884301557794592,0.45706468171386516
1.7210407736347073,0.9607052891116662
1.365438663499725,1.0367727357951364
1.0757474016739397,0.7950442165667476
-0.3666515195573138,0.10789876369819755
-1.5694320321548365,-0.3862471695880953
-1.547236336911254,-0.4398114420986061
-1.4346012587966235,-0.5879390123986798
-1.1756162488420223,-0.21901548602873722
-2.5418259796730505,-0.972318226490791
0.21975627026811795,0.5101599105801764
-0.9118410918139747,-0.08956951749358756
-0.3296939495973584,0.12026299247496648
-0.4925624231499318,0.16336052295181347
0.5378835651648288,0.5299663088240145
0.32563604435242194,0.41807851340700497
0.2265452691506089,0.30025076852283467
1.147183913640826,0.9344851376012822
0.2405342821447487,0.5086790555536336
-0.8756012997830992,-0.13486128356707056
-1.1167561583019956,-0.22333900033817475
0.8162942544058341,0.7729442527898117
0.7017636854587348,0.669615502459576
2.398789238206955,1.4829069575297151
2.8868287727817803,1.7151789583789763
1.1827489557260644,1.0002005217136158
0.7153788733272519,0.6348021733771401
-1.1755381119196109,-0.2841624693158141
-0.33151794330102813,0.20363233012877158
1.280413760386922,0.930375722149413
2.005213621360656,1.2617685579583815
1.076968081918866,0.8594331425285938
2.0881330083732292,1.2595299447503603
0.5630188782252521,0.5359145984796272
-0.5589162893584173,-0.15885167959125276
0.2645394993303779,0.4622410565269375
-1.012899590940787,-0.1956553855148051
-0.4792216455526706,-0.008866064509432794
-0.34804090793745524,0.063580127147284
-1.0138714362793664,-0.14748408107656374
0.34757172338280873,0.5049929842529516
1.8446262436512666,1.0132276615611213
-0.24654538701568285,0.27446733236040877
1.8502981204576052,1.3319847960149809
2.1148793868489006,1.2367923407199097
1.2265183961382633,0.9229520782654015
1.3380606268171302,1.0876462887638998
-0.1733840905375722,0.36076911108399234
-1.2053016653230741,-0.28208118616976113
-0.7014812103877549,-0.03962764501859188
1.1483631986543494,0.8896806525524318
0.9039952641781908,0.7872678550520735
-1.4890632197623765,-0.4017177170355398
-1.0436364462526662,-0.15400839271850955
-0.655886906654326,0.018849075173157516
0.19620922613212222,0.43959961173773054
1.3055490335895747,1.0645523274917146
0.48661404220791143,0.6187455129906732
1.5414177535044604,1.1084041300555914
0.6006718879728978,0.7504414258606694
2.5875117209587244,1.5211057074876044
1.232305414447853,0.8157849597833251
1.8194851660758,1.323879978253979
0.7072168008523605,0.6528192611441354
1.430505623394696,1.0447688561272732
0.6098311539607137,0.5729298316650485
2.838899085337242,1.8013398202325528
0.27377673238775224,0.4395771855222626
-0.69025970501455,0.012386202712775601
-0.0028535786941387142,0.3172112657141557
-0.3785590168239384,0.23745742313525267
-0.5866862008976643,-0.012399843423647909
-0.9474824646253297,-0.20194312480586052
0.22835643744103373,0.49755484987714704
-1.3794018101406567,-0.27258100916122463
-1.7610089166460443,-0.43103036610582246
-2.090070054820859,-0.6260300200749437
-1.8495036134558407,-0.7065618848297766
-1.2659795626510537,-0.0754966736610394
-0.3315079537452874,0.10752669172926294
0.837164173561014,0.7271747375812111
0.822842656572367,0.7499651115474254
0.15333559988646372,0.5589451340042649
0.8692108561698918,0.7499813693450246
1.5790082555342275,1.0914839025878333
-0.5497572098757499,-0.0930577641338222
-1.6515356081436658,-0.6474332699884017
-0.030721084865483306,0.41602504481664104
-1.531446137689347,-0.48177113964417806
-1.0030311407469927,-0.16256191625237307
-0.9268233484816195,-0.26715555819845654
-0.34741147567403885,0.13939881028330955
-0.10836766886801313,0.28177025071043516
-0.393903319539755,0.10697781745413652
0.5358658655370049,0.4268613254759754
0.810394000907507,0.7660206746820631
-0.29090170594111686,0.15610844909638497
0.6390979151771541,0.7026782749488945
0.39589289062647703,0.3461554691252138
0.44473356195045466,0.3873676989445799
1.8000652314954746,1.252847229806337
0.535786574166397,0.5655705897010157
0.038093935742555596,0.36621587687634494
-1.3117588705348582,-0.3737728774295155
-1.0029432434861423,-0.11599034446793383
-1.775089939593561,-0.5572579456828065
-1.9277422041198355,-0.5566853847042419
-2.002166294651733,-0.8162470717469562
1.3378443724646667,0.9051619414322298
1.6540086389870778,1.053655580467486
2.1865686266942648,1.4302067891245058
2.349242179113954,1.2973288094281976
1.0767885471884129,0.6801666759293504
-0.4169522405583841,0.0806955814576818
-1.2403686748244265,-0.3865162035960896
-2.5036948368833927,-1.0950200370041234
-1.3414767015984816,-0.2420289241565275
-1.8857890029139392,-0.7161816865192109
-1.1024731865671018,-0.15808933184131085
0.3285205483267134,0.23527905493829182
0.066718038307162,0.33795531238577575
-1.972420876882202,-0.7869478849444311
0.7614670824197021,0.7874743414057189
-0.38788304750373337,0.11669494346167635
0.07327897564681318,0.3250454999836469
0.9651207334623596,0.6185698647496969
2.6458188594375156,1.8233446297937508
1.598739296248904,1.0890650133833089
1.1339217900927523,0.6487494211637662
1.317001491618094,0.8831894662973726
2.0083644478261804,1.3154518386565228
1.5780272872194103,1.0051567947161602
0.755125180710959,0.5585866778945535
-0.43379307754825447,0.12825910984987016
0.8923619840505768,0.7512045661848292
0.646876252304442,0.7730963561624073
-0.11777921941154368,0.16183327150365104
-2.273035692483878,-0.8979605438878367
-0.697789434000646,-0.08323406052750326
-3.4439318784298534,-1.3399158697718
-0.9549748314508137,-0.05811749459674215
-1.588554514847282,-0.4510752066980622
-1.3928685659664457,-0.3745410574289124
-1.4877600523552212,-0.39287426895255523
0.32479594035715287,0.4361956521435853
-1.25796267781811,-0.33301363157925506
-2.035593381410471,-0.6313655389524483
-1.6074086305913982,-0.575061807767597
-4.148361657981711,-1.758072149665034
-1.975690031315688,-0.8555617432026942
-1.7466020001587812,-0.7424360371440465
-2.6373100811836077,-1.1134167796754286
-2.245622166275432,-0.8522565744096375
-1.6049613127483893,-0.6184491412347976
0.5916645925240858,0.6787260023174998
1.7627034325895845,1.313776936654741
0.9100277540197647,0.7408114180297902
0.4819959877725549,0.6728718678350735
-0.43769895892954075,0.1058753015992754
0.928796560310529,0.8141164146773875
0.03809023926826405,0.4305978548240001
-0.9154688886272557,-0.29976822144786175
-0.6561979711699563,0.014249183328511703
-0.5876413032040255,-0.1753849625804571
-1.2129016782194428,-0.2292404150681938
1.1075684306540814,0.9421997458652194
-0.3884073275099358,0.015306426290630462
-0.5737797028428653,-0.07158851471988181
0.9199096932636482,0.8934182456284052
2.1060998523762704,1.3799223871224418
1.3853333167336523,1.28179639052654
1.4921131894329522,0.9373518305735423
1.4626856133275559,1.0280479011172912
0.5377106786404782,0.6009404495229752
0.7829825125933465,0.6318527316560927
0.9629492430348983,0.8993283727968546
2.067993089292997,1.4753706752072049
1.4303947710056153,1.0579568163136845
1.0562872705162385,0.795488417079707
2.0344508079421493,1.328032829122938
1.5604882482363593,0.8728027906727328
1.4183294423258332,1.0256001523166651
0.3501847453416894,0.372359537525357
1.7529354647137732,1.0118758605838305
2.4900358152565474,1.3793205995666444
-0.4652129207923503,0.14532355344922565
0.3277371447174489,0.4096674667964605
0.2589864342918514,0.6514183112637422
1.3475571164181197,0.960545180988675
1.4630964095646903,1.2704569653212312
2.2638390050192965,1.4717599611416965
1.1770703333405264,0.9966936826577403
1.6989689569953894,1.186453644984466
3.4057209614904376,2.092282624596755
0.5379097419063511,0.37087728094868017
2.944731507709182,1.7137464907423308
2.6013656304066535,1.5237892460522746
0.26929503166987434,0.44392398691409823
0.8807948278855202,0.8837814960109984
0.5916463721690939,0.5678465444472024
-0.2211159861020442,0.1680493245033138
0.31233410628957053,0.5360453403181238
-1.0867171595289418,-0.27255849942132276
-0.43315511355140673,0.013054924159517547
-0.33534730669216367,0.26238997412034804
0.42028681904376675,0.4168265927148391
-0.6236705161299323,0.09837841984379109
-1.2115502089441912,-0.356840001467728
0.34435172288575266,0.39353572061851855
0.2367798431008731,0.5028954656155453
-0.13302842893986364,0.2139014988997948
0.4677479374807577,0.5133769101140376
-0.5177427418689144,0.02477899813908362
-0.3260016616907797,0.029605804502736338
-1.515762568185756,-0.3110287863453959
-0.5123434234114386,-0.003465988617548099
-0.9659100907052254,-0.018534674966713627
-1.996645494253383,-0.776097398168091
-1.3983322751096443,-0.46097795718254664
-2.0488664495835707,-0.8256990782663606
-0.8602970036366215,0.07304742776421336
-0.4218092866482724,0.12221099305818445
1.043396933584454,0.8215190044530961
1.3928772743428113,0.8152345394181888
-0.35200698181192835,0.11951325009173484
-1.9093257671267678,-0.6252247735525319
-2.296337794952141,-0.8010578196172177
-0.993667686038841,-0.3888372335489477
-1.248049141775978,-0.3581481853922615
-1.3071432627987374,-0.319385949635709
-1.0093818343345438,-0.1286146948767679
