-0.5122658181261176,-0.08902183139118022
-0.026314480150658903,0.2742582738485525
-2.1372824089528497,-0.8907252545351698
-1.1054394703451356,-0.18137266348236764
-1.2762178650503524,-0.3903219242015465
-0.9719389192100225,-0.29978485897617485
-1.3401246735570864,-0.42481555709489816
-2.160900375631299,-0.7420154587357654
-1.6855386183590926,-0.4957192199918085
-1.6140944215267616,-0.5355738968196813
-0.7575081651370524,-0.08076572847323606
0.6220074950424788,0.6719521700458504
0.7547064383903549,0.7762825430732656
2.0533650674649984,1.3651266315250488
2.0254396625231377,1.3579830298648021
0.8793835509265117,0.590824710602137
0.6892834194647608,0.6132511259748907
1.540641778753867,1.0359618908008814
0.984181204552773,0.9309468847725579
-0.3441853051429261,0.11293413368998864
-0.1704552666872291,0.15783541217469094
-2.7010344217896756,-0.9004788384047333
-1.170163919766065,-0.28871853344196013
-2.0430636760528476,-0.7878191936623667
-2.503087784938349,-0.9773011486097893
-2.7101240542378107,-1.1108913882836389
-0.8429329254282247,0.08324434318030957
-1.002244120606289,-0.10290676688417248
-2.1088849982030604,-0.7646064153332076
-1.6424042130607683,-0.43027400707938585
-1.0461044410531977,-0.16856052124078635
0.43968338920129313,0.29757190752572993
0.9122922325336444,0.9375757816977179
0.39746752597006857,0.6951365238027485
0.005782769283293743,0.34151129396230484
0.8137559952065697,0.753177534822523
3.2122389659480945,1.9052502495730907
1.1662482397129006,0.8512387509105979
1.5938763726493694,1.164782736889794
2.346151031698518,1.2312243134137308
0.12756676676093326,0.3736211319463618
-0.6706807883778756,-0.04221287916681996
-0.2203075699518694,0.19856445456558547
-1.5732483381160893,-0.3772137624910987
-3.193121732108601,-1.2096224911011375
-0.040075674207502576,0.04441606512704713
-0.6198987391108126,-0.0394374694434106
-1.1700624151891144,-0.19483851616500844
-1.0519012815414848,-0.19359311862737527
-2.5611011255161813,-0.7681272543828115
0.7286207774609588,0.7892936340802353
1.7564656518519022,1.2731078231182442
2.3053917133323862,1.579149179550866
1.9230918749481973,1.2091147394379314
0.31116419698604036,0.3154163607457765
0.07831780819266407,0.3013399123808186
-0.23143712742022335,0.31433391172942965
-2.020868306990701,-0.6552694922068163
-0.34262148377163726,0.21992568459033174
-1.811317967982534,-0.5844269116570588
-1.8264085808266208,-0.6749980575347467
-1.0685512818211687,-0.3978610887915902
-1.5307542127616998,-0.5123969422159055
-0.8333464758631197,-0.0667566978933624
-0.5526429351481301,0.025077711425388623
-0.5625468848465364,0.22036596844000642
-1.551023183702101,-0.6282067474559775
-0.7661895978079661,-0.19095907504238024
0.22727035168322607,0.3886605563386533
0.4804789924135282,0.5734216622432124
0.18873568365437748,0.235355028241845
0.09187214931547197,0.12504189601176946
0.6614087209479744,0.5304088902655165
1.1041661636601185,1.0261659234696423
1.8192557726482272,1.0879619910217155
1.8908822633157403,1.3681557128976112
0.011302850085350036,0.31435164986603537
1.4186801775354985,1.09499668347977
1.3156701003616822,0.7152750036982071
1.7443041589086477,1.0716455069670963
1.271853340093251,0.9750648432523744
1.7487041802439534,1.2584388172215317
0.4760673006745382,0.653558522595204
1.3279399123426257,0.8173755324653541
1.363704321728863,1.2020855621565651
1.4623785437983652,0.9836928539639518
1.1319358626276153,0.8050400663007647
0.3285999271122829,0.5178008553258275
1.5455046063845514,0.7845136406053859
1.2768447590244518,0.9511877050086894
1.3696542659947242,0.9111674437920338
0.3025376954135255,0.644563624107489
1.8140677727385892,1.1884448361455888
2.5483745650037855,1.6091413935123406
0.41188633401054486,0.3915692287883404
-0.21830687204330607,0.11691079707429851
0.5893629502584299,0.5808398735529742
-1.5611320525083352,-0.5455981490229995
-0.1897146927211869,0.22077276072983043
0.24017393633015197,0.419558594304748
1.7821086328933347,1.0705463999839717
1.2359734324189051,1.0571161529492124
1.6012991751816992,1.113686103625146
1.8607297283168664,1.2761811900842148
0.5039982523725308,0.6201423740103975
-1.630642972666892,-0.46328992282056736
1.1454174972757944,0.7487394092961881
0.5868952282881033,0.5599235748703376
0.8050783336879613,0.804484417234178
2.6046532212249316,1.6906752259423596
1.0166685088216982,0.9018599804237635
2.285729485481856,1.4740277146181708
1.1221305661217498,0.9157281357174681
0.4595114411611932,0.6328982830489532
1.6162918620414424,1.0816568816891106
-0.16655884888557426,0.24201528798740335
-1.3868733876206625,-0.4142607078105222
-1.8750106089922165,-0.567248755987838
-1.4677060191437803,-0.518868038398505
0.11709601968987282,0.28836031870958284
1.8017881355729968,1.2579917880526925
0.6366071498369187,0.6283092569370531
2.222906087012337,1.4338048342321394
0.8301571800140362,0.7649236209541146
1.0854667637249804,0.9020291461452902
0.9656080399786688,0.7585069339152206
1.9701139178552467,1.2579954584243846
0.7728243528992236,0.7369354054577588
-1.0418765025049057,-0.3826354527790192
-0.729152045749973,0.002563457374988906
-1.754267599499158,-0.7111149806426891
-0.434800522943391,0.09192869765410606
0.4872475279188335,0.5793505291704899
0.05003159816646541,0.22844565986511522
1.2001437366607823,0.8367278634966282
2.4952249841211986,1.3932814782959073
1.2042688329058382,0.9906295838810558
1.8223202571789965,1.285204706917627
2.408826275258747,1.4033300410147347
0.7001938332201397,0.727279401803122
-1.1144318618074918,-0.13780894955860792
-1.1480863325696247,-0.3194409446630292
-0.3857400578636285,0.11721381709390756
0.3643861601972273,0.5625872159756609
-0.5171845579504453,0.05909293299895911
-1.336783732253732,-0.4512670003709373
-1.626362330214738,-0.7220435551833151
-1.3616154596094443,-0.3773352361188722
-1.6479523351761531,-0.6594900196387782
-2.091284963663406,-0.7016254470863992
-2.267692305460179,-0.8991921770749998
-2.3742986145217886,-0.8149368448233851
-1.7637269915067484,-0.5011643492661665
-1.781437493455075,-0.7223332462010488
-0.3568044853005241,0.2011135643077235
0.46138068533308174,0.6036896103493579
0.17116577807248706,0.22274798784651062
-0.8654625222032116,-0.20249303206668734
-0.7281805957077633,0.0011831864081089521
0.7267713064152607,0.5863683906868629
0.39998989323756745,0.39918753942617774
0.9234931644056206,0.7323917529172354
0.21086493670847128,0.29396169545067297
-2.010770759453073,-0.7249372432966377
-1.6103257553732733,-0.21975569583657906
-0.10616523604592576,0.14901810436530682
0.7338000457989293,0.7857800180842318
1.495659035906828,1.076287485867173
1.0435318413164312,0.7235709147563256
2.5274759402270197,1.6699262859646027
1.6481050378521995,1.2369459286521804
1.1373227038095308,0.8189833129492676
0.6495499669249394,0.5324297744907514
0.39435788081347406,0.5175662420090641
2.1300268796054875,1.4217498860045892
0.7939389439417293,0.7337572318988095
-0.15723870069019164,0.09903146112314587
0.020751411830268962,0.31866842191390665
0.08845069663843705,0.47046818367696586
0.07725773551790462,0.4255715300551528
-0.9534971017579398,-0.15029718666393743
-1.3141425564444775,-0.20160808908842787
-2.4136744521735265,-0.8411543134032103
-0.8362256834439628,-0.28351439120466765
-2.7013205359382506,-1.007676567421494
-2.036425289923367,-0.7109218468457212
-0.27596562683350867,0.2019855092696932
-0.7829171921340732,-0.027604947533780025
-1.6270355661399392,-0.4712767733718999
-1.4112899987843828,-0.3276318860815363
-2.785433425492251,-1.0559472736664082
-2.648680611458192,-1.1149536331356795
-0.6112543455721859,0.19162141951674544
-0.3116502284622962,-0.026002958787489677
-0.5199749686727853,0.019830235241569447
-0.031188060621700375,0.36878007890992287
-0.2939757585077196,-0.1254553514573441
0.13344293354297726,0.3945393303747409
-0.47231127135184836,0.0878230027885131
0.04620534753936062,0.2565968645423258
-0.0009624753774761935,0.19666375571501638
0.16183574853655572,0.26314994680448917
0.9044716313066153,0.7947869378364331
0.5045039000653064,0.5723072912116876
-0.663079531087463,0.002046196187148082
-0.8691487384120108,-0.05606047807013034
0.291204486358545,0.5459059586814199
0.9146595775346569,0.696418472830945
0.6298042008907998,0.6335217691844078
1.2945465226619821,0.8263871892118708
0.3724329404002935,0.44115340080601917
1.1042230578995755,0.851703353793338
0.5624007561850966,0.5407338987824347
1.1479411161230848,0.9398151932025118
0.15233770175656913,0.5784256685972388
-1.5841765075288534,-0.46518546442623887
-1.0395220111677557,-0.2701461618293259
-1.4835319077529556,-0.49622225766994754
-1.2995807733963267,-0.3750107066811901
0.4752894962118426,0.5919849368438497
-0.31034760319550747,0.15911377145595199
0.8340859577384654,0.5177678655871986
1.590599079989759,1.0354176410356635
1.689971108497721,1.02432793887648
2.125729923275446,1.3008732576079447
2.749761718109923,1.6038862752300826
2.681648813877146,1.5252295252693207
2.548867732374373,1.5434935994007934
-0.7657375681071001,-0.12383677410670066
-0.5369367934569917,0.09581400716119999
-1.0451335424663697,-0.23979149859544552
-1.3626630521695127,-0.35017676372401796
-0.3353043309535766,0.06002498805807015
0.3580405191488441,0.4803213052018848
0.5763351103328841,0.7543602924782314
1.2996290562988912,1.0672306321712481
-0.1250199933803422,0.20199356737927388
-0.16639327510891155,-0.0855866406895906
-0.10356404915828216,0.18386259056438625
1.2168573385637536,1.1421581077720973
0.7978191323603329,0.700681472718228
1.2097880372139058,0.8910654057070969
2.267973641376854,1.367550364558573
1.457985059823224,1.1714917995906302
1.8992837140988406,1.2182334854528365
1.1219946846234505,0.9242246391343891
1.0789109030182367,0.7302247315427224
1.2879561467880634,1.0656415616341408
3.0896370643912223,1.9087067811773684
-0.9106433819447539,-0.0871582539486429
-0.7698748412793538,-0.010594201361740066
-0.3239389390953363,0.19452846452191447
-1.3418731238881239,-0.1910328750565529
-1.6295635812894365,-0.43915866315720187
0.534073352423587,0.5650121503349005
0.5514465879793322,0.7204086210326711
2.216439433540925,1.430108587977019
1.3895028049180729,1.089299682117172
2.0028558694700487,1.28107727821046
1.2948733415951081,0.9512471893256259
-0.2838117606195458,0.19080155930587947
0.33584664860824376,0.47612683064397987
0.17280722149164635,0.29458067435729524
0.24005518783541174,0.37804783443852763
-0.35217073543680943,0.35916976262527317
-1.0270430240144426,-0.26112559946349756
-0.0023078456045259044,0.19343024569478304
0.2548928116112795,0.52492238517617
0.2058409605785708,0.448669215956984
0.22981502201927573,0.42027642244585695
-0.24509838830180491,0.14789893416546737
-0.9225880634525225,-0.17887760285686502
0.2973274937781645,0.47440460067902424
-0.06617649001756659,0.3578620011597069
-0.9071650045687664,-0.27264359361189194
-1.0734634213385,-0.28989510352115266
-2.0588937139929824,-0.7045461215939804
-0.35870602845867816,0.13916037618032068
-0.57618280870599,-0.07179672985953611
0.34466349976642885,0.5996553661347626
0.6329781515722055,0.6035271700160276
1.698211288804754,1.1538879900091807
0.7882480169883846,0.7584575979288978
1.641221251339198,1.0987358348931453
-0.40413847817482806,-0.022039406957162333
-0.3909802812102604,-0.027856416409950707
0.23837663260943176,0.6946611820847108
-1.1844113130802214,-0.32923823885525405
-1.4894054442472413,-0.48310697523784707
-0.339226663918608,0.20177559497321743
0.3125831739971649,0.582645077424412
0.4668000662384892,0.5871867035186291
0.6902475612317687,0.7501366720151657
3.6387061560856484,2.2449730959653174
1.7823641227587061,1.2550548571036901
1.4364382558751085,1.0461730932428193
0.6659318086028768,0.6913316759429047
-0.17153552631775448,0.1775328069638955
1.1066042662334894,0.7101084806958109
0.4896306125031791,0.35376913118591163
0.8994445794911492,0.7254360399001818
0.4220185371423678,0.4805436135123798
0.10414352209485578,0.34060718943297047
1.4442179183881108,0.9746820803333562
0.3991398871071872,0.5011425302379465
0.7144727679104066,0.7174825780833429
-0.6834736405573162,0.14407795456904382
-0.6245237081295548,-0.1780974877764149
-0.9128338882204832,-0.13437868296487598
-0.5554191580627508,-0.00218291071524207
-0.4808251515800634,0.07655276308777459
0.5716897829902577,0.35382622753839277
0.8405594189693599,0.8076088251733798
-0.8204994307661202,-0.25608216192644573
0.03421795686421569,0.3262204964034931
0.3456314872809677,0.4223837373957201
0.3335548032417212,0.5344810179348226
0.4457536725600376,0.4733367559525905
0.24526120953986633,0.36724091292060934
1.777882605076111,1.3020568067439087
1.994282799992264,1.4885263202581362
1.7308953675383605,1.225811935843367
1.1854112863698705,0.6831267065222335
0.7935159059591266,0.6860839584653391
0.7332302111451446,0.6951697836860163
0.7033549799557588,0.5685140045716837
0.5030342569897586,0.5662987935648868
-1.2086173749262477,-0.2403338081784238
-0.9164823938749734,-0.41266663069026055
1.5021039155985076,1.1023581224355583
2.348971375554612,1.324275375863964
1.4548752854028537,1.0324852424307098
0.9431687287085704,0.5378216714759647
-0.561191654023,0.13188142796317287
-0.7525066924780459,-0.07192992505620337
-1.0801574583093687,-0.2943879198489122
-1.4297796870726618,-0.3206733880152076
-1.023613887005044,-0.1743650201744747
-0.9735157595709418,-0.1666833406962941
0.3297471386759444,0.38006708052048366
0.511722313144783,0.5100191531078888
-0.20863160035440315,0.19359502818594368
-1.5759147680055205,-0.34783315566694684
-0.8927227277698516,-0.22437918927722228
-2.509226754886895,-0.9162429308410981
0.5683552600307131,0.6011824061906587
-1.303422231120573,-0.25594401673041656
-0.5785479209310902,0.08225114497339911
-1.5467548951647767,-0.5225633296050332
-0.8727131484800668,0.024831807755000213
0.02854558685710462,0.2490982792518054
-1.1407817978067922,-0.24844805238979642
-0.5119942522522396,-0.025392225664300064
0.10382779002845788,0.4071321978905397
-0.6937475214554488,-0.032441476151832585
-0.3317540414272449,0.13135430144331176
1.5141221177194895,1.0558943374372478
0.7318432608205445,0.568579101495732
-0.5158822830423846,0.011986475761417897
1.4781552357166854,1.2514616165736079
2.6310306903144154,1.6316418917118571
1.919579432325606,1.2478392588352656
0.40051273251175223,0.4152945782549705
-0.5513637168445211,0.02515550583655876
0.21254868450689357,0.2838185616625208
-0.3577783474684827,0.05312135970189592
1.0102204041520726,0.9574010437577922
1.1467104681359794,0.8672372934659104
1.6496847549526459,1.070419020331593
-0.48878628677088054,-0.03133627122133387
-0.9990529420613479,-0.13954448516529655
-1.1935834914065393,-0.45798079609264664
-0.30105093378176795,0.11489729235946913
-0.7659346957788469,-0.02085725381771157
-0.33194592119223193,0.11638296827852021
-0.16392281110881468,0.29683883643534886
-1.7391510124296876,-0.42286204124818605
0.23111740448535167,0.3426575166699194
0.06775944325087085,0.24719999170511303
-0.40929216928125434,0.116743567159764
-1.8166679880897043,-0.567441854166044
-1.1368314354344438,-0.3386004849314962
-0.7436766460173593,-0.0944254579821335
0.5681692989416096,0.6372873119199637
2.625352456094096,1.5392533953826772
0.6026260608481123,0.5793821047486131
2.0356018060496877,1.1420660587346245
1.3855481567582746,1.2239423825068394
0.699473537985661,0.8629858722250963
0.7426006112660649,0.7802657290830186
2.09657039154194,1.3552625058084686
3.2904663484884993,1.7900848195854613
0.9999764135841209,0.8308257121880729
-2.83047617009088,-1.159440334802565
-0.6617832177721136,-0.03211432988436427
0.44167335895496196,0.40799856135032697
0.45650423415903113,0.5317901208209703
1.789330402653091,1.1586283832158606
2.2774840209201823,1.4234211686332436
0.15044834373915172,0.5131211552584892
-0.24144040173307388,0.3707623395891268
-0.645730233111803,0.024598229047045374
-1.4605277567398407,-0.4444408379540303
-0.13925151428276294,0.258029369044168
-2.275933470397434,-0.9110450099635974
0.5663448099157455,0.6698796034316923
1.5690268315784022,1.0325549317000262
0.36509155105455193,0.5269683884725068
0.10351881656865253,0.3243061235407739
-0.07187981877980196,0.41746785381591944
-1.148822426470937,-0.2914687243503913
-0.9957278584206029,-0.27026483600365914
-1.2931035808569598,-0.5087398991200699
-1.9010004533014204,-0.7324412409323029
0.09652348359894103,0.5275297131959895
0.26387550172845164,0.5167433162073155
-0.24124624916606513,0.3396051919246912
-1.9349779947470573,-0.6639728253579674
-1.828666954391712,-0.4532370067649666
-0.6377745708511662,-0.09055713178959161
-1.1721967758906042,-0.1467137018464233
-0.08748423608242661,0.2873736348374059
0.31075634005385777,0.5604375946826388
-1.846025203555873,-0.7144766445916733
-0.7316469936319694,-0.0688780057389533
-0.7650401805876449,0.030417911030518635
-1.5775019248819038,-0.5592747871933944
-0.6821137326264856,-0.20161160881689053
-0.9182201573663024,-0.1816585529056666
-0.9195531363263904,-0.17441121179769875
-0.6140926341809052,-0.09912695479536077
-2.5963371258085797,-1.1230095529500808
-1.629938720514324,-0.3897948355611782
-0.8885724249234082,-0.18584844826498165
-0.6607992894361026,0.07071400281434226
-0.9069485764577353,-0.15671628616894476
-0.19356935760749117,0.1585927145100165
0.5935132904969856,0.7773345291041581
-0.11044341927090606,0.20741405403452398
-1.203258020556468,-0.2373660200338173
-3.020684069946068,-1.0348314549173678
-0.1083881608151347,0.16199220674800596
1.0785852978121455,0.7667185927441766
0.7566796686152304,0.833152556290436
0.41925196588838276,0.5893530906832902
1.6633076077039348,1.4725751379877787
0.14351960069842062,0.4698407326087665
0.9361742374662047,0.7708022718799267
1.0387464507887403,0.6989182150574358
-0.23127448331161982,0.06498987118578617
-0.22461318385220672,0.42265386539854505
-0.5103206158507979,-0.009264648940357091
-0.15685252650824166,0.32996231326075365
-0.42256034127754083,-0.03357720206601407
-2.8251997252153283,-1.279895669277206
-2.158246065963962,-0.6254339709824864
-0.5884844474096299,-0.024923851726283003
-0.821151582897738,-0.1416763149094918
-1.1861386535098277,-0.22628608251589233
-2.646257447487657,-0.9422388164467314
-2.0738001098533836,-0.6769969777731745
-1.2682663305655255,-0.3629434704973935
-1.1138316272701467,-0.2639032228430541
-1.1808816466381182,-0.18814513626848633
-1.0060587972556594,0.060202031577552995
0.3770457267594105,0.39835884291287915
-2.359537174448561,-0.8789414912411135
-0.978168646715483,-0.20409690831488647
0.18179719344762024,0.23685075582366572
0.14114932581722323,0.4479204828166458
0.2719726191237467,0.5822440648520638
0.46769194303449463,0.5451423604038467
1.4497559364777712,0.9817983293386113
-0.11587827774084103,0.17913655535188333
-0.4170365398864013,-0.03732124948860241
-0.38477769517228516,-0.005158526049061668
-0.681260563472722,-0.013831911537488261
-2.664187984632802,-0.8696436761624475
-1.3367449396831865,-0.3114362684705324
-0.7218278756237575,-0.12464246532714596
0.5145256537631586,0.5714435429750989
-0.2736702062128239,0.11590053511149861
0.5901592083467183,0.651745874571071
1.3021618919449613,0.887183698443255
0.8671325875077205,0.6112240207401523
1.5351047812057332,0.9998517110797548
0.26814693785041155,0.47135449823880315
2.48812693684529,1.5122120847633311
0.1629329023649153,0.23642408024733658
-0.18199905989083295,0.16774484273613563
-0.8477825063762621,-0.17607017745792364
-0.7913362378648301,-0.33149608694601584
-1.279133331895976,-0.4604556491875595
1.0249515414418218,0.6987526424040669
0.6495871174573477,0.7445983003374905
0.8423189178461594,0.8621058472887122
1.1444112581073096,0.7523267231802716
-0.022606328169496148,0.2749576250631088
0.33058318849737584,0.5623424782499352
0.7306302648475931,0.5280027843890297
0.08219659675655211,0.3504399664726943
-0.770198918418871,-0.02610844801587555
-1.205134441309566,-0.17898489750322794
-2.5027542890830423,-0.8742406176929677
-1.8940449510926216,-0.6745756632227903
0.40477686088183695,0.597151679640459
0.12926539263393844,0.26942741678438603
-0.17753601423364485,0.07890329541146518
-0.525495024119746,-0.013028761520666787
0.48009237360872575,0.5656308632646232
1.0397666351847692,0.6851145958373286
0.42359693283235506,0.3815746032723081
-1.0325039731907135,-0.12763031063421504
-0.1359153463079762,0.2665801957322881
-0.2669957855375313,0.20172851411437914
1.1045844741893858,0.8850288640025535
1.6058516214334404,1.0212229912999553
1.6391344832972239,1.21955675823169
1.751490967027242,1.038537595362761
1.5271024827536646,1.124692464522656
0.3926353794099797,0.380398322510696
-0.600476760524084,0.051845765422248904
-1.0920131693721495,-0.25609795129900026
-0.011394442125591264,0.34507192289683675
0.40679505753760514,0.5768135804426382
0.45252851555052187,0.6041970084612681
-0.527709428308683,-0.06347110992462096
0.12847267748588315,0.479584626149963
0.4234053406595505,0.5981315597459163
-0.921862705517313,-0.21651585740226012
-3.3082799079860346,-1.1676557618350418
-2.370676302316008,-0.9069568743357983
-1.5457268747448882,-0.5037036367661826
-2.1385105023461946,-0.7835842025019075
-0.89875529840467,-0.0801535719995467
0.11243333314973525,0.3919224607151396
0.6444001567028923,0.8124945661033972
0.5553869644715129,0.4568082318117307
0.6368255576528801,0.6504315922303707
0.2664076092413263,0.4114188431686231
0.7530640275068989,0.5087364449007947
0.16814730831325064,0.3992196876615172
-1.4299842361692312,-0.34337446025853346
-3.008012681631018,-1.111085523242801
-0.7920920630900141,-0.2175298694126455
-1.4803153798377418,-0.43866110184344836
0.5724870075249934,0.485568758739115
0.22360314152203714,0.38919083051330494
0.18262799047588846,0.45371051607501584
0.11890529882897277,0.37888153323150514
0.4330793634455402,0.5682173983793264
0.008793109655984399,0.34104778840960365
0.27913465036493035,0.6940997755267673
-0.09373405340034324,0.2407105688350767
0.1968202672944456,0.3909551763241541
1.1249261878303773,0.8519641193759308
0.41298807923666664,0.7443744177205294
0.8317473016968725,0.7034306695669816
0.27247094628236757,0.5189343486680281
0.7173998284635916,0.6523666018146859
2.1297396347290736,1.3352056810933177
1.0943216320469678,0.7555118864635483
1.1961724745388413,0.9365664703279513
1.8910694594177015,1.23310592648461
-0.3134307972856982,0.14321774346698507
-0.9083383284314869,-0.17479760354039636
-0.9440844284348212,-0.05010914306642941
-1.1965402632014626,-0.3177206993824244
0.616720288312826,0.5643252338490838
0.5866724007166373,0.5044960934212639
0.2201758866270187,0.4454800580755469
0.30618040819055337,0.4109451903004199
-1.1641679161546044,-0.2444343131344913
1.2232513014954793,1.1224244424975776
0.5889965226247721,0.5243738166200049
0.3923262857347679,0.4507501531873104
-1.2895446945206523,-0.2498392987676114
-1.8623685052963186,-0.6403239050510773
-0.7704697249633172,0.09228115569204526
-1.1621837989135173,-0.1772428127350496
-1.3347227496174534,-0.3946255830885169
-2.2411053437771464,-0.7756961353031733
-0.9788190226246462,-0.08855809697030645
1.5897483248832902,0.9235154098368756
0.49143409914279645,0.6588908716571934
2.2045474403430387,1.5971723592907339
-0.543948917540344,0.0333196537609317
-0.26956380667603674,0.08980872219764252
-0.25580000903962336,0.3366114525222707
-1.0491551750381192,-0.17763095521619868
-1.3247374956023692,-0.2689766548592967
-1.0419734771249067,-0.1855009145227547
-1.8238120964839772,-0.6696831610598142
-1.6885801525156463,-0.580782094815391
-2.6142227552558213,-1.2186880087041811
-0.1932823534269934,0.4948419875115891
-0.9491369148543536,-0.2692363275599274
1.236589489156565,0.8464964378008496
-0.6581602595420935,0.05490740113021825
-0.8565312570685826,-0.027838810182200163
0.10014787361210153,0.21498735649205983
0.8920449400410508,0.8122666595050808
1.1693431275838795,0.7832227103615587
0.8795815456722551,0.7873023270999551
0.15367068585527677,0.3148131540569059
-0.17792374141888653,0.18059276540314756
0.42146680344375886,0.40801169321998765
-0.015431769461443257,0.26229862719114594
0.48314292313644064,0.46101555239057185
2.0169478903755342,1.1991689707962108
1.7955880887535138,1.0155941780207074
-0.06058888974127741,0.2713944536142399
-0.846179992430835,-0.24538659455391987
-0.7709925295889342,-0.02665609683038636
0.3411494758947844,0.502141830300988
-0.0665417668647289,0.18470729073268202
0.374055724253634,0.4292628580466126
0.4957669365375364,0.6537855998705956
-0.6942311091036242,-0.152365374186686
-0.9060337778479073,-0.07856524787485188
-1.1094782383066986,-0.17377064537638834
-1.6837219231746368,-0.4596424301514587
-1.5931840435864029,-0.44671384813369425
-1.3582199560432118,-0.3918583972889319
-2.141780200417587,-0.742860818631841
-2.8943248520272467,-1.223142593645263
-1.2263139384698971,-0.3553627066369504
0.05812963128372772,0.2618281256727571
-0.39824824203984904,0.1359272604915284
-0.10076475642674076,0.3150736164593537
0.5576056405264068,0.7576637488170356
0.596128854277191,0.6853827953426099
-0.4348116497701514,0.10861382904216796
-1.4830661793120374,-0.4324112004940844
-2.105197415850307,-0.8016092519014713
-0.9242641536915008,-0.16066819653827083
1.607503511215186,1.1635529559378415
1.2085518521672332,1.0744925769639826
1.309769695990463,0.8914925433433761
0.8199746253107014,0.5685819263862542
0.34267599588359,0.6812337241621411
-0.828772692094109,0.09494019880775584
-0.1551518120632055,0.2212776057381238
0.8055109335036249,0.7044458111698279
-0.6176098472616092,0.008632897464334873
-1.1502318083856562,-0.14458242366812105
-1.6685306248440275,-0.5195348306424694
-0.8936370329053402,-0.16581366267530367
-1.5295937877222467,-0.5188483045888469
-1.7323983522544775,-0.7133728575025555
-1.0675325271899676,-0.08633517793617701
-1.4769172691422443,-0.49030210168758204
1.613388608877969,1.131790985161826
2.921160690194916,1.9006267042006573
2.0466200439868025,1.3444240967180394
0.2838144880519301,0.29862926298014947
1.307737132173979,0.9791423942966317
-1.150593557924888,-0.3219696211202418
-0.9705719280834915,-0.15373298614645273
-1.8730370475827198,-0.4493264211041115
-1.848685255550775,-0.6213426579910292
-0.1512533578138584,0.3151420823284509
1.0641288893973908,0.8155893439563047
0.031808224106417815,0.22474100539718858
0.6118825787521434,0.5216505309736132
-0.8478071387799667,-0.011048756769797524
-0.18744982275339384,0.2854711911896018
-1.1125979852046304,-0.1301263593946055
-2.1520250502409857,-0.7655741869176907
-0.6248976298686497,-0.19166186784742487
-0.7579195503230898,-0.17395509442619894
-0.7909811022804176,-0.0011890300399554354
0.5459933542427146,0.5042316836714567
0.25231466947172865,0.1700296671924037
-0.10725129336820607,0.08811146722421712
-0.1212373358717927,0.2456224028892998
-0.4409000094413363,0.06154949272817793
0.4992728175784654,0.6151247199313943
0.7412555264864997,0.8111733177283434
0.5880387512769374,0.5757621124120805
0.178990516373275,0.37812132829277556
-1.0318382494390357,-0.2480359849205539
-1.580775408720453,-0.460128645089829
-1.7890256931740522,-0.6836381384439253
-2.026007998517205,-0.6773134658232577
-0.7027322713156303,0.06556777989973481
-1.1994772330688717,-0.30655690336252195
-0.9834528229150047,-0.18884673965687562
-0.1523624605595334,0.09861670605967257
0.6694619874887934,0.6744845765844568
2.9069040650051017,1.731458342387515
2.055568167223466,1.218695572035113
1.0833735749724733,0.8852284419201023
-0.0698031604631264,0.24184407351372816
-2.79937283112563,-1.106318252343655
1.0750790686643377,1.0580488970946786
0.9477326546461908,0.7306357153308491
1.8273703834385766,1.3848239815771137
0.7247142327670435,0.8000048622096997
1.1984339878027523,0.9233477104358209
0.21905264272385883,0.3705829442192493
1.6095884796479665,1.1473812231805145
4.360133828879897,2.6846782503824276
2.7721655326824077,1.3906606688021217
0.3174431692457693,0.35557086293296264
1.480144955337137,0.9780408173990213
0.024945778005555863,0.3180379002716978
0.04641115977138252,0.2076247782100189
-0.17139306863179338,0.09632517508487186
0.6925797588765075,0.6552552930769359
1.9251034992470284,1.1479453375974802
3.125117388595678,1.9356280819802183
4.301784821920224,2.4309826763198368
0.9412113648572348,0.92750375453896
0.5046706918201287,0.49192827709757714
0.4237015825214885,0.6125536344873057
-0.6661288917570192,-0.07746181447455343
-1.1294513428938098,-0.3098541327871601
-0.3678809556427625,0.10995496095569773
-0.16715735020814507,0.15258954788575652
0.3549447651415268,0.39757197563889574
0.637715071010466,0.6310099690888278
1.957236557774155,1.1468551610478834
0.7956145342911427,0.6588635623439371
0.7558121045157769,0.6222787220582713
-0.9644304502325451,-0.17919120656020002
-0.38807233274639436,-0.0035002073536631734
0.6589827481149529,0.5674929425827071
2.2370420175064387,1.533384130044794
-1.17587954091777,-0.39548273229706715
-2.3389276166745665,-1.0194058587968116
-2.36320037843959,-1.0174644709398684
-0.7858870206663309,-0.08874904836271713
1.382641356600252,0.9502805684691199
2.2789485883722485,1.321271181411986
1.582880474525153,1.0512220649337014
1.6626960121400418,1.1365683670114446
0.030367506836165292,0.4813017306678912
0.1118399138925718,0.2928007737541893
1.9544903353355358,1.314608928076225
-0.3247161723726424,0.18536763764052694
0.5788323376781175,0.47041164970259947
0.7874796012449528,0.7266803624484359
2.312793680385864,1.3351136540069628
1.8667488142205089,1.3312341957181104
1.0627444148709468,0.8551380946338235
2.6291990241134724,1.6439153385150254
1.8302734613625948,1.224740462581467
3.2653600053144074,1.970463892099582
1.4955401518196278,0.9863567734234364
1.5042844527698198,1.0410326482222851
-1.1840794894278144,-0.18876139293782457
-1.3559139995620575,-0.2366314658422542
-1.7280491749961835,-0.6071355669694909
-1.1745144749682854,-0.399470508313728
-0.3897560322098738,0.23021235279414748
0.9760310294554042,0.7879663314374039
0.3513084532246856,0.5211322224803033
-0.3827851527460419,-0.0006563170002901741
-0.4745163303535668,-0.05773757666273763
-0.6197858462483498,-0.02609472799316451
-0.10267448345437408,0.06460300151822362
-1.5589729798807928,-0.3169846953250349
-0.6783432874953268,0.03176331176714833
-0.8187101320689859,-0.4265337498768881
-0.7863085040319238,-0.07484738804340847
-0.15714631174683702,0.17295679504360664
-0.7749002595248893,-0.11021380410222634
-1.5405586193108651,-0.3655211892531991
-0.3610218102423428,0.17897851579207105
-1.0556402356467869,-0.06461455900756605
-1.6201752146979453,-0.5242273967351849
-2.9304935836728543,-1.2131758263278216
-3.0141989737204833,-0.9113451819746698
-1.704677687830565,-0.5673062613179499
-0.9056876935813059,-0.18937611556975126
0.3707613012631802,0.5625698654486758
0.9651870336781723,0.824618341854433
1.5917329200652024,1.1462121635870282
0.9618794718944044,0.8586523624524245
0.19535711074978113,0.41589975833296683
2.8579085005018117,1.5755704057687447
-0.22832474211772902,0.2431711584652099
0.07754167149235439,0.4725547878156072
-0.33160391347775786,0.047864702104414514
1.1698284047316254,1.0309571064814465
0.5435103192043429,0.6605883649936801
0.41599759231776706,0.35789510561906446
1.3927648065412623,1.1176178857713654
1.7198087445709367,1.1642832560945164
0.5547523051612486,0.48194837150941433
-0.5642367489882215,0.08325995823146941
0.3239034481873083,0.5938764425965455
0.005498492200367799,0.20669492795651284
1.53604808887651,0.9688235393713138
0.7080372292227104,0.6373051036912174
0.6739559473651561,0.5813275951020425
0.5298095483922833,0.5950855452146272
1.5025136528235161,1.1083831834418012
1.568824869081276,1.1111355903760245
0.7811843299766167,0.6992387105257619
0.5481500587471975,0.6479164312098336
-0.26929543529093103,0.2667504139265366
-0.4749614926231477,0.10948051807669404
-1.2471517455586743,-0.40388631321299007
1.9588777216447424,1.3061851811207192
1.3807721048612163,0.8701855462184789
0.633028998593973,0.6930081024485255
2.135711963950682,1.4101532210877057
2.717336720779201,1.521328769509848
1.2361469090103565,0.7685014375240089
1.1222882262304805,0.8970170319117519
1.3945523896431422,0.9949561611074325
1.875803438676698,1.3485270052302447
3.0183645787144,1.7244988152633354
2.096132127521715,1.379266262895323
-0.6116503933768138,-0.032680948669485066
-0.5699964713349945,0.06613495343928075
-0.714054343916269,0.08407129506949498
0.6511263878610595,0.6034343067393211
-1.155435403375865,-0.1664476742626947
-0.5731524569401916,-0.1490194569734597
-2.3856810181729156,-0.9903129126901086
-1.7182197275294757,-0.6642321310602906
-1.940372282921932,-0.6499713621861674
-0.13257303520764963,0.3496051828808151
0.2338677186117045,0.5549539415577984
0.5196773390980939,0.43826387931021027
-0.18961478256640313,0.21139339390559997
0.24120379167236555,0.3939952433035842
0.4000665840810643,0.546749257271554
1.2388055130831486,1.0181887757140675
-0.6911621588596911,-0.05994206527164952
1.0284025137267876,0.7250351591423503
0.13282323745990243,0.5147504994538796
0.6803746728653763,0.7588421143358185
1.5969807599908115,1.2464175223140435
1.636517505698014,0.9917055676411921
-0.040128721288849256,0.34319326304569764
-0.4576035693141932,0.13025783378147532
-0.9635051899615625,-0.30089499747832193
-2.1666234328855425,-0.8957262131508236
-2.4821273774423815,-0.9742538088541843
-0.8706544260892999,-0.20129253344351522
-0.6134139634930033,-0.30487547939527376
-0.0167444113172307,0.2696877407103031
-0.929626685477545,-0.19828226240132965
1.123087673299353,0.9101452765499917
-0.6902977094541509,0.008488020092472154
-1.6181772052665597,-0.5728664905679625
-0.3704732350061708,0.002850784726991254
1.2623547296702653,0.9342326610175812
2.1535984927746696,1.4384052893420938
0.33259345719872635,0.5166229939003478
0.011865034474081937,0.1926821569053947
0.43712394195448473,0.7169966876164511
0.293907024568131,0.506263026459012
0.8669328176999604,0.7126195929307081
0.8164713816944854,0.919216753085363
-0.7268148042569496,-0.08659822986219978
-1.4554321140305837,-0.4467007084114453
-1.0754849980320118,-0.2595657494721538
-2.337576825271097,-0.9199931944063722
-1.9750805320411584,-0.5916215532769137
-2.9334171535886595,-1.027833289459125
-2.756173834935785,-1.0220701857429026
-2.0237168687541267,-0.6432265224533213
0.3894725570078199,0.30168104981336696
1.414066019099771,0.8361559656544554
0.7016146781263937,0.8057627663409637
-0.6425303486221619,-0.051731688186662086
-1.3664739749115937,-0.36606920255527853
0.24059826229240178,0.5006507413894093
-1.1692065575811572,-0.11492514746378268
-2.9378969243435904,-1.1914696909220983
-1.5707348116100117,-0.3951221881975144
-1.6857024895990211,-0.5050398778275975
-1.1430587076280332,-0.39707924647557924
-0.40555911037361264,0.15383137981970715
-0.7297549318489569,-0.019105156921918186
-0.8281068347698648,-0.16835574973434048
-0.6253257280407275,0.05775119700285447
-1.3717850531703215,-0.26512253787368517
-0.8793385269811614,0.09751334336886852
-1.4511145156608318,-0.19023752338309724
-0.6707609875848447,-0.011959556774620378
-1.0867550801959083,-0.26046475475867537
-0.29622823166571743,0.21041616051103038
0.5821023109266437,0.664922288577782
1.1281152187584569,0.8839560006492305
0.6608426355315062,0.6390142029776721
-0.21010663511852457,0.0885453832064743
0.14282293914817476,0.27526908861932015
-1.315028035459487,-0.2622296180282571
-3.096052108916546,-1.1489760015188424
-1.0425936044973891,-0.32136847610000097
-1.3828294426263756,-0.24086388341100007
-2.1633668643482347,-0.7160944753266455
-2.007358110917246,-0.8842233228694923
-2.5480759518498486,-0.8900143218508692
-0.9060119081963394,-0.2941095646920412
-2.214661220628199,-0.8401098017163999
-1.7599090680657081,-0.45008794352939985
-1.5285815738641388,-0.2638218841501835
-0.4973270614384959,-0.03603261869880636
-0.8594610210833895,-0.03279468183732165
0.007184250655581148,0.5111918417438716
1.039130656735258,0.9239600298502253
0.8000419537549435,0.7073481027521649
0.07903685623235757,0.17072975474047375
0.795563405909998,0.7007140918873572
0.4254195050698812,0.5966288946014322
0.9864801389666941,0.888475165036848
0.5416444179694846,0.4035838921469022
-0.19960449354839654,0.17530336179372008
-0.6899825429728796,-0.0036376992161170282
-0.6957522210046589,-0.024583431612618646
-2.829405154717935,-1.1823632013986412
-1.5277443158671233,-0.39891576611236534
-0.482963756695698,-0.012890866059723782
0.4799535773416974,0.4986816474881413
0.6960759431230786,0.7038249580602993
-0.7516979093746586,-0.17306811211091228
-0.4468615092018495,0.11912556268466258
-0.21432277864720223,0.09185505254443224
0.460810331022075,0.37329967700913597
-0.1756548787128508,0.26722710077463535
-0.5268558306660014,-0.01777403513031195
1.1113885936598908,0.6996531131366965
0.9392526476301766,0.8333276061409434
0.8532392317385358,0.6779534375865569
0.32971546560071935,0.5496624186438576
0.40834687772307243,0.5522159918334999
0.7131924652976951,0.7403955777692575
2.354867045696123,1.6059401828854167
0.570152168954102,0.4849658160780589
1.541989126227059,1.0054123796936631
1.8147101703324635,0.9911390278331912
1.926624315129212,1.2521659808618844
0.4314561862147883,0.42927833841012375
2.282988537575847,1.4181910586645237
0.513063696901564,0.6009085893407835
0.6923519258528016,0.6445291221908028
0.9039819662527229,0.7778183362679603
0.7135260791806189,0.7288209991180846
1.5389125296236168,1.0903637847250245
0.9813597590101099,0.8750915845980849
1.5786896383094642,1.199495048081776
0.008596666313721357,0.6419964326457452
0.6434356233968371,0.5579974234617834
-0.5946364341461814,0.13164749162291964
0.15331550669302885,0.21653220953919816
0.9883150156204041,0.620314352817298
-0.45722817910303204,0.13069901496789832
-1.2651951613660315,-0.19897159939028825
0.028043158633255016,0.3829828824835129
0.9553848872016325,0.7799425574811275
-0.8239607013813759,-0.1107149959918249
0.7351909290531026,0.5638498066044677
-1.2484204121419733,-0.24061300007017913
1.806759292285793,1.1922880693713407
0.7440926282600209,0.8231858430418698
-0.009650457785175925,0.09252732625477611
0.11324021211800893,0.4966397352797619
-0.6028432975601682,0.10398810251276819
0.6453519296274132,0.5655237245916227
-0.5346457955120163,0.07958997275734227
-1.8661100742141623,-0.7768075959714057
0.17962913940956504,0.35738432572829304
-0.12908715529814555,0.29301941590459896
-1.9410504111654037,-0.5609661128639436
-1.9395575816656456,-0.7634794358577143
-1.7759558724648283,-0.6148868336642881
0.0620858361804415,0.42187030671861037
-2.023149413483292,-0.7044965506982473
-0.35219353282970756,0.02195751123433365
-0.6574002312633933,0.19327536710951287
0.5376396788508897,0.578732167269923
0.02382872527000285,0.31011662246389987
2.005041753353133,1.3289564871981085
1.6182444940287972,1.0618302682249325
0.23097626987853737,0.31933792808307854
1.7247962329784374,1.1300624791280895
1.7702077682682025,1.2999122632347766
0.9447268274604148,0.949853488976485
0.7696954330631564,0.7424953983398965
-1.520959929651033,-0.4616929353786202
-1.8432108646520078,-0.7312217640411557
-1.310534652635555,-0.15907902513910405
-2.066479232482213,-0.6873819379006575
-2.1525123850955215,-0.6383528146155422
-0.22645840819682594,0.14337543976765366
-1.3355424606534725,-0.4447485670309491
-2.5299666341931903,-1.081563860869132
-2.6299130204955494,-1.2051170376409852
-0.6561643802322211,-0.07853990788423601
-0.6455719362258221,-0.006825788753541163
0.6490356703311394,0.6193204652315235
-0.504839046010351,0.12505210090959534
0.8266027630648367,0.7591830373361731
