-0.5732417165383618,-0.10714252872995678
0.08307750440746553,0.3453391583023536
1.8092428555307027,1.2751797460096264
0.4251252422562847,0.5847728324390787
-0.28002755235792437,0.049477353594460344
0.07125285060576336,0.24350742646994827
-0.05604838876669925,0.23729625820035782
1.0476430803969778,0.7513538797454912
0.7373513637540863,0.7038942522675625
1.6375436530894691,1.0069916190107198
0.42676341318889655,0.4092470255119601
1.6357802569444815,1.1141479831306407
0.4991614569101015,0.4137991424061053
2.0716072588576635,1.5635688459514312
-0.7049459549283157,-0.05546446889619895
0.7183893643922548,0.7123627799121988
-0.7506351318445661,-0.2117291440242373
-0.7300721328446118,-0.0003485257158658134
-1.0773714967255759,-0.18387548221151587
-0.5526874264666567,0.03796964812503624
-0.116138103071454,0.28791676789978626
0.4661540770473565,0.6321799790567105
-0.7353735015107827,-0.11682780219875946
-0.22353833728186195,0.19009694559348958
1.2181345017565266,0.9287525199467634
0.30482851850259574,0.49116057026282495
-0.23287169533340818,0.2742942666690526
-0.8041893224231388,0.06596343866515586
-1.4453017318052832,-0.5241338957912005
0.840010046792209,0.7507747102001145
1.308519334106315,0.8412901369899365
0.9818890187729165,0.8084556487812132
1.4418314571559467,1.03197991865783
1.0906648365315719,0.8958876313906485
-0.43206528520894416,0.04478280492265345
-0.9680908663165695,-0.32903736398468414
0.15813064996743909,0.3427245517192349
0.7310039983018005,0.6137850278854595
0.89503605694868,0.7219699234821123
2.996294429611512,1.7998399134948948
0.42783469343692415,0.4521852540164593
-0.041122718650538514,0.42262258798835606
-1.5391145983771437,-0.4107390076114415
-0.7536806690019142,-0.17608349218557107
-0.003028053658095664,0.344202771719941
1.6372894044620765,1.0557459666800513
0.8397243422734997,0.9610922791087542
0.7489996943468042,0.7205465094511692
1.3346178120336112,0.9082623981499118
0.6875378382392106,0.5279024995255086
-0.8134392585940755,-0.14520892774264624
-0.5134787226259963,-0.06621583580280263
0.22256570396014697,0.2681927861399055
1.107386627014779,0.7480236489928216
0.4432322844883272,0.47363844485893764
0.9612450733680096,0.7507771833240607
0.684580553088408,0.7547395591350531
0.3707767092877972,0.5510408294749028
1.4696932397508555,1.124512665681265
0.2689212681214611,0.6053934619284332
0.1780886303294984,0.42571517019074123
1.0664265261147283,0.6753637361993299
2.0734456703752726,1.3808048689710695
1.6758243442543548,1.1209021457918535
0.6382666794735408,0.6464546989173711
-1.9944562020886105,-0.873546185925328
-1.9130891493702196,-0.7616029924249449
0.18475170220983395,0.4047481541707331
-0.3144271719820697,0.17079723180758735
0.5944849297248915,0.7036685052238538
1.2303684289446228,0.9976698902403548
0.5016244854884171,0.6151275024745895
0.9102159320835495,0.5736746631883323
1.8848487389341027,1.260590080341816
3.351138671556733,1.9033208703231188
2.530117231652449,1.652565526616401
-1.2974044757815888,-0.42510612251144125
-0.7409465379938587,-0.27101495415792964
-1.5593898196155964,-0.5399798912989432
-1.8531151087703837,-0.8102694326414711
1.2948848170697251,1.1387574900321669
-0.5055408780897772,-0.05221076841262044
-1.356177763921849,-0.4455790414443001
-2.6966044779986063,-1.1213855519804714
-1.5133346254332476,-0.3864209983869368
-1.275190214675342,-0.39009928412239014
0.36151515287339264,0.5816717836792392
0.5924721972704581,0.6122522575497722
1.190721210094323,0.9862334153168276
0.6415787262383019,0.7773899314439453
-0.5771902014349942,-0.023522933459024044
0.14001400301952405,0.4099229124613203
0.22889140030104277,0.3280873902476
-0.07561947971163066,0.30880281135863785
-1.6482258514620254,-0.5315330059584109
-0.969028788830447,-0.13494777429059293
-1.116025509514464,-0.31719561632106535
0.1392982732335547,0.4441266259694169
-0.9390986659852087,-0.20002687891638532
-2.7383564127023137,-1.1065362335321542
-2.3612837045478496,-1.0135911873038475
0.09967611025547485,0.3426655689524668
-0.030267959000078226,0.11124440395917112
-0.5406212121811782,0.0025812228387292573
-1.088176284260572,-0.2534537912169147
-0.6242346939305161,0.03181218278984446
-1.2915797245967149,-0.265675498737682
0.020331055754321037,0.30982378192260424
-2.158531552044389,-0.805673906349759
-1.0626518841557453,-0.12141901224570116
-0.42234847480850607,0.03791753427369496
-0.3849683317012422,0.10594621509132963
-1.3873821261265173,-0.4769855861429023
-0.7571816272440215,-0.0706672763556065
-0.9179703291125811,-0.1628837513465361
-0.9651879676340775,-0.24888857534127456
-0.4962610326652133,0.09786139271834905
1.5507200288759546,1.1053851054956763
-0.02094188433493327,0.3763087046890694
0.4525897920037232,0.42190808739344765
0.29314116187970485,0.5434400423762
-0.803446507344598,0.011079716114979724
-0.9754014517398061,-0.218736911952091
-1.4727669248287263,-0.3858813071292251
-1.4228049432962868,-0.23596125771113988
-1.7717686212199655,-0.5357159680028368
0.20875473581594983,0.3624173665423849
0.6090399922786436,0.582829037512756
0.928597898028901,0.6341069652374111
0.17768948470320067,0.44239156065898566
-0.9762986777353446,-0.09923884564072799
-0.8839087462340477,-0.3522563854525078
-1.2907881457165025,-0.1808186266168701
-0.517449155881986,0.02654570178586901
-0.4940690765763873,0.10295971146124702
-2.5547372412291023,-0.8802439415983949
-1.1778591546962667,-0.33354484673152773
0.4700325905993016,0.5776176763896915
1.0279098783368834,0.5228291544532192
0.5914506825265039,0.5341297930142171
0.5264484499182237,0.3366805668388456
-0.7545966769570414,-0.15441462672304657
-1.190101823375512,-0.2580751614603626
-1.8763204526550954,-0.5851716769939761
-1.2565993127001485,-0.22375574148271388
-0.8639748467732152,-0.3045751857350233
-0.13512278318850945,0.3876479743342436
-1.5935861511103488,-0.49630565494530027
-1.2668974076861979,-0.4516292785970254
-1.5918348673536125,-0.5281383937713885
-1.4001760165367156,-0.3165645907992255
-0.34879866648838187,-0.04948556727536671
-0.9017831382730492,-0.26211424552866736
-1.3515060679485833,-0.3668520116853919
-2.6903163717087417,-1.0715327786635627
-1.3425826594317432,-0.4955450338915822
-2.1438222892555108,-0.7771221253921281
-2.2407654819612275,-0.9175401188860302
-0.8647188423505484,-0.07841937258510004
-0.48849110424447106,0.16526209920868845
-2.5859479294646333,-1.0105523513152208
-0.511833672979656,0.0610499452995987
-1.4620762125509457,-0.3867031899181612
-1.4099961491172743,-0.3823964426687171
-1.1166368922413963,-0.2606985231561009
-0.5126440451120859,-0.02494209391315509
-0.7394072420582329,-0.06312007235273481
-0.97889175796726,-0.2910047370462952
-0.8141308089264985,-0.030056878388224767
-0.12963928165998018,0.4787324432210268
1.0786177755074509,0.7628869401191046
0.9930260232275525,0.7715715087742283
0.4406683699090916,0.39160311802925757
1.4404839378540006,0.9024851822237966
3.6859560141327474,1.9284418846917735
0.1528373948956061,0.25083916361707836
0.28662104791448645,0.5491432464108149
0.4790195138182897,0.6403330815217507
1.2614367862521891,0.8473557081494376
-2.546025879336432,-1.1143096216841535
-2.734255636818849,-0.9766876048725093
0.04654837051988747,0.2675243720446121
-0.2650671993149463,0.15825933954984175
-0.963011104431396,-0.10495423037558405
-0.3882598539169415,0.18240026914664004
-1.3193436887789727,-0.5000421470991789
-1.859827341316485,-0.5870296992133862
-1.313823617262566,-0.36168266003581767
1.14923146009056,0.8043818055378503
0.3183921905975222,0.4507666732156745
-0.16988012140643166,0.06165543755640043
-0.22068210022653495,0.13396148671677763
0.9379284967385623,0.7176185760179686
-0.4572670679474381,-0.07568928344556186
-2.8243512810104234,-1.0238630261457493
-1.450170676754065,-0.5022795314515779
-0.23571797894967728,0.17999453707236804
0.6056879752643168,0.6244839955417977
1.528439092060704,0.9766967753126737
0.6327775116052992,0.611834280929752
1.3031289368119912,0.81782287633132
2.1041070028655273,1.2432944246736617
0.4732173972414897,0.6959136719120581
-0.4419404301382653,0.2578659789267363
-1.8646049514064928,-0.613878436914938
-1.4354284536113762,-0.5695800643094385
-1.110111498504899,-0.27998641931861246
-0.19207095547969988,0.13157160495997447
1.2907760814862739,0.9240702177942965
0.6160505938892048,0.5825217627310809
1.2730213066117808,0.6162125201951077
2.281919507180456,1.465701916071316
1.1602919733856583,0.7630090672630416
0.5490528470474492,0.82985164108255
1.3070431819814696,0.937477980203756
0.37027560724615083,0.5446541832807774
0.7728507347741682,0.5374591903140634
2.8626883787376816,1.7339558280079401
1.3472687301521864,0.949414565183044
1.0542543539405294,0.8426169221382902
0.748169237573939,0.7990948495120261
0.05801892738273606,0.17456681355258183
1.2664456251605278,1.039341735874411
1.6365600535799305,1.3218942212360092
0.9112190658833307,0.6057134334456304
0.7447233283691544,0.6752373906384302
-1.7227662242102908,-0.5867694252894914
-2.0558834879726273,-0.7513858834375468
-3.1159357743425113,-1.2095155023246764
-1.343037093457811,-0.39773985430801606
-0.03270550775564762,0.4006948407839096
-0.6223738648980586,0.2189993308752943
-1.945925525612584,-0.6441951264793896
-1.8316253728811636,-0.5971286998672557
-2.947463584195699,-1.1623976223116081
-2.7914816342830395,-1.2188840219258343
-2.095505244154134,-0.5770838392566473
-1.815201691004511,-0.5302413093259253
-0.5961007156216286,0.07785089854656675
-0.5240540755094866,0.010017405683342754
-2.126568014527966,-0.7103123597193773
-1.6632825549568557,-0.5118943990299543
-0.3578024034688051,-0.028737123637313372
0.5472032610466676,0.7510909541072868
-0.5176107090071536,0.047131735912713114
-0.7876412006012499,-0.10065817161387343
0.033662674796096304,0.32127896343236334
-0.8122774485830334,-0.09710968063665591
0.7657145714996813,0.6618926000597246
1.7084024697999596,1.1887901458528496
0.9328832188828683,0.8152467393385078
0.796514868791207,0.6863108489692953
0.22922947916801456,0.37866581366021945
-0.19745756793098684,0.3029325610790644
0.02774975396715479,0.1103799868801307
0.5238005802234473,0.5943350656315606
0.3572633526455241,0.42325654046339906
0.6675015282041237,0.7245836544768324
0.35779115684064505,0.517190666534511
0.390682233701088,0.428299382998224
0.005453229034076523,0.27442272714214166
-0.9211908871742078,-0.097816361249999
-1.9555309365356954,-0.7468438252894984
-1.7608033268310912,-0.7312005686750411
-1.565923101000645,-0.4976920741644134
-0.6307222825245015,-0.060256168329820885
1.4904846590156073,1.2145210652376266
0.17183379431155887,0.40761581838689376
-1.0133796112014521,-0.35065805697401786
-0.517843347000635,0.05605555783908933
0.36130640809980585,0.5446364847877365
-0.7368545933319035,-0.022135207997705818
-0.5273562823128333,0.06141479666459732
-1.6912666503880045,-0.3728527254681506
-2.2545392971487894,-0.9632590121540379
-0.7898312975548685,-0.1037591691554979
-0.5934550783011716,-0.007387141466919099
0.41570840535841613,0.4112687947546036
-0.7839232797611756,-0.05126582570874907
-0.4412062747818313,0.19110932195506392
-0.4104694814241936,0.13510857476728888
0.020668151695906134,0.5193401025345634
0.5961136918904877,0.6854263638921341
0.5994456833385251,0.6698430705719365
1.3109505022725316,0.8822186489741521
0.5818941295207378,0.6568154210242407
0.6414710900774323,0.6577657401243976
1.9595925761354402,1.4318553879524987
-0.18888219773940573,0.2528639345394824
-1.1263941359927596,-0.07435612203417935
0.31162725490963994,0.36065009511392393
-0.539990496117216,-0.031759323718025145
-0.040522643985633544,0.29429724279333147
-1.4681747966521717,-0.46604633104213744
-0.21144277899316632,0.3426823060417361
0.4095441541147564,0.5968377224947781
0.6397800569675436,0.6226622995254116
-0.07314323062273043,0.2919094287172494
0.6156624125508648,0.6595636324219092
0.37528218208321007,0.4600341512644714
0.2833656243410306,0.422826532272467
0.9925769658358864,0.786254617705241
1.6424249612825086,1.1882333222439372
1.651663244322962,1.042565155623733
1.1235584386216853,0.8665452920424762
0.4524432543870651,0.5076125859948636
1.2836184495952538,0.8022663447937166
0.7734144634177731,0.7871832176835296
1.0373133048411385,0.9123220110834928
0.7470571596293338,0.6550167771625481
-1.7488423128496506,-0.7364465197776208
-1.9546914249742586,-0.5967338857535776
-1.9354025299823383,-0.5754942424593493
-0.533097735426948,0.11538812608183685
-0.4432342403638549,0.11303917456504932
0.34285731168505945,0.5142850371296
-1.2698002095062015,-0.3584041147507926
-1.5727151167169047,-0.45411090860201886
-0.6852728069978569,0.014617207692574935
-0.8434298614701874,-0.20086071939961833
1.032042670828479,0.8724115067285636
0.23786447745667938,0.510926393848999
-1.5847481400991343,-0.5968201625790487
-2.493413969025088,-0.9539697834188542
0.38151326543165487,0.38466773705076723
1.4443406897417064,1.0351888146602166
1.122552167075311,0.9542156448642359
-0.2041690315770167,0.23201486242327213
0.5023847781740034,0.655237236800477
1.1513562487374882,0.925536670162443
0.8200897833519978,0.6960291296406322
-0.335401873710494,-0.017786721752890866
-2.143480077055517,-0.9878042093699955
-1.9316057792861154,-0.8752690195874895
-0.5909738296968279,0.06679748502630263
-1.2221059862590966,-0.2650881988707679
-0.3570951478294334,0.13293156632189032
1.2051658445173774,0.789453983617746
2.4188929253212534,1.6716270352002744
0.003015012726286681,0.200211998220802
1.4123258943094166,0.9118376146110811
1.0886400194395611,0.8477848458994138
2.335127079129689,1.2765191924659585
1.1588500524327305,0.8713259551790588
1.764556037238456,1.1627051000690534
0.24643784001806812,0.5987021055367732
-0.2725456610983581,0.2800436685650734
-2.3997127941781846,-0.8980418130844184
-1.752664206194166,-0.4820629480173302
0.5174447487519616,0.6317714023206137
1.8592904125171157,1.4183580375963438
1.913193061027049,1.0851517213412207
0.03369759168891262,0.41160132455446385
1.021677896069796,0.8818588155684053
1.62933901217187,1.1642214840810674
1.5244824614746333,1.0772515319304987
1.509603973404313,0.9240137144723009
0.9459777111047374,0.772201532527524
1.0617964590267968,1.0966645561931285
1.0574459863323804,0.8537805396661701
1.594692606055959,1.0608266127198664
-0.24525151234317133,0.07018408237459783
-0.20755682700873002,0.10541652786335638
0.6657879352926297,0.5668695056926413
1.5752430301692941,1.0449569871951745
1.0071564523666408,0.9147418118614501
0.6278834422313092,0.7758580828242618
0.6130401932685389,0.5384064653294783
1.980342379459164,1.2690183660054584
0.9192916593285483,0.8297238772306246
2.0637483866245607,1.449850052952068
1.4678148546862864,0.9684629986355537
1.0992943638166097,0.8616821632609458
-0.4745632104772327,0.15343740922509236
0.5514860597261939,0.6886374375378705
0.20964662129331568,0.44209526565588636
2.3278659198218925,1.3109163358498508
2.3247034755570453,1.474840758274712
-0.3732742509897664,0.018064729610534555
-0.7865462577434394,-0.010919233066323225
-1.7106679168869943,-0.6745926900417862
0.21224943349523628,0.4020034133142174
2.2188007652693775,1.3947415920455246
0.08729480331882655,0.2971778626101996
-1.1790510330795478,-0.4109058806884211
0.06620223897476685,0.2560616271467308
0.31041782808983964,0.6858882801638354
0.5674595325658436,0.5566644854090692
3.339112165362584,2.044947697988193
3.0054887891749305,1.7290853869262581
1.1174248457679141,0.827458168229904
0.3912817928082755,0.33612680281979024
1.6183825189243484,1.0323554610787906
0.3248803373771705,0.34479067701958055
-0.4373106703482867,-0.0037155616272068204
-0.4323972723318985,0.008620402270429928
0.7263705955568655,0.7765375000331787
0.294844155924861,0.38745991822126336
1.4059257033701562,1.0014976802556235
0.1294485440010701,0.2975666667357875
-0.7175546800084657,0.15817687783035442
-1.3964178269228378,-0.33402508560309485
-0.9671526664506608,-0.2652246039278991
-1.8228890403826068,-0.5469049554424035
0.17174365606669517,0.3232409389214088
0.7595549800621846,0.7094142386606074
0.5969034612662615,0.6783071835091327
0.6997397203238543,0.5937375062883183
0.9932337812352194,0.9429410059669958
0.41115230308731077,0.7105025790983677
0.7014530120526548,0.5188068463824766
1.350755138822644,0.9789003797834454
0.4733562757833852,0.5899675639033609
1.7035400982586424,1.1305260332337195
0.16407647283353932,0.43016076931658603
-1.1419469707063292,-0.10975858676994316
-1.7670928874541982,-0.5281743422380406
-0.9401179004873566,-0.08541282085042276
-1.7635602843773728,-0.7549907692643821
-1.1370784691380527,-0.1623013606751769
-0.16006176177209952,0.2134691328564513
0.381357027642632,0.370677303617534
-0.8718480897937857,-0.09394802664977234
-1.1251910518779003,-0.19609651790113886
-1.3361098700224714,-0.29500214775059663
-2.2592125065532467,-0.7506843454871321
-1.0947913549327932,-0.16099315949308596
-0.7165757138712843,-0.10946668393217449
-0.6610184927285341,0.015405466424501787
-0.6219841006581432,-0.08775995598606869
0.0956825480655713,0.17849667379918954
-0.2205017552407284,0.056838958094106495
-1.2601040482591523,-0.2895579240124399
0.3323962691639476,0.4497573120542977
1.5640893307475152,0.9783381510605149
1.2138044049315728,0.9345593353697047
2.075245802769051,1.1929087814327803
1.399036708105859,0.8646274151167083
1.3560786508819183,0.9621731665820431
2.2491293814117004,1.344091858478034
1.510969471679934,0.9892234032692512
1.5495436450388356,1.0511150043770663
0.19909593273785386,0.39089735575231854
0.810748521414787,0.6891365996313475
0.8529446601276802,0.7682416653696056
-1.4891980678788816,-0.5314043510499453
-1.6879691502569205,-0.5702494854995762
-1.5552810082413597,-0.45784239307169317
-0.7072250627064058,0.09410702873970442
-1.5710329531313638,-0.34504021754930514
-1.070267612290227,-0.1956285435070214
-1.2855905584080007,-0.25853911622307535
-0.9435301007396081,0.04372187926501542
-0.24054473739659454,0.08822783961006818
-0.039260808780854695,0.28078610860491904
0.18119407928146494,0.3562967183711319
0.06139170746967411,0.26518448936260264
-0.15870624855817078,0.08744849524667503
1.1386968607028052,0.7893090536030342
-0.6133361883042054,-0.08178310533318095
0.011159240934197068,0.1780218462040685
0.4011164554168336,0.24010937003905825
0.6991376244400127,0.7116584295365614
0.4215799847324007,0.49708965202781275
0.8031901329547109,0.7748850343262584
1.3278570473018299,1.0897750785133393
-0.7677050848854192,-0.07384450090050164
-1.3699507119116268,-0.164347350450311
-0.7409443621694495,-0.34929949798992604
0.9721095282396852,0.7724831313604997
1.1720006264773049,1.0053956436888714
0.3680358480684202,0.37376343143062296
0.3354190301397447,0.4965380396891303
0.7905740950504354,0.7206643097296919
-0.0032536856612976894,0.21761298738171653
-0.4849397103334709,-0.02828501559034445
0.8490324565088406,0.7419580260150633
1.5170995774975946,1.2145607193603332
-0.5343890325784291,0.11901939787589799
-0.12161902801186092,0.12273242983520255
-0.19759301621957576,0.33271594267208093
-1.6815584311661411,-0.40145303415977357
-0.670218894020566,-0.1042229301312295
-2.812383981241469,-1.1674182392286145
-1.425768641616889,-0.5593979236351557
-0.3552022113170785,0.08415350153872839
-0.43021054055886,0.17204810690713807
0.3712869126830614,0.4750368601881083
-0.2435438134315619,0.339392596237294
0.15043561074396947,0.3754098627062262
0.16969935879645165,0.5007385933909893
-0.2620807779139133,0.3015609611762378
-0.4091237236119578,0.03326707430463428
1.173032063385333,0.9154762044761777
1.8516186136263397,1.3468044545383528
2.6608055267512043,1.7049742253728213
1.384061613046745,0.9700484987163015
2.483546642704348,1.5726592830649726
1.2618263636775566,0.9862398194663256
0.48486946621011556,0.4118135284663994
1.54627115242823,0.9491504117656127
0.036065029387141734,0.16261191849502185
0.1617044143998355,0.4177520925405157
1.2100368180193306,0.791393122045451
2.3412002686359235,1.5241450327781922
3.4446752945245853,2.1969858279147534
0.9764786005764046,0.8006095184283929
1.9973582611538072,1.3147031225211183
2.4795206066692894,1.3992215215320196
1.1351125116687568,0.8771322211491449
1.7004564678430816,1.0546885978003466
0.8451863105999151,0.7428635941454489
0.5823743825135219,0.6908486009100815
1.1313755947393997,0.9133156799109605
0.6954388735645609,0.6284440766152627
0.689587715901165,0.6294437584999857
0.5069936491750794,0.5895567849265085
0.7324683369466063,0.67561888717001
1.269931590330483,0.9629500619940536
1.6943093133603355,1.1563834087206508
2.965081655987551,1.6948915897155805
1.9417131929465252,1.4101844331196032
1.8233245229847064,1.16111012310567
0.8364479401339968,0.8577080633014864
0.3953260789732981,0.4856170040333049
-0.7081627409038105,-0.10152350389230924
-0.06748592503133444,0.2867525919326031
0.06065800334718266,0.32616948078899105
-0.44164370868001246,-0.029896731403040444
-1.6911581654259615,-0.5058907239539503
-1.9647183280102993,-0.607532254054998
-1.074025330222102,-0.3221636177600383
-2.5932807530794006,-1.1485369488986295
-0.5347739159161391,-0.11822853258936367
-0.23729742659210745,0.13699167870846227
-1.7050189090588894,-0.5703397433523664
-1.3899410056893042,-0.27039823438364946
-0.9058376214740683,-0.17803559245238318
-0.24506870914170265,0.1451565459628174
-2.1672333427675623,-0.7864953221258175
-1.2102279935687523,-0.28170699947858835
-1.6418894734263574,-0.5522442324366702
-1.417003515339943,-0.6038429932652886
-2.9317997485647096,-1.0142886575517143
-1.2371518467941394,-0.26330928239966167
-1.9056045652693228,-0.7273649393143199
-0.8841647929902534,-0.24823320304864066
0.08584982417365772,0.3590753902098524
0.3355103562781876,0.4576242335271062
0.7876577543909429,0.5507409325871245
1.7369113182420106,1.2574328567104587
0.1777908863902452,0.2437832177092148
2.240577925337002,1.3574919160367902
1.15588428063293,0.9064024449131393
-0.2025576843906456,0.08436265566854247
-0.45433682455279045,0.05932149590885858
-3.2904060064625895,-1.3258871945420856
-2.1878148445925367,-0.8775066237874531
-0.916413243834884,-0.17879636807800886
-0.39139357823129944,0.08157574952584139
1.3712460599415859,0.7051013159580413
1.0338664405692455,0.8398726043453846
1.040681616463939,0.8722386475230648
1.5132922323548776,1.04624322301281
1.97572357610086,1.2812195203134096
1.5337162325677858,0.9551819397112047
-1.2546932084391347,-0.3582410452053121
-1.271257926126063,-0.30320857174565885
-1.3493856699617603,-0.5247802025691308
0.5076768100716899,0.5121544482133125
0.5544518180140752,0.70259667429615
-0.4777839696887599,0.1333542460747688
-0.43317452625608993,0.06871236225919627
-2.080332784125389,-0.6400799294045089
-1.538472699654926,-0.5279659884339495
0.6358530523670687,0.773419097942134
-1.0387207964898455,-0.23026449645709685
-0.41694339334516084,0.015823476639219847
0.7268994072836564,0.6841413302951017
0.7464222067983504,0.7135803519102303
0.7180085579570812,0.5376983040557228
0.9931696811462125,0.7525519204777401
0.49570861260030225,0.7072443902620911
-0.41380454992714677,0.07645904996069594
-0.342411217450826,0.19832439227323312
-0.004835421259210049,0.16946661628195955
0.4408700112718105,0.44005713525871304
-1.0906223063029068,-0.1659641043605828
0.3711964188106128,0.30953526397032366
0.2727006515046224,0.38598498948034965
0.3783562068838614,0.3896888853413748
0.2013164161113931,0.6514768805551425
0.40177456771996967,0.4401892791422712
0.5259974185694316,0.575168602947463
0.8311371304286503,0.5703992107878296
0.49370226622728985,0.4524391909695634
0.07466869913444707,0.34198102491692367
-0.46020749917467973,0.05453789277334311
0.5520954818746969,0.5136155056302716
-0.06947331795849854,0.22726234758730135
0.3246301665724933,0.5149713075334847
0.26936719082244975,0.47141312277604874
-0.11386837230252955,0.15764459469718242
0.5329285181609409,0.6624375024280985
-1.3864759959959714,-0.25497525003433275
-1.1243733906894302,-0.35677057514563787
-2.0683322582467305,-0.8334387204896836
0.4258977088079081,0.6188234162608913
-1.6289367283063232,-0.3109316160003083
0.22941825499639834,0.4538462786614448
0.6427639519302452,0.514411827532052
1.81509657323784,1.0965295412948954
-0.3088292492626381,0.1936960572203891
-0.7661505676386917,-0.13099478225845723
-1.4345159746018719,-0.541111950708093
-0.14812710079595603,0.17265756527994292
-0.6954456272640319,0.02113914362417184
0.29670900707548853,0.5435478401244315
-0.8041420091723129,-0.20144119493498902
-0.8943483729140819,0.010312594329118907
-0.3270173326125287,0.003896210284341145
0.13719352057057105,0.29064233761747227
-0.34136610538357054,0.12650608375797912
-0.911316820357509,-0.14751841875450514
-0.5641104420139317,-0.10420818292808097
0.6303880331231608,0.45968489041713734
0.7025708450561509,0.8108160808358651
0.5076299064799301,0.547597204396749
-0.201093651191237,0.47577812666943975
-1.7089571708432802,-0.5734612059131959
-0.6893719868557802,-0.02821176512517885
0.8296702312067331,0.7103290750963522
2.1284037052322695,1.3662131164708444
0.944074086055062,0.7901538588386009
1.4377257201846863,0.9164077892528821
2.0930536457485336,1.4284429361003959
0.9976672171422115,0.8362241391095222
-0.6336202416606884,-0.1219365920240797
-1.0363636953184943,-0.26951416359504254
-2.1788244979339977,-0.8631273853304241
0.07608087293579291,0.48974941517885384
0.613310626695506,0.5123811724701974
1.6262538368568369,1.15593314706874
1.3390743984024458,0.8983616672895641
0.9626216624535286,0.677661779844086
0.6082430353853283,0.45064430232857816
1.2212992443218604,0.967173348059919
0.6740150688062057,0.7297446568376349
0.27563075083619476,0.6352066429642279
-0.5443810069899139,0.07048728288668529
-0.3749923549465637,0.1643385025481502
0.21757862907894943,0.41997234910684106
0.1002004139757958,0.1945961281061213
0.7411823317468538,0.8717565268629184
1.4305551869819477,1.0412162751462148
2.392212242181501,1.5591262143009141
-0.5379213068143966,0.1590013127404506
-0.7292108807927786,-0.1398273105252316
-1.1735577195127516,-0.2596145596882672
-1.6077297028191715,-0.477400197641889
-3.1780387872199167,-1.3514649572966835
-1.3687550748521644,-0.4624220836502664
0.5859027865426231,0.736760584826945
2.7656495549650044,1.6926045482781422
0.4124363939569513,0.4257197869970775
0.40691440454558847,0.5975760997740612
0.4616073053304682,0.42680845071228796
1.5184422313077455,1.108990270067694
0.3645197762813731,0.5464499768086841
-0.9854427710534057,-0.041917978351988794
1.9868772750912038,1.3826315322969513
2.185144971728892,1.3442819211693766
1.4087704488050585,1.2954312349008381
0.7912077396239634,0.6074429357871867
0.6985188163457855,0.4692769921768485
0.12182646899513205,0.49145104506807424
-1.161118504107482,-0.40417446734245616
-0.7170677119451965,-0.06900115964002934
-0.4948128523002132,-0.1413294384723741
-0.7901509444646334,-0.29785365959613963
-1.8001026935075841,-0.5981963113493738
-0.1272073900253331,0.2787906400181865
-1.1002414052492575,-0.11265732761930058
-2.700677043667606,-1.032576390487795
-1.490444382488219,-0.47709059660868625
-1.8342604490721048,-0.6348369828101073
-1.1135847128988716,-0.18064812936294583
-0.2763237250276265,0.17057865402428912
0.154994192027805,0.3274643246430187
0.4970581539173653,0.5202821050607085
0.33205361027176683,0.4725567968291771
1.5555013629244756,1.1813614598381648
0.10790385359471355,0.4168013060635167
1.7215883544181272,1.2086803538036217
-1.4455713299735948,-0.5602255470229985
-0.5001424901067681,0.1128108612672855
-1.84763044065672,-0.4676915559658049
-2.2795498094543314,-0.6439150772955649
-2.896553816697226,-0.9663395304587413
-2.1151948083562404,-0.8581837739662291
-1.9301789608305593,-0.6439873347114408
-1.2933614140948442,-0.39447780001232313
0.8827417487913575,0.8365268360526504
-0.8432435467487565,-0.08650886409490925
0.3742927511947639,0.4833135864332964
1.6588936860392662,1.170094035666336
0.6887470870940919,0.48430480608502163
-0.9477734397029509,-0.08358026216376879
-0.30619141367623404,0.18869081768910387
-1.5963071112259044,-0.4279200071421019
-2.7243768200481746,-0.9046058858531294
-0.966668686924488,0.00958297122947746
-1.738165239766453,-0.6068728302107522
-1.8976889542169826,-0.7590295244352476
-0.5603698349231793,0.13177669255131091
-1.7626895297554488,-0.5282244392471159
-0.3373453372861879,0.08624250260451388
0.005485922913970653,0.18288032980453806
0.8896417011163188,0.830752876668911
0.46893441298254906,0.4728128096974409
0.40744245596439627,0.539413218983691
2.0561672476288058,1.3535874501861136
-1.3099030346471559,-0.3809086911313218
-0.46350998293017104,0.17937287046299719
-0.6777914740421829,-0.03382592127321463
-0.4427050147881896,0.08153342957616262
1.0867459666648238,0.9303340531337351
1.9150869367110976,1.2640811270769854
1.763179193536625,1.2864971949421915
1.4376333584552123,1.003597533296179
0.08101697556499654,0.5443154989237597
-0.5947880039807859,0.136877866576444
0.5027802545935974,0.6387312396515306
0.1873181176742974,0.26898238268527785
0.5046720010378472,0.6338993411031072
-0.26254022407462724,0.23931903879810834
-1.4024343762831268,-0.3090854849893877
-1.1712566890257285,-0.2409335294500911
-0.4553678100513809,0.043756005366866954
-2.463241305041988,-0.9796969159466488
-1.7232800857925776,-0.5346693656591183
-1.0480718746496245,-0.2771576684831056
-2.0986029106966027,-0.8271951744999981
-2.2010991376985274,-0.8224169461544331
-0.8340386069528136,-0.1526515699864571
-1.9724967260292325,-0.5602269752219722
-0.7248206490087696,-0.24259886513382128
0.6449120480394805,0.618642147776098
-0.15395511526952943,0.4109350569377225
-0.6265182039938804,-0.23605790370858448
-1.257293415392875,-0.35288418183566805
-2.646179862063183,-1.2041040095647384
-0.32333404148406586,0.2094995753764533
0.7062346692436644,0.6227342961650636
-0.145385578925724,0.2097305721661141
2.9077764757070725,1.7320410751919588
1.6033627700863082,0.9797446128635097
2.196794502413161,1.3788301705441839
-0.3343455128233286,0.23752024211797168
-0.4617099254075582,0.08869689594971092
0.5642798562051304,0.5840911538068388
-0.8534519344440377,-0.11374063441630677
0.4842552958307168,0.6888225626589509
0.7770807788680282,0.6469514226489903
-0.2390887747555659,0.2662828939322902
-0.16607571424651302,0.30517671573401706
-1.2220047789104802,-0.268652474113223
-1.3768521782908307,-0.3340183377891428
-3.5982832313408215,-1.5069843856186342
-1.7509391352928783,-0.5021501493736741
-1.5141786425530743,-0.5294509757804903
0.3771468280160858,0.18106399445060128
1.1074453869009002,0.8677438338196167
0.3180372580739431,0.4768233429160754
0.5454696003003592,0.6375185333101994
1.4676702245387552,1.0020296191881963
0.30949324172233517,0.3011699473053817
-1.9681407847504588,-0.7455442852307185
-1.9691773317586883,-0.6099789011986816
-0.8622098580933883,-0.15039759343566425
-0.8150894459955339,-0.27524095301368146
-0.5730331605489496,0.007838109946117389
1.1102084539510084,0.7945235066684605
0.12301671949982251,0.43902976764810564
0.6948818268000035,0.7458169704889062
-1.7829792975605787,-0.6429120820493986
-2.133019257413549,-0.4862178137095368
-2.6632300367296997,-0.9105209100112495
-0.5375016763056705,0.06706202017103115
-2.4807742076221713,-0.9001832465142731
-1.566677238803579,-0.3761237230254929
0.30954792657583496,0.5006133800244998
-0.08637305909013737,0.39076917202612493
-1.6540443942820506,-0.5088095476681611
-1.1885089232653971,-0.23897397601345918
-1.82646575525389,-0.7595316234058542
-1.583298596690311,-0.38311070987296447
-1.4485216037274198,-0.502593381949979
-1.8382523117433984,-0.6743048662608367
0.8592435722926544,0.6593636793100379
0.24991688658389644,0.4672400344508656
-0.26558174272040114,0.31921271649009075
-0.6117360145102172,0.0008206879474089747
-1.0761951708940125,-0.0946263638279636
-1.7624194094943868,-0.6262138057717621
-0.020001702292570034,0.261927434804094
-1.0335857420909211,-0.25898986692627535
-1.1525544410712536,-0.2518225811500145
0.46953639221129817,0.6353394358968313
0.16248357291791993,0.30796497874560746
0.9173582024755903,0.5930608361069015
1.4489729708939771,1.0230965757866566
2.3315844128047782,1.5072818843564175
-0.11754157938315601,0.20543053832588848
-1.0454012147369927,-0.2637377544895359
-1.5082256864649384,-0.5947454100505827
-1.7459322389172922,-0.5106635195233596
-1.3714408314715414,-0.33142260043712535
-1.1244207037747955,-0.15427976656206668
-2.23066110515503,-0.8094383256255984
-0.8403574050316396,-0.08617693469270199
-0.6243063292447544,-0.09801246971903116
-0.5045656754264747,0.06650243277272846
-0.17244604309538875,0.05886207793507417
-1.1159978347637585,-0.3454538922447765
-0.7233153270005667,-0.11618785671446075
0.09747859800754399,0.22960734482120967
-1.1472418733244254,-0.136788899858509
-1.0088742538022242,-0.02660965738898352
-0.8734226100948739,-0.13798042517715975
-2.826322639396109,-1.1760648883429747
-1.7041239768515926,-0.46752252806929573
-2.4904181330435167,-0.8510098244214728
-1.9208959217065344,-0.6647000157322275
-2.0667144821883845,-0.6710966271763115
-0.4802164564048449,-0.0879509146019943
-0.6273872956739175,0.08346190616796434
-0.10785668200033266,0.22812192556833835
-1.468881674705229,-0.5655108521557605
-2.5508336459935026,-1.1508554193770306
-1.0517590104177033,-0.15586485622901528
1.2226487848052754,1.0199985299337961
2.662319391956139,1.6518049211199284
1.080571330263877,0.7715022592735997
1.4507198873048934,1.128973453167221
-0.21760145422178878,0.16432907111296371
0.8016503962868697,0.7687081443783895
0.35255377015050265,0.515409803529155
-1.6332905556833457,-0.357549777173725
-0.8582034406247601,-0.18167565554673004
-0.09144914800177428,0.2880152532517076
0.6082756397574046,0.6877812256401622
0.6207672632384458,0.6752769011882997
-1.178400960653621,-0.26550597394257097
-1.0768623879473789,-0.27471393383686615
-1.2850655377289495,-0.4753996199321475
-0.08062595294081931,0.2524932581161325
-0.0726395606885334,0.325370078582755
-0.9987034560901206,-0.17600994102552148
-1.3874244399304838,-0.535145484470795
-0.88613922001225,0.07357377842531954
-1.1174584069654172,-0.3209038959811888
-1.488624523033669,-0.3073210866739684
-1.4342883626303062,-0.4249780879793542
-2.275725729725122,-1.0192288979792414
-3.4300510361575522,-1.3691600973802476
-1.2402180607536897,-0.14204193987429145
-1.4069578189470198,-0.5875861597861647
-0.6834255044373483,-0.08080545297839123
-2.199175339367309,-0.7649695441657909
-0.21026293695408538,0.23812583554205985
0.3873400793634607,0.38909598248965677
0.8314507139036229,0.645018224637164
1.7372376943876584,1.324373644023131
-0.8605217448824556,0.10125597463935568
-1.22184754910085,-0.38532112417189907
0.4447414126369381,0.6031548009349977
-0.06943422570652946,0.4834728152025888
-0.19404983358557804,0.14621005445136065
-2.355305265490001,-0.7953417469455935
-1.5374590552763292,-0.4755753149309112
-0.32072959457243666,0.19811653180899133
0.09974260308829658,0.36259008985192115
-0.43638450652010646,0.05421991464448049
0.8132130054660835,0.6708618345913527
0.3468905102173267,0.5174125089678753
1.216803917875278,0.7085265664897198
0.4149039378305312,0.5552144832786825
0.45749498796334054,0.5825044447433968
-0.027198313935725582,0.34753072122651074
-1.0505042430658578,-0.16152412023326151
-0.7065090849994722,-0.001523687506057289
1.5555107645724033,0.8212486030690364
1.164478616816642,0.8864639239857848
1.5648350686099668,1.1024103031637553
0.08543280985485524,0.43882353902630283
-0.13389701894511602,0.29058596181174956
-0.7310819782492523,-0.14423497597323987
1.2644630034823492,0.7267282433690886
0.9034957905624613,0.7124632325671187
1.846883132477675,1.130929307878223
0.5139285052890236,0.5454893590691526
1.233441111580992,0.8799771219424631
0.045110132796103763,0.18266514580470591
0.0937071543268449,0.3017075761121539
-0.8073374044187059,-0.14284752544837453
-0.020433452219942305,0.3228641814622127
1.849985351932856,1.2768817506017696
-0.5709203474534021,-0.10742499753871756
-1.4750979302942202,-0.37779084965237025
-1.1409591423927936,-0.41242372412065964
0.0858288481467081,0.22488243026370155
2.5359418849281674,1.6573810309689214
1.8393723486617835,1.1705011257302997
2.110013173981633,1.3588343867310064
-0.7410817852763563,-0.14756077660962866
-0.5210374388015523,0.0860519713626878
0.8241953937862876,0.7563159426098917
1.7455296188438822,1.1695650916035714
2.399878842907442,1.5415077723882966
1.2935195296978375,0.9999902116862243
1.881219430381318,1.3619735979954173
1.5332069180947407,1.1228405410923676
1.326829709486968,0.8791477143667648
1.6107839733975842,1.2772565085841125
2.4712172203418596,1.6168867863498648
1.3712056726592534,1.0044688744750936
0.3970419314165814,0.5817790312589193
0.31707448760384194,0.5395157291229639
-0.3368797795998314,-0.005152455665721506
0.14277889920030262,0.26722812623712755
-0.631186922945412,-0.1799534192870431
-0.7929071578108485,-0.04288284509546692
-0.4168467963561097,0.010016832543044654
1.6070662432995921,1.0610118783093854
0.10424041324557709,0.3471169829292564
0.5823739533149558,0.5924933838125758
1.1208597605073383,1.0222073276420371
-0.14373118622462666,0.2072369936433726
0.24747031651581383,0.4234023858403542
-0.6401073231555331,0.10553723037027402
0.947339126936079,0.7068628869171716
1.2859589078738778,0.8779161632839588
1.5008311926270101,1.235915180332216
-0.0991802443355051,0.34187364688689165
0.07788647441906837,0.41794085431571315
-0.2757055917146747,0.04840032698137556
-0.2901903734300132,0.08807530311975294
0.3449909545510678,0.5230719437642057
-0.32800140511454473,0.25267864323300926
0.30739608827627507,0.5333281060478622
0.804972002127659,0.6372114709433899
0.43473455695450264,0.5644669783380686
-0.2105868675331926,0.13319802307369746
-0.6016029832510661,0.028550515868130483
-1.1623569365322182,-0.2663302067726582
-1.4921820547160984,-0.394260328696127
-1.4512094916668783,-0.28107148980306607
-0.7356414991365351,-0.045361108442428175
-1.553232890808413,-0.5205485699951017
-3.064083184348568,-1.3163412962405794
-3.2435261332392953,-1.3992905379611387
-0.8593022241713304,-0.19997483723961096
0.49236691848574743,0.5188552590086425
-1.0443754396043072,-0.06142793764562299
-0.5605046156024908,-0.07633676645798614
1.5701891739741543,1.05116699559104
3.1824064575223967,2.06124821962744
1.1649041609106563,0.9754941085398564
1.034320034591508,0.8016088397535835
-0.22943418483553968,0.30341415207559386
-0.12067811725160586,0.362575055840127
0.6268431197472508,0.6776199482402705
0.051238387015004494,0.30930421040603806
0.28892082224639937,0.43402677069746154
-0.5744666494189462,0.016011089882466047
-0.03693589145924836,0.21719032010086087
-1.0902455593201947,-0.1254405593167083
-0.5915064153154188,-0.1436591630328338
-0.9568056074294983,-0.22805168089519695
0.8809661604141442,0.6048335492992957
1.9930866172583717,1.145384976667298
1.7063587370641609,1.1447735859386026
0.5309122589744358,0.669412751211949
2.4198057529339096,1.6773865302388924
2.417965438684048,1.5629913338280323
3.118568155629951,1.8727160652352086
0.3504996632347226,0.3939270105795369
0.17717547448137513,0.37213379697605575
-0.1029076090250153,0.25564325118900333
-1.9716303094920342,-0.6364138134566091
-2.1423520213167735,-0.7473660422148555
-3.636235337480202,-1.6425997391859395
-1.6398447888290384,-0.4758079373584254
-0.381211264545543,0.0277623513669443
-2.247198903050109,-0.7535433688965838
-0.8556594669577677,-0.04259227987241636
-1.6493611917727762,-0.5590825479691931
-0.8077639948819567,-0.12160175923849262
-1.9618090907091317,-0.49871557096097535
