-1.0595552810153672,-0.26604658618838334
-0.5544143473266074,0.011851215969657686
-1.4335663204999411,-0.14912115818510024
-0.6474537906437,0.12264984335134341
-0.4330045232859633,0.0761594742904044
-0.6540645275516667,0.004488292217465183
-1.9056393081758953,-0.7712634806948381
-1.7337423578282851,-0.5752749032919441
-1.7806183149894488,-0.5236619702500901
-1.2240806789709902,-0.27339267389634586
-1.2405024857524096,-0.33443459622512745
-0.8818511471684398,-0.25227957915289334
-2.22305486681731,-0.6647363164273578
-1.1104742161373284,-0.2854268752248764
-0.21872217521938497,0.28469913238522726
0.1229577076723912,0.40786118444326563
-0.18487102616022955,0.23693683988552122
0.34142670883304316,0.30008893386032404
0.7871435032624978,0.5647381381141513
1.016148060833649,0.8104009091810714
-1.5262062108352168,-0.5133511681036121
-1.7287754313024117,-0.5867672445875292
-1.5673587422772133,-0.6241862607892178
-0.7082360514706874,-0.016608985080998846
0.2148634351971339,0.7140758506494909
0.1381049339853257,0.40344793489173775
1.0640064032339338,0.8984700848105158
0.43069867917754645,0.5158846169961526
-0.8746394409865985,-0.22111481938293798
-1.9975754246327317,-0.7284146489638096
-0.48657847364223006,0.025471160892930077
-0.004944273813662081,0.23684505742134296
1.6774598528820859,1.171847025409487
0.8565263396438472,0.8021212056511499
1.1086785918664779,0.8048812660041851
1.137176688837355,0.8326992383952578
3.061810182096188,1.952540503671797
1.5714753055184492,1.107264113261104
-0.23418415331216558,0.05080858777069028
-0.46656051203380683,0.252664716780439
-0.1770265523069942,0.4308575021020209
-0.47706093763801083,-0.0440527929788468
-1.816712287185429,-0.5456263141550393
-1.8682727146924898,-0.6070465792858754
-1.2463461912312122,-0.35477772668658036
-3.2617334867290984,-1.250890479612261
-0.3848014435363346,-0.029442473228404403
-2.5336531517368814,-0.9417729848990608
-0.6013239381427256,-0.12268296992216093
-1.1400748363023872,-0.29602660185483676
-0.5406821290340156,-0.07830688654972906
-0.48620363957101237,0.10374991139113623
-3.1642879311325656,-1.0511496513588159
-1.9209742389278488,-0.6759593175901514
-1.542877938885849,-0.5114082685913425
-2.329596526370641,-0.8660913020126556
-1.9716148832163465,-0.6680836415194601
0.13599966575700506,0.32780699749914316
1.1080085868626541,0.8582387702739972
1.2152952281683853,0.8494287773061227
1.3322751830439565,1.0494689877608292
0.7825912971609317,0.7623217323404758
0.5176757084566732,0.47014937846831945
1.7461578833996856,1.2361275455336793
0.8468571053986618,0.6069303428184292
-0.595267952084908,-0.08797196947990821
1.178331835554501,0.8587694115882804
0.3285180927973066,0.4626696899035669
-0.39072171631844244,0.17449673993874681
-1.1517205523641054,-0.14820524701215038
0.14880579070126343,0.43214615601808143
0.02650583566527656,0.33243167805682544
0.18159277406455906,0.44616421476537743
0.4437424525289624,0.27141411027856593
1.0687776552598907,0.8889403009673762
0.2116834766529252,0.3118924018108197
-0.38391265696661003,0.21440586501219483
-1.4628181256907475,-0.4882619606093496
-0.847377344311841,-0.20808119771701927
0.2531612871736022,0.27147848842062394
0.8962558254704837,0.8320277842425154
-1.047628520275236,-0.31232788618428037
0.5938708999989813,0.7291816177783108
2.159624283098559,1.380358106978089
1.5028137345367805,1.062142921661095
-0.19754422940806404,0.36319375011315064
-1.9775331596262162,-0.7771887267429249
-1.1899286275479732,-0.3593358864764958
-1.6851114448201483,-0.5902676828300035
-1.6619690719173188,-0.6141240507190376
-1.062941612932184,0.013539501149534422
-1.8229259104476916,-0.6492279510040148
-0.10608037315714314,0.09907918224161494
-0.3594718175588163,0.06664796736573192
-0.8970560413276054,-0.25791037844207443
-1.6699659350707212,-0.2977098787728093
-2.1223218919830233,-0.5581097189436397
-0.9703503813475138,-0.25249110875148295
-2.0049612681194064,-0.6871695576712509
-2.3441947647311947,-0.9615999211773345
-0.10976508990465939,0.24840921970265037
-1.3165141417081847,-0.3372567721414088
0.14719494898750418,0.19369815847323013
0.7923594520424595,0.8597423406896366
1.435344410503642,1.1113166941331853
0.5371211048937041,0.41841324734891305
3.1431080855827997,1.8393791667035484
-0.014651580110165208,0.2425907567775847
0.5420842688221044,0.5167037947166288
2.2639913036187136,1.2877066392922194
1.5453641292428206,0.9283770344977312
-2.3773787351366193,-0.8688790932768127
-1.219986065836994,-0.24604345570455605
-1.136297137757408,-0.2660253198869712
0.022262163440112115,0.29613420904355914
-1.0573106426161771,-0.2232253607863532
-0.933001893081339,-0.12406553417801819
-0.03250074376968126,0.32994649436324797
-0.47450072530740656,-0.010429400322183466
-0.6393961983134036,0.2560711376864585
-0.6470325267226443,0.09911531389291539
-0.5099732479437948,0.046744816207307006
0.11585137804762102,0.2672793318247134
-0.48719337031865867,0.10604840957890121
-0.46871021820158554,0.0038039968875540064
-1.3821339341367784,-0.54670965309852
-1.7918559055122083,-0.6783435212490624
-1.2131818292091774,-0.42578412645742275
-0.825056266797363,-0.08156328476176132
-2.0422645887010775,-0.708213357926926
-0.9945106141355058,-0.08917753301051408
1.0000312805603944,0.778000961770883
1.564075022909102,1.129704320376859
1.6517358995006455,1.236736299732529
0.33991441645813814,0.4514793082851111
-0.4599522575028213,0.07188955896771279
-0.8778378613590954,-0.07292518719765258
-1.8439401306966445,-0.6533313233381346
-0.5429226343564031,-0.006080890463142578
-2.302127204737536,-0.8238422143560822
-2.496711707204633,-0.9541413389339662
-1.961981974771835,-0.7166399202853285
-1.8436499584477049,-0.8118758035150849
0.3317048317428666,0.39558216967779286
-0.9745435416395465,-0.21815581142200838
0.06381444704424577,0.22052291751062478
0.6177448778394273,0.6443558295518289
0.13039818831642142,0.40720064524585237
0.16231586598961306,0.3306745661670427
-1.651280799251531,-0.6635673369252366
-1.0452626411924575,-0.2704994976320939
-0.051116014640899876,0.5089287801351432
-0.926207198154289,-0.037159410256061925
-0.8533802746773221,-0.018556588375739563
-0.20420863918187804,0.2346572370997448
-0.15276621145558625,0.34509926418518566
-0.12556489699988715,0.2591811329447078
0.6581492261435691,0.7513188053686617
0.043760065002296455,0.3715404905638987
-0.3811784885265267,0.2856952926422225
-1.1400411487537077,-0.19122285947438916
-0.4643322340036601,0.15466962275267482
-1.1945117672564025,-0.1628648830777264
-0.9052280224372834,-0.209018373630732
-0.808878363154744,-0.1925572298314121
-0.35827385298646863,0.16769729790375354
-1.8086447000340886,-0.6372814866571515
-0.021706032309502632,0.21924690452759446
0.5425730551128893,0.7279200526296356
0.6921523680657189,0.5314089383995594
0.7150491934322641,0.665244607991129
1.715690982790695,1.2247315375399483
-0.31755829295404414,0.06535705952169812
-1.0179044652727178,-0.28649295905931305
-1.5166561905959992,-0.3413912387499812
-2.190044722293357,-0.7736699145062242
-1.6062096691338987,-0.3979032955451466
-2.7689475353645623,-1.1810169690275891
0.11789961828269124,0.37071248447539157
-0.3118585082690509,0.24835572474140855
0.7026362818595497,0.5208586669510481
0.7712211640785678,0.880118545580244
-0.7362535997745185,-0.1500936124432176
-1.8651357909173027,-0.5252259945605369
-0.7218965375796984,-0.1001142473190563
0.6677240111777267,0.6412070666239067
0.9387584225925982,0.7760923950732594
0.4429677366266088,0.3783427623623906
-0.9263449099636706,-0.22281386320218882
-1.5792662888264337,-0.45221890365146034
-0.9915830501582876,-0.25142364967002784
-2.6641836527604754,-1.0902710212331357
-1.1784274802017605,-0.1552675499408562
-1.1159396237945765,-0.29550326654304143
-2.6045647631999045,-1.1159415512694582
-0.2404910208756409,0.2241803954700998
0.9657489072397119,0.6577849163508025
0.29389977458513034,0.396715190499405
-0.9831550502183678,-0.24728343209455164
-1.8384467331361576,-0.6007179130830481
-0.9545365668153613,-0.1351265204829986
-0.819693508290076,-0.19196845367045035
-0.014679729050186885,0.21870760431978867
1.482204043505621,1.0802337624718452
1.6213303606873297,1.0743227612758062
1.0970043783663803,0.9393390671541539
-1.4648200287280013,-0.45258185365192455
-1.023997266115844,-0.39101549031820804
0.1700696803907894,0.4472545638501545
1.7292009603520428,1.423493707645468
1.530471053984839,1.0844770116585345
1.3888637998507762,0.9781940219358892
-0.653347227221752,0.03755476657239347
-0.4255749568903488,-0.0644992365453688
0.7728194154759733,0.6172613965197135
0.8349561996611672,0.7330220455499147
4.010785358797183,2.371605760751778
0.5143713136925321,0.6993266683405168
0.11054055890200482,0.41426687376780075
0.4890863457197272,0.6192750581072481
1.7831303315534104,1.0585280957475816
1.013130260270477,0.6929358136004223
0.85365181071311,0.7510370596824322
0.8551129592425022,0.6961282316125986
1.66575995262109,1.0374971099581802
0.9065751891816369,0.7976717712566814
0.6188761440778394,0.6035189828887033
0.34274388931637656,0.4142265283080605
0.5320057666493194,0.423804272176052
0.5993628079164659,0.5566939014265352
0.4872785516958385,0.32717800093747895
-0.4422076360838593,0.12029805883530373
0.5547625086896438,0.5292695153718676
-0.3570291141606644,0.002552959076186745
2.467463706821894,1.5673035585616828
1.5210680309942322,1.1238806023826642
0.5898870511749861,0.698911741800189
0.7407840924722553,0.6487123317906679
0.4229342633319557,0.5124100597206357
0.5456736206686059,0.39467765766934304
0.5931882262510718,0.6707421558047113
0.24333992276228467,0.5728253056757854
0.2541702414678086,0.3883566800986058
0.08708425795813896,0.32326712278337477
-0.11886350794414155,0.2150534817572627
-1.384898688856209,-0.359148921641846
0.32260838307520445,0.5386412565280135
-0.562006236654119,0.027560250961362786
-1.423637482651507,-0.5158061671121266
-1.130397328711314,-0.3269714435986485
-0.8636223289562396,-0.2547557618178771
-0.5933396977752394,-0.09814016696577416
-1.4255816030389938,-0.46808311211649123
0.4658553140087892,0.5828956977438149
0.8685377600670591,0.8518747687131679
1.9604267369301307,1.1580871896436755
0.13926510066353137,0.19888453344579185
-0.37534718296826625,0.01230987245780471
-1.6010085525015247,-0.5409782974051752
-1.3626709209376917,-0.14641931524643456
-1.4273105668469417,-0.3873500786537078
-0.035348078604609756,0.31066358370523395
0.779186493951054,0.9227943792968891
1.077835741727121,0.7240493867947644
1.0942291477576784,0.9459074089657142
1.616079298357515,1.2777385355056927
0.9729869135894702,0.7890037417773248
-0.6839029297869798,-0.036376811552444176
-3.1052176853130606,-1.16703237896336
-3.0632830460058407,-1.3268128228168647
-2.142870730042514,-0.7254630120114691
0.026846835709505967,0.24454393496074062
-0.8519677540822679,-0.1272286013801364
-1.1517916801251897,-0.30958248966641605
0.7629420107714352,0.7156137190776278
-1.787750875248897,-0.5340411162663307
-1.1721251822945946,-0.4126808768730794
-0.31750272736286567,0.17207404420156433
-0.025856580791992323,0.31866167518332744
1.0440844999676189,0.8792978515314257
0.5429066267805136,0.5716774354701366
0.901005928648194,0.6918179203576219
-1.1082033214840663,-0.21885206558583326
0.018201400560005743,0.1000029901269972
1.1271086069517269,0.8251813639860933
-1.2869676832055486,-0.57276174883812
-0.35574105332536143,0.05109189099643936
-1.2069096831188735,-0.10134029652273918
-0.7934537035160582,-0.07091514962967424
-0.962060881513577,-0.380216467512576
-0.2193361486622103,0.14773448296097202
0.061800039393667294,0.35133853153311834
-0.1364033387669682,0.20133805930916193
1.0542577219478761,0.8854152399220295
2.1059227859614844,1.3980933966508249
1.4168283318956845,1.0804547363374921
2.0059630615211472,1.2705309529914188
0.06290704169955963,0.40840529888175625
0.192425487866595,0.4816635935958318
-0.3324581075496303,0.03613428865645188
0.5673431118236165,0.5154716845340539
0.02783198847605689,0.329071123537649
-0.7506528830146499,-0.2654794848195265
-0.5154916542646983,0.067688266977091
1.4503568633661592,1.0461173048531904
0.8326131823363148,0.8102997323257299
0.297283890364611,0.4489659175033772
1.3151839273068333,1.0161608584568431
2.278710212259969,1.4708775955869795
0.9099670214452171,0.745121918930063
1.0212669570333777,0.7842334924303953
1.1906438238874557,0.9341093033466761
1.6126026186250488,1.0912458388142805
-0.28405106018463,0.10875276937831968
0.6745991053070501,0.6057555081446582
1.370629891269424,0.8752186582446426
2.0847650119541767,1.2155843285355519
2.3077737820464357,1.5328399458086541
2.101872979747379,1.2930244571772498
-0.23454467978279192,0.3788236165775283
1.0060401210408851,0.8824571401826317
1.8124995288856824,1.373652105280446
0.5161262570235646,0.6835336804275648
1.4942177087563282,1.1478329219550418
0.5232121011820441,0.5418325650881974
-0.5379183890024073,0.1106200166126844
-0.5803597139344958,0.18217279312190982
-0.5506609070587647,0.023475843005899708
-1.9760631977283138,-0.6534392738639363
-0.8488172776485875,-0.11843077160349519
-1.5520383267167053,-0.47703093229536175
-0.7334052439870542,0.058656354640263364
-2.1954265308776537,-0.7954249630431706
-1.1723700528065606,-0.24116495023524315
0.1404589959273972,0.25453561998265095
0.0805027049329421,0.500771493570814
-0.5701876090313821,0.007921095523160053
0.2962400895391789,0.5121019141718458
0.6736550392798686,0.5923260342714914
-0.6604119595161315,0.03148172541062097
0.8239159753472132,0.7635024598289842
0.34524925274925466,0.482433107186934
0.7460997352608563,0.6154553629125245
1.1484206824122642,0.8031202943400396
0.8104244142415474,0.6143263470134459
1.4727996755317954,1.0131138932238226
0.9511238806655159,0.7167524966972655
0.3921161071519405,0.33253791975454383
0.39008045455248774,0.4580179558583872
1.1044254074076436,0.917639839986609
-1.1242740173270094,-0.3601950922819023
-0.5792436923560877,-0.0013745719707497009
-1.2799199891739121,-0.2746824657627462
-0.477354756930088,0.0050729053513554265
-1.0677752840492054,-0.2936599651660897
-2.3554127208213385,-0.9460885873549651
-1.8946614477728418,-0.6360568742668479
-0.5930622708953502,-0.12936645284000212
0.18057465597727762,0.41744299401281004
-0.14016551679249267,0.3860887094804106
0.8006805026735484,0.8629195025959324
-2.630454622913934,-1.171387281566111
-2.0640320285225124,-0.8009116562039181
-2.257524342761945,-0.6199124860048357
-1.160525482439602,-0.23009807366570034
-0.5315305659042144,0.04295512944626865
-1.3083693203413242,-0.43116312704538806
0.4659144862960176,0.358280431510974
0.7234275478126476,0.707491585272412
-0.07742217184620281,0.2031621710308919
0.0374516761867103,0.4861209144613355
0.5982164213448404,0.46298313613298736
0.36771840374162,0.44673536013360754
-1.169541273468319,-0.2564610140256321
-0.12048114328813575,0.20151179405658104
1.9336515113033974,1.2688432162096415
1.4612184110115043,1.0371235758882027
0.3415258326823539,0.623990379329414
-0.7971424922022496,-0.12006560836710997
-1.3251608684483887,-0.3626594945418078
-0.12989323079457227,0.26853310716451406
-1.1741300356794673,-0.3666555410957516
-1.8957128038551234,-0.6184793318315533
-0.34380999802446466,0.09531142913673482
-0.5989596961251092,-0.1010159423516936
-2.7065861077770066,-1.10439640888975
-1.3737374995653315,-0.38795873915532
0.6960043737424302,0.5347778614232603
1.1525838277184963,0.8890950089901871
1.713995710870147,1.2150814191433215
0.5713697426553818,0.5735104400267257
0.03166241141348286,0.34539224652714134
0.9015424845706101,0.5507075648931965
1.6719580149657025,1.262710955395455
0.9945100450462117,0.8200838319911138
1.0709153036360357,0.7980714540315524
0.6718713825970906,0.7771727912132139
-0.4127722370350778,0.0516007698987526
-0.7806131208442475,-0.14975713954584816
-0.8606360156142719,-0.10750303158757867
-1.680364941000812,-0.40820638784848773
-1.117129809243546,-0.2163749555744816
0.29025771580868687,0.26778313454333313
1.4277303303767896,1.0087214786165772
1.8770222925949924,1.3159161534537471
1.6255706019732197,1.1727217260528302
-0.9916962524108219,-0.14296503210462697
-1.5901585346447977,-0.6958899774039357
-1.025695619176031,-0.3028813817187817
-1.2037278018818958,-0.3845446719802781
-1.3976683363151925,-0.36924836164475894
0.15963696210305423,0.4803913073101689
0.3117022821212644,0.5503092172670742
0.3893122658579339,0.4894917858875375
0.38602006337562345,0.7514097654093082
0.6803812639785509,0.49130057093413915
-0.7194754791947496,-0.03680779940950293
-1.7017547806476734,-0.5722227471322971
-0.005640052999749123,0.35476211637068655
-1.0249877059601598,-0.15463677222505368
0.698574239882934,0.7036463284426878
0.5704078539746348,0.5792277880556457
0.8053035698283473,0.5676138175066189
1.168830704569054,1.0702426966547176
1.6344110565483319,0.9602584225383884
0.13354904314285865,0.21583870399141872
-0.1959569786328017,0.1476274270901921
-1.347956175762165,-0.3062173935229783
-3.488045037907493,-1.3539767129145002
-0.8894158081187112,-0.3081913646737995
0.8816851493951834,0.5507892094426623
-0.2833871658545921,0.20146138717770962
-0.3668085335562037,0.14631604472641
-0.5569349721163785,0.10426674945928041
-0.379849476798167,-0.035333980102893486
-2.2395165791705205,-0.9540928238618596
-2.7720706774262656,-1.0147398514358432
-0.8796447746817642,-0.19661026684308508
-0.9737649841342695,-0.2747499385937713
-1.9098317923981576,-0.7125268963357623
-2.494512663370858,-0.9068477799561391
-1.1880422196658311,-0.2804645953297314
0.5827423705692466,0.5468742707408148
-0.9306555763485829,-0.12153719570030952
-1.9953720902410577,-0.8104535673627872
-0.6136159175869377,0.08462441957652343
-0.3391220612966316,0.02632678108767661
-0.5737853281393138,0.10600541120315442
-0.4553460279755653,0.009023464188898767
-1.7153005088383675,-0.6574987729500801
-0.6218611500467015,-0.012387665166879096
-1.210496674256638,-0.24457291040862483
-1.4450473662956371,-0.5046193758613482
0.6235874410362132,0.6560810439811768
-1.3538648576727557,-0.4172415049577933
-1.1424359490022102,-0.42467044683622085
-0.35246041728391897,0.26370693911075127
-0.0023828674308044584,0.35331548947984054
0.3295113217075559,0.4560427473725335
-1.2242226907145488,-0.4465125808950951
-2.074849193135576,-0.68279485261403
-0.40308182668270875,0.08221951656094545
1.7265797917142367,1.0237946277121053
-0.15079862733587568,0.13621439058743362
0.22955772109866557,0.25508425015761416
0.9522136952044461,0.8838235662517776
1.5051241873159729,1.097711723753465
1.5543886061597791,1.0607696867469407
-0.3558044286368657,0.1382289255564208
-0.2066666913234512,0.1845038247392948
-1.1653041707568665,-0.26136162124833595
0.3954266580526957,0.4907728736795185
2.194640328163832,1.4093351237506604
1.0114633796954111,0.7614062338723891
-0.03182802861895151,0.3943508931145333
-0.7697516581254695,-0.0550340697629659
-2.184571811064859,-0.7063020151823307
-0.6086948045747723,0.051751721841776524
-0.41005179743984355,0.1502042432416054
0.9787500804135645,0.6319378584201101
-0.07317091593942993,0.2507595593452299
-0.5106715921009882,0.06322495166276827
-0.09859403495172425,0.24306930900407803
0.7035944023778484,0.7091775743320881
1.5562581438473386,0.867760611173156
3.174777709327447,1.945412017445699
0.738935448355662,0.6583570881314956
2.4473012946437707,1.481346899676048
1.450709735372783,1.040492440380988
-0.12124785531139859,0.27475045206112203
-0.04954151803003028,0.32599410690047925
-0.05690149445250569,0.13266206481141074
1.2587017211896456,0.897150391527179
0.7827919044373034,0.8913559909359294
0.9203726143799107,0.6594974794003942
1.5741140835042315,1.0576834373291606
1.443850780935127,1.1036441578351497
-0.6599436298052739,-0.06469450318181169
0.12043184299615894,0.2732528920604857
1.8113350535263208,1.2046930269287544
0.6334125360898126,0.6497540121659424
1.3930014881674229,1.0460103534849203
2.6861810126149868,1.6546652821335541
0.5218230142413761,0.30246269056549424
0.5612330109298753,0.5785953138963446
1.2784817760549985,0.6870303383294525
0.04127667523343381,0.28864668532569016
0.8191877258669895,0.8173892878901676
0.04519018206926362,0.2771239577409474
0.12987661531361344,0.45514781744835026
-0.9211511676523471,-0.12682591675048818
-0.6122882425398788,-0.012761601664759686
0.6126835458385107,0.47974131879549087
1.5691673831358663,1.0145991841883306
1.674727472340834,1.159350894737552
2.155133060165264,1.2107469339657821
0.9874153640652489,0.745656170666006
1.5891399615019282,1.175989389745957
2.893150595443567,1.8383240077744936
1.3043768242790914,1.1516750657289674
-0.419075542898253,0.17780387850437873
-0.3086539281224367,0.1860433191441176
-1.9941156204040178,-0.7875369714816057
-3.1219201670020755,-1.4120000889022322
-0.6027409071313161,0.1567066783068533
-1.4554966564821186,-0.4187926727471863
-1.4181048688953457,-0.29595830473168344
-1.7803821012990033,-0.6620462867386833
-1.48010981477487,-0.35570357231878924
-1.29309119019905,-0.38395453686609177
-0.3201548390754102,0.3234628973941439
-1.7150821039706334,-0.45603392892516575
-2.4709812609136157,-1.1524520586792601
-0.8654337369708276,-0.19636987072292555
-1.4954353812575158,-0.27929397003383305
-0.8506732377194386,-0.19346495641004424
-1.3459970777763572,-0.5936548794106529
-1.7779868290378062,-0.595073594242653
-1.6527407595495385,-0.6938808700422419
-1.869290996242196,-0.48996013221232093
-0.9662279982103279,-0.1359401825018807
-1.4844586428768944,-0.43251195822564414
-0.48654126163077743,0.02408711458621892
-1.2068125461339152,-0.18201626494515089
-1.7884878803199307,-0.5575928095558931
-0.7359468569773533,-0.08775376734936124
-1.5732822222939893,-0.5137885634251278
-0.46030266130521136,0.08324139661975218
0.3249048554134912,0.37611538759126895
-1.978025748273366,-0.781698423187992
-1.5448143998114736,-0.38496795315321575
-2.1411214819095576,-0.7417260120530176
-2.9105322283430084,-1.0667219507146537
-1.7387299312340272,-0.4821496078285271
-0.9915700184588618,-0.18175158716371936
-0.26403027496236176,0.1909527248660262
0.8545676993095492,0.6597056728234589
0.9589674496705727,0.7769922333791323
0.17374845070372014,0.5335570782997081
-0.3568325229912377,0.27696999412075124
-0.08348811435684705,0.3788054416969992
-1.2786440215185748,-0.41132551064403217
-1.1641370790694303,-0.23629130965830608
-1.4034036063415116,-0.41008398531915224
-0.9709415621935606,-0.16770726327108829
0.343986159043451,0.4767923632630039
1.640669837586997,1.0140456104657367
0.7742794771541741,0.6820201596849687
1.2455039584512213,1.0450589158707784
0.7698219871015161,0.640424884142296
-0.21728885192993508,0.27294390864265927
-1.0029345037755253,-0.16493123416764052
-1.0509813425220793,-0.2375720212862029
-0.9883983341371156,-0.08535019919124359
-1.620723364499888,-0.572553072376011
-1.9685183789660678,-0.6507388077700487
-1.8938250123851632,-0.6484361291199767
-1.413284065264245,-0.6419474629441915
-0.1479531225318771,0.04548279458487553
-0.17900338761401255,0.13964219535560923
-1.1290704699419238,-0.28178880815856194
-1.7898661410327263,-0.6108811725566132
-1.38446958727544,-0.522050912977809
0.5087682960039983,0.5716901608427735
-1.8358289080270187,-0.5277758889311188
-1.4068724256902505,-0.4560343021196718
-0.8656872471843485,-0.22932878410147717
0.16724000615224432,0.3295751490152393
0.5896971734708631,0.5418400571056354
2.0547590022870095,1.3480119295902186
-0.4593891621318835,0.16460772104646093
-1.9219135194344257,-0.6817562185733634
2.454040083519409,1.571215138549596
2.15590942366865,1.528766431548098
0.4997388128077894,0.40227930395490397
1.1354336785193713,0.9333879989995127
-0.7384645938176214,-0.11111031434203633
-1.0805718617440387,-0.15586321069191494
-0.3068312398135383,0.2005950108080032
-0.4208143600845746,0.11838242113709808
-0.17428707215335962,0.299578756753087
1.5739179772510086,0.9887582714033659
3.6660151209553105,2.160890478015253
2.0323129743198316,1.437246336380859
1.8414222263302666,1.2651912160786745
0.22772154988273063,0.33196800787510555
1.5970798178202368,1.144252136199795
1.2479362839497559,1.1482774310304542
1.3349810559745356,0.8812629041562291
0.49882668274679826,0.6061388338023043
0.3728404798710612,0.43152810232456684
1.3383333328077984,0.8453442305048171
0.05133461896043834,0.4255981268132814
0.3027568001653502,0.44052841784097574
0.4465452738572002,0.6614848566349106
1.2521309860235628,0.7242061355205973
3.140381047592782,1.8367015672499254
1.4023669825300995,1.1072675025216274
0.2589577261850836,0.22224630380427712
-0.800752447528778,-0.024142334067717375
-0.5440350799040402,-0.19662571189162856
-1.0478727856017218,-0.2788716389492769
-2.1144621805304253,-0.898765139286731
0.35846367501892495,0.43153863086222055
0.4086119763966072,0.5122762244141378
-0.47806838738280316,0.06551870227120826
-1.4062528215420618,-0.3732061079176092
-1.8963632009603004,-0.5932811453521863
-0.18289926864289996,0.46827493826296734
-0.47053392555285223,0.04419295046187196
-0.5729075371508404,-0.10212952415989339
0.7282626967475694,0.5689931054989164
0.615755980978506,0.6604175054008993
-1.3404729383417462,-0.3078959533125491
-0.01903515951800283,0.07247719228693306
-2.0798435144593426,-0.7430974013297383
-1.7648244905250081,-0.7118661247352288
-0.7301531306439979,0.09918614251194
0.21434989481921152,0.4736045735374638
-0.05243908325030791,0.2859680933582577
-1.5710451111022545,-0.30245216642583495
-0.742668948544132,-0.07360209221733471
-0.5662231493604774,0.1113026525826487
-1.5732806196751865,-0.4276103412269978
-2.5943776546237056,-0.9159205725183501
-1.1306081856124557,-0.33216901145521266
-1.977141368190026,-0.7931237788319969
-1.8325898707359047,-0.6154079968446059
-0.3388503983468497,0.3095612458963465
0.09124157217183065,0.36089633453035236
0.41946877830411194,0.4647279713104253
-0.07256424987396748,0.11089870647316155
2.3451400306907604,1.4236296344485273
1.4508537818194986,1.1054169361245068
2.0781117560782545,1.4464148477781607
1.7381849585148799,1.2677765201141231
0.3627429295834823,0.5895358901930697
1.3301952499369478,1.0110306503622182
0.27090378312938346,0.42757528119890037
-0.957400347876451,-0.16517703794001853
-1.5079267251358104,-0.5430165219102119
-0.5929215547043523,-0.1842409794002096
-0.45324955356396096,0.20309439103486995
-0.9410055698869326,-0.3528115427718168
-1.2426580315035127,-0.2667807168499701
-0.22812817437372868,0.2058241801238752
-0.5452308936624419,-0.0017329212581241038
0.22771453525293422,0.26996036243718813
0.4064473276021128,0.5073137513032262
2.031343549069421,1.3216711343129872
2.033878137761528,1.2249076545491289
1.6583646526337708,1.1980645907383032
2.156850499883589,1.517993423322176
0.8572313019481634,0.7972782263515885
1.4348873686027699,0.9372397395813303
0.725922265120933,0.7081114277301646
0.9418648770739151,0.6129756621594121
-0.039991725797658195,0.32939640788123076
-1.8272266681820855,-0.6852551697812926
-0.9257940613100264,-0.17346530196750964
-2.187412842872907,-0.892777544778934
-2.6757151576135163,-1.0941965922756633
-1.1133983170869526,-0.06382214710112899
-1.777597818148824,-0.5868786649271306
-2.7820002090547966,-1.1031472800474538
-2.851457942023319,-0.9121195939368851
-0.4215852310559478,-0.009182344951903565
0.9275911046376234,0.7592805900468542
0.635695009853694,0.522133577149196
0.03607473051764365,0.6186776440056023
1.943525332520206,1.2251548412146214
2.3426149274261587,1.4561537866050596
1.967310308532462,1.1339053685248668
0.7151072482067421,0.616988499551146
0.6689953891353336,0.4428881684943229
-0.6216680716360794,0.006586787022041778
-0.8047043632578136,-0.10321884997868651
-1.619052922813531,-0.705035170057166
0.11668625568750879,0.40369805416848803
-1.3385286899494802,-0.34757832929330984
-1.2321325901132467,-0.3890046020327628
-1.0858823513136397,-0.22700213636404984
-2.127429376654257,-0.8836642516627209
0.8384743928323644,0.8675470673655392
1.8783028556533714,1.1271969502399568
0.3965598827793171,0.5128863153763089
0.7804240941184478,0.6649568642182261
0.17260282029300728,0.43541349851681604
0.9072515917793521,0.7785530617388572
2.2609614056450633,1.4648326185951754
1.5040462490931907,1.1032605099323056
1.5617907121480137,1.1675192256095293
1.2153915852078399,1.0607605457046518
2.466938129481662,1.5877794209913647
1.2458519440930427,0.9123120114969503
-0.36419278931507315,0.27426593903877006
-0.20215929532362084,0.3585561803921257
-2.289073081605315,-0.8030586983884469
-2.568659111050801,-1.1270293727846004
-0.6764600914760502,0.04213526811705161
0.5912263691675301,0.6204834592960223
-1.7640121794402281,-0.4979925520021666
-0.16984162663086555,0.008059676199037746
-0.5610572367858128,0.008961229633900907
-2.7474247217563184,-1.175241242389568
-2.019257591603139,-0.841549281525745
0.21401772056506108,0.40986948808666074
1.9917697550837445,1.2092683097776928
1.7451625977044682,1.1973768151814532
-0.577646206513234,0.19255056275563248
-1.5760664008519152,-0.4312821122208738
-1.7299735336398165,-0.3779932258910832
-2.2182289396823442,-0.8437237635136785
-1.504651118711401,-0.42994328806688714
-0.24611160500514528,-0.1007101958593154
-0.7819404999513738,-0.09441440748091272
-0.4344287374266796,0.08732135547939751
-1.1160273039061919,-0.39339326229979754
-1.4180583163107756,-0.2268675441554043
0.4815108771806833,0.5088138788690723
0.4423405324875473,0.6220540164786192
-0.06506325465270196,0.2949962653794189
-1.7019287943881685,-0.4803966102402398
-1.7468515015670008,-0.6052522283120013
-0.2290220820736697,0.09707913997472917
0.9262732340077017,0.8449583692839377
0.5869134018093377,0.6804882426824054
1.146081580333269,0.8792129110875012
2.0663043260320655,1.4676425515366176
0.7360085175000063,0.6627218632790168
2.387565300091684,1.3191215715405735
0.9079424665127831,0.6220201576061292
0.43177825825634836,0.5342957613568426
1.7951389754163154,1.0580566048394973
0.5443384639613267,0.4762602002405376
-0.24247395056405696,0.09387796513447592
-0.606628888438439,0.0688388903931149
-1.7193469750236479,-0.5869267750142244
-0.3889393724872532,-0.04558081364466543
1.2413879787480284,0.9040464242065639
0.2974343717074871,0.600811119953294
-2.2236451306076144,-0.8250254961903161
-3.284350755838972,-1.2935571572776094
-0.8504946307410532,-0.10134131494526107
-1.3501708700578268,-0.5010712205345387
-2.7315005903501235,-1.1144110259882571
-0.3406987387101864,0.04539428911138732
0.11256045300713685,0.2812734325497812
0.7406656490998444,0.5677021329905747
1.010366062667758,0.6938244566578625
0.8970193864547733,0.6915415721373838
0.5788082371651957,0.5995800262249358
0.5096797145959328,0.48036543421164346
1.675939245659698,1.136874538368088
1.0485074532146845,0.7987068910028334
-0.10977854765730244,0.13349436154954336
-0.04711809104890874,0.5847195135171082
-0.5913585847823717,0.0900249085516841
-0.830403574205918,0.029279445538535648
-0.6167218297819628,-0.08328350867905819
-1.7719772363945356,-0.6503669926022012
0.3617657786377224,0.5036769063672353
0.34766220035438394,0.5266639440261222
-1.5300877157588444,-0.4155344067630924
-0.6342216241643641,-0.1044510690595242
0.9663272001127982,0.6926787954591634
-0.24855772689543454,0.1421534982253916
-0.3779871451800693,0.09889058651440387
0.3361362879862598,0.4271951072535375
-0.48822995404493424,0.0343886473419842
-0.7053572084187824,-0.15641715950596327
0.6511801336114723,0.6784771033965502
0.9608706394854454,0.7426620181262016
2.4727569702381844,1.5096567328158905
3.486208312053354,1.975475030237694
2.0193592892235874,1.2833683436077625
-0.6702851735805866,0.09412578647640782
-1.3626339449242053,-0.532918254985961
0.532985849326132,0.6493472692800867
-0.13717453478705066,0.3006094861663382
0.30375238949538286,0.3496900012408234
2.5226106121656446,1.5630610165154526
1.3716722222419633,1.1109178636944885
2.657573435872365,1.646972266960541
0.7964923322508142,0.6344885486939219
-0.09719942508378143,0.21476927163365786
1.1037204724831797,0.9319713841016988
0.5890737517776037,0.7313441765979554
0.585279530890365,0.6911634208613159
-0.25520441444118547,0.16896737564597236
-1.3560283549835612,-0.2813119846519483
-0.6524954152098521,0.07507901631322286
1.0326223538293635,0.7754560936282209
0.9143775601118566,0.6572812481068019
1.6463412504794275,1.313994461124368
1.3575592426266447,1.1207165782339212
-0.1689757715573833,0.20064996343255626
-0.029741375690677196,0.3173754578942033
-0.9177671372238088,-0.18613153842180447
0.24971624115402902,0.4175508464422573
-1.6573303869245453,-0.5041131455977939
-1.0869330525110652,-0.35247336102837573
-0.5467817830517157,0.28878631468404636
-2.8554026711538505,-1.2030691395474762
-0.7658974756007526,-0.17043230958918848
-1.2187373294396728,-0.26044383630534185
-1.2835029665757645,-0.4848742672102381
-1.7081835067328457,-0.5513659808624317
-1.6667160073450766,-0.6134585228468991
-0.6178818829436744,-0.004082372441581842
-1.7707474059033785,-0.6868380439958585
0.45866338938383766,0.634175554028032
0.5107803588954481,0.42691413056917504
1.7337804428473407,0.9481912359144108
2.0643950472006862,1.3295474522681474
1.2282875144980343,0.7036670439529091
3.2129313313072076,1.701390337552967
1.9907183796893442,1.2584842897186959
1.819474430337194,1.2584858916626172
0.25011350836760626,0.4477956278009313
1.4793761355138677,0.9690191291809012
-0.5562655477160874,0.05496363413395823
-0.49351612317222815,-0.07128468362774915
-0.839059544598449,-0.23270583874009265
-1.3022280356843767,-0.37295962918369835
0.7316061733122554,0.46981072746574026
-0.2444299040111888,0.1877725285053099
-0.8410690179272601,-0.26042928319388176
-0.9604314777658005,-0.01822158464951995
-0.5783309224951851,0.11315177915775136
-2.043630080659243,-0.7515485926388843
-2.011816572113268,-0.7769530064702137
-1.2587070894803207,-0.35070917204127805
-0.32883578342557496,0.05956406267836245
-1.5988027628556896,-0.49429536526118617
0.7006058420504138,0.7204804484211245
1.4393700560593943,1.093939184665678
1.6081235906693054,1.2000658898586194
2.60623870618405,1.6243751103014423
3.134913397022305,1.8405613628982438
1.4135408898945283,0.9988956744690255
2.0913080292969495,1.462492114145231
1.4403488311394983,0.8672413127333571
0.06327929906134411,0.3188552777194556
0.9227403446905343,0.7429570097580037
0.8780124950837205,0.6789050623219713
0.38272155005738373,0.5956929613388662
-0.24377293008865286,0.23792366722604175
2.052591643089464,1.3151365800327368
1.2596557431343383,0.8611109301362267
1.12407969081029,0.8302053142983407
1.3828120977845533,0.8048071748864744
0.7720399451511779,0.7338084918240229
0.5785593932340574,0.6573321788283051
2.1809803835597954,1.3048720008120285
-0.8263871511897269,-0.1021102504088359
-2.2360829459885316,-0.673439228320138
-0.5877876869690714,0.05754768997837752
0.15333096049355432,0.4525048167346691
-1.039802331261603,-0.01044852907120708
0.2570924056870495,0.1855937297108347
0.7855069043595097,0.6868161477918061
1.790002889027833,1.2748562115174535
0.33194046022091195,0.40236887964862067
-0.3767011066741913,0.047181678727537965
-1.1132395811406002,-0.2374444220362638
-0.5259662672033847,0.08794575314352
-0.6018013427438955,-0.05065698758643239
-0.7188629528682361,0.061931414317850875
-1.0344763826748422,-0.3889648613985585
0.4607639923287511,0.4497667807082346
0.939655739651857,0.6951476622845715
2.538954601280196,1.4098214412923502
2.7432166708823535,1.4519357179406163
2.846447268946749,1.7670055467383619
1.3381707485126024,1.0199395023904447
0.319594850085659,0.46604136102768784
1.6685679025091713,0.9781811090247577
0.7547463427787979,0.650230341862491
1.0465275962097103,0.8293531020777176
1.560200440564103,1.1890096358947317
0.4521893130984509,0.5147781652874706
-0.8786258851940499,-0.12853793711447867
-0.7842743837803644,-0.14288777789813667
-0.8304951091751057,-0.22358820285645437
-1.4450559348266059,-0.4263748744447891
-0.2386428620419011,0.1979308092637148
-0.5478419829559874,0.06260613319428032
0.4688613816880438,0.602907210086106
1.157537926882588,0.8868796667499109
1.8278371029562983,1.0824979721638912
0.0960776357076637,0.3510165103283925
0.03076771135329749,0.27357013110103795
-2.2663037525925858,-0.8668971030940574
0.006892734188791438,0.11445870829766841
0.915932433788182,0.7499887302219991
0.43379464925379246,0.584430579020091
0.9317363856982852,0.7718867504366086
1.7444591670926524,1.1495912808433282
2.915984936984832,1.8091114148100995
1.921797990450063,1.1989634474852364
-0.04816416179854999,0.41417380806164705
0.23420685013743664,0.3480066996949204
1.264472962541927,0.9522532071743457
-0.4946385014801854,-0.09179853186108211
0.23752318744400308,0.29089387703963
0.4379805580446905,0.5342529369987916
1.584134043099125,1.1364891111104483
1.3389440356055133,1.0146154343575602
2.2649845984717865,1.4553779901784156
-0.572743630877643,-0.018606547159685898
-0.39434016386869,0.2465434875549761
0.5541700646552175,0.655121183968796
0.3354975467913588,0.32613309038073546
0.7599758083287633,0.47097907300489605
2.274808290572996,1.4534672634773764
0.060133373061787454,0.34566661230282797
-0.0010876952073914786,0.23092486736994744
0.24408142847951803,0.4483859244490418
1.8143738816906687,1.2916837435524418
1.8325595577442213,1.2055927076888888
0.7825449758905907,0.46388999734019615
0.2669721786277713,0.45050861649764373
-1.5670843779004475,-0.28130957092801556
-1.5543828143114569,-0.4480231594014068
-1.166609388102378,-0.3652134918480551
-2.3795995506582712,-0.9481879030259455
-2.0813998521802057,-0.8034353183382421
-2.171798319430296,-0.7712853233202714
-1.1047441767394193,-0.2997508733239231
0.03321824239678384,0.3201387494354998
0.4485321020892424,0.6040853592445363
-0.7690447235781801,-0.004827565964402342
-0.45563656564086275,0.1392108851300226
-1.1849760413348145,-0.38924691907939074
-1.6549359527620613,-0.6156764242077717
-1.8929197167947307,-0.7082145712932684
-1.5394822340317669,-0.38123607847896657
-0.7211281808657677,-0.2217994774131848
-1.4227580465851954,-0.5006552742344659
0.46338370067266144,0.5572017752189659
0.6110018356399035,0.4615011677011468
-0.3727859354405284,0.16109219783443607
0.893160557022757,0.7493263635144382
0.5222024435822862,0.4432963400193236
1.1543364825752156,0.7616916691862416
1.2570362150961651,0.8928269056573997
0.8881420144787605,0.6854462583027023
1.8188110636650228,1.1408716480463827
1.0634280245820913,0.87062725659353
0.6371767034031471,0.5901594185515134
1.206544810988556,1.0102799440557777
1.1032618083308028,0.7333355042512668
1.6437443026644027,1.2005035768686376
1.214282726440327,0.792128250306074
0.828080654578482,0.8691675760155468
-0.6573695116502748,0.029914309752110305
-1.0170893867976767,-0.24422420249396948
-1.6279029354492387,-0.6478641499332
-2.0521004201691877,-0.8152369666348563
-0.14159140373562473,0.07604103417711036
0.3545686035267138,0.3932136313143946
1.7485898530862751,1.1510342630349468
2.38745759956889,1.7070893209498763
0.31506769748753194,0.6267317861613979
1.0928705673755592,0.5995453797291233
0.3789983881254909,0.4947511198071341
0.14490491298100197,0.30439276294296475
0.8377036011746046,0.7428279652138404
0.08851418537969513,0.3050608799347678
-1.1078369916557969,-0.2336850826224974
-0.6754015066432777,-0.13607914161026935
-1.2377917956090267,-0.20776319040025032
-0.3943991010219117,0.10683594522187122
1.6190274840836816,1.1905023440724203
2.1275377434084968,1.1885707787399817
0.5917697661763179,0.5267518797406526
1.9107560854814196,1.3280146080684767
-0.031901722134536126,0.33150543583635
-1.660461531177505,-0.47151546207761297
