-0.004287500977799544,0.2259157816464553
-2.1628199651063973,-0.8630732254323032
-1.2775407712475282,-0.3752800878679496
-1.044951502713559,-0.21786861593885526
-1.5359893568472671,-0.37263398824940397
-0.03591282688824171,0.2808632148315472
0.6193348205823541,0.5547192274746924
1.727445857334077,1.2420639273464458
1.6276321160636162,1.0640270106204437
0.526473420805154,0.4485815606246393
0.5290085061497942,0.5821391637786524
1.5373599332497678,1.1964360702110919
1.7489528145746092,1.1057415491961944
0.6625516860555167,0.5011705239993836
0.7718629742417502,1.0309278158686122
0.6415962438325641,0.7007269081985348
0.10923170395168236,0.17208797200589357
2.1289517709614563,1.266189837353771
0.5688093104869297,0.5582147644735359
-0.4052025830577264,-0.0026457259471560357
-1.0308570848221859,-0.21594767197902756
-1.2210406540729122,-0.3353198547984681
0.4101383142736116,0.47289091697858116
-0.7006912839894879,0.027633309038219575
-0.8240289906187463,0.03246079783973435
-1.6278390745014975,-0.4219826459731997
-1.6903346919766644,-0.478189210990692
-0.394779439437141,0.013902485372264461
-0.29927837208409314,0.16898547902599767
-1.2733686587728357,-0.3218413449916112
-0.8512368155566743,-0.2804584307430999
-2.0459014936025954,-0.8322138349516828
-1.2424916591738495,-0.2313914146614372
-1.8524761269561383,-0.6085185757318599
0.32575892558964314,0.4671875320304386
-0.3076142014213529,0.1977204152079174
-2.1997768644291247,-0.9523352950380992
-0.91339623649681,0.0783690170202257
-0.7984407518749977,-0.030030829206230528
-1.9061563545756584,-0.6434267673968194
-1.5080816848523795,-0.31668491863343884
-1.3122500075454715,-0.43851199385313483
1.4916316526026598,1.2851385609081256
-0.5483003888836905,0.06378830514019439
0.7779056766738265,0.7102031277070372
0.3659397556101526,0.4244258696146432
1.2458206669638334,0.9440753122572727
0.5059382218434079,0.48219609958656223
0.5178320982083181,0.6834696154715916
0.09403069158466165,0.43614063784241464
1.1960883114990817,0.889882172728156
0.32233043871874967,0.6152380096581516
-0.19574684398962144,0.3734345186742202
-0.17319656864538607,0.15680422451835707
-3.0385092922030923,-1.2704879675024068
-1.8835647372128417,-0.6241504723194252
-0.8590558252024797,-0.18813821436826905
-3.0669331602937784,-1.1032660463096269
-2.2693948459670206,-0.9583627650822555
-0.10903999008325305,0.2665535475857402
-1.5050648621431308,-0.3768367905093345
-2.1411925157609475,-0.8591542107298856
-2.307776245599646,-0.8322881187700079
-0.8125631032847773,-0.20726226351435817
-0.5112975495238326,0.010364509809202671
-0.6503047368562114,-0.008477467440685685
-0.6761081951465152,0.02128171017756282
-0.7686723352664364,-0.11369577305313541
-1.014445828899633,-0.048714039516339847
0.012120974977641308,0.3169514480793012
-0.1765634038162339,0.2535200832788115
1.4696402399200648,1.0672472330737661
1.3758072756688597,0.9851834151878659
-0.2559285783072841,0.32795761234275
-0.4663949980919424,0.08853216160356671
0.5127919750441894,0.5695980233064386
-0.6837478658388859,-0.11384913800003997
-1.3778737790967304,-0.3450623206127887
-3.623215292081479,-1.3768440861961069
-2.806688307133684,-0.949712137660172
-1.4279324751030298,-0.38888610972887244
0.1790786953827339,0.29090491624848047
0.6837350213748716,0.5934061285097948
-0.7045075320180353,-0.06288755155004823
-0.07418893715097064,0.09206768390723422
-0.4794679145478692,-0.011103070075970986
0.7779907615981867,0.6903559023105925
0.23462709532184456,0.2981354937599001
1.0977246268862528,0.8520899721063585
0.8864157381412476,0.6347236834801441
1.771791427765105,1.1572228614047275
0.24123363753035498,0.4369928570996866
2.4453889910259936,1.5654512560128073
0.8787407556976048,0.7134651166560483
0.654675849051779,0.6824629503785614
0.41828736689084633,0.5359529803938328
1.5551439754176366,1.1357834921041137
2.3695438248477956,1.498561447281525
1.6801326806672705,1.1786532306452968
1.8046089735508921,1.2462842238473966
2.5649532436421705,1.7739497802810469
2.8500036877212667,1.8820766503603765
1.6044049257139898,1.0078590197993715
0.9688209977253726,0.6362147037000278
0.5209960633105195,0.4992541409874498
0.6136163208768517,0.5334039115437836
0.9587684997882924,0.7244203666177058
0.31619674362902095,0.36169732078158584
2.773569836771353,1.9372137661356557
1.1845254474572442,0.9243425270343167
-0.6104756006873407,0.04958594030611105
-1.8851509042944654,-0.6470218585812552
-0.5052031452932865,0.053618055740454015
-1.1010616928287982,-0.10483107163040475
-1.8815563653503762,-0.708491039939848
-2.1850572718957517,-0.7306643492544249
-2.097077703845986,-0.7319541530962616
2.0286069118738044,1.3616610189998444
0.2110432751300445,0.4012749480213634
-0.6975922601520523,-0.10138237089881763
-0.5342014318909754,0.029907124051817016
0.24160134053489873,0.3802507358431655
-0.9593849575697373,-0.25523342721737374
-0.36441637932273,0.09291906416230525
-0.9001220220440406,0.011910759176215674
-0.8392257321688084,-0.0496516370385527
-0.0560127234259683,0.32732258226997235
0.4688411312001667,0.5195402396406287
0.05123340499231621,0.2621095720928764
0.6940583977796219,0.788896129110968
-1.033572257185368,-0.13434860126578596
-2.4372947052001748,-1.0099470498330885
-0.17139611167285151,0.2261456338076391
0.8552356122733731,0.7539698472536531
0.06777037255792673,0.4570922935075882
1.510299888788553,1.1294303358134308
0.008450807431382934,0.3083186225752724
-1.6541486516090884,-0.5088233987696708
-2.73950947975979,-1.101597253874421
-1.4430295954546448,-0.33641064164965934
-3.3785107275674915,-1.4336535875415555
-1.0915958626417317,-0.2487062424103769
0.647009362017254,0.6798848761175564
1.5025662115065945,0.9702005901314297
0.8225995350321783,0.7296715832933571
-0.1583593055217194,0.2638483137013926
1.2852199990696556,1.0851300010738918
-0.9363469017234108,-0.24761545725869738
-0.9408700286685694,-0.052425069571353164
-0.5348904169806386,0.09073458636231427
0.5039229298191086,0.5650484813128823
1.5403132963905162,1.0702966623529322
2.068791068071099,1.4000156099000443
1.1897139620327006,0.9505193251480977
-0.07506695674161434,0.1169818890045892
1.6646501774517408,1.0823291433619913
0.8507970667740645,0.8199391712382609
0.6082617650367962,0.43094254131522264
2.8395860208751955,1.7608902350184177
1.682346485126908,1.0698892352350435
1.641065602118026,0.9749835781495637
0.037334589956221964,0.21329749573397633
-0.30803239108596736,0.10417113730110004
-1.9484542900242026,-0.6449232150057813
-2.14288684147576,-0.7677602972015349
-2.1833492806446633,-0.923451921162552
-2.9855593390135153,-1.3769341679684695
-1.3677599765617596,-0.2293394540251265
-0.543237561899137,0.018268939573987217
-0.16376234773528542,0.2736658198226941
2.172122840828054,1.2561102187538227
1.4476489790131972,0.9625142032442324
1.073760092774485,0.8625721781061647
-0.23797528260048395,0.24722226177554446
-0.9800847799721123,-0.049375391037728505
-1.4341722517184827,-0.603613430362051
-1.8405275941969674,-0.4751554669531904
-2.6062896006706815,-1.0026974656351018
-1.7901326956178822,-0.6506490023510265
-2.0312438294807675,-0.7315524177113136
-0.5177096215514466,0.20387548031667765
-1.9605039766920245,-0.5160247199126284
-0.34441220131908656,0.02161905911704122
-0.039094273863435614,0.34392558068801926
-1.6941277634796548,-0.5881423476572143
-1.5494732701146159,-0.4466291475687664
-0.0612526721583696,0.34757566573143284
-0.489180037877586,-0.058675989904954096
0.07778103004062698,0.3746167236583572
-0.082270441325091,0.43039185638982846
-1.4419573256502112,-0.40284169966313793
0.0007751056618225949,0.24032939915649665
0.4850192009076014,0.5966870573333358
0.39426380393415267,0.3345690296389391
-0.4236576199602279,-0.04187110070156322
-0.6116936777145525,0.11736160400287352
-3.4115658526446992,-1.630844305319634
-1.0003193616408452,-0.19304766365982742
-1.2934020955303844,-0.18629441988850598
-1.6105327790735735,-0.4331296029335873
0.19601504830278493,0.35516305219625033
0.7483323591255867,0.7027857105215041
1.9703192382074561,1.2266235168454367
1.771702100576103,1.2611873247058645
2.640662850935988,1.5313931183772744
1.9134990845364408,1.5242820452104515
0.8792457630714164,0.6690750106950246
1.7384468276705174,1.1561045025694805
0.18114134593317832,0.627930234934938
1.3461519187145288,0.9071261033590285
0.2889711936041772,0.48845099495036437
1.598301046807037,0.8850312019694402
0.0014433019953332682,0.2487623850007258
-1.6948908035459278,-0.513311597583353
0.20355178462094536,0.46339248353533663
0.442176163635039,0.5340508440369398
-1.5868641140599296,-0.684374528571501
-0.6757662048761723,-0.032834273087563176
-0.7741033715581114,-0.009161943320169785
0.25695129054894084,0.2894800860330363
0.4567601082538902,0.6982932093923624
-0.2059220505763545,0.1610695268919079
1.5995084283568142,1.168860511967727
2.301333087216153,1.4269018833778488
0.8428368905841036,0.7351184999693712
0.7452205552170049,0.6680047486960946
1.7590495179864178,1.2649622559482294
1.3584134897349798,1.087376282777325
0.7722875889844762,0.7100018673125309
2.297525121049188,1.527841498462347
3.6868790997836522,2.330561443239776
2.4537397799600247,1.300606543600967
1.8288786811296696,1.1397475543983042
0.9139622933414212,0.7778314816951737
1.7449975204468282,1.0376507843513683
0.32370746705067144,0.38886736056390975
-0.5981709232120853,0.04642489734583751
-2.234170601319362,-0.92303019004044
-0.7524550349597494,-0.22644016483284918
-0.30381255792170647,0.18720029913263686
-1.1867592264684714,-0.10315567731102376
-1.4516058917420676,-0.5569723345916829
-0.003810667997274586,0.5114821879078724
-0.6092039229180043,-0.2555425190526725
-0.04305535278946282,0.47903430910098493
-1.8583984575445092,-0.6547907736267832
-0.6085718156514508,0.11328713787380255
0.2124551686113032,0.2739914335373939
0.4325961731894908,0.5870900300782163
2.2985900329261972,1.4384244157541894
-0.2037517816625638,0.21810216284191378
-1.7858655425159948,-0.5467393547245964
-0.7979354491576156,0.063625516396246
-0.82022291485533,-0.1720858500768822
-0.05740097685514989,0.3947001106144064
1.9035796426617857,1.2363013107575718
-1.5362429332666947,-0.5262746095393288
-1.3134942788230635,-0.3461212693791406
-0.9571595814441984,-0.09305322298292348
-0.19358058275218315,0.18252715898958854
0.7838201746614963,0.546962847138992
0.6235912986042508,0.6204720130497126
0.14214978152888752,0.49529093809474933
-1.5168627296521933,-0.48575431247189615
-2.1417937161069425,-0.8060422900128918
-2.111646715399542,-0.8405075978896897
-0.748206048749999,-0.004522819599632258
-0.050096955778697105,0.020958709958073807
-0.08984205183051447,0.0738388834101277
-1.4618586165437426,-0.43195664331652633
-2.8216851502419633,-1.0778953274199268
-1.7658500864046356,-0.7600804643243041
-0.061246748288701025,0.3717467824919669
0.04102994477843315,0.37905162607747567
-1.2798984723935887,-0.4111323114582251
0.06657822930944668,0.30606324150016856
0.16596361871928048,0.4224802122124684
0.9695706000507721,0.874413498669619
0.9918058553602298,0.8701162168765277
-0.409383479844884,-0.019795048651668548
0.26102290930810357,0.43267765497007654
0.5909746669591305,0.3923155645408931
1.0636030670203742,0.9530799371021175
2.657284811039394,1.8582810428806233
0.9361751788080137,0.8538837934849512
2.5081266065256402,1.5888130342596436
0.5935054996774668,0.5343989789777133
1.2159605715551849,0.8835912667452765
2.4627176127495196,1.6337226560205178
2.0255153661730234,1.1991374269734196
1.8558001731380904,1.2123937748718934
0.7715826817724625,0.6603877512954911
0.7213113688599357,0.7459099630422124
-0.32905963718558706,0.08453060100934823
-1.0576096674400244,-0.19307620366048894
-1.6606609230255132,-0.7930737627979495
0.06458196939137006,0.438388003878855
-0.1894240493493907,0.1310213559266744
0.5958340249486238,0.600289546511516
-0.15559460320031993,0.1828843316024852
-1.8117154347309532,-0.6087647640544247
-1.810138654100323,-0.5373579106762589
1.1176514474762,1.0324636218201646
-0.9380786251150056,-0.07386882845359112
0.0683460421937423,0.36071998979379194
0.1494253598892546,0.34050471408812316
-1.252583249163714,-0.35142440965122396
-2.627121969200407,-0.964032824625483
-2.3838200956375823,-0.8988164531452074
0.6641411360265064,0.6256631580877547
0.48136885517360845,0.5098598483939525
-0.42741417154982453,0.13388070790227247
-0.32096269715676606,0.2196169569192331
-0.8544185000748474,-0.115535738307576
-0.028707875497496094,0.26655213749648976
-0.04499947822711464,0.3275447510749111
1.937196968371984,1.3817495690964579
-0.1387193531791071,0.31113731797916083
-0.6603080446649237,-0.08822831772792461
-0.2883094032060993,-0.048173526509122766
0.42821482578777653,0.5751455435524656
0.6805773832926119,0.5403023126516311
0.8811524277239995,0.6747579061054642
0.3754775798875448,0.4123676622103708
0.7740853240423657,0.5006225086996735
0.0808719534859682,0.1876582963640934
-0.7684843782613043,-0.06956851927948658
-0.19812785530471227,0.2509622821902343
-1.1385116369713006,-0.34117172049717426
-1.799055988331825,-0.5092563125907444
-1.6174733953310367,-0.5479774539811035
-0.8876832356596459,0.06314082972742752
0.7525009703331289,0.6536561083551135
1.3457505201687159,0.973332144430874
-0.09318685433195073,0.20005417500605616
-1.4961861802007055,-0.4647718602879618
-1.3720764663490832,-0.6069633796901299
0.29177674321684,0.6054834756416656
-1.1338330503430645,-0.38828092166631556
-0.37121683926074717,0.32727965417141586
0.7426579367564138,0.7749659731060287
2.030394661557696,1.2653151841070351
-0.20480029663621124,0.3016719611625489
-0.49294072020416535,0.15213892465391898
-0.7273355084306621,-0.13343741533883455
-0.4626503140755826,-0.006427864197236927
-0.5165786028507778,-0.0413175311828136
-0.45629564619822777,0.13388964266329179
0.45686416233307703,0.5858762224282225
-0.21501185675426693,0.19961371185301938
2.0657104486904982,1.3014286263119217
-0.351228376860095,0.20394335870474056
-0.3451637407690858,0.03649108704876765
1.074218801144537,0.9156738349693855
1.560196004210432,1.1634469106778258
-0.19433314923717715,0.1359326212105454
-1.1397960160667178,-0.33907898123766644
-0.23552798787402307,0.19247627555168476
-0.19277729881093958,0.25287685946781496
-1.8168101863798043,-0.5176823816292598
0.19978264381123245,0.5879251155067693
0.22099597707746257,0.39041751622137255
-0.961454180444931,-0.1269392208817644
-0.5972477930783849,-0.07423404332386019
-1.4565729832522103,-0.23564327680027147
0.6002271685998367,0.762170847610139
2.814809262208793,1.6505674708181335
1.499512408501553,1.0207374245012426
1.7449610551426855,1.3583414247525267
0.30552589265725016,0.5972853773997957
-0.38424358670729786,0.16656850243650423
1.2449320479809747,0.7711518462880198
1.8473490779156427,1.2415618735860827
3.4190253814190905,2.0863664236719615
2.08184922802249,1.2894812471866373
1.8992713214176344,1.2774564144943275
0.7789357276939162,0.5867816639460761
-0.5274044411392418,-0.09493241306477407
-1.5418714757451624,-0.3761217113256282
-0.4706026734186224,-0.046376862310848005
0.028759740246971532,0.1952596057448328
0.45789524098099754,0.436248164911285
-0.5295212563393903,0.20686045151323446
0.34214754957913013,0.4981237107732192
0.9027628514556836,0.6792152959970124
2.117569934802913,1.4358838801126865
0.8213156108477578,0.660778872506755
-0.5260745399568775,0.16121146983401016
-0.6658049892302295,-0.10567081778280263
-1.1162359402568374,-0.40982890728009125
-0.09482240755814708,0.284793349222457
0.8593901071064121,0.6906890395537659
1.1717695984584182,0.8990774182946568
-0.21970345780241396,0.25220059960023544
-0.9253038805144121,-0.1817032747771808
0.43022197892439384,0.5225707675396271
0.171801606389543,0.5342597480581392
1.5635358852432901,1.151784105209542
0.128979689266994,0.3993090960090154
-0.3322316891502681,0.2165072940476721
-0.7457216360481578,-0.20946304889137277
0.5021617634941432,0.674951195209073
-0.3714858103154437,0.09915595360473015
-0.21972359996045096,0.09031057226569977
-1.0546172799073465,-0.21253883011700697
-1.0409691719548873,-0.11296547638753605
0.133804972084137,0.34118297515451385
0.7134854014478821,0.7888709079453955
-0.7173123540756229,-0.14101393396672934
-0.7261265895052913,-0.20832695354997718
-1.5980274418964653,-0.682583454621236
-0.009265571517126148,0.34979625298121564
-0.19218112037926802,0.20142975683784675
-0.9487376293172816,-0.21104955929967717
-2.1102130102924175,-0.8921061111790708
0.7703001872158382,0.7904931211885886
1.0278834208364918,0.7677593949770697
1.3613259942912057,0.9832192772520714
1.796459049609648,1.26500529206236
-1.4860873875329546,-0.48723526958416186
-0.1195198597889996,0.2394940165698404
0.5833808346428735,0.45413568457675957
1.2909346360515532,0.7862094196619303
1.8585036840839262,1.176094245527368
2.166431050738635,1.5794702450078897
-0.3492660581236344,0.2707108376524823
-0.10727842468595356,0.23039117135961895
0.26467600190667384,0.2413010159317443
0.5207811491764005,0.5167500133984133
1.811023842013237,1.3089560688562079
1.1273740355940292,0.8524259830127653
0.9255324493405789,0.5719124107136132
-0.4622513718894059,-0.012492440522555145
0.4068136742129222,0.5025761907859673
0.7999672646294431,0.7531802756942139
0.4145151990257794,0.5184665585531513
-0.03439568651187197,0.20347155725520627
-0.8817172686366096,-0.08754360222449746
0.0653590491611391,0.5161156266539997
-0.9850199788229876,-0.21181596528219027
-0.17818035466850746,0.2239098464594832
-0.24500077865371486,0.13463852104212415
0.24424242095422388,0.45247422937224063
-0.36680649686445665,0.14818706234544515
-0.19446219242984433,0.2372360082205161
-0.045237188650547905,0.3155398615286505
2.4494578100635844,1.7113700973551855
1.143069663502809,0.9492788760674693
1.374108233690591,0.992545942548093
0.5379445230645266,0.4774185609728594
-0.9978095583040073,0.015265326340221014
0.6385260335663714,0.45402328223775157
2.0109735613333855,1.4481354951916248
0.6271924350706154,0.6013847910783234
0.48790618053826235,0.427012071441745
-1.4110987310759715,-0.618696039431379
-1.9736113191711175,-0.6375706911722454
-2.62231444462949,-1.0285569065101152
0.45823446097166753,0.47514352024937156
-1.682927819371804,-0.4182094763706976
-1.6504277055466177,-0.4532471471230477
0.1607401499385226,0.3419338558486931
-0.22726436074960477,0.22065670412693478
0.2310607608830511,0.4886703645744838
1.4338851729857895,1.119252450723214
-1.8023639508356977,-0.6293974246152646
0.02514857573337781,0.1696217171937324
-0.5488755748293509,0.021005192134079368
1.1603545196314697,0.9470339056083615
-0.38791761881589704,0.22590439481308489
0.23851729552288914,0.3843576260701114
-0.34670926687971776,0.2632487390183957
0.2771254852126689,0.25613967482760924
-1.2776912963585714,-0.44814229159541485
-0.22341841950689423,0.22347608350263737
0.23901407558530224,0.3874491695622886
0.08312369989401824,0.38776232479784073
1.4897270662474933,1.0834906217036024
1.7495980965101374,0.9353756494156341
-0.9414082248847981,-0.17524139279932496
-1.835895313204936,-0.5330055976839502
-0.08861949326320229,0.18892827520390226
2.174231465884682,1.2893362255774243
2.4394654989801143,1.5147635858857942
1.0698507635323573,1.043651050673537
-0.4964564606590045,0.001373056712643414
-1.7876276749493472,-0.549307189444302
-0.8803062582284306,-0.08576320971131023
-1.1471803386974655,-0.29332934189013826
-1.493395904789904,-0.5165404919936434
-0.7770418223176171,-0.2604454314918432
-0.24314538092359328,0.17796242971996334
-1.8803113554194386,-0.5425185492578812
-1.0601584027083515,-0.15020942491562994
0.050015682738979717,0.4161237541500106
-0.20970277738600354,-0.005024011849167759
-0.4142629645869116,0.00803893723519139
0.46332288540324323,0.45989414849711435
0.39698141733322895,0.5194168795077867
1.2713578519071376,1.0376763379665483
0.2127402917536736,0.27592362598310577
-0.16372583460641066,0.24951134008940268
1.3680183427708916,1.022390159450584
1.035966384792006,0.7485100777264206
0.8629879278031272,0.7991353562793039
2.5431839455057696,1.644118635755115
0.7373679734027265,0.5141773558493439
1.0211567373268604,0.8925449181020574
0.4517813504730729,0.45493459311259055
1.9720318326764206,1.1351844814120342
-0.11178508609593862,0.370764822468962
-0.025777263104403925,0.18618485042324773
-0.4645606557318383,0.18162333554335755
-0.28955903295208507,0.02565489314712957
-2.0278611714912262,-0.803418435625185
-0.5045127095162378,0.11119330226853423
-1.4298938676355164,-0.4697896953357953
-0.7040590302194911,0.004187149723981293
-0.6734045266858713,-0.03655331986506836
-2.451500331490572,-0.8521871335660782
1.0467657817901497,0.8107796309008848
-0.06525472673529686,0.19671005447349166
0.7660776006003415,0.5095267305069346
1.6014709737722201,1.1602409372050508
0.3683968073323117,0.35041717748457046
0.9073959611922693,0.7260190067277148
2.1981920081498805,1.4131289713352078
1.325791170554174,0.9219265049082987
-0.9324499539197731,-0.11241571725387414
1.2582016031476824,0.992807227622945
-1.327735066349041,-0.47326327517636835
-0.8152311609759628,-0.07830290001778363
-0.6636426032315469,0.01030824565949398
-0.22947452353127862,0.32354560869369764
0.3148166005715729,0.47563910474066423
-0.6382323872372746,-0.07381452715902798
1.954095170397062,1.2439637436617157
0.26998743322173546,0.46794255556437536
1.1736299104120764,1.0468937258523667
-0.291608806662349,0.11121942140625823
-1.2095910351643948,-0.2815928013818788
-1.7826379927480938,-0.4533486706215495
-0.7194847132259887,-0.036807139162758296
-0.48563000197646233,0.032597275593538255
0.12192633585143997,0.5304163807265013
1.032400289198344,0.7541245701616517
2.038155468185156,1.3040336234498058
0.6704042818786098,0.5821515078117612
-0.7893150485006689,-0.2625271766155499
-0.852933333275169,-0.13050896992522942
-0.8950501287183622,-0.19109522867296358
1.0482302496502034,0.8142721498223788
0.5493938980217057,0.5920861380356905
0.7651327843593286,0.6177493929236153
0.41647688113543546,0.44806410880981784
-0.46480183985022866,0.21044516630827728
-0.14253426630624355,0.28428023784632317
0.4719218152667862,0.5471107392780187
0.7504846730242443,0.6602523928910314
-0.7345339593287395,-0.34915555758067274
-0.620350324344914,0.0455560191710133
-1.327688435548593,-0.4067848280625727
-0.30763505502273547,0.08859500712706847
-0.46754811850350525,-0.06010631498412461
-0.012560520152772092,0.2667220609462576
1.1084386437529448,0.9193020733196408
1.100636782879175,0.7201039760566365
1.2680499886947028,0.9160302527941989
0.11570211203262637,0.38945234726384653
-1.2278705859809043,-0.1797134420305428
-0.7340456047530803,-0.08673437794590813
-0.5556942000737434,-0.13933902856785235
0.24354942782749234,0.294655995156789
-0.08094234325245567,0.182665577507664
2.372920791751824,1.4274131285586367
-0.14994940625825226,0.40068599722761045
-1.5017685693314875,-0.5677709517138712
0.6362045127300138,0.5579780090671587
2.3156126033271693,1.3793773239682237
3.2995049111747536,1.9521357023279846
2.204931387060327,1.370356326735867
-1.2582445278362597,-0.376358382496308
0.2355493560337375,0.44234998908325157
0.3939773147875396,0.44826690101788685
-0.508749938476992,0.00539965716328894
-1.2477014647683624,-0.2644684137194105
-1.1459294900593937,-0.25409595845904226
-1.4330098029090759,-0.4432415554119116
-0.9337825160513307,-0.33344103149516763
-0.507228278969712,-0.0009310606782934883
0.6912860436662914,0.6800377250448957
0.26097309022704174,0.25970319704438316
0.6328703487595375,0.7185401642935376
0.5315933668857226,0.6269945991388317
-1.1765708334233418,-0.12076369563572578
-1.0873720303272785,-0.20709165952791309
-1.4856620257144066,-0.39091489545867564
-0.35597960230687464,0.4099807455020832
1.8156828435208499,1.1536339096747874
-0.16987205883650058,0.2111937835744307
0.4990488889276864,0.5570948888391722
0.03476912036824614,0.29744101202199275
-0.6070868783713637,-0.07587259530298311
0.48832331299876686,0.6886742288580925
0.9249125840956482,0.55747499511188
1.2908080923869096,1.017119291146773
0.19764394227699278,0.2936899432339304
0.2245851842897457,0.39661486087884923
-0.5223810813181627,0.05099138596549464
-1.9662869273589343,-0.6912148407124792
-0.7627281153826254,-0.1251827486744472
-2.0097787594191385,-0.6931625743901857
-1.6517998052337346,-0.547808427548326
-1.9920466633862386,-0.7035040718363476
-1.4483034095693141,-0.40975214879887106
1.3883758472511243,1.0046849935202091
0.7796946555810809,0.7084727396080256
2.4328902561662296,1.483692666872913
1.8363334807150022,1.3598648766374757
-0.361292116572812,0.17969399711455264
-0.7540471162312761,-0.040788424794368255
-1.2688101381221881,-0.32094957467582036
-0.6679992527525648,-0.0014599374927944178
-0.39131771360350015,0.15451219227436172
0.9418360301092998,0.9384415972715975
-1.117247468238601,-0.2783829370256434
0.20027463043726024,0.34471519566779446
-0.8373699035554061,-0.04242832363422666
-1.0454168161368973,-0.14307204341243146
-1.7380868188190868,-0.5427880652749869
-1.4640844325717508,-0.25110791238786584
-0.28921908655213224,0.22316544036849917
-0.10327985054310543,0.28465256130574945
1.0418816477219746,0.8451328593096695
0.2290169300266568,0.5651043239915097
0.8238894358847759,0.6602683575390123
0.6299628894485779,0.590358771710588
-0.8049366964447308,0.060029998318324646
-1.2834437657381024,-0.7270876278185656
-3.442838873769132,-1.4227310790657053
-0.7121356160461721,-0.10384234200432665
-0.7803711590949233,-0.11180683440302362
0.2519730519085074,0.5145083093468041
0.08797186237585441,0.38271334160944553
1.6499079847451235,1.153016754984704
0.807464115569594,0.6603373217374825
-1.1513464417816504,-0.27413609692582674
-1.4636502091893244,-0.526435323516312
-2.5405898866818077,-0.9098118437691957
-0.04193124552870264,0.10338828573697678
-1.223028350111573,-0.35792076208291895
0.4804159767288906,0.5877766640901787
0.5894952427473168,0.6598865885448844
1.1749695035107113,0.9436075974642611
-0.19081684115911002,0.12841196981195072
-2.641383559365695,-1.145246418721273
-0.6261774018821016,-0.06238258958543315
0.9029043903842494,0.827695942455225
1.0780206315489245,0.8022176470673242
2.1280690917939875,1.3198029035161973
1.6809584401682744,0.9861507279688946
0.8887630381682443,0.858069762872043
0.6377310889512471,0.5686734232502331
-0.7074756508405966,-0.22619414624410586
-0.005607484549654207,0.30224631267812246
-0.24158725629096447,0.2917120393175797
-1.3862137489869595,-0.541717867985092
-0.048214108947162826,0.1772525704646704
0.47920617623022904,0.46271857446158826
-1.1012762080264564,-0.2635364646083021
-0.8253314887724423,0.00866020867593642
-1.2644675981218587,-0.21324322928624043
-2.806802010360343,-1.0697364149594595
-1.4622914072190634,-0.29726453731503755
-2.1600799656820673,-0.6057205080033613
0.6245592196919445,0.48669102540519615
1.3384778298844475,0.9313290967514322
2.0354602204532655,1.137696406815249
1.0780117620068088,0.838554996164404
1.1984332235229058,0.6758555118978385
0.01283200968166398,0.3454728854534354
1.1762214329912246,0.8349004011993844
1.484245313037932,1.153488929847002
0.29002314212472324,0.4396411375324552
-0.6596582508751163,-0.09883947216608278
-1.396875934742838,-0.46869111543487196
0.7545903894229947,0.7983399810629856
1.9400728049836609,1.3538323870751234
1.3751581623062492,1.0471544392463374
2.19369241456538,1.3341849020166068
1.235653286917225,0.9122095947896626
-1.26012013132888,-0.15649057626702306
-0.6911062799416073,-0.07145257154599807
-1.0474807991361357,-0.3365296485933008
-2.6889910459088466,-1.1020078447942823
-0.12739721813968163,0.31620103982207626
0.21856110714197716,0.44383876683921253
-0.011666421432856677,0.4826088272836808
-0.8356201577230643,-0.21133176994462038
-1.9605500913054426,-0.5718890011044319
0.5052488806489255,0.55121676731465
-0.6094028725197256,-0.1356789510372311
-0.644661505493768,-0.1294647094150391
2.4192438260046956,1.4586162364498387
2.10974631493446,1.322591667653086
-0.908539573494064,-0.13880460612948614
1.2832614700416922,0.8743158812338009
1.8646538857217956,1.1426140826344762
0.9365200980887505,0.79873922499863
-0.7857721979405985,0.055453918175121686
-1.3506750197086062,-0.3589281710742944
-2.373077664465424,-1.0343388007826007
-1.675443677412519,-0.5380828658100727
-1.3480340993049862,-0.31698355619824287
-0.8618104423352871,-0.1992372947533586
-0.5016478217587075,0.1244767678779724
0.23390709618454913,0.36244154905222487
-1.2059255400230802,-0.14246295901439548
-2.749788583519439,-1.1180191784474307
-1.013836767958602,-0.21166126238107263
-1.72270015016203,-0.6738505854025845
-0.39645449251565246,0.058489554602798886
-1.418554300897825,-0.42595898799093596
-0.1853758615908977,0.059983997698544345
-0.11335485784969557,0.25105617073240366
-1.2219069938506852,-0.3901446885044666
-1.8987434266404883,-0.6984113710102867
-0.6087802214631012,0.03789397299775258
-0.38824510134473394,0.019905494457545816
-1.2139518826029252,-0.2538187046301905
0.21139806161651942,0.4225106985992625
-1.950798004562903,-0.7370306477595325
-1.2267042391918928,-0.19785124694911638
-0.8317950844201462,-0.1669900987320949
-2.9914873793526935,-1.1462231807369667
-0.9373667142122384,-0.2940661287465436
-0.4711536044825177,-0.047051108183783455
0.3261252315213321,0.4704910406541698
-1.3555255738466228,-0.2882802131029942
-0.5855755812937877,0.03189091643721244
0.3031538337398636,0.36834932770918216
0.10048596104047289,0.23811941270984371
-0.014322532130478252,0.2013578302792235
0.1588943907882363,0.27277593446732495
1.1679369704390967,0.9494452703117837
1.4648913948502278,1.0720007953757082
0.9904201691711213,0.7118179110298419
0.8116919703667249,0.6512924513368511
0.26189413257914346,0.2813470997009736
1.4159752062109714,1.0056104844499514
1.6113928923141954,1.278294520955157
1.1596715812107656,0.9188897865924401
1.3291707306984444,1.0329645105633265
1.5496229379207067,1.0755941102741018
1.0397126472800848,0.8591189564969853
-0.5290666603431675,-0.09991452401490838
-1.5324603143927555,-0.4305408454334001
-0.11666559422445844,0.1987001946335167
0.745237298706313,0.5410816331013307
0.3264910748069295,0.5562491438425621
0.9170197078070097,0.6770591673227679
2.3123416052808565,1.3019243955909738
-0.9456547654253211,-0.20030880163689285
-0.30719648011221345,0.23656625770168868
-0.3549614979309311,0.07138599148814725
-0.2083554615811638,0.12829967049513807
1.517390285393431,1.1464769695409278
-0.6270612196404817,0.027533524912796578
0.48997189725601475,0.38297400588479746
-0.05369387793770014,0.38557223748149017
0.40121126035158544,0.5173108007811278
-1.8015918335611663,-0.6551002876554645
-0.04453466608727252,0.2947587945287829
0.2638507631666933,0.44633725051061707
-0.27070369472816086,0.14931880876045495
-0.25452412649855727,0.14387994189988318
-1.0408328807718104,-0.11740057895519973
-0.6445113974171857,0.0015799006460123326
-0.7469436953117241,-0.12916472741076435
0.22321323024856254,0.41513243657931514
-1.171905073850064,-0.28364751029175256
0.02239138902756621,0.27230890500000554
1.346038351319949,1.0827079194949332
1.6608397762815432,1.137639052842234
2.612618642062592,1.7052423549878872
0.4059822337815241,0.5504454363603851
-0.694588865696722,-0.0773650657762065
-0.2562651910286927,0.04237433841025037
0.2478535718884084,0.3251146854169527
-0.5761368490175164,0.158089018419884
1.9782475298414708,1.2908632109844054
0.36305536643134584,0.47719581995445304
1.1039547309289282,0.8439512725385052
0.6361996504554313,0.5346563644947733
2.376283247180843,1.5571594641592768
1.2195608364497803,0.796707093894891
0.12834401810147555,0.18568306273919544
-1.810666482202223,-0.6589860920308745
-1.2799852133744636,-0.3596611958071179
-0.07382096616778966,0.19320271788366639
-1.3843634368980196,-0.48153467298434105
-0.43930200369434236,-0.0654818333324558
-1.6161578118277684,-0.5992037827476746
0.31572143585096546,0.6373313695656235
-1.4204838685267318,-0.4365706665727621
-0.5866260567401859,-0.13723049702958642
-0.20752118595637364,0.3473629220635217
-1.4343714885426266,-0.3981743371547769
-3.1254762352042276,-1.3488325923461564
-1.4209935119770358,-0.4923821626220645
1.0111904815869794,0.7198439749528869
0.8495670229375454,0.7655873298106213
-0.5512436739928109,-0.01065173539040229
-1.2884156285251729,-0.3477480473056474
-0.41550617570499154,0.2195099946143945
0.638265580202291,0.6041300220375063
3.158182837566774,1.6666588401356814
-0.0716242957136688,0.43015925590542914
-1.116839938543231,-0.35719514064424984
-2.2715145702301394,-0.9002688666162277
-0.8422995387132471,-0.05143298444282289
-1.2008119056388717,-0.2832267941920992
-0.8668634576745607,-0.05353702202715438
-0.3780060288869244,0.22979285147507006
-0.7149580254828005,-0.18919725019797443
-1.9666952108984357,-0.680512077926016
-1.2848232748095603,-0.3744498644888832
-1.048631594400718,-0.16159841857871887
-3.2165867315300654,-1.2298852046229065
-0.5178917888630251,-0.072343561047439
-0.21258867473300536,0.04847553722169995
-0.9711587081748126,-0.34616373635390596
-1.370094499266405,-0.1978998998044466
-1.2244497748260288,-0.30040178876838214
-1.7753630004624374,-0.5891423132320629
-0.9246690699729581,-0.08036766319090426
-1.943017472471635,-0.6969270819596565
-1.5345186802486035,-0.39255386793327285
-0.43858581383915884,0.07873652237328199
-1.3332418048993486,-0.29266520926338035
-3.1881074839128334,-1.1788285627219763
-1.4492951820181317,-0.3990944732277201
-1.8702622908475501,-0.6024787494622548
-0.997533708212377,-0.3900702742087898
1.0796273390951217,0.8312665054976291
0.43587590272499077,0.37740354015158956
0.5436724530194509,0.48920154824859324
0.12283713908379207,0.26574101272639034
0.4179818533217849,0.6289791221072984
-0.6226537596967134,-0.06077605483720744
1.786093344421631,1.0762737604982966
1.3028636054684508,0.8679518226517844
0.5525456890056306,0.3536468364214597
0.14816027694704764,0.32837658660306224
-0.6364918766144392,-0.10113787273580477
-0.6399589892149155,-0.12303393425122329
-0.6148112783350204,0.1125614009743513
-1.1039620972441733,-0.24437806212390617
-0.25404100828738696,0.23512459748065043
-2.1192010823828364,-0.7929921578668223
-1.6147529456174996,-0.48830440991971363
-0.7851773655061993,-0.137477911949351
-0.4232448358153361,-0.05822946255082412
-1.1237851250835489,-0.48134310808265096
-1.1441241548288632,-0.36167859632829397
-0.2785358917922508,0.41013612388272613
0.10085923883533021,0.34727381876156466
0.24843587058230546,0.26122068854441505
-0.5524493216021676,-0.04912718090174756
-0.5932450093188413,-0.010658520842201325
0.37533213616393724,0.4562845890048589
-0.7666297752468212,-0.08528599805606316
0.4125500316203333,0.6457382083463387
-0.42985054657590527,-0.07079269874645636
0.21307793435604655,0.25549879691650135
0.7925163492057772,0.6670041971160143
-0.056946239028864754,0.20286019958569884
0.20668013682092737,0.3892469712559112
-0.28201795601014973,-0.0037807220941563635
0.14345872635195672,0.3935618959044517
1.5064480110344425,1.1157376502172316
2.004164976530219,1.210238218048026
0.37241657588370625,0.572143495888389
0.06907349771650867,0.45237472851976146
-0.8176238667116957,-0.026901068519570248
-2.0164296692120094,-0.8520768885403835
-0.8068192822476432,-0.25023269747353705
0.5174969580872522,0.5927945667896398
0.09350586618440865,0.154404710572631
0.669285459614058,0.6648466923236777
2.2199529590849214,1.4063278111136985
0.6814768813214077,0.5093196886154849
-1.1561398429947414,-0.30320092061798076
-0.4970574504609446,0.029066845496695533
-0.6147021094369138,-0.1441409234351999
-1.5933865826455529,-0.5374015627807468
-1.3206298471981586,-0.37874428451823416
0.7642528482534698,0.6145842967960444
1.0413029056871137,1.0567695183086105
0.0778352928143905,0.37274692157007483
-0.25445878461076044,0.07420701956229195
0.276604983991124,0.4394247461735053
0.5896782531909711,0.7151092591686058
0.5673016918493068,0.6795930788431378
0.47834970981544644,0.5816476547516192
1.3327178842777594,1.1545713738647316
2.1230635094782837,1.4964975143384018
2.19862015110795,1.4254609821002286
-0.02793952312725012,0.24097551487011204
-1.337835462650315,-0.28035298309535617
-1.9806921151724866,-0.5881976856706347
-1.945541318471164,-0.6254711624531331
-0.7545797916771135,0.11385450173377645
-1.1222544780240327,-0.22475157466698403
-1.7633855916451229,-0.5893121035722112
0.31347774286467356,0.5227381366029331
0.18894719079975314,0.3719972485054386
0.8422148924632042,0.5964108316299755
0.18621504908943565,0.4481835867284975
1.9964793670796568,1.2387249570864032
-0.2347384154236809,0.24262908632396116
0.4473799464589412,0.5739757259620134
0.41275481289313626,0.42016927895905165
1.716410591031765,1.2206378427888753
0.9896088567484977,0.7115281984200025
0.21482570492259634,0.4486768754102836
-0.8528651790033831,-0.2431334151855719
-1.501191499505683,-0.6631808626499085
-1.6733606023090044,-0.6288640639562724
-0.5687477150787201,0.043554156149361374
-0.5821597869759704,-0.013517428029284975
-1.5594614420413877,-0.26237253185016624
-1.2386253329822687,-0.6186461082601253
-1.626933902285602,-0.511021466159119
-2.6411553654598383,-1.0933922717138398
-0.6512096713059157,-0.0683481728359431
-0.903246226506272,-0.12606136783260372
-1.4200029962565535,-0.2737441191861787
-0.6923055819052901,-0.21772272965257727
-0.515156859388669,0.06503633121288649
-1.6122687693181255,-0.5231179837696854
-0.8116373370467689,-0.13205378282741845
-0.7107919466229985,-0.03243379353514943
-0.3539900178518348,0.12937057351827455
-1.4001853972627378,-0.5065361104360296
-0.09446991361828605,0.21761715011885588
-0.13720763161806612,0.28665087977170656
1.1501554340658715,0.869018753587147
1.1487901524270236,0.8323798707786779
0.2666499677380805,0.32359033121445013
0.28525433460235666,0.5390942024853339
1.8743838791716754,1.3795155825292937
1.3442908482978655,0.976715374346257
0.3180984660469456,0.5603509417813982
0.8752007111811422,0.8870348915258776
0.909761651850319,0.8500884020242472
1.0720662775858696,0.9032769043060127
1.2757860725512502,1.0197027931597769
1.2584446565503735,0.9044924297001783
0.17891520230735558,0.28810209703497863
-0.7993792472161468,0.018582866167427797
1.0340925418243105,0.7884857938705675
2.6319827812248064,1.6047080674809466
2.7717460969576146,1.697774717143437
2.643302588668881,1.5625115892714723
0.5532853926141286,0.5348116076274592
0.911839159335222,0.8172577074119407
-1.4512881395007238,-0.44928325349788506
-1.4499372944231073,-0.40076780588875344
-0.4436028916707573,-0.015711466770376853
-0.26509626854838364,0.3637030982823863
-0.7486958565781516,-0.08310614113637979
-1.425314711151226,-0.3739499726361676
-1.0046809828144845,-0.16118220203037983
-0.5385689731206458,-0.04387960695986835
-0.07780899054404539,0.252232004804388
-0.134762480836326,0.051037669784468775
-1.7044964064756307,-0.7015768616057699
-0.9711124708925812,-0.24987315744370575
-2.0153210822964285,-0.7490445424504818
-1.2583881905611303,-0.25466786610420117
-3.5223210359282264,-1.454305278825901
-2.5932171678319316,-0.9056118499648518
-0.7921390956500223,-0.048638030314820765
-1.3344621273050652,-0.31348584472146324
-2.217950270036698,-0.8093463394346966
0.06419131257742605,0.39205013675244343
-0.9184759681152243,-0.16554301159006812
0.33220653003757383,0.3006586890510238
0.8837562968197141,0.6029682614830743
-0.7083009666495697,-0.17807726305622418
-1.5021789071588971,-0.4499803139726311
-1.7471710044488376,-0.6339940093912368
-1.2957710048515894,-0.24237668516597624
-1.3744647489357968,-0.5823994709491157
-1.373896133528636,-0.33822488893724856
-1.4557297590908065,-0.4081271597967109
0.5439997455727472,0.5753564471625019
0.6920320656922057,0.48659138078937836
0.5823039542253691,0.5489024078284171
