0.9778566404706895,0.9700398263076492
1.0400715286116298,0.6633694240305624
-0.3595648616112601,0.016428605886894376
1.187695191493754,0.8491964253437885
0.5246078944285046,0.6659353830740431
0.22439596595352063,0.34512601038570834
0.9317709668152738,0.8217693287957879
1.271876598191303,0.8804059871268368
0.5670027224825691,0.3941094966798816
0.16866873581632297,0.3555946676312506
0.8849268539004425,0.8657643261336474
1.7535858661790897,1.0044557739253364
0.11308667046352738,0.589526433275517
1.594262961063014,1.1391604835773488
0.8367330108383402,0.7273934312279766
0.5828899512254365,0.765240141608078
1.5775459854902982,0.9714391457448937
1.8245541481487466,1.2963403698821883
0.6440667819439103,0.6419210585376683
0.46278994624482317,0.5323284268288884
0.018024298545414763,0.35446152032450734
-0.9280435479732464,-0.10254328378994765
-2.689484719877991,-0.8451339907492417
-1.4832748427196332,-0.5054219981633292
-0.4651411252229196,0.12962629520051897
-1.0140377668381853,-0.10866973489960524
0.08487186182104789,0.5511827229020502
-0.8032863150307347,-0.01031844277272588
-1.5956107496751475,-0.5389331463861451
-1.4055641865937403,-0.32920723239736055
0.772070742615591,0.6954487252410099
0.21238362387817605,0.33245908513772804
-1.4608852088410282,-0.5085641114397995
-0.8219646658991089,-0.19864006808236895
-1.2744395813707459,-0.33279205052819844
-0.4415968111577801,0.2506165471172601
-2.2104278150079235,-0.7315995344242464
0.9211300689531123,0.7830914275081912
0.3325690987568378,0.5439135998144727
1.7681735084218213,1.117316282936757
1.0492379555808526,1.0183372755303548
2.363991360375382,1.4077983479151068
1.767357310734413,1.3475063629757107
-1.1409269446972559,-0.40745052570743556
-3.6194746664751043,-1.6109307956128702
-1.6967595061535643,-0.6006036791451048
-0.5267805774934439,-0.035024687714100555
-0.8035309661832304,-0.10054494192163543
-2.4852487975040995,-0.906291980414569
-0.9652686885226702,-0.20669069786046704
-0.16598401741209767,0.2781704547440193
0.32418071811430715,0.4305232656866793
-2.499161301217858,-0.9451939462830428
-1.2747472316405035,-0.357104905529851
-2.246661410360277,-0.7660425135337633
-1.265702134549797,-0.3930929930229959
-0.08134347204032344,0.3018001241288114
1.7490560412166318,1.1275882156308943
0.15846374216789516,0.4605855209090698
-0.9462096623944493,-0.2276342995392352
-3.238821552032589,-1.2487157776603435
0.13999572222835366,0.30959432655687497
0.09366664808471241,0.48592172134090994
1.154617696484074,0.8252489260984242
1.4484437795848972,0.9107645086770151
0.6100613812522824,0.6722071430156992
1.263160638835132,0.755947279250507
2.0939419884388433,1.37407558868757
0.17246389981417398,0.3159941353989183
1.3524764063976478,0.8831102746604672
0.6229387261151168,0.6792897498480438
0.24694998884930525,0.48909599033380863
-0.708358370765305,-0.054647437648727856
-2.7789262023907764,-0.99154817890536
-0.8000764102088036,-0.1288167580892453
-1.3654528746744696,-0.33798772092729457
-1.401051220273935,-0.45301837147887725
0.6029478358249698,0.394185413825484
0.6032639859398946,0.5541179127633497
0.07309424831214034,0.32499185423186505
0.9425647303490969,0.7959918850327685
-0.6647481674836273,0.0005674041355273815
-0.9498698722552805,-0.17068579655967914
1.5582697531640664,1.106540556841557
1.2596900170775553,0.9813762879426704
1.4401469744613289,0.880685548710423
2.3414239497254834,1.3267562450867054
2.0170689265912065,1.4442329729910939
1.958485844166459,1.4250046405878514
-0.07677508639884723,0.3229303646065163
-1.6877560609363917,-0.49144473823519935
-3.098985305139158,-1.1053239359444895
-0.847149409410396,-0.3226812777203634
-2.1353107936883253,-0.9207203280181032
-1.3434609626994996,-0.39952214212470905
-0.8643938724334058,-0.27484536457437536
-1.3422052449994215,-0.25381981790222363
-2.3341368558317805,-0.8809762597592725
-2.3150352881676173,-0.8296368927997531
-0.8538846733082635,0.060119914803552166
-1.1148010360129783,-0.3773931230144615
0.8635301726596488,0.8745734327593163
-0.5533912076829495,0.029163901729242946
-0.612882927233172,0.02544267488764227
0.2787056673944588,0.45273839608686645
0.8578753387668836,0.7028723504706131
-0.9545568660946782,-0.13961212750808383
-2.190291743485321,-0.7172703830634062
-2.6132880642299465,-1.098017118159377
-0.08684762066854446,0.13915357244005916
-0.36379436170458573,0.1676867213981635
0.07840928034289218,0.37224411799893764
1.5524153562485645,0.9828614926982784
1.9751913173963356,1.3169705520972204
1.263496469492705,0.8921332787777744
1.373411609178752,1.0338693681222124
1.8673759719799392,1.3822690644975946
1.8304857696528654,1.148338915010922
2.339912438994105,1.458655898622634
0.6705073564524496,0.6329583588851619
2.5835624359635143,1.519098085583351
1.5954756759938395,0.8160935411353667
0.148608964759828,0.2900711121087556
-0.6943533779970912,0.02294486173120068
-1.182087255756866,-0.40192777074183594
-1.3998880673365617,-0.3263929371299227
-2.3987401081889947,-0.8033403413465697
-0.350638143574319,0.03998529717099432
1.5134140196197028,1.1418994218230287
1.5499423806800632,0.9176578172748753
2.324114934362078,1.4287763566497371
2.8282751419330294,1.6653258188706652
-0.6833476344998675,-0.12087375331256225
0.6964256651030684,0.6868836664503168
0.7828608005321388,0.6947765182623633
1.6265972358116072,1.0673709030098082
1.76287266540512,1.2482022092331697
-0.4962230496498232,0.03272488145900238
0.1629169666932112,0.5595438863822161
0.46981757152320947,0.5917413361047222
-0.13837973889044497,0.1555103770074922
1.5420198689083682,1.39335178923004
-0.06109947337532906,0.26646732124079514
0.666658292030227,0.7606290673291192
0.9055704062838217,0.6416229774973776
0.09147688826276412,0.3665873776943643
-1.3238964912690099,-0.5956896387007309
-0.2538043503488908,0.03654220598792082
0.8685119277270554,0.7223048465623018
-1.5047975606287078,-0.5749268154270969
-1.4424919644715515,-0.3373479785509823
-1.6758581880604964,-0.6848844933981233
-2.17168269049521,-0.7232666651338637
-0.9677371196187823,-0.32532166238589866
-1.2797561489190663,-0.30939098158360756
-1.8510731966713636,-0.622362870748163
-1.8546847175476897,-0.7053328352972009
-0.21713974825913318,0.24842354593830335
-0.05194900638353253,0.31089483942501867
0.7431211957745567,0.6737060498956935
2.1778885677814777,1.282233613231679
1.7638992089730199,1.1264854136224942
0.8602006676504519,0.6458972409022345
1.5545199628412298,1.0703609713724784
0.39324000191844233,0.5993858461134842
1.069309043781941,0.9297147998018567
1.321993672765415,0.7892286979847087
-0.7571202726839645,-0.10617781256679808
0.382347131340262,0.5061638832947477
0.5354386999833969,0.46417982708495253
1.279084216211166,1.0662950137504745
-0.7703166709835971,-0.03955231011038721
-1.121451429638674,-0.17029646828982598
-2.522640849633128,-0.9730189243978655
-1.8024338124493333,-0.7196654196318574
-0.8946299450904156,-0.04542521774267272
-1.7424302385084534,-0.447486649637309
-0.4225709020676218,0.237579304938983
0.05268480091715272,0.1896844033284307
0.37341646940863044,0.4999316033937808
0.8216758182121813,0.9920488251666162
1.9564701099510675,1.3598614083705958
2.178898608686951,1.3282575036686215
-0.9548934754698453,-0.12637606805101792
0.872743350335689,0.7549593266826485
2.5793816257724353,1.5732834988977504
0.5612486497007845,0.38552773482005875
0.6986093975151934,0.6428405149823823
2.751183175982005,1.7423790945409279
-0.06610245727514297,0.42966253390644504
-0.7640981721385948,-0.15185353669294388
-0.7246835104940578,0.058369796172808935
0.08606495679194459,0.17433323485905028
0.14257764930198483,0.44221123486275304
1.4328277726972087,0.9219072043785679
0.422670756538825,0.6150250403496703
1.717533669472487,1.0258515771210466
1.3633656223123571,0.9554674737050893
2.7058973714824233,1.6485521839022852
2.7277919377568987,1.4954482561728142
-0.13706352953563994,0.24483033026840806
1.6954991622272968,1.1948741140424362
0.15817326608689697,0.2944535360052042
-0.4119316673640752,0.05784936937761754
-0.8493516185773535,0.01846429618210238
0.5150074453059428,0.7125008934371009
1.749210773902592,1.4148039763857105
0.7274742804080774,0.7339562758219967
-0.6239864209782343,0.02499181031025842
-1.1931177193811195,-0.2249453957133295
0.6655821592351923,0.6326027752626935
0.18665890461179435,0.24573980799665432
0.04127592383046427,0.4112307295956382
0.6982437677721871,0.6672460912835114
-0.8593309989652893,0.20404825992148157
-2.6167596483617905,-1.0359355234412133
-1.9907042193659494,-0.7130862782967697
-0.7792800954001189,-0.16143670827841078
-0.11011719442446555,0.23895586286225795
-0.33573869298065634,0.04480572415428105
-1.0002884200538285,-0.44533639743556774
-0.23733547491554308,0.10339394035838663
-0.4282281841215111,-0.0594524208576947
-0.024445869598662018,0.2949758747297783
-0.1550537367750706,0.17928777187977138
-1.9651211697432187,-0.6464672338893334
-1.4071111366233577,-0.5122365802496052
-0.462691048991488,-0.01921471038728355
-0.7948106587199684,-0.22427277426243675
-2.3089818846509367,-0.8731778860601347
-1.1212588146908222,-0.15000582293375941
-0.2420562356147219,-0.022920858544975248
-2.6991571722265855,-1.1230956665892484
-2.7843199791950166,-0.9176521936195319
-1.3842216289850962,-0.27068952451872313
-0.27103535928165656,0.28952092441278143
1.0062895889291346,0.8708987146602183
0.3724996905109026,0.5415081224214351
-0.29090496311830777,0.15977785174389608
-0.25602831988681396,0.35150760349653853
-0.5495480777417852,0.004298577960281595
-0.29538838723758265,0.2501229095645789
-0.6609676829329476,-0.09105904377142857
-1.6601284526027364,-0.6079992710375534
-2.927499630165812,-1.0628550792224782
-2.000411707476079,-0.8015385259711354
-3.3294739280521757,-1.2078876095475697
-0.7299070932295113,-0.09085374005672728
-0.3649686044519492,0.16052413421775938
0.656430304271987,0.7514715434642578
-0.28815367427375227,0.09772878322718959
-2.0260167810353447,-0.7835375160183812
-2.593247405297838,-0.9741293324531577
-0.7887563248897722,-0.28308670177573925
0.3105571000795818,0.47828821506133595
0.6247314843246538,0.5823515546896119
-0.38807509727839484,0.021759850239471787
-0.325422191503279,0.14723034605886517
-0.18371142554091274,0.3110845465197163
0.8024954026107367,0.8444921340624958
-1.4958533734586124,-0.40565463532463375
-0.6859656184507008,0.08158357912789613
0.27995462275975036,0.41119143491427584
-1.2165781268790767,-0.32954120131747733
-1.8698933689998563,-0.5460875545924891
-2.5394611130651885,-0.7456293926856123
-1.7284547828177947,-0.5271863309737073
-2.275851554251891,-0.8953540674688792
-0.9698603933984709,-0.23892139286938957
-0.18648982139214088,0.20467303831213934
0.03891224976718935,0.38568077646006216
0.07220476529234814,0.17124411586021443
0.30876065824640475,0.615592780830138
-0.569482832550675,0.06597186289834511
-0.03836071726199608,0.05991322864893425
-0.33584358942516906,-0.0012290504837262906
0.7631328094711018,0.6097262011055138
0.7478781258626672,0.8004118488515136
-1.8837031103734325,-0.5820949232983721
-1.5923230917727378,-0.48215784359537783
-1.415183213331082,-0.4174286263512571
-0.7865201999474589,-0.1383618325968096
-0.5927809935922234,0.15305172649821494
-1.0549898141643845,-0.2482796373629133
-2.5078554005998814,-0.9998732952698806
1.1403445136984607,0.8672419747871372
0.4381256183359095,0.6167163762095502
-0.5227777269501348,-0.01603831231068742
0.5974878013338575,0.5953879508846641
-1.6444452616121703,-0.5698163795453564
-0.7897776936849297,-0.07728292581392451
-1.2394778144814533,-0.30484284554318225
-0.1186777468897714,0.24703449034060174
-0.5630140151723926,-0.10270089754632784
0.5569871200172364,0.6353219415213215
0.5834684411504268,0.7159362940584686
1.578344023083978,1.2639593283340447
0.9148903364269926,0.6511311702378106
0.5599963541537677,0.48079070160411563
1.3033698412082555,0.8646692580400369
0.787339716761523,0.69146317686456
3.4443100455728364,2.100232965621841
0.6336435401957424,0.6947938268950953
2.1636161396324427,1.4205466076136473
0.12382194790181011,0.35952976401919945
-0.13247373160599396,0.3374165802564784
-1.232479922400798,-0.3181032301221891
-1.385117745854779,-0.4806458815123027
-1.4356759200208185,-0.4967826887502647
-0.7589908634223995,-0.14558467242819545
-2.7823658001711182,-1.1165622864155036
-1.2398384406753962,-0.26665329864107307
-1.1462204614414968,-0.31745142218239686
-3.37438396112079,-1.393066463187234
-1.3467339132523568,-0.30469250301714623
0.32096037934716126,0.41255350108102806
-0.49963352523080323,0.017926345312567434
-0.6505129563740817,-0.00013282527079043135
-0.5411837431635634,0.010895982998439697
0.8175004188304591,0.8070204388293276
-0.16132463727289315,0.2042201702224897
-1.2756318292200937,-0.30544106043874286
0.16300571790762708,0.48494413650482593
-0.5937281109046645,-0.14385994490954804
0.38783307648775733,0.3941668074198575
-0.1932959737898089,0.19968319910538712
0.3559980585198428,0.4707265659363339
0.8896060780317586,0.6582477331385163
2.170578114378095,1.2215904440184484
0.7421626440905982,0.695645235607131
-0.1352830345481555,0.2947874545306757
-0.11493485432873471,0.30333496405222765
0.3592677322463367,0.4167222540645612
-0.43790436848027997,0.01651835182454285
0.17318852704144622,0.4423664145527343
0.28803371457924887,0.48773468617949184
0.4278111834088567,0.5201231843136578
-0.2589110605355329,0.24890213845073034
-0.8487557169819306,0.013881976224114467
-0.029230991453418675,0.2931251141334742
0.08360414833301666,0.2147515796498997
0.06477066443352959,0.28510787488743317
-2.533881894092821,-1.115765528150809
-2.175348872846644,-0.6040444515068369
-0.9481541906217076,-0.4999385462087386
0.8860592755082574,0.7842207493146185
1.8314820412578685,1.242300439778484
-1.0942632730879067,-0.13310548330426913
-2.2930155966828965,-0.8089506254288423
-2.9659425087063367,-1.303466209856674
-1.1161570440258073,-0.2802604455061401
-0.9374732081392607,-0.2559966344737332
-0.7556510775497189,-0.0027733965824894846
0.11034844848386494,0.36094789371338776
-0.5036231295056284,-0.10632584131582015
-0.06301334198234082,0.3740585515982873
0.8362703077434497,0.6420854803167867
-0.5530445774067608,-0.023440853259080054
0.09370905137656949,0.44334585158704304
1.6604196985643886,1.1373555051352493
1.3594694409509203,0.7871453165164288
1.5904202406599168,1.0303286064725787
-0.9601597010461691,-0.018068631899054
-1.2334027882721075,-0.1925573762929481
-0.5165139241157599,0.22672281221892432
-2.479360982518986,-0.9433858178396577
-2.7743514416028336,-0.9558445221416124
-1.8218844326040058,-0.5124318118735354
-1.4269909241770296,-0.5149201850078586
0.09318808333650574,0.30020619575506957
0.5079233210109182,0.4618673367908269
0.018985477775945336,0.4107823190312286
-1.5147785856068745,-0.4797987795218476
-2.651316404604279,-1.0859522350997424
-1.9804487000990543,-0.7251581186759217
-2.0808236800122657,-0.7494513742003602
-0.2899504057345855,0.18234894246985045
-1.963709447179209,-0.6313662144490482
-0.10736304635550131,0.3227350552917194
-0.9882342631370022,-0.10921373735041678
-2.035540335597809,-0.9391044829374586
-1.048234289388965,-0.23997467797369407
0.22453627199486392,0.47530655248374465
-0.8193840327335615,-0.30252072495905474
-1.2836095669030203,-0.3276161890270904
-0.9133162039295063,-0.07754609579427398
-1.6231518856696583,-0.46482333492988104
-0.35646994770715534,0.0414743814152419
-1.3034385960857775,-0.27210667976043823
0.1519178538561955,0.47712348966524726
0.012866232704144331,0.2727212750535145
-1.6654642058990163,-0.688594881309408
-0.9170457672577645,-0.20085242836853043
1.200481872307216,0.8396479078237353
1.594901398870974,1.2048169592162796
1.2505946526973255,1.0119883248504502
1.0030626835181489,0.8949253586071841
2.0103615110057276,1.4097852730232512
1.8281103008873087,1.2157115426385003
0.2712547235343009,0.3981045945307438
-1.7556114211064167,-0.7037597444641626
-0.5826195430484109,-0.09435486852735903
-1.924604642269077,-0.6830214231541559
-0.9391771488683216,-0.13855660871821365
-1.3656585318105408,-0.3963006010616313
0.6483751040791571,0.5885797407495366
-1.934756095720708,-0.5955755039735261
-2.0957546370288958,-0.8542046947512767
-0.5221336964342985,0.05553139791555535
-0.9612162675660525,-0.0952042668647818
-1.7792344889167009,-0.5210204956961958
0.311538791175622,0.2533441914940213
1.3442345730034848,0.842441421099548
0.31743455440481694,0.3284770110826848
0.8970513912705163,0.7328908766632555
1.2193263006905426,0.8856724629412867
0.7317441977694007,0.6282843681994307
0.25275137376521156,0.5389689064669622
0.922539331456812,0.7935915512064321
0.8057721564234495,0.7526280629880939
0.762062069441815,0.8243672007014451
0.33711585202095334,0.4103053420570236
-0.8078890446015891,-0.1614407825169862
-0.1010098140050294,0.1717344912073388
-0.2343333040152745,0.2438555670334178
-2.093349264529882,-0.7542653961046716
-1.847944391955434,-0.8945574219062304
-1.241651187576062,-0.40381710512968794
-2.5278238768198933,-1.062956087389299
-0.4789550873567584,0.07697270124777084
-1.3861572956663244,-0.317823597981467
-1.0198863650620993,-0.07467735926556959
1.876559807183669,1.3016370552276588
0.16834702291344728,0.3238336768082053
-0.6592256519031915,-0.06056591295166293
-0.10251715904063424,0.133990632916557
-1.507923981508973,-0.4711573532973694
-2.015622439564916,-0.7146152468969769
0.9435490792485495,0.8587677027163676
1.757148514560258,1.0581092359943738
1.3182770109316486,1.0134763888587974
1.2209684320430176,0.7443650373788291
0.8248354339768601,0.6284462089441485
0.5336208803930163,0.5828287933728574
-1.2423902656194739,-0.4415289246076446
-1.3286797408580115,-0.3893094939909665
-0.729764723867121,-0.10474081070031574
-0.08451247813338825,0.3477807119542455
-0.8593682993352875,-0.33193342372988666
-0.95982934738123,-0.27726873311911265
-1.209251476730543,-0.32003963873632935
-0.3700306223632921,-0.07312799233416398
-0.34762246281966236,0.19617797413298227
0.9834539038280969,0.7079103393806412
1.043493838899087,0.7610065968096501
2.2536868715613183,1.5119414550924575
-0.18528895710897997,0.29963711502268786
1.3939042632899075,0.8292776829374074
0.18617986407553788,0.3314844761249354
1.496761216098337,1.146816775968387
-0.38880956706615266,0.1190344115624458
-1.190240707608288,-0.2957949976683974
-1.5720726307312258,-0.568569890376617
0.39173665074097386,0.5646972559106191
0.09878577902197544,0.3476176214826284
1.5393951757045399,1.086101501660337
1.7681493042851018,1.381680632093614
-1.1441149197153215,-0.2087083823662651
-0.15587508651356297,0.3298914274032233
0.7199267674949638,0.5931060683372459
1.04094559205171,0.5434575107236628
1.5807937404351167,1.223112904605462
-1.2963121224232934,-0.29504463712847173
-2.2030883460978674,-0.8183216548979532
-0.22851672623119135,0.029252400037957538
-0.3867501154422591,-0.04616964063530046
-0.8194131209582831,-0.0628998787234275
-0.7277067513407741,-0.0485919073386653
-2.240145437181471,-1.039585565833273
-0.18035822059212658,0.19431054773992512
-0.2293331911863685,0.20763028600907496
-0.2932882594259531,0.17088950112173412
0.549276082809907,0.578490985516108
0.5763540264197344,0.5274347988696423
0.6566362387294294,0.6274103831210857
-0.3481456974656675,0.2807971186468132
-0.3044085329862328,0.20779258318535002
-0.38365376763016346,0.23587935604472796
-0.9980915103716739,-0.31701102505398854
-2.040556272011777,-0.8444694860857835
-1.324607320982468,-0.35025037292283123
2.1953603239652613,1.4247209681760538
1.1519411375944115,1.057504048304618
1.4916446415323117,0.9547554959112676
3.114429961903596,1.8442414925795045
1.3282804184872443,1.1579726661664032
1.503467852602184,1.1746819991581068
-0.11454375652549853,0.3323512079036756
0.1990324503020798,0.5076268663490575
-0.11388528648100385,0.18207831113648468
-0.7062756335278983,0.061418175020636484
0.5459373011325696,0.5804341559244742
0.749494893673993,0.6701109642174967
0.38882526717817123,0.4656726078830701
0.6649197386601267,0.4813506420187129
0.9986601896045298,0.7743146050596834
0.33394774097182117,0.4531029840028549
0.9631867912599116,0.7821029189373688
1.5153106624604926,1.1783171353951318
0.3783404878892115,0.541839827200906
-1.5720569167675602,-0.4655374131127701
-0.6194944686161186,-0.007872836539634238
-0.3950885172568899,0.21373374573487933
-0.229088487859464,0.08002828780216721
0.05780338884859465,0.49608371804150775
-0.19916484560766484,0.3073116907433934
-0.1974772878818856,0.24069449566285173
-1.4204651469031,-0.3151206133134704
-1.2765219674620558,-0.5116737618583795
-1.9152579546668855,-0.530311966367718
-0.21741138305719943,0.20961106532787813
-1.3192993721574096,-0.4561707344245439
-0.8378349048495355,-0.1014492226087039
-0.20485703377355968,0.24701694464439172
1.9108679834831386,1.310758937009971
1.76038772437118,1.2018510555038813
-0.6176008941580611,0.06127256652912902
1.2609893749429186,0.9381848032646221
1.909619752543445,1.3057372272945784
1.5186041735101559,0.8408717930702855
0.5120885362177552,0.3709234245394266
-0.9233414583691042,0.05695220577878582
0.06282104684161482,0.3136910058680679
0.8404527013943824,0.8121035760441242
2.911871102205192,1.891152239639243
1.7840032694656456,1.245255528361054
-0.04759085122387319,0.5479876149023974
1.6794071926484284,1.203674464521537
1.5456831419121824,1.0742947167742112
1.1334206879857422,1.0058285458267
1.5993260967546905,1.1760865260777984
0.15736231347768292,0.4403554354850473
0.9300036605701067,0.7711150544177224
2.432529677393845,1.5159502401499374
-0.12061630981718952,0.15423366070549138
-0.18707016987516834,0.1602036692852532
0.8031025927964114,0.6798772846660647
0.6537673047166382,0.5097873484163232
1.815986826401789,1.1882764505201824
1.4842828554117067,1.2831667528480073
1.2394083002954115,0.8527421584219397
0.5082302431483472,0.595537556008648
0.8335037523273052,0.8780664591189434
1.6049313139289776,0.9213704012788685
-0.061102059215375704,0.4286330647686313
0.600652519117606,0.6396613238758483
0.8744517134146623,0.7536467418134737
-0.19828892732185122,0.17755609173552078
0.17624716966194712,0.2714233256641819
0.875623645565271,0.6497417291004282
1.7517649254603718,1.177963512843511
0.7924947121991837,0.7377392032530978
-0.07526747490074759,0.25254849787864286
-0.2207334635042083,0.20629620640060062
-0.8031305449187061,0.0033732430033626137
-0.6420794786329054,0.1196329725109537
-3.1233384352913873,-1.1880547349793118
-1.1039881016542454,-0.4697403064455302
-2.3557143460819083,-0.8711061381885163
-1.427589041544122,-0.392803635756502
-0.3375975931124332,0.18978418571735897
-2.8412119173054555,-1.1354677901960533
0.20045868015533563,0.32147147523114894
0.04024860124236848,0.2956193347712371
-0.18641453856278906,0.183572198260643
0.8299689789658987,0.662515365818111
2.62560910651207,1.643136258318364
3.162694247837582,1.8977884230020885
0.41787881741473976,0.5692770713606755
1.31793180395925,0.9174102848835954
1.1317959806317672,1.0143617915103575
1.5307284209585177,1.0428625219557468
1.5607309845128232,1.0177099636199571
0.2906656572418046,0.5626511222198103
1.4083635067666003,1.0193264180173514
0.2641165497396267,0.3559206645685615
-0.46737469404431525,-0.021368574939010496
-0.4371977217197784,0.1026925106618525
-0.972655054628875,-0.22868142274626826
-0.1765799780875258,0.1431834306988432
-0.41315372030278685,0.02646989551170631
-1.6095171768756462,-0.6062078504171078
-2.7611521414699993,-1.0615287336079444
0.060146429269941404,0.23982963641503563
-1.3135662923525504,-0.252661511411775
-1.2817510539295334,-0.07897034309174478
-2.411344968586498,-1.0219938950381673
0.27251870626137786,0.34473320807949553
0.18946259047708774,0.3921960343400841
-0.03195496220343694,0.3536692037353055
-0.653736961316874,0.017830153797355336
-1.4169060700334715,-0.41473313717138827
-0.25749561160686596,0.04497496441124979
-1.351695652600498,-0.4176529246383458
-0.192565844876452,0.10239785204347351
-1.3457326287567404,-0.5483405253308057
0.01661326956655662,0.21293392828386026
1.2676008999815216,1.0168016545789227
1.6883109733035728,1.1400995415125232
0.5337822247405403,0.42552400528736634
-0.13124735047698693,0.08044444498637784
-0.6566355895726801,-0.016373059185867064
0.8980810298268919,0.7836895745397808
2.0507746047242006,1.2786704717483932
0.8742356182168423,0.8051741084427377
1.250714543915044,0.879133495196284
0.1931077136202396,0.5589746960919675
1.1862680207487621,0.9357381127974523
0.7867513082371997,0.690188984089032
0.8638946598974573,0.7577390786871958
0.13741056632086435,0.4354851043110847
0.7049676211056928,0.773999782641648
1.024494213577992,0.8271858606611742
1.836391593299615,1.2834277833930732
1.9089818139980992,1.2369302213122348
-0.6834018329270561,-0.08269663109076769
-2.0743217767510846,-0.5743197596978996
-0.48182230734712106,-0.01527362702914016
-0.1306183002931307,0.3085640357745108
0.6019831994077541,0.5318952721041135
0.3064420945983288,0.3829284474780045
-1.8680627734702584,-0.744495563617062
-1.063548879014261,-0.44917004975071845
-1.5484474457504802,-0.52219136724861
-1.6150229869033654,-0.28297732029126366
-1.8084024007848731,-0.7143839511327218
-1.6213282889255358,-0.7164349428534654
-0.18597909498343468,0.1230270382517362
0.27652311780688743,0.491003707152481
-1.612920063876528,-0.5418967748818458
-0.3415417657344195,0.09551596621432956
2.991480984263848,1.6238859872595686
0.10216452697990208,0.4743881292693928
0.46609276180396986,0.5197319969065297
0.8093939499101925,0.8691120460365869
0.7107571925386308,0.6084937076562302
1.457627288263153,1.0971513978321763
1.1327636358424737,0.8352768858715311
1.7869830291139195,1.2623943719857027
1.2700827144322777,0.8575884789632445
0.921442028736554,0.8461419257029611
-0.4397261620380384,0.15225860261687757
-0.9123831521926634,0.0014221042285867957
-1.0197632395692116,-0.3528989171131637
-1.2568304371598686,-0.3869085853679928
-0.9180980065286832,-0.0919626920040388
-0.8458422211154211,-0.05108631145456734
-0.896789942640768,-0.057107631809516335
-2.2013887688580254,-0.795341397319769
-2.265399788481343,-0.8192512395802876
-0.7891546874783308,-0.0061455216291191744
-1.2217751618588095,-0.2544241139572066
-1.695529338705282,-0.38655881256863933
-1.119832543930911,-0.34833066230167903
-0.625591590868613,0.07764181869525168
0.1194854166686774,0.33794514911558404
0.6729764599761241,0.6325791325638049
1.921584159724548,1.2640808648055482
2.0031453655824496,1.3120994197099953
-0.5981397259709498,-0.07208822015271096
1.0224194227192007,0.8960349999214196
0.3812887102288873,0.5121386774255853
0.5615630014378362,0.5104938984733183
0.8926546934793587,0.6374835032942185
-0.37701401762844766,0.016464959970292292
0.8658344365778903,0.678146418612623
-0.5650107973843302,0.009876734096008866
-0.675016191959775,0.028825667998540014
0.03217823538375775,0.074166254901087
1.3877557256627246,1.1225302520295173
2.138598872288338,1.2524910269815892
0.10650833027644269,0.2875041832241665
0.9465010738846382,0.8880921061100885
0.6627378987742738,0.6816714938468383
1.8639674798852632,1.299344643332133
0.6367170103955615,0.4152009965405419
0.05596909875939626,0.5234592514044119
-0.058369497331310305,0.3669909767034583
-0.17368981599588562,0.15592592485596157
0.16307661185674116,0.4573055167525405
0.4861148421954151,0.5080394529866071
1.3969031087783557,0.9853831600909617
0.7212231638585831,0.718662580426427
0.4304827058423995,0.603801900209392
-0.8932619987976445,-0.10909738905323627
-0.8974892243914854,-0.123070469109926
-1.5105309913194778,-0.4795232333277061
-2.107503458234591,-0.7390184136754554
-1.3261291597944105,-0.5957022483508427
-0.8089641425627836,-0.15170159689590867
0.7403085556873402,0.647792143326202
1.6062278034794777,1.13059954778921
0.40130819198295575,0.5235845410069032
-0.5913628304483793,0.16048632688169479
-0.8970099798948373,-0.10479400404993808
-0.06412179048259004,0.29251527734039573
-1.2294766443808949,-0.2635172042752864
-0.5008703853824654,0.12073712107505731
-0.27856562994359735,0.2672857446381809
-1.7969972275473767,-0.5603767328832848
-1.6138540439162878,-0.40796870621553777
-1.4594113542953147,-0.3066694026935689
-1.0748363059456265,-0.15896048761673268
-1.296266879517476,-0.3008877411073876
-0.415852602797703,-0.05276373813819679
-0.9255909099035817,-0.1994742118897333
-1.7368289544229483,-0.3871584234327798
-2.4594933978054776,-1.090479654249259
-2.0482464821396253,-0.827024501495337
-2.283444979419957,-0.708716506324367
-0.4483543555574545,0.05334890535122078
-1.0456837323941528,-0.30167702531990087
-0.9018923195869367,-0.053239538127173636
-1.9952561041705472,-0.7675920415638514
-1.4393867986834916,-0.5368236971083675
-0.6868007067614894,-0.09086902092219681
1.0436453584884644,0.8441215241454884
2.3744636538074606,1.4094807596119001
-1.58988982745326,-0.46322490843180597
-1.723546274273024,-0.602424018519437
0.35760999942529437,0.5341481363889875
0.3446033298377891,0.5567917096821056
0.6391780944319282,0.6433477720549108
-0.5883873728403469,0.018256119118721978
0.3534268331760666,0.5546306627408908
1.2140295124472316,0.7949252289548292
0.4848804410885812,0.42595994052277264
0.29900530331653397,0.5455771298222134
0.6229167330341252,0.5162565047168622
2.417274847035976,1.5818766834784161
1.3809312039447137,1.1319961665373308
1.5202245674994996,1.1127843015284147
0.5986405674415392,0.3649112967824284
0.3837272181437975,0.5218932006725066
1.647502229637472,1.0151679313167337
2.1999447009347866,1.4864361049977748
1.7713915009115975,1.1525095834500618
1.701065902613724,1.163652504194727
-0.4143240245012292,0.17381985332038358
0.39565842091945846,0.573668161011332
-0.10431746214193521,0.35649996059929767
-2.896026506997468,-0.951994813688594
-1.6968693040277834,-0.46203751037089746
-2.1992653093265133,-0.822661198921926
-0.16710442018019733,0.12101287900516534
-0.0993732749459257,0.2802841027237772
-1.7426086983159936,-0.5478270392499037
-0.1748315769251947,0.08496127287919322
-0.5918580624619174,-0.021977228721344395
-1.2334507435116744,-0.4081076214498094
-2.7444001293886084,-1.11475437930308
-0.31673346834095617,0.16309725384088974
0.6901100710395689,0.745861311152146
0.2108956651701394,0.3767638318320669
1.154347779565676,0.7851070579686734
-0.503082572161143,0.08101186003939499
-1.5388763697046386,-0.5458252285428739
-0.4534480628211761,-0.0023293664434273637
-0.807134900758836,-0.07362911248777795
-1.1568187249718012,-0.4316420562091731
-1.9905093247861227,-0.7378688842167723
-0.738186741185828,-0.10399053205979239
0.6223180078893714,0.40264028457990086
-0.10193725386151231,0.14596890458982392
2.052821962865024,1.3214636055507438
1.0598754451974588,0.8829873391561277
-0.1611662024394681,0.20954799107132224
0.4810444046664021,0.5244759391088347
1.694232266322313,1.0959087557377922
1.1098072379847361,0.9206965694979977
-0.355247410947789,0.10145863786267784
1.2755593228999935,1.0615596263965976
2.3692759415238047,1.3865887220873554
0.4118756130214498,0.495767900806844
-0.5957848178525852,-0.10654217153990367
0.4828632286711586,0.4979130655844539
-0.2668460211347644,0.23055941722032652
1.2225324802780688,1.011826399933084
1.3624082678909002,0.9367939214879312
0.6439829495780296,0.4957611877467707
0.4086469541994565,0.40676569982466815
0.9639510750721285,0.8437831618419717
1.8120552050044152,1.1225608191298435
2.314075771345278,1.4756549273537916
2.161927181187438,1.3367610967988726
1.7375335309112072,1.0893428157498044
1.6241975531425998,1.1114104728542717
1.6195383618460373,1.1397668791148752
0.7451205640986407,0.5449583218375808
2.362520872051653,1.352476380799293
1.6307888465395939,1.1092035530523008
2.3313648309331025,1.3404374834475221
-0.43659064499354705,0.3632678049075795
0.8028087634139968,0.7067629361408327
-1.3641552181518013,-0.3572084703149262
-0.7887490322514604,-0.20510856564716895
-1.3197482080580119,-0.21870595653077995
-2.709512250613443,-1.0981474069927364
-0.734887755588939,-0.05896240433210645
-0.3795690003389544,0.0824359274385786
-0.13292479343533659,0.3076577777380116
0.06253852486110184,0.35307426298835826
-1.378934294557392,-0.3658581655530401
-1.2867875275959262,-0.4276561964317438
-0.8812542273303675,-0.1910331858307228
-0.8359959747672183,-0.21627644695867432
-0.4701108919492184,-0.04769914772330819
-0.783611764724921,-0.41535073830887537
-0.3763674289583838,0.12025307296436917
-1.0621081606954617,-0.10178798657653398
-0.4118330408582136,0.18325915920280064
1.0569509866833615,0.7595827220846764
1.182624990118964,0.8263058866114704
2.186088281943183,1.4248174393414057
0.9533777876238075,0.8736671893788858
3.2530304061262245,2.021762771396826
1.0350285296879795,0.5547894237631732
0.27571628985803764,0.222361520088695
-0.9910274644514692,-0.2239210129359284
0.24442078027760727,0.22302897422420423
1.316045601046993,0.9107089307478035
1.272477851467709,0.8770097239937831
0.9687716030887966,0.7447058322692501
3.3482670474539606,1.9131348866240703
0.9310147664706347,0.7600580312083987
-0.534712527460039,0.15923950979312476
-0.5166739911192321,-0.005040834207060696
-1.449888394638346,-0.49747205294360003
-1.571226962726581,-0.3976244306733131
0.7774190784567623,0.698384691855345
1.7180834111363192,1.093675566488131
0.7051732185533972,0.574994824140991
0.9785111124163093,0.7396359304237303
-0.5448132968196341,0.2573038245331857
-0.8288009689384608,-0.21780910214926547
0.0656118034554628,0.16391232359107816
1.856913223077708,1.3577628431987734
0.9204739737248865,0.7774672034017274
0.9971110970848791,0.6598609613512959
2.0694053305931046,1.3068172157903548
0.9196351060179117,0.6586058628252198
1.3726400680669886,0.8248583553931601
3.1737585778065025,2.022189824464559
0.14701286679456138,0.3878477453365651
0.5009515952486374,0.5137107576067854
1.2986365055850384,1.21043314545537
0.9644050650678376,0.761958459485903
0.14462436831933878,0.3150953674882424
0.5617078328168267,0.6366243111886383
0.28624554397276436,0.5180570736691412
-0.5013765188830583,0.09735983415921698
-0.8015408317377197,-0.16379982588280617
0.5479029088728204,0.8226045419968173
1.5010732239857392,0.9768729948356141
1.9940638395109838,1.15726744258033
0.09641114196342015,0.37809258559360476
-0.34105004582260895,0.15832237975206015
1.024826313135664,0.823379854052191
2.42671255937495,1.5617478368006705
1.9873474782189011,1.176205427637088
-0.6397170520724649,0.02784108931811581
-0.2569838690309035,0.2110994439233178
0.017381778181760787,0.3544815874412133
1.3941639603823321,0.9590554110193785
1.276953291646425,0.8528359096800209
0.7062053895344962,0.5689586272100189
0.05570693255971426,0.20260698905881416
-1.150172807523338,-0.41874329393254517
0.9204393062997872,0.8510823326147536
1.1629510340905087,0.8574371886241748
0.6509088962430805,0.5283144943661373
1.0431059855853602,0.858928028762135
0.7372387725468916,0.760329519749767
1.7290396618891286,1.105170511275714
0.8443955081142508,0.6835991488413453
0.9373522276596852,0.7554597003768687
1.3899622141061925,1.1887219993745184
1.1408556710060473,0.850016831194677
2.1371976760543334,1.3089105017787817
1.1079798289152056,0.8782649465511077
-0.14592949068201366,0.16580921552589664
0.9836771708608811,0.7427603674363628
1.3126582972918448,1.1048192021671088
0.40918939365122353,0.44716424990917414
0.3235284173312015,0.4673318462180531
-0.5747095493275365,-0.16829339515143293
0.6685239000847785,0.6425405930562896
0.9306766291430398,0.4953919015334109
2.7782742052600953,1.6157392165721642
1.4462955872483856,1.075951145759336
-0.017070741417569146,0.2844148740807514
-1.7637504140244618,-0.6036568109561871
-0.12534941584939296,0.22061404902508577
-0.8708461121039712,-0.18093925616906797
-0.26391815407354474,0.07791025707839355
0.51002787436338,0.6124094861373259
1.8066262471246406,1.202963248862369
-1.7323312115241578,-0.678363266181521
-0.489934507190285,0.06569054162318158
-0.537038010136229,0.007628915239243653
-0.4512076349743166,0.2568892161455296
-1.1411601636266273,-0.0746584568959183
-0.13814417584896244,0.2445523973201444
-0.3233218410571582,-0.02466878331163791
0.2335731340242166,0.5080267460468573
0.9359599598648467,0.7090959422789864
-0.28277160564113846,0.30228824304377166
-1.955638593194289,-0.7169716525721739
0.5196749308790083,0.681782469999386
-0.2617058625921377,0.3215844539846593
-0.4781044436689271,0.03865813778253823
-1.527113756232058,-0.43809708213539483
-0.161950152603215,0.2922382205868835
0.21427117316247965,0.39381093630124453
0.65154489233861,0.6272555843835801
1.366387284256914,0.9080995490800736
0.6678034559074233,0.742727412747157
0.3205244187906381,0.3641259984711019
-0.24996189288677628,0.13433157439655546
0.0653791918078718,0.44719802902783157
2.7542889684759686,1.6101624641089856
1.0503218810398622,0.7936012830051242
0.5573455461857184,0.4802155034614306
-0.12201080522948338,0.01428419666658054
-0.9954244876436646,-0.250336138960649
-1.5160074798456247,-0.41753769333894475
-3.0642396996215293,-1.0575983880714452
-0.29528592824973765,0.19349824393716775
-1.2529475490293505,-0.2740067776992235
-0.1747338181590593,0.3928983165582955
-0.24796928893079798,0.32981186340548685
-1.625136008883498,-0.5391400944768223
1.2910437156377674,0.9720482519074986
0.06329193570136382,0.4631308960438691
1.2234928995281875,0.9359153691444501
2.5480530946654434,1.505621349378712
1.5030565956468134,0.9132774152575363
0.3576855145458946,0.6402544279675605
-1.516473323879493,-0.50997731795243
-1.5187753926132652,-0.3915633221533925
0.20478381141323254,0.22520950249970514
-1.5005665402020039,-0.5496224371285341
-0.7821977983283603,-0.04517840436540242
-0.1459585229675151,0.0860062458016059
-0.1445240685549663,0.19147421249307842
2.6629291604074203,1.5429469364951007
0.21084972417149617,0.42834483954280667
0.26157620435202344,0.46909906598074336
1.141430486481597,0.8361547059250376
0.2822762440878853,0.4798902692272746
1.13734892108503,0.9290662674248706
0.7818918779947478,0.6979942488634685
1.5011255350534722,0.97221846169117
-0.12515749191149728,0.3444386161020825
0.1118475235821387,0.2720753696774098
-1.5679608581364914,-0.5353727463542143
-1.6874955973446242,-0.4272394491415935
-2.0485186914560525,-0.7584744765668731
0.10856403285876426,0.39302336547002964
0.1394036540388781,0.37996282055857206
-1.945324674466606,-0.8464559355593212
-3.526255512650473,-1.6555528508510409
-1.8168127636218676,-0.4352450359414007
1.7836313581325367,1.1002748090261802
0.05971272754131429,0.3254872751274825
-0.2725223738343491,0.16601484975206107
-0.01918804677327618,0.3163490421066909
0.3443323861522345,0.5915274024023013
-0.39541608559884817,0.08988882188685429
-1.4725936827611188,-0.38338347730786704
1.2721975725739842,1.001850584095343
1.160241493230285,0.8458769493393942
-0.5160335569580602,0.1324433767337565
-0.3551944075256407,0.08278107407121471
-0.9281944606784438,-0.210976177087849
-0.28178703817597445,0.1516199131606152
0.24977285089290563,0.46119007143943663
0.3815454805877562,0.6060194459186236
-1.2538425426933877,-0.3987697711609931
-2.5577631435831707,-0.944644040397095
-0.7492511840669378,0.0569773088146342
-0.7682749548651363,-0.12525907678324155
-0.7273593901213218,0.007281810145205694
-0.5939970622797842,0.06493608675969373
-0.8425867934098827,-0.19871116356350765
0.680409340817508,0.7077769630413835
0.7242966373990265,0.6728975042144253
2.1059610619155915,1.375220009409844
1.3183967013050268,1.0344203122177402
1.2687524536207493,0.8750920772703777
