-0.38345578706055866,0.017229790941546114
-0.14477336513420072,0.09220354641770917
-2.244297860736854,-0.81359758018834
-1.3277096688323269,-0.33926154737668035
0.0796904332546281,0.2828600127834884
0.6724185959341724,0.49525648733429395
1.5223845876054098,1.0731586466124925
2.9627629723840907,1.607371984006929
1.0863028993704216,0.8816764213206685
1.7225957822890088,1.0764757371852456
1.3026878566659776,1.04718158791003
-0.3120601490500019,0.012128407126155677
0.33239369346212566,0.5432097479626066
-1.0452820780037806,-0.20409363324688884
-1.3086813159098734,-0.23319419887420592
-0.04755253576980001,0.2771350905424969
0.2673008550366505,0.48013786458966873
0.6912971301661605,0.8427477442565983
0.8817352032740298,0.8002724663308465
-0.6361386020330929,0.04802952431490347
-0.44211002518869547,0.16840043849901754
0.646330834568316,0.46576354762891226
1.1146932228775532,0.9007762265363316
0.6544767840872721,0.5447872725602794
-1.2623787109408062,-0.38517456782405113
-0.7509778721435992,-0.2920386293434217
-0.5505247490870034,0.061598679085547635
-0.5856286132986627,-0.15026060413035658
-1.6554265198983809,-0.46839168037252266
-1.2261818035604903,-0.35104441024730637
0.4472574190128916,0.5459966285636326
1.5886820668052546,1.1967489838444831
1.7008048085870207,1.2224273448373038
0.06109490846027088,0.3111096272509678
1.213063349858869,0.901391332715598
-0.39546335501336216,0.13887742027610592
-0.7839135874728919,0.007679165974397176
-0.2638594712575838,0.17313973843630542
-0.2359819690595532,0.07369073772833555
-0.48230511403933685,0.1587508414976474
-0.723191351702108,-0.10726071998814948
-1.527679662400359,-0.3873016079054833
-0.7534524253765882,-0.06415081199846713
0.4126830294300389,0.34786371431657215
1.2774475738639548,1.014919253481873
1.7853126943171376,1.167239899760596
1.5179214725064696,1.1117933540571459
1.827660893731108,1.1746628769682348
2.0029370459306017,1.384530925982159
1.212984660515451,1.1254477925230928
1.368278708531777,1.1019931559243787
-1.1968762094618772,-0.42385246976853996
-1.7180407213631352,-0.5524484647393512
-0.46487505389044215,-0.021156311677405518
1.3004256675030628,1.1851538660249805
2.3424930831319357,1.517412362547202
3.5360386644686086,2.191673605126486
0.44700428539379333,0.671089640098127
1.1072988994241784,0.8746042903077453
1.5526217930689836,1.1124295566018718
4.113528989889873,2.3972242513553343
2.056851625264961,1.215684087213036
0.7153731378029116,0.6647231668728338
1.392451064294399,0.9739266923985632
1.6482583884677375,1.0724120208017762
2.923526584519567,1.6799703143803895
0.5041096098698348,0.5556853399573884
1.3676896784352455,0.9891901077356597
0.8535789958372312,0.7946435458810281
0.32244704364606175,0.36345257822065574
0.8086783351818647,0.6762546287446597
0.3575411699582467,0.41880953184304104
-0.905745984406868,-0.1002943378696948
1.15348767928401,0.9329418879581377
2.94457922107652,1.7885445535792477
0.7819206717906584,0.6317927251019035
0.7493970802261776,0.779477833093311
1.3364752811444978,0.9633173342513026
0.7478004556161566,0.7640697779569575
-0.6854538441334376,-0.09585416666370034
1.1540472539378253,0.7971205172317207
0.3153082745736383,0.3859964840867866
-0.6111786830521704,-0.26415163797778657
-0.031049084545568206,0.1236285915027236
0.8669035015661856,0.8530090238743624
1.6948531321216715,1.0997909435696103
1.4174926387150046,1.0248558544407156
2.4820235099989594,1.4381159685839962
1.7133116415683405,1.2447454170903363
0.6269133609845199,0.9010638575171559
1.3234479505826189,1.048204655988585
0.8743786229518044,0.698768454147905
0.41926362488124996,0.578975942868321
0.7265846267836533,0.7699944880561411
-0.5441326652083142,0.10540199619828523
1.1749472938697882,0.9303948628182225
1.6319779700222297,1.0942935852165598
1.792607103578212,1.2486413733479063
0.7626766554673667,0.7554005549732503
1.5386022722608002,1.10252280832868
1.2431358723538808,1.0618174377533922
2.484360884451106,1.5426767060337507
0.2421903155782369,0.6252445577438788
1.2733285779653865,0.9692812145048286
1.2350218779718187,1.053086915834751
0.3724822893253408,0.5572010762744326
-0.705387606862081,-0.19053413875162248
0.05301740489523299,0.6151535668420245
-0.693596712487973,-0.1432942289894174
0.6804597699905566,0.6609660683513938
0.550094192780541,0.8016013968741323
0.6600794919330738,0.47340341235638367
0.33461886825578635,0.5146435006258419
0.9657598385865077,0.7267557706448928
0.5244383188806394,0.6274748532796477
1.6989030595726782,1.1324798159889586
-0.12671465868740084,0.2199688437351101
1.978947203047493,1.4008709815585738
0.6238349424003753,0.6597590724845619
1.0097644438381868,0.8111076882472387
-0.48539576682183927,0.011247532168596974
-1.5539639172402708,-0.45565087461350345
-2.189899965827843,-0.852937291635789
-2.3404275113607467,-0.843185062588484
-2.2324242094936633,-0.8574463588195766
-0.9697952582635062,-0.16140782661383873
-2.647773573563505,-0.8861340225890982
0.7515876111085578,0.7527555898534607
-1.57444921384487,-0.46192822511722936
-0.11915887281153303,0.23504691845762518
-1.5391288571009059,-0.34851805594306096
-0.35891723376501505,0.15561751851952516
-0.9893693122190446,-0.1287790482783876
-1.3495023833028044,-0.3479250768846974
0.05375896311645334,0.3023437910583852
0.8331613853599379,0.7155917882538704
0.027508798524835787,0.39536024498973465
-1.9043381816122806,-0.6994942088777109
-0.97101688536086,-0.21687216726591188
-1.0719847627501162,-0.0662200488359932
-0.30476642373230933,0.11607936822183179
-0.8559845596042909,-0.1271030633563569
-1.2986095494556844,-0.17746638262883654
-0.4850535355414989,0.20809067695509192
-2.170963390994607,-0.825337754244981
-1.2490845250195912,-0.5822343494490858
1.0863942599149814,0.9101623347642133
1.6698343005910723,1.1108682686770979
0.2600164247941015,0.4265166429340036
1.2166369863555817,0.8046156945613094
3.555875180949198,2.250184723082432
0.6686990613598299,0.5252596540174187
1.1169364369288681,0.9042975974372044
-0.03279471487152208,0.166487091535802
0.8774337298313016,0.679338549800612
1.831290960221933,1.170721958752332
1.8564397821319607,1.3184738254493387
2.276443827851107,1.422551373539017
0.2693650495930058,0.5522872118111571
-0.45490957960740885,-0.0007574634457579443
-1.588544973277875,-0.3943747667867934
-0.12765731077691433,0.2343907582935919
0.8775769749724325,0.7231934361921012
1.5466798028020488,1.0438915042553842
0.3673769072631836,0.5019338999751769
-0.907942516680026,-0.17761321783129455
0.717710816817644,0.6590991388981039
-0.23682474759203564,0.12567797256933694
-0.44195485769553733,0.16365139323228095
-1.369478135298524,-0.21327906424472687
-0.35185512225513893,0.12093643981633621
-1.8978545982707207,-0.6745171907544081
-0.6495950477528987,0.08488502632771948
-1.9672415556078346,-0.7210100706483346
-0.5844292308020066,0.19721969625386693
-1.2138452920369838,-0.5732151322615064
-1.2034885271115956,-0.3754852718470643
-1.966327767160823,-0.7262089670198665
0.17631443863920304,0.38932981587939447
0.5579553328233194,0.47185037446564687
-0.4105285363380893,0.24091303522826774
-0.034885233082159406,0.5206870673803554
-0.6718402189254161,0.08369427463081623
-0.2222204956462086,0.2685527905548896
0.40130087229283573,0.502957756372711
-0.6991491738904063,-0.03627409449783254
-1.7232783976898114,-0.5731127123616201
-0.776776188498665,0.08817809588842093
-2.2911174933182723,-1.0135334697984724
0.3388052117320346,0.5564530790165012
1.2280092841521593,0.83659967120597
-0.13349886863887672,0.27196557960102313
0.9690608884507996,0.8540664284342371
0.1449410375018726,0.3777579168570836
0.3194958031418847,0.37174909704592524
-1.1689377913799168,-0.44762780837178007
0.5372521121309971,0.518352918199823
0.16208662287122655,0.4777328707539584
0.20677375628885022,0.4224739094026048
0.6867415367644305,0.7316240324165324
-1.5976289056295214,-0.35066685225186245
-1.5331817290864445,-0.47739040609900724
-0.24442151616624008,0.25779941169024745
0.75592456858755,0.6624163950914675
0.2968367686552344,0.43435218440005285
0.6653201176794807,0.7241052320416773
-0.1235937223894219,0.1758932937829497
-0.3217193500780512,0.1081236166425047
-0.037934369208011354,0.2807955354257116
0.37226957013888806,0.498680736438564
-0.04655430929806298,0.13141312738837443
0.1226016724498682,0.4038777869321256
0.5606063824795796,0.6034170152658517
1.0148977148423315,0.8739045413463096
0.169758308940956,0.4814886424402061
0.007222493190372714,0.37372231069603873
-0.08555378084194937,0.3382510802179882
0.08843562762786912,0.3249466018557946
0.46010875558327746,0.5152174406319239
0.4381071669506931,0.5450411969158364
0.29019388224341774,0.40594421504569056
0.3882203237828125,0.4843154994513909
-2.431651413102296,-0.9211425513084276
-1.399387383898411,-0.33863724699646053
0.8849089864687706,0.6148458427331813
0.006226904652361975,0.5525494841035582
0.7376191180406676,0.7829849397753397
1.677638306143437,1.2240604374347144
0.7838773115151763,0.7612762146057082
0.03965457151412066,0.07867058876886324
-0.25492929441210266,0.1313530524649286
-0.5951983978686107,-0.1169441847867177
-1.3624549178132521,-0.2689027725396629
-1.665629802449439,-0.4436609990334459
-0.6068976904996446,0.06085655018894201
-1.9662679250378479,-0.537816284638295
-0.9395782083230626,-0.20073763745593748
-2.010097514056449,-0.7981616080900955
-1.0839987190953375,-0.1471469224914314
-1.190714687935692,-0.12470469599681519
-1.0109377313513965,-0.3865576479757958
-1.4669702200167238,-0.3736767206192554
-1.3046331452550988,-0.37744638566309907
-0.693747617643139,0.11389839486310852
-0.6996946671604691,-0.29833572003772724
0.033487907915557336,0.42346536743166646
-1.1690581960587254,-0.49256384629973926
-0.588516819374465,-0.07656777068581065
0.15885242080280482,0.5860852082313109
1.7079022356761182,1.1459234525045556
0.8690356188986189,0.7601675762112242
0.6684398633400801,0.5601073050925136
0.2828011900294548,0.5179592022953976
-0.6654818850389019,-0.17681805418049748
-0.12044992322210268,0.21761667704786153
-0.2220573574205464,0.12395042913862293
0.7681045405819444,0.6866037849955597
0.8913720395418345,0.752907534704555
0.25774754957773954,0.48152892354813615
0.23490016545094236,0.3770128904401239
-0.19620750442417498,0.16747095272395385
0.18229714337377326,0.28888076517124817
-0.8546769663753792,-0.06118365782014114
-0.739474345575711,-0.1676127595804589
-0.5393948974774508,0.10742001297318073
0.004552381256781146,0.2293214975961959
-0.032470256489705994,0.18371357711703307
0.06750822504121162,0.4032827939737179
1.0725019990944373,0.7886582343871037
1.683821928367117,1.0271279856504743
3.1535751976854502,1.9103430398130616
0.8559381085334563,0.7948515835583322
0.11031901413551481,0.41649690600973255
-1.1784851876436626,-0.19670796203747237
0.03802134587074946,0.5631332503152272
1.0812547234423906,0.9382564893605844
-0.6946315940848616,0.001695815168909827
0.3369135981826302,0.3586803913489384
0.5016499857871349,0.5890164162769516
0.5031782821256968,0.5470737416797792
-0.6959906092588284,-0.134192944486215
0.37444404279162413,0.6119715552035139
-0.03228136696717593,0.36211905030282415
0.9754873056455186,0.7712761865434719
1.3215575639264352,1.0754169257426875
2.278002391052255,1.4598449232246846
0.259493963158242,0.5279688320358382
-0.22619024912531555,0.20837815809129812
0.020526356058953144,0.4684775588294151
-1.1105407856515237,-0.18679796166212592
-0.3532902734907863,0.09026972911521777
-1.3856120169339852,-0.32019961122020285
-1.8612441297858857,-0.5828459254209319
-2.0031258486889225,-0.9967466685264673
0.33125038164837606,0.3906479822003467
-0.8996709907985465,-0.0063970474148347944
1.2107557696588978,0.6888079156695777
1.3652892689986895,1.0894538127546103
0.3778557855170629,0.4015743451362675
1.427042896704596,1.2366614146666672
-1.2304007992929935,-0.40353134112148115
-0.7893427633437146,-0.03425784297069618
-0.5227960630401304,-0.006658622426221214
2.164953941205234,1.2735064534420133
1.466180473945961,0.9603185793070459
1.4167934981688755,1.0069043569055958
0.3138965937917658,0.4694483204383259
-0.10729109097995887,0.17685056296342683
-0.8361610871650217,-0.1704855619202206
-1.3076333775637248,-0.4472703971403885
-1.5471301443291776,-0.48868482454160517
-1.1801987434431813,-0.40927877899993903
-0.9910889483417301,-0.27818420798410703
-1.253059114802629,-0.19741923661629843
-0.7556012962858413,0.16877390187066757
0.2359662456610665,0.4601953262712795
0.45997062686677614,0.5395458620275743
0.9099087473088151,0.5407616266953278
1.6878065381028435,1.3304060585714979
0.6861766506123573,0.7377787754243523
1.410988072146869,0.9440037528806068
0.6200760925488316,0.7075707412003078
-0.08009544629824572,0.3848385418648197
1.737511989524064,1.1505808884381261
0.8148679639929759,0.6277416610496611
0.5805011809966802,0.6702812650248104
1.3225101110825972,1.108208083579361
2.2268852862840625,1.618455659050382
0.9040237623182206,0.6474239010976124
1.4833739075914014,1.1478553749964369
0.6442017428764936,0.4558276965613967
2.940583053567985,1.6842699318789
-0.12752577655584307,0.11484728996559371
0.25032879920565476,0.3330094109750146
-0.2558825931565172,0.19436857297613358
-0.8758164030468283,-0.23073938787801465
-0.8408531276508053,-0.12175884276725975
-2.727054609716342,-1.0303728798927467
0.8915084496160146,0.9099146122302588
-1.0406322966346426,-0.0845677962513833
-1.503584398198957,-0.31395515276262
0.8406205182216705,0.8523707181838603
0.8999693613063682,0.7085271433614538
1.2817111087911202,0.8981540939354175
0.013805229618267023,0.41080299562474587
1.6777329827610092,1.1352440365076202
1.5035727226970383,1.0138370079593821
0.25717049142269466,0.2994179109626841
0.2824558716144183,0.47107855776154123
1.2658130242774823,0.8642973147551143
2.159586584009387,1.3712894120394514
1.1332844613539304,0.9451275898492713
0.11021684821044331,0.2960973992347589
-0.5115379023971305,0.101537210527716
-0.4265736028041371,0.005162549012648315
-0.5074923776949651,0.03571806867316218
-1.7050730330447292,-0.5556668491966386
-0.5621105845324228,0.2938366713992497
-0.9230410728646223,-0.3327816713245497
-1.7967647374192064,-0.5503902447426009
-1.0876050760013931,-0.2695941719781357
-0.2594239001347668,0.2671357492921691
-0.5132584645629135,-0.2560609853416237
0.8788648384332554,0.8618992799664524
1.8408538367730765,1.1605701261147914
-0.5149873171456263,0.040134179026968045
-0.5217349413870057,0.16497361621361453
1.5380646079390776,1.0045943258944794
-2.0623227909822353,-0.6610715850078669
-1.7856727670570172,-0.6908025585927652
-1.4989722072094511,-0.24912209685492986
-1.785239139714608,-0.49490504188878115
0.45873804210726354,0.6724823600945248
0.46625413734999777,0.5724399870930287
0.6313489868498015,0.6711715796094411
0.6256550397429761,0.7921657481449665
0.38507878459963657,0.6359554966403635
0.435807523584329,0.3615603253302637
0.20975740405693852,0.3457781227486353
-0.1855763945427613,0.11442137711419259
-0.13482968024189834,0.18780797340647554
1.6444525417693896,1.148554291507435
2.6239332825383417,1.685036027321312
0.3389371505368086,0.5136060230711138
1.3022112751195034,1.066758460565252
1.0922358181761618,0.8170033954506462
1.5187419167352365,1.2211279028547173
0.7958280818600592,0.6905128729846872
0.7945797768384091,0.6945144979726453
-0.5786180342762467,0.20704800826387965
-1.209308524693856,-0.3567138341111028
-2.1336429682193567,-0.7424477434293956
-1.0492824303171144,-0.26754618959031645
-1.8750327456447327,-0.7388365816324364
0.07868846778275063,0.3535193981324193
0.5713242939467559,0.4148879875066908
2.693020655010314,1.7899744256577308
0.8366115804583534,0.7346345627956059
0.07996842395119663,0.25896249097275675
0.061843497184393394,0.4159681490171675
0.8091945051364857,0.7626107139485573
2.794024233304727,1.6408954765354113
2.2968402860926656,1.4585452390680598
1.416820995415396,1.0353908947237442
1.4441199311114568,1.0206375977455808
2.6201994506385407,1.5615221426893946
1.7668296077585883,1.1306454734406117
-0.4450850986502386,0.025038276182184793
0.8068298804675641,0.6679479273456213
-1.3140685677372308,-0.33043552756306516
-2.4165057173993345,-0.7529192820341033
-1.1224117031308005,-0.43164567972521845
-0.3401757244612541,0.12804437408643568
-0.4552863339144857,-0.10300941124479074
-1.1274964089117137,-0.1856637014782293
-0.3871272688048292,0.13965318509987512
3.0820859572916115,1.6657443921641897
1.0288538783235273,0.7182337784975638
2.311066325452666,1.3089428043822793
0.7583855012470712,0.5716604371025744
2.7364040925196087,1.7301947255897894
1.6284311168111025,1.0895740227437853
-0.6471511331633517,-0.17622296780511246
-0.5433159662983413,0.02660375457713518
-0.3200014962446057,0.12944571497539983
1.9869243375690249,1.2452633526735746
0.5600075621034617,0.6709303755389121
2.1267867278071604,1.4180400652255853
0.26794768996552587,0.48240240028313414
2.2928154307495947,1.5056467160244686
1.194339783456737,0.9162132392321676
1.8583438343841816,1.3029507262304842
1.1632418451549116,0.8162454562845527
0.877789686771029,0.6176204802881353
-1.3200847263781426,-0.30787732746211827
-0.5134741932978726,0.050403940378919265
-0.15241008095356462,0.1267703223662965
-1.8837803083127371,-0.7780837803036413
-2.7348875326704505,-0.879498165084818
0.7354861635552328,0.5007245314938843
1.1756813218319464,0.8190940858184466
-0.36225784371696446,0.20635707443501372
1.8240115401913761,1.1866546820346051
-0.7282937846455182,-0.12593231782153183
0.319503498816207,0.394365154479561
-2.563277046606677,-1.0912611669057235
-2.6195938866661193,-1.0395772957743805
-0.3804580310550124,0.1611516597930846
-2.382376242927074,-0.8959174436657942
-1.1543605919062343,-0.07352835686705297
-0.23589168752224676,0.27832958703107885
-0.12080064825641974,0.2925500165031087
-0.7991759272640141,-0.06570800114451159
-0.9368557377487052,-0.04462315432798858
-2.431882479114264,-1.0053613175592515
-1.299574810465668,-0.31475574974670323
-3.725812725724886,-1.6762794024286272
-0.3480562207352278,0.05040548141064695
-0.14590587096453475,0.3232676488640488
0.1084270210896198,0.33924980186657516
1.485113220118233,1.1370109668888453
1.7681822113661263,1.1461843071716653
1.9381818337376533,1.429638875855494
2.4269101010582084,1.6107298894050344
0.7500362015390605,0.7253298745300079
2.5475809405558434,1.414803405707636
1.2343294869174244,0.8379321940153525
0.4439017241298784,0.6555597072543629
0.05969891450953929,0.30399752078820447
-0.878375194458944,-0.4039042481369315
-0.12170682113633435,0.43934192803592015
-2.3536100460628813,-0.803594440151864
-1.0034058911069856,-0.233362483642677
0.08993036130941767,0.1601039084638251
0.7395281621891047,0.8418929873508716
0.8216218466674968,0.6477144114353858
0.09228231182750901,0.4387201826107694
0.6527796133799125,0.6341171191759244
0.4119414536830128,0.5038737402308784
0.7933583965781582,0.6159048237151159
1.4907282519490406,1.0898997903084047
1.5341190953593256,0.9149537399811803
0.5483258342457717,0.43110130298353466
0.4641821921325024,0.5128694938393101
1.8917093261832647,1.1250049494967795
-0.5433429274659418,-0.2330507576849552
-0.39704229280816244,0.0006228280606255521
1.3154335421797394,1.1513341137693902
-0.4684566876130867,0.19403877371335648
0.06438699737358172,0.42626148957860127
-0.04707799106028959,0.2204767658944145
-2.3943393861220756,-0.9151609085364215
-2.2768326233960994,-0.8869783162728887
-0.2713763765409335,0.2877970743065751
-0.9617137479539488,-0.3825461221380055
-1.7927833610039188,-0.6087650568176721
-0.9119750705209864,0.10101395667916913
-0.9291284745911235,-0.31309184287849046
0.4982742697293078,0.6992284658130772
0.7868666137837429,0.9003758287915741
-0.7153019277650302,0.13952269839510645
-0.05296021104090587,0.2464846164823419
-0.3097164163137528,0.24145843885250434
0.512022138809387,0.6626059600831414
-0.38804214789506675,-0.004909162762994801
-2.2005003068555977,-0.9061427548293228
-2.5825046057290093,-0.856968770294548
-1.9216342869953151,-0.664088001774517
-2.585440250840023,-0.9456302831989447
-0.2302481013846266,0.0778140712678714
0.07991803865736671,0.3181188284250409
-0.314293256838986,0.10290437461525581
-1.0989215858313557,-0.3233877260415748
-2.313039264155334,-0.7760883092859326
-1.3430240385849679,-0.4894254795687943
-1.6991893433578171,-0.5719199000605495
0.5392755760679999,0.5953424280254127
1.3155963977845555,0.9197599182135382
0.36277828976789617,0.5450288248013816
0.4792509888358615,0.42765176153286355
0.799678952091649,0.5630945690182108
1.5706494838702367,0.937660375934934
-0.6923815179288038,0.03763376321093832
0.5606616353818609,0.5080289410241624
2.183237556822325,1.4955151328431253
0.8486076296500193,0.5953563742656836
-0.5398226963826541,-0.06181702431111792
-1.5870213831981725,-0.32651243650773676
-0.3275290749882378,0.14642172988006455
-0.5602210040301672,-0.09773491148060799
-1.6160796508490654,-0.6973618390067168
0.8918578401975661,0.6822710651376789
0.33842038101180577,0.5178246862844983
0.6171731459782221,0.5293198020360546
0.3177771643770797,0.3359964768175271
1.7480408934636649,1.1879585349436852
2.630370008515107,1.572608950104546
0.8219623390993371,0.5989054796704538
-0.6730930486960768,-0.24994271907258894
-2.2903669421992614,-0.9130732662652846
-1.6331055581576268,-0.3949885455882588
-3.2001311706018454,-1.3007873570180257
0.6959121509455133,0.7008947831480339
0.7506795464755219,0.5487623015823764
0.17594393274630715,0.3575682220206248
0.8682136744731459,0.8487949805199501
-0.33751912099203374,0.3258276819981525
0.18701479232640877,0.4181595921538854
0.642179949635131,0.7134207736874576
0.23075138392610178,0.32057494419066446
-1.5284211443579931,-0.3738896632778813
-0.9171128353245891,-0.08300315543270281
-0.8764579968114604,-0.11833793846268993
-0.08724302489501368,0.29371919360735166
-0.379046151056166,0.04468744449679926
0.4282047403804678,0.49610944448679595
0.16332625740478368,0.43610589322629667
-0.013794609528704288,0.17283169537498067
-0.018023834948783554,0.14062012829755458
0.29975776337101856,0.5803098346598063
0.7732937115253576,0.7339700427910044
0.08685212213090998,0.4606291338191003
-1.579888434806936,-0.4545812672522161
-0.1484707397191778,0.2789503857279249
-0.6080264174462633,-0.10835864110061594
-0.3295350225387314,0.14986637257540397
-1.1994410366222936,-0.2560038152909778
-1.1086097579519976,-0.16750517572377208
-1.6212778044974723,-0.3607322217168387
-2.5084861868328177,-0.9879686434713342
0.5854156938539223,0.7432487358444622
1.5213123052432285,1.0714739130510853
0.9248434747867191,0.8331037975053879
1.6497109162071033,1.19313442378711
1.030580759364026,0.5574717414149721
3.2819237531782144,2.0708620911076863
1.0008635023292265,0.8770972267708659
1.0922523721033144,0.841194852328946
1.770339405327851,1.3537382410215602
1.0714881998268084,0.7560909261221495
1.0655919031738328,0.8175436316645438
0.6107880300933647,0.5353608413116752
0.8605777047558143,0.8360856180788536
0.36947722602631683,0.5365576057953133
1.479321394568275,0.9480304301544362
1.6777962111680838,1.0402000815143333
2.091710399355412,1.3126914213804581
1.0716859694304837,0.9584195866344419
0.8460108089386332,0.9612982411307309
0.08277779470241053,0.2549201991697088
-0.6209440951404606,0.11490520142681121
0.4206457564610484,0.5485735592951854
-1.3881160463710693,-0.42523275980436415
-0.8684630041383357,-0.06727165094646978
-0.16783227172677706,0.28941139489020085
1.4805412938506248,1.0017644287878191
0.6810742526993697,0.5998778827480133
-0.7675425521074053,-0.18766375650926415
-1.046471148426549,-0.15491470236278315
-2.033368405638651,-0.793336467631629
0.29226182721701277,0.43706697218418733
0.4751625025144719,0.6261908040680533
-0.04573658473693282,0.3669817931063192
0.2768402660514008,0.3661779562568005
-2.7775389480666877,-1.2294938458269646
-0.6398563317431825,-0.00023890013345288785
-2.580084244172781,-0.9338313881599282
-2.1467555858307485,-0.7489837137101895
-2.2601260143184883,-0.7398238621299601
-0.8518343710823735,0.05701844345778376
-1.4968464011760507,-0.4825557979185436
-1.1376854400680316,-0.29610330997276413
0.36697182868789635,0.5093932726897147
0.02899307192218631,0.3699919559422208
-0.9480650462761383,-0.28421337659097257
-1.2331453941764439,-0.36915999743649985
-0.899581006301254,-0.1280307743304207
-0.7836187804793439,-0.02563342050237226
-0.579819363068879,-0.08812847284108952
-0.9566272558733147,-0.1284708896507143
-1.4560297602305468,-0.5298908538143372
-0.7658136214907884,-0.03060876301019755
-1.038550367807764,-0.1815944673240023
-0.4923476441256461,0.11911378302777059
0.2971061135887885,0.30200541993800595
1.1097786604350661,0.8976702907205182
0.894811274182728,0.8726006545248232
2.330404313112205,1.4682048043406453
0.2989051238972096,0.28670700873097577
-0.893052192301579,-0.26712750077998
-1.7106543498918563,-0.47572422663192354
-1.9626155138084258,-0.6399566786854652
-1.8634028217636334,-0.7110817434025842
-1.9315368418718644,-0.7086907733430048
0.8552522652467625,0.8288353087029846
0.5144780296890763,0.48972214307311024
0.16313451060048495,0.2571964384479999
0.6686001842667098,0.6219655178133084
0.5406050894902813,0.602055701117904
0.5051779279018529,0.5899337165202185
0.295894535746392,0.42311414263585606
1.2862594235573042,0.9429500849938398
1.3531769195629273,1.0291080083812492
0.43411297816719696,0.3046215760960592
0.11615540568653543,0.2062473039480105
-0.33141309711890926,0.19885185651307302
0.4414625891246596,0.30496820007125336
0.858658469469672,0.791586472604931
1.872678810296195,1.1658140031198987
1.2344186663017702,0.9419450639347631
0.3780402730772866,0.4612397492267842
0.82812508097558,0.7951846191085126
1.4049280391315504,0.9251546640148774
1.8191684715372836,1.217038432243819
1.3613593924441512,0.8419237845024017
2.0247861573074495,1.4251211594092585
1.7470956675653626,1.262491604328723
0.9008066927577683,0.8165065628935336
-1.7482631286734438,-0.5477277138031794
-2.381784557958598,-0.9806146842740519
-0.6689350959415957,-0.050646129036076175
-0.7025825608443339,-0.14764494809042839
-1.8808836579804762,-0.7392931485233825
-0.2760205935535821,-0.02379708561150068
0.12351035893827295,0.3023451514321125
1.493281940593879,1.098063883332057
1.0526449530601976,0.6399701066509117
-0.16071529235840543,0.16391267184949787
-1.3862091099631078,-0.5067625847225475
-0.4639369004281939,-0.2237746927786216
-0.6403387956104684,0.06606047702141987
-0.27474054554915683,0.1588763052114026
0.7098348888600288,0.6304354349552934
1.629070677716594,1.0621875286508822
2.016215010844893,1.441399003690895
0.46024806010956854,0.3372874645599737
1.0662388536524299,0.7244255002561854
3.1917556743939395,1.9151694241775101
0.26140761778251176,0.35772066218463344
1.118237836675637,0.931166692457651
1.176723205983045,0.8824053802720647
2.037851272468864,1.2330895287675467
1.0890723366025645,0.7328710513357338
1.2485212153623988,0.9945693848652714
1.4025550448175421,0.8459575244576075
0.7591360718875229,0.6404825434509656
0.5037744737312566,0.4387096016042446
-0.7937312745900182,-0.3972451233221114
-0.5370010058863665,0.07706745085738922
-0.8346807454089351,-0.24055118805736275
0.3837669542420121,0.4047775679187994
-1.0019124622058846,-0.14289551844700063
-1.7131622951059748,-0.5440369834586494
-0.990037183488726,-0.1495020716931731
0.7687095402033387,0.7975712342883636
1.4058138339917732,1.0626535379493143
1.1875725937708297,0.8026630862517137
-0.23269879706571195,0.15953642347348695
0.2992161260121464,0.4997867927220804
-0.7626172232684428,-0.08401801999123164
-0.9719113005525605,-0.20732738222749442
-0.9554988724507303,-0.22011379935087683
-0.4669133643669202,0.10738960134115295
-0.00033745022119247015,0.33152495736570753
1.1173179689091566,1.0823748119818675
0.2722578442374023,0.4928830365834728
0.6324636300116002,0.6051075636472784
-0.6732815445012164,0.07953919312563279
0.28680155161741294,0.46317488834718223
-1.5056566068855468,-0.5173521245646787
-0.5978259265731288,0.027496634055794264
-0.1622156975399574,0.3018995181273671
0.42034277214332755,0.6039001888047013
0.3916200716677101,0.49854014720509926
0.7163565079881298,0.5261332798334046
0.7395213263416622,0.7316743915957549
2.73160987968658,1.6916023362706487
0.22981878210261586,0.4434265653202669
1.5650502930008858,1.1143579818666776
0.9099813577117444,1.0705744722889614
1.96339750979201,1.2508893255142377
1.732154446227278,1.2125997650365852
1.734261847799157,1.079404228931337
0.6878475829234838,0.7591179693829515
1.3194453778771613,0.9180368761680686
-0.5559662779124044,0.1026410638428668
-0.5737328462518925,0.1914755009462932
-2.467473452331667,-1.0008075933490548
-1.893734644203687,-0.4979831967101936
-0.34886846745761946,0.1995371665117462
0.32044883838629995,0.46754301161761086
0.034646591170000685,0.3542243072698246
0.4481801671465402,0.37153210512970347
0.34083670011021316,0.3716687584936276
0.49244927574701675,0.4193134965079563
2.0802906461625255,1.3925120460895077
0.4101062733406927,0.39455552468054866
1.8797224582239245,1.169384997256447
1.2564036170020492,1.0988440523313947
-1.243167514715688,-0.25207920763761404
-1.2440706594617457,-0.25120289340378876
0.7552540919381225,0.5768349959518653
-0.25268410255040685,0.15701795282556782
-0.6103308604363019,-0.06390858353178525
-1.0335936289394094,-0.2606782793845879
-1.6267264898610292,-0.47119784498211714
-0.1721300779427236,0.19187037689505274
-0.4451740271908663,0.08133265211559099
-0.18545329236408184,0.1703297306928473
-0.6221678936548168,0.02655534851528675
-0.16109685670125623,0.1873563447187689
0.8513499061223155,0.6785530995904132
1.05889369509579,0.736868393534846
-1.0381168611895109,-0.30413118896345337
-1.3917679051053053,-0.36560836656125256
-0.29476762555912783,0.07194059290617758
0.18144184116697154,0.5162227721038402
1.5053329896091716,0.9709832859887333
2.278331609450393,1.3629945093347904
0.3366284969423581,0.3954360221605051
2.0525784242856435,1.3370090174558735
1.2956029652725776,0.8955142317521425
0.9638231859598527,0.6905220149781304
0.04630471032732697,0.42136079796760084
-1.4963118856516087,-0.3574018530237928
-1.038644258146056,-0.12858085309589995
-0.9163856747682386,0.07313505193581055
-0.09641624469964283,0.3178650483177249
-1.4813218562558346,-0.45674470770156844
-0.868206458994469,-0.1413719851761346
-0.0070350665385197075,0.23487885173565357
-0.055141311696881086,0.16348594459022703
-0.9952435939937309,-0.1277735710912054
-1.1282090990359603,-0.24820061634404963
-0.25229132022664147,0.16621880178437978
0.5229420549380874,0.5288978677686386
0.07432222036945896,0.463455477948233
0.08999823990469948,0.38349467727972286
0.17898974644917565,0.2974921985770187
-2.9299273347993164,-1.080115731520265
-1.6659663431921383,-0.6049791096594865
-2.2976191077510206,-0.8436264217790619
-0.966172964255599,-0.25333129068109894
-0.002145829179983405,0.33916483686499904
-0.30175348119338563,0.15316128523232064
-0.20829878525612305,0.0700008936644716
0.6350750746906061,0.4819289388936582
0.11305193644719219,0.33644239864400155
-0.8028335672072231,-0.24201021135061
-0.6840609516178557,-0.017685880741673515
-1.4912092456382717,-0.6150801821970004
0.23821203584901363,0.2905389370039456
1.9895735112807638,1.293411445391938
1.7709156347325459,1.1697192383710315
0.9386345574759904,0.8019626934483677
0.9742401833712424,0.9260509321290218
0.32420824790758385,0.36200715256518357
0.3775336895421304,0.6916618236401204
-0.5612842518407676,0.039265571005987515
1.0228045026699082,0.6357754759477102
0.7285143978362862,0.7047025404839113
-2.2825358090838854e-05,0.34718834856004877
-1.907043184707005,-0.6394167499767383
-0.7716417067535386,0.007547878546490666
-2.766173304573709,-1.1083819965071868
-1.0965342524623625,-0.2408900597970804
-2.078033414471871,-0.8019523279093922
-1.389352652130153,-0.367114433977176
-1.8772944750224332,-0.7938239652493766
-0.9420950901767107,-0.24559317017684384
-1.3825181606401742,-0.3301541799870478
-2.0652790618548122,-0.6939171972237469
0.06157884167265104,0.3271957937854669
0.34730143310571876,0.6515522828807414
0.5938710528359983,0.625705146698338
0.11486168092073129,0.27770646902981194
0.5005396940269369,0.515937686257847
-0.6881228719249657,-0.019151978089164308
-0.35997850619044286,0.11174250785082515
-1.8037749621364423,-0.6212510079107154
-0.7086063166925582,-0.11835006933534341
-0.7874354357678311,-0.06496946222444103
-0.39878678805514756,0.25213349958985043
-0.839451200647733,-0.17893059284698537
-0.6591428943022407,-0.18383519785631125
-0.8941633354901575,-0.36331064154925913
0.5197491841967776,0.661664766147949
1.832912365396016,1.1428701459355963
1.7370623243979095,1.1659615245983774
0.33463089781012567,0.6020938492654326
2.7166788898613463,1.5183333328789232
2.490108614612887,1.507546195414986
-0.8876980195777677,-0.053709900381067724
-1.6661168164764737,-0.5656698239999158
-2.76650148316281,-1.092322021146732
-3.7464966001304028,-1.447171393913312
-1.8560978910824142,-0.555043305109097
-1.273865753283568,-0.3396227739354461
0.3735488623103276,0.6962561748544818
-1.4277226064542463,-0.47499747223396827
-0.8243311580162876,-0.02299518851491056
-0.007807087009877867,0.4797910961909868
-0.4016863165659387,0.04144274539609036
-0.6403924587461152,-0.039471085969565
-1.112207626869003,-0.25117380895140395
-0.7482128372064987,-0.0569596312737755
-0.7957100812020332,0.07665793909673008
-0.6277944788867573,-0.07062408571222686
-1.2376460694501006,-0.40991720543150173
-1.2696837877572513,-0.4244901052682269
-0.8923065231197088,-0.054976590771617304
-0.10186788074359487,0.2652638336827722
-0.8939476792624368,-0.012964150146397152
-3.51402519648207,-1.4919185196941627
-1.5422541403650645,-0.49933987060210633
-2.8901722741377434,-0.9708444953817242
-2.742533805716832,-1.0173473550924579
-1.6588410567635807,-0.7893371520119471
-1.4346493785335908,-0.3763774010103415
-0.5753545326376779,0.08027042671539966
-0.5904343956987814,0.02347120997019868
0.06873657093174956,0.3353327851093609
0.9278812097756115,0.6458084033810098
0.26136649376565096,0.4810842641407177
0.5542959767036009,0.5234007345639518
-0.2183346374368914,0.2907489254632863
-0.1525722535629026,0.2868769800121188
-2.1975796016853324,-0.7351001283132949
0.6846746407808904,0.644189363706419
1.5880112240859101,0.930969982287665
-1.403143994938987,-0.21741908963693862
-0.33585219522030807,0.17508299241818626
-2.1537011516609237,-0.8972557566394088
-2.716571995956068,-1.1741882743669194
-1.5944695947051364,-0.4527116828812414
0.6044708669804959,0.4730046910008744
0.15482246885339934,0.46221797487576405
0.4268522062738647,0.5537407261115103
-0.7926098166462243,-0.2427321982458032
0.741085119423778,0.9204496401130652
1.8799032979419392,1.240047676042551
1.615812571660524,1.164907300114102
-0.293529380244717,0.14526668866040093
0.004140104806586387,0.292698592269421
0.019140264079154434,0.2904028785255815
1.9378612407738587,1.171929383428488
0.7965561532798702,0.6791728317287168
1.1452447871018268,0.9161721230720187
0.5735598824357886,0.6487817839565772
1.199881792637305,0.7946541257976606
-0.13893236288414001,0.17501001498425156
1.7237009147279065,1.2399250099943036
1.509539149719124,0.9248234028545624
1.262326529248849,0.9107251090438954
-0.1590473859364966,0.1460499858362631
1.4364421958848952,0.9709537906672452
0.6511468964298248,0.6945737508021543
1.4248677755143047,1.0975574755400754
0.43839279650695706,0.5126986840328365
-1.1478870582731484,-0.30957660818591676
0.36843351942615155,0.5397688421621893
-0.624238918424503,0.1859693093604138
0.5132098399657182,0.7784818757707035
-0.8336566510557311,-0.18124284817374892
-0.3013361277988395,0.0620220260005737
0.17238109858265183,0.36138741025381155
-0.4804901187451241,0.0735272649529988
-0.10690851058365414,0.3016242958498345
1.6895090654126033,1.1361084742649197
-0.440922980366552,0.23025791449106434
-1.61779467477567,-0.47199484880028286
-1.2842140345563822,-0.16948565006134314
-1.0600565539022009,-0.3667267794918886
-1.108750143474376,-0.22203661684658593
-2.271328823485761,-0.8356977582707422
-0.48343891700045816,0.0017773277332671505
-0.0386270643840983,0.1938703430275151
-0.2352763089339051,0.2614656515989699
0.8782606258317454,0.6046378506008936
1.0434614631859562,0.846785690260964
0.64001035884847,0.5447921716139326
0.2633716684415273,0.3747473581732549
0.9889617753967466,0.8638030820165704
1.0392539329079629,0.8357039821011714
1.1602570552830422,0.9303747385223925
0.8904774022412569,0.9389783454605348
1.801222689246022,1.2794466648627643
0.7468853596287586,0.7352951871678503
-0.19855622794868266,0.03225655539452521
-0.050206543344057414,0.24525054777351218
0.6370984923944116,0.7195617909755379
1.1763915380681995,1.0295201963694913
0.04494384233538751,0.2794148770322122
-0.6866456527434105,-0.01104045669745874
-1.4305723087099418,-0.6142097658450805
-0.4776762077286118,0.07009784719514577
-2.2553719343162757,-0.922598483697206
-1.0922174591976974,-0.37448610853414244
1.9278850552729048,1.1551243287653303
1.3455161624450844,1.13511418402242
1.0637139483708111,0.8860319648589245
1.345016703490894,1.1125882229449957
0.263042542659479,0.2908341651770048
-0.018964840131736938,0.18344144548993602
-0.2953971323642397,0.1280989305167966
-0.645202207604886,0.02279783337236302
0.9819753101803272,0.6750970356239695
1.7397912752132023,1.189892510230965
2.0207047662929805,1.2651222382640865
1.5438028807377786,1.1170269243101918
2.4736160808737067,1.4339908271606374
3.3800379860015415,1.9771170798732203
-0.5893508667942353,0.046665741557902776
0.8189898486674291,0.6738545778369316
1.744305342317417,1.0648687302197617
2.3113831704279963,1.3450367543535118
1.2873479944526862,1.044960007661776
-0.19389564683351246,0.11862319778849138
-0.9139288845086327,-0.07336149121327681
-0.4664081372098746,0.024576639244810683
-0.20476417415914788,0.11284512748201812
0.08782509007021946,0.44744937580749516
1.1240100419101402,0.8701155600691964
1.0338097569729077,0.7882709840942156
1.415670844329402,0.993057801034692
0.7750322299222105,0.7985933890997853
-0.9422003174608536,-0.26006298042237636
-0.5839477707829602,0.021730893222382287
0.47317062351391415,0.5505425982057616
-0.8290956013907044,-0.07539886847970803
0.15209183479273858,0.3177180043200279
1.0569818011892094,0.6670763261744639
0.4530483338122179,0.3157564005881015
0.4582512234728708,0.4897488926804804
-0.17741412382425947,0.20239573243998193
-1.2725128953628875,-0.33113222698471945
-3.3579643778439987,-1.4002108192050489
0.503355880227581,0.5261829757230675
1.8427163600160492,1.2029897579025424
2.665716196968609,1.4781804526915374
1.9654762467016456,1.2967234727474932
2.8255357964754486,1.718944584075554
-0.08949327203830593,0.24438866030379425
-0.9738727380511997,-0.2071539953433282
-1.3929397438623186,-0.3451927040769221
-0.7065616691701215,0.03034692926988089
-0.10336513549416848,0.17410815492728401
-0.2753794680037883,0.2928994935129879
0.5537369892150537,0.47372906591775116
0.783899117536258,0.6571717520638922
-2.317125876280833,-0.9015319895771041
-0.06841708326376716,0.40866017984794456
0.7392603513657632,0.6771691216288883
-0.07437245429020956,0.44205237820544635
-0.004596445901664123,0.3183433356341874
-0.45336321614789027,0.2948538280978099
0.8638725780915094,0.6979757193882079
1.6924199817119194,1.1693267389444162
0.5738814069063748,0.6294447876285187
1.4615403523020092,1.1468349669061686
