0.6774842214919384,0.6033404610241615
0.4186109600356174,0.5165394863499218
-0.3451519895514323,0.11638672196670878
-2.895144539419529,-0.9209145217509965
-1.3949928465217591,-0.49897206415676415
-1.2589154240248102,-0.11328616873278025
-1.144634171504397,-0.22991540338643301
-1.0547533271643725,-0.29013822429211633
-2.043786519147398,-0.8435965035496321
-0.6961777068625323,0.07590204867725085
-1.6738071804968069,-0.5613685209644947
-0.5587083480087417,-0.07055186187473303
-0.74906312375913,-0.2995579650006726
-1.5069402506667968,-0.4095300675078603
-1.451830556475737,-0.39128904857850283
-3.130915207221171,-1.2918837257735207
-0.5450677310659455,-0.021116745326986347
-1.9096479640300201,-0.7308922811177386
-0.9972329787292623,-0.23477395188211986
0.17430224234582226,0.5377371119206161
-0.7592106215081686,-0.18647926812706014
-0.023704128267526214,0.27859092256069534
-1.1604661015049826,-0.4064757584200021
-1.157869131142344,-0.2806739132362784
-1.538847142395199,-0.41443088131892714
0.6794573542751862,0.5839815738088102
-0.010411515078035616,0.44401693344642623
0.06560727280525633,0.35600475331253495
0.6735173248519949,0.5822987050259668
-0.45011991239034554,0.13417517286897665
-0.36155730357749427,-0.0049066215778193895
0.6142260702969121,0.764404602665594
1.5312169930451391,0.9761210804050158
1.7863439593754105,1.1305374119361524
2.0270460872816316,1.3764443319741304
0.4443471363902036,0.49061219916780907
0.23671600809312396,0.3936282710171882
-0.986004840246501,-0.11717556627522714
-0.11423500729215696,0.18912345241806372
0.4743012629373354,0.49725861410697564
2.6633404381174457,1.685399590816961
-0.12630805575724646,0.2563346947423494
-0.7848782601216867,-0.02988435720970274
0.413117978149395,0.3914336132285366
2.2051192510276003,1.362567109113292
1.2062442035411767,1.0277795315341482
-0.08973095052299374,0.15231940129196
0.38694545497403066,0.4304711806701366
0.6505176592552946,0.5785053805644691
0.5627786972030042,0.6242428242124468
0.5771293007983286,0.634136011461057
-0.25692922667332363,0.1139488032933064
-0.020841344962269387,0.20759632056770277
-0.9363827042397806,-0.1814328860701569
0.19480591420437998,0.4280523492935792
-0.6693515943306634,-0.318725308235141
-0.4460609547890082,0.08001945743896918
1.8562218905996501,1.042193134617055
-0.9135954894334088,-0.1683167666716127
-0.1902595693100706,0.019243745563723103
-0.25018088593138293,0.11445558163718257
-1.6257866580406528,-0.5481985488243394
-1.3279289099528278,-0.48941600923018114
-2.3290274785505494,-0.8043562896002043
-0.32077901586007573,0.05486541669483219
-0.87584600657612,-0.09894376215709494
-0.8202525666044216,-0.15130929447097238
-1.5944805269972675,-0.5080293838823582
-0.738432174404281,-0.08605799382200222
-0.4625107859864688,0.0012328172624300193
-0.8539008131027037,-0.100091642438222
-1.2563389634220015,-0.34748328375478993
-1.9800693521368289,-0.5088011875919879
-2.9854740554589574,-1.2465872986660005
-1.415913205171359,-0.16508770968082723
-1.3870345575562517,-0.5194747355992828
-1.1910555319776375,-0.23621983459266585
-0.6201610795398438,0.07810119180359515
-1.4909007093791469,-0.3374933342032922
-0.920620523823771,-0.14279769984986443
-1.004214790647184,-0.11777849512825832
-1.537550569112966,-0.3901288584971067
-0.9784425531013385,-0.005654914701516661
0.01850498500142339,0.38844170381770116
-1.1820320833801534,-0.3310048471310873
-2.3756036650835535,-0.9115723431468268
-1.3370903402014653,-0.26764503682446283
0.10584569283067391,0.3242518103193823
1.4330010511068347,1.1260485871567203
1.0860261069979529,0.886102869927057
1.8414247970639916,1.161436985804723
0.2257904637020871,0.46061048341385646
-0.6172723694168865,-0.0396578024802771
-0.6428330952774772,-0.010853419720271687
0.2485358102866133,0.30269904672731773
2.117656849748668,1.3440552295310213
0.3003398586305219,0.4125876777478539
0.02359379326950145,0.1519078102856551
-1.628381671357236,-0.33095466650040767
-1.9540930949716961,-0.8781522217361221
0.06849883586822747,0.3484159002187221
-0.994431433455192,-0.23219677280650602
-0.06747515408673255,0.2595536035656514
-0.6176444403517396,-0.005977699308394905
-0.6400134557171167,-0.05712598655249473
-1.110199863548854,-0.3514792705781616
-0.3453328189905062,0.11071472195321402
-1.740950080926796,-0.6458131979647669
-0.5892930565147212,0.06475594808830312
-1.438040836081738,-0.5580517265461207
-1.6701871324492878,-0.5695369735165773
2.068017424374201,1.4010768374303488
2.613466877133212,1.4962503162545517
0.9126660716448141,0.7827467524705958
0.24476997230502068,0.4224814537512682
-0.0790574706749459,0.40750935428909874
-2.5765350375903076,-1.0204979267508776
-1.902491497318067,-0.7871457425331194
-1.5366452347097665,-0.5329517947976324
-2.181915136501077,-0.9588384362983916
-2.2826850694862775,-0.6370971851491398
-0.3860792654318399,0.18812052778911953
0.10584789743182027,0.35468998226905246
-0.9738972865412729,-0.24504806491713715
-1.744775521579228,-0.5102724013242271
-1.2824919586044636,-0.15436919654576747
-0.14765912412739668,0.28531453025845205
0.5270576239674936,0.545964452475101
-1.2835258393942333,-0.179238834858576
-0.11466694338262928,0.3086171956922195
0.5168422711181929,0.543867278885621
-0.11325730143458806,0.2612975830704883
-0.1832924930302621,0.30360159641302337
0.9698520917068533,0.7725437903334469
1.1898055548351119,0.9501123397196932
1.1454878389984846,0.8638050442712861
1.0610236819607275,0.7772581353557054
-0.9090148071337413,-0.08683971830714775
0.26316850561251437,0.24405746678949747
1.2425931506455101,1.0908640611261013
1.5721942436004943,0.8888921075689963
-0.7509059692998155,0.023383706082885286
-0.5228157702686923,0.024420298582846403
-2.0619743426224053,-0.6997628133124084
-1.7265613660156967,-0.4530850263840283
-0.22640718259318893,0.23460173134781037
0.12343557117832077,0.3441144964079216
0.11620120137741134,0.34681213153962115
0.6312356353685323,0.7475716688472929
1.181527899509684,1.0093168600099858
0.4162405475833288,0.48303739603463763
-1.4604986061915408,-0.5038750467192575
-2.623931288775622,-0.9294035586527337
-0.801039651267394,0.0038684247856508452
0.021004986366470857,0.3193999723678217
-1.7766055905099363,-0.6648823837250155
-1.3289435290655107,-0.30268365917190687
-0.4718863346883352,0.14531263322549137
-1.9319099972739318,-0.6268342604607275
-1.1932826732861899,-0.32906056229942815
-0.6385359355546367,-0.02888029942164417
-1.0456380998636636,-0.25305027634349403
-0.04199941793615092,0.23152455637453578
0.6504513862402681,0.5347821428725522
1.210930401050374,0.911777969708899
1.4514212448733463,1.109518686440509
-1.1267186293120082,-0.14626943440085866
0.42336913313975433,0.48024729573124075
0.7978489499672258,0.8007045875131702
0.2743769350773837,0.5007383782407725
0.25011291373628675,0.39963799745845285
1.2874156602357452,0.80311246364709
0.3143168301837722,0.2121861218970592
-0.8955101710256275,0.04420958947347137
0.7856377925839642,0.628696229736905
2.6037495427046773,1.4843527259698739
-0.12370714517484105,0.2716539034521989
0.4977866428096632,0.5625082330430546
0.3786687911050213,0.5082091037095139
0.9656022488721392,0.7784630310274909
2.3820613376586923,1.4547459012185755
1.8048910014655943,1.197098526822386
0.5878626086381231,0.5929245939427018
-1.030533741250008,-0.24254502172760528
-0.8128433787782692,-0.21347502195636942
-2.2556834873721447,-0.8636063249835695
0.423972891424528,0.4900114692382844
1.5246453595270557,1.1148440612559416
0.987309665948558,0.8829754019157794
-1.1000299994901088,-0.21687529346648124
-2.1384650001596963,-0.7084482202364407
-1.3814134536130027,-0.29755212559660926
-0.4407795746631682,0.029587292692452735
0.5821058386826232,0.6115999430881686
1.9369254980210882,1.5507835365124454
-0.8042247422802387,0.04606464682989461
0.5667660335692377,0.5258202274118151
0.682802286644272,0.45657488394938206
-0.41563360676075134,0.0323103688272533
-1.4883385145949362,-0.5630156429443045
-1.8599547413397586,-0.7683395036618534
-1.0567379273285413,-0.2660608408962486
-2.1038526000143056,-0.9311811685136768
-1.399347102477138,-0.3871558976170361
-3.0620322535687317,-1.2524841923309094
-1.2715256516710542,-0.5078322473049353
-0.8055802959332566,-0.2058385412129782
-2.0559561263604333,-0.8216423651180768
-0.8399918752686866,-0.09485083801515987
-3.0091911695883042,-1.2057481432801556
-1.764900580400584,-0.669193812046255
-0.9303809737046489,0.09019481099208504
-0.40168252942865396,0.12457106341754638
-1.2325183558939448,-0.22951811718535906
-0.18850303844051397,0.2832704690131583
1.7561005104173215,1.0472832692907479
2.426866987897033,1.3678474338660789
1.165559460167846,0.7879028524129381
-0.3348695948980014,0.22553187443802794
1.4355267303647148,0.7338501651026421
1.457197909895014,1.1768215196991099
1.10086789234356,0.7415749454836575
0.7275410959818972,0.5156533453455067
-0.05490521653354863,0.20282397584753184
-1.1197894593026645,-0.21480053569578753
-1.6180430208231884,-0.4380707761577033
-0.8454839412885049,-0.11717687528220613
-1.5307677564918274,-0.4798078857618571
1.0889099944059302,0.744099309742859
-1.0523372803384903,-0.4572013996356078
0.14910015539523913,0.4205628122051829
0.314265903732357,0.57565353022433
1.8708134524320659,1.2122567760772476
1.0374388526937832,0.7205341583345087
1.1567715656296498,0.8125509549243729
2.062705215191902,1.373536895079797
-0.21752177064520595,0.08254102803083496
-1.6761763367787461,-0.5543309592107186
0.577033722282609,0.5895819546506752
0.42877635657865404,0.5354829419934629
1.7064859050944705,1.2726483737035599
1.480804857572211,1.0677424683046126
0.0658086493887664,0.44223385002610704
-0.3507548619306897,0.02353532770411769
-0.544766184644188,-0.11904401711954496
8.200574559114049e-05,0.35436698472017575
-1.008561779643809,-0.19155917718697613
0.2667761481847719,0.24627864214750375
-1.2720881139362064,-0.4423309559271153
-1.7804213802876823,-0.42051861666446755
0.7736989031110915,0.6728164904149289
-0.6896814648771342,0.0982486775546414
-2.184993722270515,-0.9572626098575854
-0.9549701946314105,-0.15574121515468636
-1.305307361625868,-0.27168938843236357
-1.588056378973472,-0.44241852007524
0.3438950367255009,0.45752035537251856
-0.7643938648743879,-0.10388996111880365
-0.6361116532526079,0.04826912848587224
-1.4007974435211565,-0.560655783296526
-1.8145246846984682,-0.5267233434173019
-1.622843139284527,-0.44357609176263674
-0.0767199262724314,-0.0037899331865569597
-0.6246294995081318,-0.0266034286253392
-0.5205716703661891,0.10598906690244737
-2.031943943094084,-0.4893308449683387
-0.7506934003110448,-0.05218190445878672
-1.6327189230633314,-0.41882511795716776
-1.4969328680281857,-0.31648525150102796
-1.571931088153859,-0.4906184068640557
-1.609597949838009,-0.43230624106181104
-0.4141994228069411,-0.059626509715939746
-0.38082368198906413,0.30200528042133523
-1.1727012006456161,-0.38558114250625897
0.09778829947389711,0.3712292846126688
1.165465238963406,0.9419468447018795
1.2667987472075464,0.8669192204151956
1.3036524417149513,0.9405485435322435
1.4109114763355906,0.9097883571323885
2.1036710656324367,1.4231059104628092
2.3782666056295954,1.6051013699735148
0.7477500778501145,0.7364313589278295
1.3601820820215922,0.9481630666765269
0.9008845442881864,0.8282220669191934
-0.7054896090747127,-0.14875746962354183
-2.436091183886699,-0.7852675250875983
-1.4125768661054878,-0.37671451985075805
-0.8173905644315732,-0.08490831043707991
-1.0123758834876007,-0.2514977444382871
-2.1674655131893807,-0.8350307960661232
-1.5186086068699756,-0.5099704406277431
-1.2969534033265333,-0.40646331127631563
1.1656456034397422,0.8796943323087085
1.1662421125159774,0.9289437823276864
0.7274870842886134,0.735597827834285
2.0603568150348015,1.3281357461335834
0.9303019538932227,0.8161768969774478
0.5117532982112424,0.5312442448701002
3.0519729816538814,1.8077868907853492
2.845414047536825,1.622262738830676
0.9875772103375035,0.8454898452304876
1.3986321202717487,1.0697861945677105
-0.32373701804896693,0.270646607926739
-1.0381245868555766,-0.2611073310275927
-1.137654513542919,-0.14619466505851758
-1.0929047538033938,-0.4839196410968043
-1.1311601444111177,-0.2236204433352082
-0.3883015230567669,0.05009164102568835
-0.764886541832286,-0.02666463849549844
-0.7540017211099802,0.024563076166733214
-0.6393125301702208,0.005433622724588784
-0.008273972608713653,0.36031214347847884
-0.3536049111134283,0.04881942878136776
0.379026523235549,0.5548454049986951
0.5317733781272425,0.754202254790624
0.04614195758554507,0.36052978430864285
-0.23773006685258405,0.227412770023305
-1.0589519212386174,-0.3124596297441533
1.129668718624682,0.9342718245544583
1.6599608960995305,1.259285558909648
2.275185947750602,1.4825807932298785
0.3276736339302011,0.4999557554991675
-0.047333478809499896,0.2173169357266518
1.570242948333806,1.0128468769075887
1.106186606174862,0.9180660155526739
0.9512385247504828,0.8216492166845742
1.9309057861850913,1.274523537184203
1.5958260051668476,1.0910231209214523
3.6572234992173183,2.2463651377761993
1.1239772000809336,0.8590522388529952
1.836566415265685,1.1107372194477028
1.6269480289233074,1.2045286505765989
2.0984694900649377,1.3360761701372148
1.3967068726639575,1.188034785122905
0.5333621807072748,0.46287664762768765
-0.4628023214584731,0.19161526208501384
-0.3076688413494114,0.047833183458241044
-0.9287557208473218,-0.20054990883864215
-0.9742765763187802,-0.3206356034789123
-2.15916493527936,-0.7869925600518931
-1.6631461303193324,-0.5686827579076882
-2.5022652709014057,-1.158893877978711
-0.22718783683444221,0.12158257026415822
-0.4010139174327354,0.08454662200927004
0.05146242378638405,0.3353478439951177
0.11925409133246567,0.10357424701038564
-0.3081229364830326,0.20607425074809502
0.546711336244375,0.723314903835198
1.9764768175318597,1.4120878587107155
0.8167751162530028,0.7834686332116743
0.7678842969804979,0.7920529735950825
-0.45803595470185243,0.05176434127792513
0.6612483644890432,0.6925156894663669
0.32265183699614003,0.4455634384275188
-0.2811040935549655,0.06847456751156089
2.65563183147012,1.7516105052328015
-0.16919261911856798,0.36258232069208773
-0.25622666265997823,0.19136646423573808
0.2679668973600098,0.49757297560968117
0.23897001538901025,0.3558338292656004
0.31691975491072355,0.32771460221203785
0.8103651103494969,0.8506535656257601
-0.41785574559545047,0.09979427540779971
0.15566110775067227,0.34286391819884915
-2.217383011042143,-0.9267164408686849
-0.8275206088129656,-0.05207271606704752
0.6839599815941964,0.7761331842825785
0.31871921487240573,0.5379399308232631
0.6611836060193949,0.6141261507887525
0.3069393927151368,0.3397041637205303
1.3845217914738437,0.9760829768533555
1.5397254377642786,1.107135849075378
1.5842778237813868,1.1378915577716373
0.02740981577939594,0.43229448498789225
0.6191067970993739,0.6014368546163216
0.7366377146706057,0.7525649436512972
1.1043226248812723,0.9343915878269287
1.0026284500534541,0.7214239937403977
1.6810847692910766,0.9431341000477835
1.598374716053741,1.0625308738138317
1.655386083341344,1.2129538892875744
0.3317419582322638,0.4458689342948062
-0.317050830774552,0.1557995996092221
0.5079102483900939,0.5737874839270442
0.5561444255491746,0.4830470808943491
0.3177660434815208,0.3749617255426083
2.12927489017727,1.3812946502150905
1.8655494633861693,1.3751282457769323
0.7747037704868808,0.6529827033564973
2.3703329146105685,1.4469990354338185
1.800270020616698,1.283295306392505
2.1269143999771307,1.3840401589777818
0.6101287748889317,0.5505664094850599
0.4260015781671494,0.5998896630660346
-0.5846369847402959,-0.04802133273615185
0.33329188909037877,0.32640899304914606
-1.3159796702596882,-0.39208003266099833
-1.3121552480702818,-0.2988835882185854
-2.2899107933588887,-0.9874518343226222
-0.6066835978353676,-0.26500066585564036
1.4948521504138244,1.1392560469463167
-0.8220954530783913,0.1805384304663724
-0.715866328280709,0.11584178214483726
-1.343627523996636,-0.5003250153837384
-0.06040907146469121,0.3544969140319908
0.46522149682257774,0.58336996661793
0.2184469386044253,0.5195766252386746
0.049943504503857594,0.3305279209128216
1.8196253242947404,1.246169328707562
0.07571081933877677,0.49889909980685954
0.07526691765888101,0.1632479613223817
-1.5633758955463477,-0.44429821065551967
-1.4318203560724232,-0.21313251915003387
-0.4356609503869723,0.18250979407638215
-1.2080716403759963,-0.45096644945187947
-1.8046699939317485,-0.7085238185950159
-2.377115295049911,-0.8792046888155172
-1.272102428880044,-0.25117109114445124
-0.17888154500151332,0.5770624198999981
-0.8809044457512009,-0.027952838762722157
-0.5428414796491918,0.01692140840755979
0.5319266066333397,0.5527197682514398
1.1734777694149763,0.9847284352745922
0.17743061574209906,0.26330577943468536
2.380123924231023,1.6098449025365023
0.29166572755596243,0.3634989280157724
-0.6955217434359136,-0.08236200849007505
-0.9825760799119135,-0.3526183386498337
-0.5808453922388266,-0.22507197601927506
-1.0434172737574712,-0.33442088818985805
-0.6343261044484295,-0.1330783976092072
-3.160849748434778,-1.3182192300032258
-1.2412862490156045,-0.29807958405300605
0.654519929908904,0.7010483991388439
1.1014267289073274,0.9297459800244057
-1.0069432886567964,-0.24904365358413222
0.8757925445017454,0.669648620774021
-0.3482083991812015,-0.02339153439706662
-0.13594573686764522,0.21210409819433587
0.6741355377909893,0.7715298971872336
0.41597119439662167,0.6036067510080052
0.3819901916418711,0.5161137757416662
0.11164574429504848,0.3192550516967552
0.46833635518120814,0.5210154977473873
-0.00486155023327256,0.198578413182122
-0.7323334494072041,-0.1119834069018625
-0.9047416967670672,-0.29669210248258365
-0.2321646717573268,0.26134226796984916
1.3352130238600648,0.9301485624312636
2.2898298091954516,1.3347088927781492
0.5543453540052891,0.6942553474777203
1.3903597726061192,1.0606166763263625
1.7264054680764611,1.3648058780052699
1.3880354446014171,0.9043312844798103
1.7029725381385776,1.1099395500523455
1.6505426507470484,1.0588785433353916
3.012593168472059,1.7466982233601347
2.0459809129341853,1.2450746859688206
0.4323869891466565,0.4592422361409612
0.6402311488551263,0.584606961373038
1.765437492584363,1.2195709185810337
1.222161411167495,0.8471593094127989
1.2455246727761669,1.025503263749347
1.0488624352134188,0.6641638444418879
-0.01230595344183627,0.4016294826040039
2.1734272405285573,1.4029541998756483
3.2760410462883556,1.9444343234376407
1.447632213319504,0.9035013753593816
0.7604171094583361,0.5859603917571136
0.806953458567186,0.8120367396709949
2.1775039347243403,1.4631363271502238
-0.6760293431932523,-0.03308993217710662
-2.1719738067513585,-0.7141154554453663
-0.8530868245844511,-0.05885078355906488
-0.3417513232189822,0.1698256928895376
0.4263774196321126,0.40022892240972563
-0.06695501154232736,0.4049787383493326
1.6338970571455562,1.091603776569326
1.1235714779951205,0.7591382415837845
1.461824477050583,1.0276245558784127
2.640651676419024,1.4300771002617103
1.462325847682218,0.9906577119460412
1.3199124793303172,0.8449776998406922
0.9576795805145767,0.8399909816696113
-0.17385471222633575,0.16998418112798955
-1.7616891731504183,-0.6216555179522
-0.8548759551938749,-0.12258254964887094
-1.0493257817111266,-0.2481687110221559
-1.0356796279174962,-0.25538189031319053
-0.9026128902948691,-0.22081919261277527
-0.7274574034869054,-0.011997277281580475
-1.7512642432626202,-0.5661959342394718
-3.2221939679127,-1.1269715646562803
0.3359740124779418,0.46016890200185284
-1.421232697361484,-0.43226996539681284
0.8646980721909452,0.7304335501746801
1.7800477951631795,1.1856156056221794
2.1201308711882274,1.2072543935009246
-1.2087976121580943,-0.2744846377549648
-1.0400669007219583,-0.11427024706746731
-1.9764926359935597,-0.5397024376780031
-1.4782049062514315,-0.37397159045117206
-1.2375177906408914,-0.5511159310151272
-0.7043176978977388,-0.08133394122306135
1.6800995600410351,1.0951432607724159
1.2785649703351685,0.9465767422290682
1.1864183625543256,0.9402397719776775
0.1442945351353212,0.3956349803542234
0.4419779878014324,0.3875756911098053
0.9161512301021483,0.5762947229738667
-0.17317254489207778,0.29293808306725067
-0.8684592348547137,-0.21123290309247872
-1.268153952087212,-0.33590376158808494
0.3309495373191028,0.5692692497581646
0.7731162944528488,0.6295065416801824
-1.0754394816266228,-0.27826229404154273
0.21829258068909574,0.40989963619664777
-1.52329992771006,-0.37869918174520345
-0.9573989512426737,-0.12226964066357068
-0.4405065951806918,0.08859271152427309
-2.126946219198319,-0.6658119258667659
-2.5023153934843334,-0.99821702320296
-0.7849581129190906,-0.2211353015288983
-2.1361697555822663,-0.8141074744246881
-2.6334232024328603,-1.1744811709412597
-0.6974082676629744,-0.05077981498526066
-1.129645913932382,-0.20937604948558233
-1.6489733981963732,-0.5739632945685454
-1.1849731301078659,-0.3993828579898746
0.5385003133920868,0.5067522533555677
-1.0088405021387719,-0.38682789995241545
0.1686944105024646,0.3130723995966291
2.1875690485681973,1.2464202154954098
1.2169087206753972,0.9519310856852781
0.748874236947859,0.7005762538961027
1.0257005565758521,0.6352565259258781
1.2433195687223155,0.7171657906868669
-0.6940865729812206,-0.15624827693884297
-0.43241039070256293,-0.012346362647433093
0.7226738220534573,0.639314735723821
1.435977799605658,0.9347623200606309
1.2056744063883216,0.8955509603181611
-0.12368546991297602,0.49329444301446373
-0.9673495753156854,-0.2848864820883721
-0.31719713176620645,0.2718481172181324
0.21564575829258142,0.3953800962340919
-0.7603842142667459,-0.14801209276623978
-0.630212846285844,0.07762246406894509
-1.1733963899241462,-0.2692880273354616
-2.5985192355255826,-0.8871667788807551
-0.0972524623016442,0.057477004405571464
0.7290894297039773,0.6831834293101727
0.9485545769614453,0.6090110708426193
1.1844216090232393,1.0681575904975542
0.4319166941687372,0.5260002882932217
0.49468210891600295,0.5075702294052631
0.7054364835847239,0.7644966929043328
-0.8461650892574414,-0.22561694458192005
-1.9796810416473043,-0.6015506798218379
-0.6944298894198209,0.12128877605851207
1.5575404617975246,1.1896260098437665
1.315608710797067,1.0353276126692754
0.8877235272409852,0.8515394488792103
-1.1077355836605605,-0.07873540502346649
-1.0667880740529054,-0.28493679178417763
-0.9266963972004852,-0.17181056286941357
0.6059125019994644,0.6488796071643198
-0.3600001838615582,0.045953844350153206
-1.7686355709903367,-0.4071456488202979
-2.1780374473873882,-0.7510221269247265
-1.378037999604826,-0.36667143002284885
-1.1185279485363917,-0.1547855660517396
-0.5599605022982664,-0.03399769227964947
-2.282211604315246,-0.7878975002399975
-2.006288675578048,-0.5464752312586884
-1.0327699047923369,-0.22233825259051182
0.9311147585929378,0.5882073888119281
1.1444933231435852,0.8565603504636989
1.9407794240256813,1.3259948190888395
0.3477707641936173,0.45584478205827145
0.7641564174411597,0.7813760908548097
1.0313459149516564,0.5488270389636785
1.7497923492769916,1.1269118266132099
1.8903710791975097,1.2133493357835965
2.1727030406932912,1.477667991892384
0.2307815025383264,0.3325011755834453
1.074878439380811,0.6647104209896201
2.168680242692735,1.36422365613917
1.5854665778154668,1.0206688466436007
-0.8430253842864899,-0.11217067914388362
-1.6295556059112566,-0.5504659490524213
0.31748718191248204,0.4160116122186023
1.0311160259553105,0.7847156483036649
1.0981515186460473,0.929532510037006
1.4572030024627933,0.9823918907189427
1.6572542337670384,1.2494472367076936
1.4830786627895844,0.8207200000641237
2.3757651661609414,1.669666740950956
0.5671866251647782,0.47662558991199644
1.3585552327285517,0.9387481795831347
0.29555778934084753,0.3044884278782767
-0.28573148239330254,0.058144422565763604
-0.24471194502119162,0.1551594433466729
1.99782169886215,1.3742744725678326
-0.6266533455235583,0.14098856745204152
-1.1603010333820039,-0.35245242516599873
-2.769259969754195,-1.1683849100343358
-1.8895006947957702,-0.546977356750855
-1.2378631431206302,-0.31767771703252967
-1.9380604127406165,-0.5744918183009515
-2.0438374124260426,-0.656173624152939
-2.587263585429235,-1.030977516298817
-0.7701774710691086,-0.08202122800465005
-1.9341257391149729,-0.7782894211023248
-1.484612399207374,-0.5533793216585238
-1.502789787963534,-0.4294699432458117
-0.5185376919191338,-0.028701950259525502
1.4642102435074764,1.1149941502643435
0.9093896133007606,0.7580020614393614
1.4987383130294412,0.957769216935668
0.11595484098681375,0.21786003580147095
0.43982017054001915,0.47489385257948613
1.032971219854874,0.8118393493630027
1.5859161271259463,0.9984707023799004
1.8746786102906376,1.4076685163795073
2.222993008498916,1.46996150020861
0.15532133582911878,0.3214587823717341
-0.31452052812741255,0.2975792819921669
-0.7684525883605882,-0.14172554065946677
-1.1772019296521736,-0.36745427899775696
-1.9476743782225343,-0.5338715648755187
-2.069972684711257,-0.7903932468768117
-0.32273840640380014,0.052760206460893355
0.9248898316610712,0.9116633000474378
1.161048828208331,0.8996114224395101
0.8232937572360145,0.5826369400376805
-0.2937291311883986,0.11477916046923697
-2.2452746988814156,-0.8417463988214114
-1.5552758917126226,-0.3545456338494508
-1.5467197488394544,-0.4075122974310844
-1.2461917873980386,-0.48212972034089724
-0.8653902597548171,-0.18983427440581313
-2.2821387070811983,-0.9626076532010766
-0.9900149880339838,-0.14504442862798822
-1.3703173656918386,-0.5179398081952381
0.09228701000401873,0.5678197573610546
-0.9787239895329151,-0.2352202939368685
-0.08046021878117726,0.19475055581782824
-0.08351505624739736,0.11079096173754202
0.6495445761848544,0.5776053274998583
0.9713938802802917,0.7268299236596935
-0.03511780389190644,0.2569970735179692
-0.2720520859590931,0.15142035241121315
-1.393015892801346,-0.39560593899375945
-1.0747404716247029,-0.2817463563221931
-1.421177853222698,-0.4578838488636669
-0.05626272731410176,0.1279668758368813
1.0165490904384744,0.8584240551099006
0.31008902715084563,0.46736304915039095
0.6449587670087491,0.5772031280885405
1.5254060693978455,0.9092290843739893
1.553533826475279,1.0587741310907737
2.1648326513465506,1.53874537983846
-1.042769465632494,-0.4154320069411672
-0.9479938708130117,-0.1581035065805281
-2.2814956019677357,-0.8447919895912432
-1.4461589508855104,-0.38735473059546455
-1.8993424100505512,-0.7738671854233561
-0.10316292320352438,0.17430469766613144
0.7577855652091646,0.7178249893048465
-1.7449906887603244,-0.537546843259993
0.17379486982420067,0.2982246608002063
0.04724576502710838,0.4792989052432395
0.9995503276946982,0.7932300734514599
0.29619519398835187,0.3613209631846365
1.581376337496684,1.1330562204979908
1.1905092391965004,0.883196201930599
1.219937302371571,1.0418518494426414
0.6878139980444673,0.7896287478119005
-0.9924654852776682,-0.2072244160079146
-0.7583037797138716,-0.006310308302500914
-1.5005426727048845,-0.5038593356313562
-0.7219154456047812,-0.03731534198115975
-1.228166004927024,-0.257861545400729
-1.264415652654379,-0.2341743251112764
-1.9664461519417888,-0.7296584114245956
-2.760891549430646,-1.2024155706527442
-0.2197987805621262,0.3197932850423171
-0.7210285371958666,-0.031935516282308306
-0.4601368235990376,0.041240791399101966
-0.041782048247057724,0.21290235659118528
0.4404912490665274,0.31089544674885816
1.827927075028738,1.2196222078388874
-0.9633129063560728,0.02872293746687779
-1.1653021814177966,-0.2958939265386267
-1.5113873745034652,-0.3854001142014209
-1.7615844610438152,-0.6506812098789518
-0.7032430665587301,-0.012973395841350273
-0.45302972104134576,0.06267165105128668
-0.9692338676653394,-0.3951044492138472
-2.0294639927827447,-0.7123920613257613
-1.0281771887201305,-0.1765755081734245
-1.1283480255327767,-0.332451583180948
-0.8050287545173039,-0.08162184323531288
-1.9023479951569695,-0.7322299160694561
-0.8315482267348007,-0.16203525277780256
0.1396745515654566,0.5078918994185124
1.33165579918551,1.1431964217376156
0.45403036689183773,0.4046280445917465
-0.2847596116729285,0.14466097528728128
-1.7102181472934679,-0.6264960960678315
-0.011329744594858804,0.37062996530700076
-0.21208730596101028,0.24740683046285317
0.10530276442641567,0.25034429417540316
-1.5494564969493743,-0.30827128074845683
-1.3821591259265218,-0.31551223709265735
-1.654971207937706,-0.6539895715338433
-0.36525780561543497,0.22086128703662433
-2.1057404345955337,-0.7538617648063214
-1.7249610603937828,-0.6258613612668433
0.31332556268657985,0.4742495140030437
2.051549414743677,1.3864513420287738
-0.23041421601475953,0.13189430638890068
1.1352496895883815,0.7534590632460392
-0.13241836096735637,0.11745102931653902
0.9837459371910843,0.7578493288317916
1.0703125031008311,0.7588824560010212
0.4118938579281311,0.46329149234003436
0.9489996622095149,0.7363914379329437
0.05654852937850885,0.2192378614845623
0.3843729261688252,0.41965433982398137
1.4004021693369313,1.058879156564602
1.5382164750255696,0.9116561976823914
2.8713569792529485,1.5107574337675769
2.6360427869880723,1.5176290280290872
0.6660479640799581,0.8500772430411492
0.445053629519466,0.3023182238004797
2.421578245074744,1.4132275817327933
2.7550029549129134,1.7371504727217162
3.381591189719244,2.0413230011336023
1.684263808393175,1.106503714474437
0.31646650819261035,0.6414880373014572
-0.44172829861551366,0.09624525050895527
-0.970650632649836,-0.3692531014585846
-1.3110489374009027,-0.27069987513711746
-0.7555895993886129,0.03978470078698303
1.1967331702958581,0.9705328468190637
1.2787911517765675,0.878272954982542
0.7270867307079045,0.7647554674365994
0.8880370408341633,0.6812800466040355
0.2767651450305157,0.5251526115933132
0.7752064430014763,0.5576169454651169
1.7031146317720305,1.1549126070492268
1.6482991711178057,1.129995712245927
-0.595955610656681,-0.038495541547974646
-1.1784799037914662,-0.1767594182611435
-1.7775152345307668,-0.45539248136569616
-1.2719697327393638,-0.2644037733407296
-2.259642060651843,-0.8563172830766225
0.6103502474216425,0.5517684870955732
1.3717701778564297,0.8829082473225103
-0.157351871136593,0.18748579863274287
1.0474946598142616,0.7754071704622492
1.9718017942297772,1.2678562067132417
3.0188044838019827,1.8618099997474455
0.4749677667204065,0.389182759368902
1.5250973411231683,1.113041708077103
-0.6190005721233408,0.08528310014908316
-0.8454108070699438,0.24873384014478006
0.8244036617178395,0.7267027433325826
0.04622014505278249,0.368064953420535
0.28655258195488503,0.3320343200405608
-0.4390222382224051,0.14981822523768795
0.32011190482557256,0.5123560008192083
1.3734612816081855,1.154594762129363
0.8649954883245377,0.8323969099170776
-0.44403052617342,0.07169391833417056
-0.10541145694630583,0.05021865679615284
0.44323148076287744,0.49704768583828357
0.8211865611024416,0.716938884834266
1.0656333391271802,0.923658455255738
0.04517730432689637,0.19868510374585746
1.007345753952241,0.7485565466273871
-0.18100261724214972,0.24970656948559328
0.6510896154547836,0.7603220480933113
-0.24321038671891737,-0.017617166750576563
-1.5282713335183264,-0.4214401638483337
-1.1555956739753788,-0.16183859795094194
-1.9350491652284716,-0.6117146498877439
-0.5694439305949953,0.1848988735373327
2.012437228896836,1.3067299634879836
2.8391483455825894,1.708036232580179
-0.7905263051041682,-0.07619946983055402
0.7037813411410773,0.875087773553072
0.8998442079655004,0.6209464684977517
0.12078243385285758,0.31406811278918834
0.3510548108543733,0.4695838320742356
-1.1067641598434972,-0.24067190892147042
-1.8119675954533008,-0.6422902934691281
0.1906163726631196,0.24255794871583083
-0.9778724179667785,-0.22311467592568118
-2.1978346602455643,-0.8018750585774894
1.275010431237762,0.9594004436206549
0.7889882860130456,0.8081441968474945
1.8638604981969833,1.269060362504187
0.28483542577244236,0.4023620088225779
-1.5658716258800798,-0.5416391614566969
-1.3094313942637,-0.3769035515021252
-0.8625817838598054,-0.11103873531340211
-2.5551345789713484,-1.0711914272812544
-1.497211891852885,-0.5513383415563338
-0.6809163960346982,-0.03374629694406274
-0.15645163163378223,0.19642481769945488
-1.0259409161234254,-0.16287425988796234
1.2739043691842196,0.98264692208877
0.14518832834719542,0.4782215929002056
0.9954010883067985,0.830172594837141
0.376012566067905,0.3511723061600339
0.28652103303465115,0.3915739508069131
2.2376716853638663,1.2485334763167026
1.3298410004501864,0.9172834504886047
0.5236707684094084,0.6074984282463837
0.7924144699772678,0.7958072761668051
0.29050302764841957,0.3364454060855926
-0.3701353829103365,-0.06722945765389401
-0.19874626711587545,0.30493271545564465
0.957165377173175,0.7715015347366627
1.724498090313356,1.0211744762354311
1.0744373240415834,0.861714545398864
1.9692044825460908,1.4340689413575212
1.0528285837136322,0.7484050826577475
1.2532424705098373,0.9952560377912092
-0.8432773769498912,-0.28616174281534973
-1.8929190708654273,-0.7367763241579002
-2.0691237126540782,-0.7585632160927708
-0.40759164573876805,0.26131508101581136
0.8334881383744828,0.7141910554525821
0.5328719344134145,0.7786998365550795
-1.289683504956026,-0.2876753116662979
-0.7919762937704962,-0.08902032344410787
-0.4039965302044111,0.08681124926149805
-0.13664937267573854,0.30051796702797295
-0.1368538630921987,0.29613700810823235
0.007434490921373077,0.07024598711740157
-0.9260132389210042,-0.21909511893585326
0.3707197693332036,0.6282542706711174
-0.32057450433163576,0.009008128355196321
-0.020989718050536788,0.4555066363697954
-1.0078400248071082,-0.3018273238667168
-1.645338051660183,-0.6660669240695563
1.8355601682690412,1.3079818454921794
1.1540287233798339,0.7832524782658555
1.0260058876055183,0.8159523542708734
0.34374886683797695,0.4187314588787945
-0.27830322730997265,0.12810589673708384
-0.06735338469751959,0.007923466178145877
0.7163086816138259,0.7642400710033184
1.00575885570012,0.8025241756183104
0.4254374120674051,0.5845617775691223
0.8078084192121741,1.0279028666071968
0.7702437103762418,0.6413080288399144
0.7564551029512494,0.6234783748086847
2.225554894179792,1.457168461575776
1.2370138460212392,0.9435052457962885
0.23139719193603925,0.4399980060531187
-0.6344833281061767,0.1059326924600536
-1.4853684334397823,-0.4702068126096034
-0.049691846051970634,0.266392620796233
0.7422442590597123,0.5263538264510293
0.25318646720834004,0.3614042597156357
0.1762411458483613,0.35818555420242737
1.6590076562535045,1.1373965988376404
1.1831240503749865,0.871355930329979
0.03948363956545631,0.24359294952259025
0.37568924042575097,0.3498090265046776
0.20523322639559569,0.21510941489283653
-0.03660266313638666,0.2150909411655661
2.5310089164955363,1.4133450125896623
1.7392968492994012,1.324864786777121
2.177190890313298,1.439485496104555
2.399456749551371,1.3972505740742749
0.30097492738375653,0.37274837640543407
-0.8265110916242115,-0.014461132057304413
-1.3920385825341692,-0.3259452765727681
-0.36607490716090474,-0.06999426775007811
-0.08299014008157019,0.24138574165470922
-0.1916479448443022,0.24120653406290582
-0.823644164568119,0.0862639343422284
-2.3267143013786025,-0.7138683214874109
-0.476670576671712,-0.0497317807658728
0.5907871838740826,0.6758041401873326
1.4084079414402977,0.9733819385844444
1.7339552824576918,1.1086776987069291
2.8386867056065164,1.6386638159823033
1.6863746127606822,1.2859911474581602
0.7848470077439158,0.6957678925358246
0.10051433076814997,0.33169704924467647
1.3452503806556928,0.9288879798621309
0.4735741484261375,0.45563533768383546
0.3182478415702962,0.3445083673596434
1.0583742154791358,0.8672310516834442
0.866997839809024,0.7862906558465913
-0.1425753244279967,0.13190253283252779
1.3702093030706928,1.193546345849611
2.368682669060322,1.4754386865091291
0.9310136633539263,0.6804927344889082
0.04405502795043026,0.5547579360827924
1.333191157804387,1.0156894642136103
1.581337970459463,0.9817530482737472
2.4489423294535486,1.5134788521276885
1.3873423982217574,0.8703713401650477
1.3277758816246135,0.9519454299717535
0.41701674414983614,0.46627612851672573
0.9636213647501717,0.7860623836063649
1.406047213757426,1.027308685771794
1.3261686979354332,0.8205813944265197
1.504843068410362,1.0438886776071747
0.12604087233014238,0.6001555045481337
-0.4718173231206255,0.03901957774648447
-1.67208602665683,-0.49675823698876065
-0.20785614148500808,0.09369684119750445
-0.5084826931511977,-0.17363731044664374
1.3871497814907505,0.8926995177763799
1.6852545907412768,1.2279671489102493
1.583417397090226,1.0010638575806132
0.21264751324349584,0.47280913363107274
0.23432229125585083,0.29828667357450434
-1.1700892939176368,-0.4009437092689421
-2.3544713178244834,-0.9886350472051281
-1.4668632695927437,-0.5543850547141713
0.8500164690007085,0.7184345821975485
-1.424069567319496,-0.4813105095331286
-1.3665395900366784,-0.5572123897496992
-1.1554587803828626,-0.2490604674823128
-1.9864391579094494,-0.5716460916932722
-1.2665847023236054,-0.4549870439669334
-0.6295668679972308,0.07838175939777038
-1.246364259899304,-0.23710005309165189
-1.3969337679427107,-0.34163240163711617
0.2492009526132889,0.4003564962608879
-0.43260928100219054,0.12033927187101887
-0.07384362172678383,0.4006177286975888
1.4640872091746768,1.0338218104114587
1.3183930037138667,0.8884562419239695
0.18476144288962815,0.34343986964425044
-0.1423330169219115,0.310312597085857
-1.343496244328263,-0.2924916283027832
0.4267418901035849,0.6734695861707951
2.198512499430779,1.4090260818339921
0.2720865133057728,0.6055142976035285
-1.5120520436137133,-0.4415059951485947
-1.3592257210202665,-0.3301919430232104
-1.165574596904883,-0.37430128778514954
-0.18577868961694377,0.28397083548258273
1.6216424706465788,1.1430450851218221
1.5265862813062279,1.0162278744651527
1.6368469585627903,1.2429589977288646
-0.1733952060004691,0.17556321971909017
-0.07925771173311137,0.0952343910738564
-0.7951680989366,-0.14310829675647557
-0.5478968390244642,0.05392507342755196
-1.5947772858959395,-0.5645371885344802
-0.27344955734098764,0.09538226621625931
-1.2271924007306632,-0.2754232377847554
-0.6011236678209251,0.07617096070461599
-1.268032992239263,-0.2973573666720958
-0.3652640727095141,0.006100685883225557
0.9721729740164662,0.8195313714778752
1.9535315663512776,1.2840819339974452
2.6300442628841125,1.552953585429909
0.06736990581132773,0.363317816297246
0.5204039949260559,0.5128378060886583
-0.2793502053525475,0.23690244048164782
-0.6077038558744148,0.1129765162524682
-2.7025661743099163,-1.1548889221129182
-0.3894889747442112,0.06165537101317991
-0.7388766058878066,-0.09488166363614321
0.5041847207687877,0.5781651902966837
-0.47916943631238756,0.09669892435848156
-1.197764925003443,-0.10542450785836896
-1.1239987373589284,-0.2271435351603771
-1.6350752506716506,-0.5933744806823982
0.9269078203338157,0.7846598832856497
1.3264147136585374,1.0238399382588768
-0.6537782059752305,0.09477242974989951
-0.19797736038387093,0.06418181989365657
-2.0456954885665803,-0.7328037152755507
-0.4111969548676099,0.10288038315135642
0.08635631955429707,0.39340176528800513
1.2490168845691179,0.933008395337589
0.783964698040232,0.7729251569257771
0.733295679473128,0.688295839069786
1.002704685198286,0.785315065828825
-0.8551164980078139,-0.1490354433890301
-1.0605609506993483,-0.26223516823682064
-0.9666307306805413,-0.15920293125366783
-1.256462314904905,-0.26916077342075495
0.7869833668121118,0.7463518233262898
1.420266884546997,0.9069909855461431
1.832722383530182,1.373304660099395
