-0.7666947061553113,-0.19828071716324502
-0.348000576450431,-0.059155426327933136
1.0024168629983388,0.9112986387341929
0.5701744481883759,0.5835786422001794
0.606128287143831,0.4904417512839363
0.5446791562759569,0.5819552442487607
1.2091999628329908,0.9755654370859499
1.2954161150141126,0.9565386127837779
0.06938889918216817,0.3855504558586755
1.404626015342773,0.942182176578353
1.2526908424988112,0.8338660871043536
0.8248052650418853,0.805103161097364
0.5766303104773498,0.5251587073139147
1.1121366787620506,0.9516231489712748
-0.9533739353924362,-0.3036558528507761
0.20790995314655814,0.4633949930729547
1.597847948145936,1.1613042273549725
-0.1368294217952315,0.3078701178077242
0.5536347580036406,0.5050754963460543
0.981128075500317,0.9770974296413751
-0.04918755185168289,0.1993258385031564
0.6996011111889169,0.6596306258745079
0.7408435552609154,0.6705702221913057
-0.3664093411000472,0.11391578331040164
0.6063908403763634,0.5338882489360574
-0.770262908874589,-0.10523027644390204
-0.7142108956028942,-0.0810494674135151
-0.28087242692423137,0.14851362383996525
-0.8889778342559485,-0.11283269390609321
-0.9432855163640717,-0.06383753061052433
-0.3421166870920293,0.05609812246916947
0.1983846191404809,0.41385753295102046
-0.7677675699884869,0.054272330505917094
-2.6887991431530844,-1.0189463256001638
-3.1199149636350434,-1.2407300072541791
-2.938832256340984,-1.274793053236313
-1.3378614945995335,-0.2520945363345024
-0.8382158914051712,-0.0017252862650262019
-2.2673749729489776,-0.7749455806594072
-0.9549897079485368,-0.011687343707456749
-1.5388274372377029,-0.5881572424893354
0.5177668110017405,0.5811258579247076
-0.6728636195888185,0.09086902812814804
-0.3531680911839798,0.19454274824989576
-1.0226932598547362,-0.27249039914486944
-2.414832570710238,-0.9415183446615656
-1.9951182708911919,-0.6519374789393964
-0.4911973451517171,0.11795047310748123
0.1495677861101824,0.18046699462935112
0.2599066534479776,0.35421441733223524
-1.0084882342405563,-0.35398162461375526
1.178485410498687,0.7731929780686706
0.5834670487362899,0.6422916324119777
0.2973585515626497,0.4752505790927446
-0.5858948644172539,-0.07037503166630964
-0.8138804465791794,-0.10496962710336914
0.3646700754432779,0.3376966452656222
0.6800405245959408,0.5385932657227641
0.40338640927273095,0.4302872519512612
-0.19083652035469345,0.29499203619501135
-2.682834527519104,-1.0527284684434015
-1.2666236536361593,-0.2655242004902224
0.05355727660768683,0.42189783270386816
-0.136714445143704,0.20309143254758788
-0.45245977839597773,0.0930145837408358
-2.468001086021102,-0.9569292512587482
-2.571566695110967,-0.9376952546766877
-1.802979524762525,-0.6482756066097067
-0.1891830627304577,0.13938910107657282
0.8116460935075692,0.7429051879122961
0.7760606921162457,0.6985886553430591
-0.3622387075897652,0.2058171070235143
-0.11985634395083267,0.2327283928301599
1.351798090471637,1.0810654857565567
-0.4403997762059503,-0.059190254567670714
-0.3084142627944747,0.10828080967576242
-1.2864424306911972,-0.2516322264242056
-0.10751363107720147,0.2522351282047646
1.4671143473354102,1.1003656563832287
1.7044464423362387,0.8605024159112395
1.9767246603164184,1.2495355951115326
-0.6122640925449045,0.022577618716443534
-0.7673220645145223,-0.1983506544861326
0.41388312870066113,0.5100251455699024
0.43696310480067424,0.6012084603729958
0.7061299122625834,0.8859133422981562
0.28974266890088657,0.6904483108560109
-0.5856297483127179,0.09423222207250637
-0.08337421009318963,0.2261212943642696
-0.1575110765603296,0.2506006924517899
-1.9832378514550453,-0.5094890107290323
-0.7488740876619034,-0.1542023678567229
-3.0754111073420383,-1.2739821115398529
-0.3854411574086136,0.06789626720092451
0.9853174441976195,0.7593146516355672
1.2895616555165548,0.8498231351959785
-0.6178929575878143,-0.023441546888518662
-0.8812456636545976,-0.05044960875738112
0.13039315160125153,0.35848185209648653
0.34167994024123366,0.28739664620943506
-0.5109824113359946,0.10270085107986211
-1.0542484748720569,-0.20790673723157155
-2.090154643312481,-0.8230362811000663
-0.7991513498315566,-0.22507648831055485
-0.6178977141291034,-0.09180182700137297
-2.6415030809835462,-1.106482833955258
-0.29122993636476835,-0.01637043603891436
-0.10347123298227026,0.18616773700782085
0.11685645042367224,0.24669613862119077
1.6646998591229556,0.9358154252076427
1.708430043669411,1.1126559874322224
2.9146402416184727,1.570592403724381
0.5271594051235157,0.7598077553565942
1.5090809130332459,0.940189885366273
1.8458226089077616,1.117389848342791
-0.15470450783799694,0.07001103207306897
-0.7149668990975965,-0.080004324439872
-1.6000222455665232,-0.49831404786648936
-1.2057393140498696,-0.36959155213147116
1.192051526257206,1.0172457771625727
1.7196461231410467,0.9958491508802968
0.6279406833658026,0.7476682900706131
0.6217185696143245,0.7255016873689739
0.37568175115574276,0.6405375539669664
0.3184671140457126,0.48175695714173133
2.1218007452626315,1.5351181946354533
3.2954016520846006,1.9613532870688952
1.694254982277197,1.0877726028947383
1.6710144101032391,1.1668391133756024
3.041406183623736,1.761215784534547
1.352176852697962,1.0569402765144205
-0.7174690523456213,-0.1230646501491414
1.5308134615645816,0.9427091277136093
1.6840246672464043,1.0634398993902197
0.9894730206506049,0.9070816758202298
1.221227752192264,0.7848591563623357
-0.9149862092864512,-0.019230688614488095
-1.0707805333365341,-0.4135630651857976
-1.5984322870231882,-0.519619325125653
-1.2587115374506994,-0.2551677372301113
-2.391562595592373,-0.8264836410375045
-0.7934439761231387,-0.2440306462185204
-0.712860291092227,-0.19547002792380042
-1.4397682508623895,-0.4428013376458809
-2.2575383950154913,-1.068870111541392
0.3438369785976463,0.4823984757106851
0.7438343209521696,0.717213436801544
0.32319947412565114,0.5238932396578707
0.17061407724946662,0.32077000960369323
0.9767372042252356,0.8137912675021606
2.2779960006813282,1.2495595392170356
-1.1697330934454828,-0.31679057017941015
0.5916092488517012,0.46570024715565483
0.6720020526288915,0.5299397803842383
1.7225642858825863,0.9906514797040427
-0.5714398829739329,-0.05388823510604539
-0.8337334385106359,-0.060602458390716624
-2.082688300670929,-0.9692624175917164
-0.20280754670079149,0.22877163040759182
-0.4037117511504791,0.09258209034875164
-2.17306372266661,-0.9678644615673452
-0.210623828531723,0.18105018033257256
-0.496291536890543,0.2332931413312646
0.056444341797677766,0.3727208845753487
0.08829475301456621,0.24381674694895172
1.214535553393549,0.8874901395233067
1.3719180751594395,1.0237761602072029
2.747010592967882,1.7242055347601646
0.6317559650674943,0.6341836188250567
0.5322296497001986,0.5098475462085337
0.04269614600196309,0.3838473620237313
0.4667365258336138,0.3688552230116403
0.2675069813849109,0.5047344045706131
-0.34584566428979496,0.1264130670539624
0.5033209689689748,0.4990881534570304
1.5543444736157634,1.1697673076642536
2.808769334838801,1.6654305470564823
0.4339962319601688,0.3984588182008268
0.4972611507928879,0.5317048117064127
1.2014814166445087,0.9943336417505575
2.4795122488460386,1.565388856780192
1.2211040153502277,0.9526665006945376
-0.3442269372265657,0.17088943889996708
-0.8698108401367644,-0.13571332793367227
0.006781984762049387,0.39796873686776174
-1.6371451998415318,-0.5267792479080697
-0.8131079291173452,-0.053234715146521755
-0.46546929297580186,0.09573301276181118
-0.08258130635031657,0.2238693222532182
-0.9958475646742277,-0.36905461644009396
-0.6999046569293753,0.03783509529447822
1.1649836176564392,0.8231559282613057
0.8151547786304932,0.5963240705478946
1.0063718918888913,0.8427873841830059
0.4799704084372729,0.529154547596634
2.043561961393717,1.2887550288934906
1.3141784582123734,0.9654243395699879
-0.4412580035036514,0.019170048081795094
-1.5029775708213393,-0.3639563774923487
-2.2500021373937225,-0.8596108733195534
-1.583033745816566,-0.5595418071586146
-0.5931378192810639,0.10369075232135343
-0.9812572563169426,-0.18238069305930546
-1.4472240842394315,-0.5035386054393642
-2.520151848267943,-0.8769601598814353
-1.477406834301559,-0.3730737338723212
-0.21874740625591205,0.2559186176907341
-1.5764634349858369,-0.4444576313456863
-2.500613079984509,-0.9302472910825277
-1.2816083330479524,-0.3599005842278765
0.10915354264615462,0.42708826720687054
-0.3608825581921803,0.022069320293568992
-0.03485883020713565,0.29282477462250356
0.5097182609122595,0.6048724886877241
0.8449094931697387,0.7301711390470067
1.7877659849829444,1.1185737181972146
0.9161433652256759,0.8859653848655172
0.3002138450576697,0.45410077854266884
-0.08564868331196357,0.20435746632327467
-0.15829630251833973,0.23657277542981756
-2.502954533730234,-1.0087202866184861
-0.9327391329960957,-0.11137098039391347
-2.6064249846841925,-0.853619161236986
-1.0194832895317694,-0.25114426804931883
-2.974616886316391,-1.0327189316979293
-2.4242895366553325,-0.9893362856162471
-0.31640587922788843,0.10410610050962382
-0.4233472000607344,-0.1435979133553301
-0.5602232277677872,0.07092681304902054
-0.443309188628658,0.10319326360590501
0.42158617639735585,0.44902390836311107
0.8269284974435525,0.8158704555100642
2.51995926083212,1.5525081742765487
1.2809821891009108,1.0795548280874687
0.9443954366577153,0.6758382151031361
2.3013484505717194,1.5484706425919017
0.3524509232137536,0.4422686654751446
-1.1614534239307666,-0.18201185903018324
-2.2611186219925736,-0.8521906606050301
0.8216651826636516,0.6723969283141081
2.5570957410763793,1.5795256945703302
1.0504055847167513,0.7689601500300843
2.1190968199183886,1.3663223471071275
0.40027776034611817,0.4153527496593231
-0.18369413298849208,0.25674331679579554
-0.7835066129272233,-0.24267274500345312
-0.4985171281370828,-0.08124644137559744
-1.4238419822637978,-0.4536157492292373
0.904747752184976,0.7183696041618071
0.5051477451239967,0.5121108403716019
-0.013344191839881059,0.18382873432922192
1.2588649985458722,0.8896896731717812
0.9545151626964262,0.8676520725529885
-1.1181229236621095,-0.3209446757223473
-1.535673333996602,-0.4797880515063884
0.06581181655895607,0.4195681997359416
1.2209342948331157,0.832458519098401
0.6684698542142147,0.5308739171728591
1.6971020126463712,1.1783861005292433
2.5684035546239974,1.4980372171151821
2.413945669645167,1.5516148868810153
1.4646520651878876,1.0367997574167025
1.664932618249904,1.0610314932417402
1.9419128047449812,1.1711640198550421
1.3259277902101532,0.9983327929070952
1.3968474639942707,1.0922894773851135
-0.4848860698804198,0.20436263963547474
1.0941970743813039,0.8116424374639359
0.23936494801292518,0.24056805488420624
2.972376493549026,1.8940472246431157
1.8470290611727562,1.1089163639678348
1.2480399748846682,0.9978676291256684
1.2845783445718462,0.8850759478030796
-0.1145619588534742,0.3171503392170271
-0.4193931867476304,0.138237222889656
-0.9973967041739982,-0.087610076417536
-1.4305089332391623,-0.35397097726329174
-2.0423444847822894,-0.7677279157462431
-0.38820060956093394,0.14485336025020037
-0.4739242003419622,0.058437872946382655
-1.6189640278025772,-0.5331606230330579
-2.0000089316284773,-0.6908760478189663
-1.7000109913992618,-0.5914993717047949
-1.1761236751321686,-0.2905742365514006
-3.081987328724023,-1.1041818369586407
-2.174802643711971,-0.8564653822446839
-1.5450443312379099,-0.5841707909544653
-0.3223337378739338,0.2126838826929483
0.22240269368045767,0.5446984370226067
0.47156968850046566,0.4975222540398026
-0.05018533744921161,0.26833046873589267
0.49450460207921787,0.5842109821001711
1.8526189490069918,1.1199280277875463
1.361642279584598,1.214833588498093
-0.008583348928983714,0.31798847494293886
-0.9512476967153309,-0.04865255074455899
-1.9331252955351501,-0.661561457952527
-0.4049243780964965,0.02655463085006428
-1.7117702749799437,-0.5929242086944583
-1.8923010261187656,-0.513428278641581
-1.157440332839714,-0.1619824211569067
-0.12727413736501203,0.27288572047675336
1.5420460486239562,1.0876674977769476
1.8286605839897172,1.2451274380422754
1.2137238011442248,0.7970143697063685
0.8120715148784996,0.7653236198823302
0.7523416898596909,0.5780244774464327
-1.6571305963844312,-0.4953321293473006
-1.0928915063671094,-0.11924177647535272
0.08754209213060538,0.3998132738857925
0.7954407635104213,0.6722631592723625
0.9586096681932831,0.8033661413687605
-1.2295927964809112,-0.3571520492954058
-1.038639850443972,-0.22287610033499158
-1.61536276593118,-0.45912392543121994
-1.8796597302810811,-0.5929034024706686
-0.831848694651206,-0.08569370756056481
-0.2724814822185724,0.056660883942882045
-0.06622319932365989,0.23980031881450986
0.5533535309552207,0.5223679077762653
-0.1949209407726975,0.10752782770821971
1.1248106512737759,0.6502191305909544
0.38488298197160803,0.3165216020411694
-0.19855885895072944,0.14189936149477037
-0.7157234730384678,-0.05128180401160394
-1.3452876797662148,-0.248622719964023
-1.06776589591017,-0.07851302695403467
0.08515244380146192,0.4388613191836073
-0.03129542257131994,0.18559142733082148
0.8200347481677102,0.6496674721290996
1.0644797990702566,0.618704617189703
0.6344298544295821,0.641885964825538
-0.3606903953106968,0.0284899169255389
0.686015109040609,0.7683430602815213
3.7186797490928436,2.251124051346087
0.34903069359322025,0.3850323934866595
-1.2441823991677496,-0.4102915672744526
-0.5454976853611384,0.1566299942077576
-0.9549649700208813,-0.10172305401538395
0.32066021198098293,0.5068618542009693
0.9537235267914534,0.6866924731653163
1.0137061504119225,0.8764197813871062
0.0956130514951451,0.1923187738752714
0.5473723195325721,0.6226512628554353
1.0438627824553501,0.8110537280262462
2.5488463572889115,1.4466551956423175
0.8079430065670764,0.6509342850366061
0.39613953843146893,0.45568826148138064
0.6102624153796309,0.7225377574057711
2.0541789240220325,1.2520210749574918
1.9872114318549001,1.22153993449243
0.45096115678358184,0.7851160655126463
0.6587128041450354,0.6150507589427088
0.7413176974223983,0.795820255982062
-0.6842696449118792,0.12720788509770142
-1.80706856270904,-0.5538714675414078
-0.9629515683441964,-0.03815427947751518
-1.013053372940804,-0.3299126393124432
-1.3663962657089743,-0.41191490240583767
-0.2773480037002093,0.1761966499306145
-0.5806072612009923,-0.03811895270580201
-1.0059195762278001,-0.28734827673895463
0.2142535874302247,0.3212069517739455
0.9104439937539996,0.740597070895428
-1.1511970591825815,-0.11240389574611948
0.34223159583685847,0.4322145423987212
0.1106327923115353,0.31821384235907674
-1.2254507653725681,-0.3554157233666209
-1.5334215189598384,-0.5459066583168063
1.1570182954078099,0.8060223020105899
1.3008543934040484,0.9988215479781031
1.4479307761416913,0.9680239909548056
-0.0013312018924951374,0.2255816794661761
-0.71256708337364,0.039381669086883286
-0.03681411701681747,0.42769824181916877
0.15768386466702927,0.31009276031870153
-0.1885452177139757,0.1834083621911306
-0.8560426545967815,-0.2559135569364689
0.6963564839581867,0.6888126665918491
-0.7175024226671042,-0.08674508101156547
-2.8034182603281828,-0.9706019668388117
-0.1532878959923274,0.23045227287873557
0.2611245148648239,0.5420620227200341
-1.8946554801740658,-0.6894405777825185
0.3206324090799002,0.567903869608839
-0.02246285947188531,0.3163686594566362
0.08600732303625562,0.3371005873574327
-1.5461722615410998,-0.4707854297252829
-0.5227281009851237,-0.005266419408740099
-0.32054062298813013,0.1408806487015495
-0.7551249831879623,-0.1911237999419262
-0.5508820670468176,0.08355750395983225
0.4177032116143472,0.4495685618501992
1.310089996406405,1.1763603715345852
1.7986841600257728,1.2159368749006154
1.0465667716367282,0.7040545159278337
0.5826266506759747,0.3816319281821775
0.9547164583613182,0.7296004863872163
0.08910327671269735,0.3432997556074463
-0.11384248429024435,0.2867640128801441
0.9027647679890689,0.930176199712474
-0.11591303097027739,0.026778961210728813
-3.392346545297636,-1.462622808215425
0.47476621788298057,0.46153730871742304
-1.4333985919135743,-0.4860182594632668
-0.519004315570923,0.08787478851687341
-0.29269466885788137,0.08878935300458872
-1.5805868099308924,-0.44605232270194023
-1.1990828193047882,-0.29715409276323973
-1.6053352444354365,-0.39705044941139245
0.1729683930699577,0.35531429619626453
1.4486496912060682,1.05688092466304
0.42322610394162385,0.4674374922122699
0.6515453607673602,0.5338058665899649
1.2237252094268558,1.1293876839074655
0.7890723111244367,0.6651388006881961
-0.09742493853621781,0.3062173264661653
0.47611206184806143,0.5881181696200879
0.4320979558328506,0.4737505502575853
0.6990473242770878,0.7483947289373064
-0.5591708178329626,0.03237234847472706
-1.0244174967761517,-0.1109212134820745
-0.7875518136931661,-0.03658075689816828
-1.2479878397262856,-0.3733368613788954
-2.1525770872312435,-0.9634909508689465
0.13002033971014826,0.35868745598375223
0.6071851447516076,0.5438728174307681
1.9887074353203353,1.3757729379703998
1.5303706208140047,0.9218949488354133
0.845189104686486,0.8727405438444321
-0.37479262988131,0.0009837265556411623
-0.12065807114079657,0.33319229417843993
-0.3878348205283193,0.058225047031322176
-0.15483229165353726,0.15041698050023816
1.0522201436112741,0.7807455136582476
1.8911101386499238,1.0810188261486757
1.477748019995151,1.0103266081959785
0.963979902343889,0.7897978642760561
-0.8986060021426933,-0.2607578103809882
0.1321609481225603,0.24579895410494862
0.2870967035734757,0.5042632871063492
1.1845111210358281,1.003857805164994
0.33323187056201253,0.22951104146012238
1.5783939552962687,1.0893828029757504
-0.8855321438364574,-0.04231212986678773
-0.08770496043321963,0.08952591531659895
-1.3801960444427506,-0.46019331643658906
-0.594295963273989,0.18663600621661502
0.8584811795413313,0.709690242473656
0.47772802441618245,0.5043695544786427
0.404032663039958,0.5650186283383609
0.1631619235423648,0.4316312795638177
-1.1970649307411776,-0.2921433890782457
-0.4216013595998392,0.061231380038049094
-0.05753810671152537,0.2819002430848328
0.06880771879290401,0.41873560470920634
-0.7390732403175054,0.10063947979340093
-0.23422022095710238,0.10519398397620065
-1.2129388978286715,-0.3599201243307646
-1.0335393704424918,-0.19986394416435635
0.8919507530345618,0.7126885296804502
0.05873244397337296,0.37001601173628446
-1.0268378955452584,-0.1996004740858542
0.38254082885855,0.5057835649404409
-0.0938405761630759,0.29091877021901813
-1.6343239639000278,-0.5792145044972625
-2.2240573822202823,-0.7431211921701651
-2.6232589802554473,-1.0015504788234255
-0.21307071399759947,0.18453835536266897
-0.8532761834216986,-0.32487826838484346
-2.798047720287613,-1.140019637912776
-2.8851764799774906,-1.1465496632781966
-1.1130666836868632,-0.1413834213321671
0.3333723490973769,0.42527953085696707
-0.5077415301654704,0.04406461498078703
-0.7714136130107043,-0.31281296587446517
-0.7609410355810834,-0.14008239215779028
0.563091907030359,0.4477773153067803
-0.1959009561901649,0.42896287231551433
0.6389959657021077,0.4405923706916436
-0.9933610601459016,-0.2842382661708714
-3.285116734802042,-1.1623993084647501
-1.1559912366472473,-0.18194055239962978
0.7374411840343595,0.5424680957428443
0.513379458475091,0.6172490374308383
1.776230569270463,1.1699249663016462
0.2379826636966671,0.48068725075310265
1.0572336081404266,0.9728196219563788
1.4410510982805123,1.0242169634576217
2.2882379941188007,1.3017404425264874
0.16790136492020968,0.3677562945697476
0.7231497010386182,0.9262168343502728
-1.0989715130206543,-0.3171612800623872
-1.2600140610749326,-0.24567998671297586
-1.5302832997294846,-0.48909065391825113
-3.7237790586485837,-1.546921068984386
-3.59274291157736,-1.348573299276977
-2.2363195248932604,-0.7948906450438255
-1.1390896077783244,-0.2939752934915653
-1.1208199646305619,-0.31132734317180566
0.560976225494229,0.7280875242145773
-0.23189811738333066,0.3409921011587422
0.007793331025666234,0.46205678861326094
0.30402281072612775,0.3320591505253142
-0.17131347908705385,0.17859989981965177
1.7511961342373978,1.2072461800875387
1.9164638573550647,1.0817082751055234
1.9363141719452317,1.1686719687166023
2.58293827052963,1.6898050209627944
0.7805154353226613,0.6453052607308274
2.3948366683794595,1.5133827681440604
-1.7474938465591991,-0.6108314849078598
-1.9652852021447038,-0.7322011498667417
-3.067533638073274,-1.1824503757071931
-1.3971061600380772,-0.21736792524092308
-0.5697091359636232,0.018860507468806548
-1.651595056392678,-0.477420187537203
-2.7417951037892205,-1.091791463985885
-0.8671752215251614,-0.1368166883089673
-0.9354382099667757,-0.23645949579169673
-1.1452499963546776,-0.1736504252646116
-1.545239829944376,-0.4546133131773027
0.46747813701074414,0.7426395554550227
-0.42745814880550825,0.06927678946398859
-0.38012836806265304,0.08447398969921753
-0.5121392478323199,-0.07105033381521206
1.1104117955217112,0.7892213072953527
2.6761812736072725,1.7505717169633765
1.521832277040028,0.979172065248755
1.3195992188827552,1.0688340978706625
0.16022656204553232,0.4661174791191626
1.6045485257242726,1.081864302510428
1.0417830113089588,0.8532142827587489
1.7047606848722694,1.1996290211109981
2.065426232150069,1.37682852011545
0.9267901774877058,0.7015067396198597
0.8477146307611385,0.7998572346395985
-0.45532612514292214,0.026270442749678845
-2.5396640419531114,-0.9525664847135039
0.6317529243795925,0.464093017437873
0.9344188216716995,0.9206124043222452
0.9600785488707888,0.8896240904709165
2.861753788897411,1.771238350455159
0.44589790726605505,0.6336402441280939
-1.4357539742070313,-0.60641569029117
-0.49594792036490104,0.11331259299096207
-0.6239560951781039,-0.2717863733641866
-0.6413112516480783,0.022226488317397416
0.3247767872447028,0.3880467207737185
0.009642108952201633,0.1441409790395079
0.7514939377461823,0.7307426309831415
1.9574766934635472,1.3237974558112984
2.1127716429727474,1.5368882854295514
1.1020570490704016,0.7895566729939277
0.9338730115070668,0.6580693529565563
1.9676541184006626,1.3997812226331725
-0.7376020892944255,0.047940803366853954
-0.7671996482426198,0.20786258138933678
-0.014917104647985124,0.41339581958682153
-1.681436113653603,-0.4315647622179557
0.665879614787275,0.7422075332454636
0.6517761919183123,0.5932051315745365
0.898188971265852,0.6423879605877862
0.4273616803567576,0.29244028853347837
0.11484147601479056,0.3959360319983974
2.0150243887336616,1.5511497739588884
1.649689388653231,1.136884651327442
2.595361429752707,1.5360396259716549
-0.704814006372859,-0.10169148305949946
-1.301706058951882,-0.20020041005922698
-1.3407429781010487,-0.4657244658606746
0.07729508707219623,0.5040682699476259
-0.41108543372540896,0.26798664318948456
-0.040801782475685555,0.27949482658804065
0.775731667394344,0.7580075982111941
1.375644625226296,1.0590045762938567
3.769173894642487,2.206276151278721
2.5292910904682993,1.6465200559511264
3.192754494422805,2.0058075963011337
1.79176232960564,1.1806365481047396
1.0058574904985405,0.9569458414637828
0.3967225608400436,0.5265340096068918
-0.5577310365069224,0.022908559211591246
-1.9932489915840375,-0.8470331974028681
-1.3297020256625367,-0.5355655988948083
-3.1543438343179617,-1.2143201559292134
-0.037619266659672856,0.13108099377359234
2.3557481115564918,1.3424469322139896
0.950695615729891,0.9489397940090333
0.7096573130327722,0.6900509026929476
1.6057553757045553,1.2311021620680558
1.3504970197359933,1.0276257958294837
-0.030530730595698885,0.4196581244345273
-0.9388771363584392,-0.1780843274421203
-1.6147286364822375,-0.5591166727337162
0.007886510292488103,0.24668339831740277
-0.7205165997919158,-0.11753372309623619
-0.3842785389910228,0.24711268533862657
0.5498663973807475,0.5510665707088771
-0.6777705854179088,0.06103430580184581
-1.2039749241536093,-0.40545183383815847
-1.085915951717244,-0.14138414752349432
-1.3304166460403954,-0.4645585801072384
-0.1279857935678418,0.32927187280458614
-0.4857749162421341,0.08535027820501448
-0.8213443098151165,-0.20538025755015438
-1.0859854978344086,-0.11896353822089463
-1.0980143628672376,-0.2616875099759456
-1.7180110257738708,-0.7469200214500402
-2.372029822462417,-0.8310835791643856
-1.8116280359351338,-0.5996030738741854
-2.398072917589667,-0.9263202447222951
-1.6054612583280403,-0.4155816420707092
0.03228006191801147,0.22293169508106253
0.18403212586518358,0.1928722755847492
0.40987414206997974,0.4560572129139844
0.5587830276921059,0.5284894553710148
1.8955521477839958,1.2246162287346438
1.6902136928900298,1.334549930008969
0.6579522409503868,0.6417216903867279
1.530020953552992,0.9829946392110667
0.7534931708076298,0.900675546888456
0.6206439612523355,0.5676709845690339
1.4642936524080294,0.8619554186251263
1.921133293723154,1.429908333050835
2.3538641869500774,1.4000273412933388
-1.1016868350082614,-0.23415203523430383
-1.88965781071894,-0.8088609234964357
-0.9648705717734757,-0.04116327608149015
-2.0316154717729287,-0.8240336632113936
-2.377568654965132,-0.950414638611227
-2.587922398637427,-1.0644910718129204
-1.5603655309584301,-0.5152828631241635
-3.0572504202215462,-1.2036555750838054
-1.2714377061537938,-0.30838177238019004
-1.1674273500316996,-0.3536606180764973
-2.096362202964241,-0.635500937966311
-0.221410508500402,0.09253772366936212
-0.13142932056325946,0.32773798669721754
0.20047302942609369,0.41785749924408866
-0.46369525364693565,0.13802278184015992
0.40621568246768586,0.6900233333919995
1.1868652941138835,0.8617296608351286
0.9475626426834505,0.838624895019129
0.6281236293218726,0.5644044398205409
0.30166243978272084,0.5774470274577932
0.9887501306603714,0.7533205816195865
0.24512701675962967,0.32482734295838755
0.5399338615119484,0.6763437163580523
-1.2457214111653552,-0.2447806743122194
-1.5910109649070805,-0.595604426069394
-2.4208680718791604,-0.866098989179323
-0.7815323968859718,-0.05873058889737493
-2.5669853393857016,-0.9349474035116058
-0.5932643757376068,0.12465395130933025
-1.222488445240709,-0.23482577359321138
-1.1623739284396917,-0.27896231147207934
1.2950806546523599,0.9318170973821728
2.886518114043086,1.6796077879557214
1.3908545040653126,1.080628963238648
1.4334724974116422,1.03347433402433
3.290787022419292,1.8406067710061718
3.002102221552022,1.8282153194171125
1.6441876865463771,1.2432491361811402
1.1010701931360989,0.7223276547856953
1.4038478411427704,0.8567186143286081
2.477410477380375,1.1636202517962817
2.9059694663908084,1.6908087922014272
2.3772989564618463,1.455224758655463
1.443595216740106,1.0653576941208422
1.2872657405322563,0.8817717538512045
1.9073468330161236,1.3575589511677575
0.8111691998481569,0.5647305541928873
0.457090582219292,0.5577249768049715
0.33786161077691707,0.41869984432989055
0.45604556261693996,0.7076525919353447
1.3282895004593438,1.0293386903776207
1.9913257015953922,1.360191229207938
1.549953978108052,1.2271138144121558
0.21712998441998632,0.3649290530713197
-0.9042515747756401,-0.14752330165889263
-0.8864120594592735,-0.32636305375319136
-1.0650289255852652,-0.18137366745796168
-2.610872534872459,-1.0203176855017257
0.9910398451835774,0.7471261173370219
0.6422046725221858,0.5414408705981316
-0.6670466787206731,0.03839715084578722
-1.47221710998874,-0.3434630975996634
-1.5900827642494013,-0.4240740984680657
-0.47359635743819206,0.10071332371156119
-0.6984465622565258,0.06789540550102112
-1.5061334389896655,-0.5484893481513382
0.04583199618415523,0.27916028789802616
-0.15471239074317744,0.035019380522978705
1.3245520968057207,1.0546373091611372
1.0820011268015943,0.8278148611363535
0.7007064603093859,0.7488234965378695
0.8407555197788885,0.8622141112700494
0.9139051930643665,0.6201085245524114
-0.2676659149366797,0.18599055724641403
0.49285683589853024,0.6549622811450473
0.4662890677525917,0.574973644075024
-2.17974825627606,-0.772535922462085
-0.350997690128277,0.11354187448450181
0.21777738663257523,0.5496172496546037
1.4420733407159236,1.077828509513977
1.8139565278273238,1.2039594889889313
1.4645562606872433,1.0513546117247985
1.135664286274445,0.9411598697894911
2.0252518809010365,1.2893562183920624
2.0194701029552857,1.3404961701165945
1.1232694587468954,0.8058180533662941
1.965370270442076,1.3852649501291348
0.7956643664179671,0.6685103195319841
0.6177628098656537,0.5553038792791521
0.579625586498503,0.5688500870502059
1.6901931591496928,0.9169157553415612
1.7677313366990735,1.2544146945157575
0.920885310257301,0.8073775622987116
0.8461469321896339,0.7699942367846733
-0.19066472584090322,0.21342295297779962
0.09250284230820718,0.2368426481605451
-0.342953460268092,0.24230390981580274
0.7740447601384282,0.7116983602682431
0.3391814826844571,0.28653432174693844
0.9641991397105394,0.5842464043484921
1.7802467060223122,1.2776446817785878
0.10510196758505141,0.2593859754734332
0.2643240835340668,0.2971789145665411
-0.5304586451107448,0.013936301988994294
-1.7196126053255063,-0.5036448381932257
-0.925493415065585,-0.39377874061733736
-1.7564619063309117,-0.6423735156043799
-1.6181832920961146,-0.6106240548770046
1.3603177780438738,0.9329157046077914
0.6415838144106929,0.5208956140380896
1.0189406697827899,0.8519730946531264
-1.1430004731316967,-0.3135657944191307
-1.6546227755458833,-0.6952061460469745
0.02397079618594744,0.26913752021280585
-0.5085665281761389,0.012832911959205273
0.7554310647424444,0.625296358688736
0.144440599673761,0.1848369291600199
-0.553918362274958,0.11920459639348568
1.6284324015697473,1.0945220832416567
-0.6488046814518695,-0.12601460609809972
-0.3505447632874982,0.11099122057344606
-1.3926708941540542,-0.3597529840836514
0.2496046375264812,0.5773908027607287
1.3091826474596842,0.9878730638131141
2.5203980907032926,1.3836702220869783
2.2138005103793175,1.4063664456533786
1.6621686950259646,1.0504538117283644
0.2256830575706722,0.41569742004142973
1.8787457033895054,1.1085080805763412
0.7250090820069808,0.7891131775282044
-0.49394550332689324,0.14137387156621567
0.9533216077304322,0.8887041665129926
0.020244923102392787,0.3247329569816101
-0.7451636834123551,-0.022379354637281475
1.1196726848908805,0.9265367821422914
-0.030343786725848143,0.27059324455027606
-0.9283470672755928,-0.12564285371158293
0.05221163499506043,0.5389772413892979
-0.5581062418427707,0.02494481463131697
-0.8575317771933597,-0.14112397186127712
-0.230134606206089,0.10037698256822238
-1.141161690592341,-0.3188957334976069
-0.8690195136601659,-0.1856876897834999
-1.4622368552861955,-0.6513254326899478
0.08204845452899279,0.3499208807749827
-0.6375432346717023,-0.01690858382418995
-0.5228931194779229,0.09802077075102425
0.2113882736031229,0.21401547326769182
1.081814846508584,0.9211746906117966
-0.22039057628527947,0.19183683076052713
-0.13950394119671727,0.05179512941868636
0.7995777861279312,0.7619748301412823
0.6474270751562088,0.7098573218850662
0.4753161170291835,0.49123927826670993
-0.039569327996451964,0.2900832117926955
-0.9672495259252704,-0.1874068752600295
-1.1087494122628274,-0.19852855520240095
-1.587900749846319,-0.4942410715269071
-0.15493099612932837,0.1787643890966181
-0.5183350521991201,-0.07402153094692904
-1.3323903171486626,-0.3432042906239349
-1.8232165848491442,-0.7250996582934122
-0.04904869890288022,0.2277483103308949
-1.0181676319062511,-0.13792930294339362
-0.11615291478637613,0.3140473749048549
1.4665503150753711,1.0974622814047281
2.6393878225326524,1.5875430232379948
0.7198036242249752,0.6507416677836355
1.1222885873396171,0.8243958777673298
2.8666530706248246,1.7641440945602709
-0.815333701213369,-0.2328024999259786
-1.093934224339855,-0.26352223674281466
-1.1726762625478386,-0.43252218497077827
-1.6648813135256384,-0.5994372868721729
-0.5466547574282435,0.0884079157434306
-0.91057989312662,-0.1364235485439901
0.43704899929281626,0.549055819387332
2.6538544654073464,1.5968293881403182
0.7024736162629215,0.7044591118797893
1.0233305752568629,0.8909087891187994
0.6643049649510824,0.6883210493397289
1.8503467364370079,1.1207384496702433
0.12138607417061753,0.5512466183995133
2.0705550868673273,1.2363777034525563
0.9448214786525826,0.7754474864393451
-0.12012907812097173,0.3283398766721708
-2.146270294401773,-0.7478385656407218
-2.4806423375828746,-0.8622953424258005
0.06091096677448182,0.36707334957540605
-0.20631335393536687,0.20477283008115615
-1.295150774788476,-0.32989683112896206
0.22837349522906836,0.3905196754699066
-1.0623910928077887,-0.1558373104825505
-1.4480980251290345,-0.3715109879754349
-0.015072782571508125,0.1550502508067929
-0.22050452142494734,0.15356715045382097
-0.6178663635207878,-0.0013888784221563824
-1.0055042473343874,-0.11499625632437419
-1.4865987338607622,-0.268000998285256
-2.981654937382126,-1.2660155284399954
-2.1286642213437914,-0.759544400470709
-1.6984777068574837,-0.45371920629516915
-1.064970610446833,-0.145653431420517
-1.8369530461214079,-0.5654177201428913
-0.6774835292603106,-0.09224185564896062
-1.0246861211938998,-0.17288248341480048
0.4351297225187152,0.5098535141209278
0.6251264287166708,0.6906434614403094
1.4716713328377302,1.1050021650256345
1.997191853995351,1.2459177116163365
0.9298847648916018,0.7935070673525618
0.4935967868624079,0.641023107270076
0.28415294853704726,0.4453269099607007
0.16194818240045075,0.4103128028523557
1.189199220359159,0.7681710579774653
0.5590045099568086,0.7396071633868837
2.056457801107749,1.3601982364208283
1.1333265392858087,0.920520044739975
2.204983398485452,1.5095895737664078
1.3436319480438668,1.1059586693783887
0.2917810308081563,0.5156290428223732
-1.6633216373863324,-0.6488109228079468
-0.42912533544043185,0.001597986893958847
1.3251695941757657,1.0193206959233445
1.2085872907153656,1.0423489648597024
-1.0494373513032418,-0.06970881094469322
-0.9194082685704849,-0.37391293187981745
-1.3759658807318005,-0.3753567881992291
-0.574748869854723,-0.10479943259990099
-0.5185474658425686,0.07338283948100197
0.7159089942676364,0.7708519932315113
1.9122084438247338,1.3547042997338128
1.0826741468780916,0.9977785603228707
1.8966632728217057,1.1251094765192144
1.422724167256682,1.1951257314158625
1.2039473314207407,0.9758056219801549
0.7938393429995716,0.8162032017489567
1.4629670362577758,1.042492220081298
0.6511072461220175,0.5312846496159274
1.967114087245248,1.4128574284825095
1.1253019222461746,1.0515799584564143
0.14118376881676764,0.34907199009701156
-0.4730450341027307,0.2148608467890499
-0.46892798801227187,0.19432273448817103
-1.1039880865493892,-0.049224459856597985
-1.493476153699456,-0.44053675231343215
-1.623957393760008,-0.6570841284385622
-1.2756266734842743,-0.4304821320623982
-0.866486547701229,-0.11232430192846435
-3.0049737142299593,-1.215212773337274
-0.6113411033258954,0.0148871155505155
-1.3556650620645292,-0.10512025328045321
-2.8430210608681974,-1.1406990716429828
-1.3681709122983252,-0.037989926478620095
-1.7137989558182478,-0.5784916635459132
-2.192238735779688,-0.6342461702741056
-0.761924549332107,-0.10581338331783957
-1.1384555259356834,-0.15654852276515685
-2.1549382557460115,-0.8892261573696144
-2.7842562325653133,-1.1121054735021998
-1.6257281667876748,-0.4718313385595234
-0.8087823173077745,-0.037156144327120985
-0.5859195755737048,0.12324901298209506
-0.2812089225701323,0.08967145489023116
-0.648364763468251,-0.05810693268918001
0.5195704592437385,0.6964471927924497
0.5534216202542822,0.3770527359236078
0.6332266134610418,0.4831360376085012
1.1019492742526942,0.9835405638393084
-0.16151905461631577,0.37967953445404345
-0.016547685193244566,0.3425372446095754
0.33561060685346783,0.5270757390277588
-0.5863410046671531,0.0992065258949448
-0.11543923164651465,0.1234129522325908
-0.32425884654547243,0.34122623522986134
-0.5026492257518221,0.16380074743614237
1.3830844142610894,1.0639016924158033
0.20492695756887702,0.49068577390460555
-0.18751409375253061,0.21494911086682886
-0.8689672251502188,-0.22308227510230483
-0.27866799848715457,0.1623711635463129
-0.7040989927508735,-0.009937996033067338
-0.5841594999479894,-0.19125682510086484
-0.012237345367969277,0.3305447844330453
-1.7787986564600773,-0.44240734735886006
-1.6595076211381312,-0.5355833105496007
-0.20677773745838302,0.4324905654232707
1.191641608866516,0.8279761795365144
-0.11838007918723925,0.14611257015598636
0.1619399356410872,0.42700792118370506
0.7836315097188532,0.7202622836380432
-0.6768812044534719,-0.2844397499160497
-1.658561005528331,-0.39834578518320296
-0.995385037233632,-0.3182716031519692
-0.7250585682758843,0.08175114477052725
-2.047087222098516,-0.6443050903551681
-1.5705408040676265,-0.373557441037627
-0.09126889955245043,0.12472040956108871
0.5025766582530962,0.645898322594701
-0.02022940401931811,0.2681275944624577
-0.20411725417382395,0.09765144505438578
-0.4448144299890305,0.17268491611880057
-2.32305351993401,-0.8313949827137901
-0.7130920827249034,-0.056675228076190395
-0.8310413737803594,-0.06223046427502806
0.6351871575677858,0.8976867393105521
0.09295896775082674,0.4426131306772688
0.2657235854146993,0.5262280732824444
-0.6597355020063063,-0.2618905593150255
-0.601363137190564,0.11946520882926448
0.4735893714420135,0.5951273699318991
0.025648345532825967,0.2162538397178248
1.1347282251486028,1.048866289888998
1.5956062000982465,1.0254705277353244
-0.5386273671350179,0.09107041291832735
-1.8053769346809068,-0.4542346004604537
-1.690720827830365,-0.37654066648427986
-0.8056569473281208,-0.15293657526746188
0.7069318061669564,0.6304328485104831
1.5195603465053913,1.0518593151367226
1.285911346235927,0.8513686866164748
0.7507181281037366,0.6737844172882579
2.105068998407686,1.4246678046179169
1.9674772493803419,1.2666861603584016
2.0014646411481225,1.2492292416001525
2.4065671031691425,1.5741455559469162
0.09242665896355828,0.34936744629422356
0.7854118402483106,0.6713763636562832
-1.7062585485623836,-0.4353991353271791
-0.13182076310869284,0.1373244093769782
0.3141403334737308,0.5021560134611756
0.24431934968305732,0.3388318551773295
-1.0898843317903824,0.0032523289085296114
-0.48169257335579135,0.05196376830707027
-0.8761499880282291,-0.05133700549765888
0.16916076850170403,0.4859192456776469
-1.384958906522062,-0.45968904235467956
-1.2812864847096674,-0.34246095434323165
-0.815802707739178,-0.1619814438472177
-0.9809151482570455,-0.09548588828240816
-0.08461235951764923,0.2755501309461626
-0.7566311746148866,-0.15055790218542336
0.6882905681193594,0.5412004845493182
0.45402744533549394,0.6982934832273546
0.45933284614446446,0.6088491078779525
-1.2841404861244048,-0.08081187342904805
-2.011151768987584,-0.6356003650137063
-2.0296184201597636,-0.6145576540960904
-0.3019805748202993,0.06506304379558084
0.08155471859089952,0.16942330416443746
-0.745832382544867,0.037286324384229685
0.8886045650578309,0.7052007176113044
0.7203108026525117,0.6146560983908558
0.0875489784658483,0.3159802695800496
-0.4586207895582815,-0.05559668282267796
-0.5998157033338499,-0.03518206456320725
0.3356588638381832,0.5446027088786223
0.2995013614769878,0.35423797094587967
1.0423787985982764,1.0246300341269547
1.1520916237131098,0.9396444159149888
2.2806041986925427,1.3911184221469173
1.8350838375550627,1.1779514288818285
-0.27491787198673556,0.23533377366850217
1.6136540169961893,1.2881156280067503
1.841735597455624,1.1555085703284977
0.9729848248710828,0.7616891218058462
0.4582935405778643,0.6750894091480621
1.7030826440942033,1.1095885896170885
2.4771436492443213,1.6552466392932819
1.4011152373888351,1.083425069869556
2.780558710393157,2.0080644766336397
-0.9034069293438785,-0.19543840510161953
0.7688837023883014,0.6884408155399294
-0.12876160013103066,0.3404900843702194
