-0.0684025096563451,0.18211779669264266
-0.602503418244389,0.017122177609101213
1.4089906678874526,0.9704531050906344
0.39471832257060757,0.5694452131214538
-0.003946460173449462,0.3131157089319197
-2.5115481722609654,-0.9445035569947876
1.5593297247532412,0.9895239232784008
0.1315367663827307,0.37505280062924595
-0.3660984714731717,0.2978946269524384
-0.40574083912280545,0.025087190038167534
-0.2969763582755428,0.11096145322241771
-0.7338337827100847,-0.28232652549982695
0.5639704188950571,0.5283871186432239
0.3701149931576325,0.6086161729532479
-0.8358080134412871,-0.13566052037373685
-1.1848571432668136,-0.2561328365566848
-1.7746107297981017,-0.5962533076026821
-1.9691125715183666,-0.5185087040436779
-1.6374122796614414,-0.3215749744228644
-1.3219894212141845,-0.3804237397139553
-0.18917203826632678,0.19184738950779406
0.08686988070104432,0.20776664885498852
0.708897575863946,0.7275511922196811
1.464946228018178,1.1832163433180878
0.18375863261194203,0.3623681940156929
0.8512309805386609,0.8626673108542673
0.044808079754777186,0.4178463150635893
1.5546896873735265,1.016080628073581
1.5679647196747752,0.9651344549110689
0.011490245418450007,0.3387587525116313
0.03396297625795785,0.2736910425841245
-0.5902286313802696,0.10935261461808693
-0.5369639796850129,0.03374017739056971
-0.9050625466077464,-0.11056698013679545
1.2505711709163476,0.9793288746860048
2.0143797476858945,1.3052228868732603
1.265673412897701,0.970640533037476
0.642125791107253,0.6675298739013071
0.6591444463387961,0.7605323019997805
1.3179869734079814,1.0366796644846354
-0.3461478255026783,0.10312270621661729
-0.2871140095911669,0.23662241121116304
0.25013985904400404,0.4807072183957952
-1.1762100160607754,-0.37798912086476116
-1.270369975430246,-0.4876913529895859
0.021648936486946657,0.29361356904807895
-0.18821620194265654,0.15921650559607364
-1.2814922614894564,-0.5085696642370634
-0.8740450621201972,-0.058987138559503924
0.2342706468357182,0.46741603000825743
-0.31986857009784886,0.41845189943021066
-0.8390427895510766,-0.1585325635698313
-0.24722486648066438,0.21934039061607694
-0.7026345066774021,0.05130807092256327
0.2135357908594575,0.6029405487203898
1.0523918561675587,0.701014100396639
-0.8756364193862118,-0.16988223337203467
-0.32019377930082643,0.12268034681885844
0.8728137884811468,0.7163167403505585
0.21692821829540265,0.38565020836131647
-0.9267107429177096,-0.14861014744644005
-2.15615557085089,-0.6209472214939452
-0.40626147792015477,0.05360587718470815
-1.4297468544207503,-0.3359060747886241
-0.3261215737834019,0.171191395327592
-0.8325757709983239,0.08139539200601864
-1.4039075103524774,-0.49344926094493985
0.9735868930119442,0.8767446125037064
1.7081335082302713,1.1342952926007792
1.8644478068337023,1.1535059525725546
1.816336308920985,0.9936985092218462
0.5711243940914558,0.6022846244227715
0.7156322925166101,0.7156731505877111
1.0134615143776182,0.5466053361476584
1.6503526742098782,1.2238997095504056
0.1612558456907549,0.3587811459479073
0.5082964336399359,0.37216772816366384
0.039468667793314705,0.376732238249608
-1.135750632932114,-0.15890935461021682
-0.6807676750549184,0.09464803409151318
-1.754879613989087,-0.6086291991695015
0.5283353951886824,0.42096200127514105
1.4642949937989478,1.1188520435547782
0.3222468845778611,0.5799922320196117
-1.675207353678466,-0.5301551935397808
-1.5024481917696468,-0.3653418865667843
-0.8761987106238431,-0.03784327571264892
-0.3103961252381772,0.30973459532517833
0.47459058948791655,0.49831748790936226
-0.6937767404348376,0.02874188536328376
-0.7769324409476905,-0.09811170804384226
0.48284912191697027,0.5055310345708761
-0.10917670747667158,0.2839718579708593
0.02284926321811309,0.2817140375452507
-1.0299637346186528,-0.13242611163908058
-0.4493459469269254,0.2930374851627041
0.8743940493873418,0.6261107648630384
1.5361271734624091,1.2031222701582316
0.949376524559512,0.6614038424278427
0.8624533746460985,0.7361219355168654
1.6841467152630996,1.205208784915868
1.7072287244329645,0.9678681624266625
0.2662242381925882,0.5152966669355944
0.8252099700003848,0.6766656344103643
0.5677904331182371,0.5478366031851629
0.2793650417238749,0.5367785752676585
-0.6138089562126005,-0.241787697270819
-0.5878553173329307,-0.11741454804580853
-1.0690954456349284,-0.24100134843198673
-1.244294307225419,-0.25688915944317015
-0.45526196781115774,-0.1136639604603096
0.29860300113172905,0.28619050105311195
-0.13551980586325174,0.16785624336617494
0.913520994581452,0.787679465512361
1.196164013680156,0.8971740719417948
-0.21071255141185952,0.2696332254295627
-0.11079893034672972,0.30490079367742134
0.49297580065150504,0.530167622151167
1.4299942960864693,1.2148333436796988
2.2968007012154215,1.3422051202788967
2.7229968534274542,1.6535396166005
1.833076609573995,1.1145538876889587
2.0801079471201023,1.4314674894794175
0.9816880727375779,0.829073780680606
0.14158173854948708,0.23665331799513284
1.0611021522578408,0.8308251117590543
0.6627762823701133,0.6866808570618781
-0.16630921174599034,0.4228551646006786
-0.9972754326466413,-0.2979259073912279
-0.7924316362537454,-0.021485915191638963
-1.9897515054035835,-0.6807709351025627
-0.7132519025337731,-0.16464549744166168
-0.8767059569539974,-0.3238998206614663
0.0816624853032224,0.20973739586251058
0.42229673320032346,0.3732237546148093
0.15767771745025883,0.4072531362657153
0.935675712933965,0.8357486978667836
2.3773547230839647,1.356064740031088
0.6749087299580954,0.7441544663168953
0.7873583902983179,0.8074761408915277
1.8117696049892578,0.8880331750467994
1.923184121143472,1.214894737169512
1.5055209599232264,1.1097341344724838
1.2916941684854493,1.2060053325134503
0.0005215525195130244,0.1097023450529149
-0.7261523898103138,-0.13236045598652174
0.23087850409704802,0.4940468989052632
0.1638571882214084,0.3783524683863727
-0.6489765668373928,0.06912227156989192
-1.3078171291271103,-0.4700157728125596
-1.7523430714501822,-0.5236022728361776
-1.4585375331108619,-0.4886211504194194
-0.5966304983360919,-0.013946116513202551
0.5636910870463973,0.558418601870553
0.17488425070336233,0.3112808297305449
1.2128703501609897,0.7461097410092624
0.06324677912882593,0.3257670712086447
1.2339146602436675,1.070445223362426
1.4749261837285104,1.0748170491793219
1.7666644322447338,1.1961883406453142
1.2807927355325506,1.1104298303498044
1.2112224409541437,0.8406663809675787
0.39323085787088197,0.6721209158440895
0.9878309476599105,0.8306447709148047
1.175410508604232,0.887910907639096
-0.8422701626761642,-0.2547809092494391
-0.029256718777466828,0.26892879424351934
-0.13213390729593152,0.25226364775838817
0.646375201173553,0.6818129746599756
-0.9112969758322944,-0.08111769731920628
-0.12271075223677541,0.29025894942649727
-2.2050233455997916,-0.7749384729807097
-2.05704102351215,-0.5620222695369878
-1.0124819361502087,-0.2836074753879314
-1.533659755493884,-0.5019641546890754
-2.213337369365009,-0.7870331939459823
-1.5832575942324503,-0.3296331115905952
-1.2191195831845065,-0.3132887233743141
0.15477048714089503,0.5110386677557401
1.0400330882250968,0.8702667115528474
-0.2269774062588168,-0.02856986979329279
0.16420827630084814,0.3883935670439719
-0.5173763066715181,-0.08077477056266778
-1.2888607086239006,-0.197921257394377
-0.9961868740092519,-0.24818088361291152
-1.153740825097569,-0.26840811382971586
0.2655725360114214,0.3865522680493553
0.524727159974637,0.586329252777493
0.9640265414949957,0.6145374051966571
1.5037937647071677,1.0607089655971744
0.9506204772156926,0.8363033443413865
-0.28344455458056006,0.23340224880592886
-1.1097887253510992,-0.2949462088167601
-0.5556834445468608,-0.09846396564887935
-0.5653636850389104,0.1231950025078184
1.2981637834553275,0.982786515996004
2.2714560131912997,1.4702920341430197
2.086148972990828,1.4414247970199847
1.361315991759588,0.7606617742315289
0.7724677460260962,0.569824526362664
-0.4720845339118004,0.03813195657880958
-0.10729610058744365,0.12097428918424682
-0.11241955139363749,0.34331271276763625
-0.06475074960201582,0.3524251397396333
-2.619914906315507,-1.118783082866555
-1.1727245494827054,-0.38244231188260713
-0.9024712347332464,-0.19002596028448213
0.4533036289530684,0.5314075477500573
-0.5946627420861903,-0.07637963441998546
0.9539295772379762,0.5367999405592705
1.4473949883324044,1.0059672001772164
1.3468513945403282,1.014110066721144
1.7533461054447135,1.311432092555635
-1.7280881341452285,-0.5522380539022734
1.1045140663730377,0.860598396722553
0.8397810603795122,0.768940423614812
1.1085035901297222,0.8506130189224671
-0.84652649758609,-0.03890848536637903
0.04813465962698338,0.3975410911156795
1.545319124856256,1.0677985715941327
0.5552407295427646,0.43684136142787877
1.0655226543266072,0.9218734140229489
0.2551547339508463,0.40173644287963095
0.8471940777943827,0.7768645950959683
0.9405462459606039,0.5819514719022969
0.21629157815123456,0.30209408438126384
1.1564431809918234,0.801299249482784
-1.5831636506521822,-0.4951133529427032
-0.20762095413835313,0.05786906902849162
1.2512366732122935,0.9825125538984062
-1.0175457397406178,-0.09560786065841075
-1.2022479418209502,-0.12092350510585897
-0.8712054908009113,-0.03263113439595866
-0.5236483262994571,0.0065639713906188585
-1.356461419383022,-0.5310098679119246
-1.8000230205456649,-0.7026947159234714
-1.8585678027876877,-0.7570726886228227
-0.7130951431768899,-0.11811768414942403
-0.6511407806722924,-0.0002157054422405047
-1.7622283883589416,-0.5145689458476255
-0.32273774975794,0.16288698471926008
0.4742595633577142,0.5279407447053307
-0.9576872402552735,-0.11631462760383494
-1.037991249635956,-0.15023254366103794
0.586134269112056,0.5671292794206286
0.7337401455202863,0.7332074046295374
2.322320450064064,1.2990970085681857
0.47024711110305795,0.4163255965417168
-0.48995489875019027,0.0778985226903565
-1.2543250279992952,-0.2618309712113515
0.43543561792124263,0.4809987867417901
-0.2524675707394323,0.1085601644914273
-0.015830438344572012,0.3675341630819813
2.3313873903109728,1.3786359790357539
0.4626762588541118,0.45085262319884567
0.530389250740417,0.6910776744518276
-0.4258576318421408,0.05274946853938992
1.2670886503886827,0.7689738204554226
1.7321055288225038,1.1117791169726359
-0.3050470154586282,0.17727381647698806
-2.091982088918337,-0.7781611220277047
-0.839171336959677,-0.02315947973295293
0.23107839913648387,0.2566437339704196
0.6533391392333037,0.5880498614725642
0.30786439608127264,0.5841770722483397
0.5015815008776014,0.6417904793407265
1.5759007129349138,1.1106979614611283
1.3600004915892212,0.8602563328058335
1.3161746293929941,1.1361827999471799
0.34972969887363237,0.6180429391827527
-0.6821842844066861,-0.20148261844740534
-1.7542093826388987,-0.43174398245417356
-1.4447399811566886,-0.5120335438250407
-0.9055995477963275,-0.1823749105604925
-1.7842440911860438,-0.6301529204761461
-0.047456431379464536,0.13919706575017543
0.07837156793394137,0.4610822693968543
0.14039363510380556,0.2792684986615861
-0.847061556852218,-0.07065134524452862
-1.096510864055703,-0.4267920275246838
-0.4479699918310879,0.12156532532814687
0.08181324111023847,0.34169234813805244
-0.8082280436855489,0.00897624975569282
0.19670369851956204,0.38287467545933623
0.08255021182250076,0.33426727815008306
0.9916468973271314,0.8524201252217827
1.897852928478076,1.333136506914067
1.0107121027194035,0.7328132421329533
0.2884388553741496,0.4984255461797388
1.1489032182279901,0.8834126399643039
-0.7148398238604379,0.0072505922232407455
-0.4201977106773609,0.16267462713860226
-1.1278423381006601,-0.3414946225814027
-1.3620615171264374,-0.26908888626700245
-1.7888102759154982,-0.5050447467753112
0.17901267286957068,0.41861160935712316
-0.28826136221050636,0.02143414617134018
-1.0195143135179927,-0.22598494657627222
-1.803256046241747,-0.7358391989604749
-0.6649336164644135,0.09395181034190267
-1.0952680928919558,-0.3385369826646836
-1.1392830089751027,-0.1934807835230244
-1.375709837930728,-0.38660301898968596
-0.3627298076211699,0.13528383242035316
-0.43013539874262485,-0.12086839241427164
-0.502297185715685,0.13132453858289334
0.4070487985883154,0.5296856359327127
-1.0708293174087693,-0.3974136153299382
-0.0850492897565498,0.2637642107212789
-0.5594891124763564,-0.17614627228003593
-1.3798359271489176,-0.5441358101955872
-2.2365812900215265,-0.8511613853666784
-1.6163824223462642,-0.4508658432585749
-2.325166119231932,-0.8909968852308359
-1.8175597420630205,-0.45047908986888785
-2.733994452992313,-0.8508524007966961
-3.345406234752038,-1.3178933748395554
-1.640050113836678,-0.5350496639414529
-0.7836665735921367,0.06911442210066046
-0.5853903585468935,0.03646938672288136
-1.3435642877897938,-0.15724868249802476
-0.9727756203620853,-0.17323710376503088
-0.0413517442596697,0.3794817989428973
-0.19222209795853637,0.14922260843515162
-1.2194646652075543,-0.1937490318019103
-1.8519212990983025,-0.5405748952377551
-1.7659358742245934,-0.5771976954352407
-0.8646552000853371,-0.09327352735102672
-2.216589366593568,-0.6719808902235916
-2.048934395770453,-0.626716221963146
-1.5442978258383466,-0.3016883144743911
-0.48507400725162675,-0.07027183599391726
-1.3579946100752605,-0.440056172488244
-0.8318384125999694,-0.2711853041838158
0.17481926492145972,0.5389738077320934
0.18064131522898136,0.5193713500064753
-0.8116652475611214,-0.0943806862770562
-0.4082086332722579,0.014648799220838268
0.7885184977610348,0.7681423732825629
2.449642549469618,1.5854664075165275
0.3417721378377059,0.33323540632044346
1.7831922564854172,1.251778942237304
1.9016607162931802,1.3628987442841363
3.777329447176781,2.184985053479953
1.3500086742429687,0.9619617161463772
0.31823453100598154,0.3932447381436936
1.4297104866381989,1.1044178092035957
2.1338770938281972,1.2995762953903027
0.4791931803125089,0.40784078083685116
1.7157222298022827,1.0832368940179937
2.9256079237149217,1.4564699349308945
0.07894589303542543,0.31222408639345745
0.34271772934453504,0.5255569327355649
-0.136254653843131,0.1971507384054741
0.17976982890414053,0.4439058757639037
1.301898784368021,0.7393129248171427
1.8877391246048763,1.3683781378523074
1.3047548404093896,1.0006338365772338
-1.132346547767023,-0.1601801241486493
-1.8088630897158424,-0.42374758064267015
-0.8233778342187865,-0.12887710276055103
-0.9332939257200166,-0.2016640452542311
0.2885142393790483,0.42026080264266275
0.09787963803569802,0.2838910424087153
-0.3369876403497591,0.06295986335020162
-0.4258612150141762,0.3059030107309165
0.310594956429332,0.4474846072346592
-2.213761508321269,-0.9589091244598452
-2.3129753805402293,-0.9797968938058013
-0.035616101500078434,0.22019508428042675
-1.7053453659549795,-0.5624255120887242
-1.0495318136394394,-0.31808667173767663
-0.39652380142870836,0.004726519305079488
1.0619324098927352,0.7639667896987369
1.3647732871797489,1.0380270361843444
2.0606980564631416,1.543971039371325
-0.22274041605674078,0.20175026781523547
-0.16326620636072478,0.24452756214673602
-1.8254134482022544,-0.5639138143470553
-1.3434304587746881,-0.4154001863004757
0.4724839711699562,0.4641098286396513
1.4186753081560366,0.9622212635412135
0.4925344252625581,0.4460009395321316
1.6456886056709559,1.1320951508351857
1.209579102521405,1.0705181732620366
-0.08743733659893727,0.09420421057484216
-0.984421076966457,-0.14693530122777812
0.6180389341757258,0.7070454623036747
1.1529734958307034,0.9232764462983329
0.7977425652532365,0.7855559201058939
2.7239092121707236,1.5774823546995211
0.6107558760469396,0.5856679274898444
1.0225056407384843,0.8573375656515855
0.9584127780038902,0.8138897223754457
-0.5762050080022572,0.03958780533866599
-0.043566789167119035,0.17196366088337695
0.8471566590674727,0.5749596029076064
2.5670174749030004,1.5316022906293707
1.1828630701357046,0.9066115201857793
1.2045467850995928,1.2095640329348814
1.3759575049089399,1.0872547154989862
2.8774006304833075,1.7553120127695976
1.2511096966489095,1.007267082197621
0.7692291790044457,0.616646724073844
0.4749843220249865,0.6373261555092777
-0.9774975820617663,-0.19727720481971095
0.5136145848565966,0.45619122653043165
-0.13808278592457568,0.18660289712902814
0.1273787848142313,0.3052006224687787
-0.7400031239981546,0.14651477191681628
-0.6918812104985129,-0.12515667696362837
0.7331939295135714,0.7764616168177736
2.11526428488387,1.3285139347051167
-0.2372224152371709,0.19715971439066624
2.2347443322616907,1.3922157590538824
0.1698236682221279,0.4686496328182682
1.4171653410500484,0.9821380265308035
0.9465141036814912,0.8799895888215951
0.6077194449898959,0.46285035675063874
1.246657838046165,0.8562695663290472
1.149159354142753,1.0338997006132615
1.9868848005012074,1.391946932941598
1.5588529221423078,0.9943910907247017
0.7215090352250776,0.7278453753043378
0.16110659109334252,0.3951195748255786
0.23190286417876624,0.44049705955837565
1.053178813482017,0.8748171505505029
-1.3271348021975715,-0.30230979553179055
-0.19056854376417975,0.31474529701476844
-0.7307223239552421,-0.07530854421752958
-0.5803080145532462,-0.18126290534362113
-0.42304773899366666,0.1962026161951988
0.15133609845563417,0.25217537349710417
1.463235351413574,1.1977819031126125
1.3361337121836887,0.7392615530521955
1.7542757345831421,1.1883477257034194
1.4073695866132396,0.8584351855865233
0.4025943970988246,0.5683701065393865
0.791757730621897,0.6720260857171387
0.321693671573589,0.4643156867999793
0.9001369433157621,0.9239065298547698
1.3849487427961285,0.9942336122704445
1.2977459621652965,1.23216613516853
1.1877224071079915,0.9133381432508281
1.2261059769021545,1.0313049144359772
1.8932223519194227,1.2945827409323512
0.8755685128585875,0.8039188761012123
0.779009972209709,0.6998397174284898
-1.6525600736268913,-0.50601609068361
-2.4742570306464264,-1.051608354759273
-2.3517153340859225,-0.9256956744866465
-0.014108535852188853,0.0634525099757628
-0.3058742575988348,0.09393137108053604
-0.7060526751288233,-0.032457184268828446
-0.027638548640518623,0.29848311594114785
0.06532060042911222,0.22701742804464065
0.15123553401108744,0.4201940855756321
-0.24225624885635144,0.07360180867037933
-0.21993826692889806,0.36193045242027855
0.3638554848394924,0.4152458862760805
0.7984962802505371,0.5709577253236797
2.205855970706595,1.5678687382394296
-0.16579800050251414,0.319061546657645
0.3417039666597446,0.389869416571432
0.5243085844311544,0.47612574845181754
0.6697822503933838,0.7466224653266388
0.026377233386064014,0.2851965302634174
-0.09189140811867152,0.17533876562569298
-1.5124143472542997,-0.42224734967791183
-1.2051986136012258,-0.1840334370747595
0.5459207227925246,0.50621307728402
-1.4620010573205622,-0.3056246502110534
-0.7988014330606945,-0.12074897553128727
-1.6371551231401282,-0.5846335820578801
1.1392214322043788,1.0435862910232927
0.4953418544675307,0.46525729796191484
0.2965348032519699,0.47276838314412245
0.36683146729547206,0.5332295641018747
1.3106722844578762,0.8826198285221222
0.50419721408298,0.47805999526005233
0.7599220342259279,0.7911373360475626
1.7951190396120957,1.0842094557936046
1.3002715451935511,0.8625041501099548
2.5709660045480556,1.353728275048396
1.7976843787143613,1.3260285812855994
1.7490191863454236,1.2796266566468109
0.5257710713983292,0.6672802861359877
0.5933163802129449,0.5412435831613035
0.5586086721825417,0.6826254070369182
1.5820625432905109,1.167348750122519
0.21217111716608283,0.38863512510137554
1.4165628583980272,0.9282049465281529
-0.2391251837530326,0.1365339628220451
0.9261099327474052,0.9612226969265408
2.538916265167878,1.6058859797016232
1.755870447970894,1.1415308769828318
1.0475147230515354,0.9322229159814539
1.2429806508622374,1.0836153377703013
-0.4399836783826493,0.0313778552493916
-0.9930668669003497,-0.10556725031771735
-0.13560035791337977,0.1888418602188379
0.09968771887456374,0.2897997966481207
-1.672276088347625,-0.5363683018013875
-2.6195591678595043,-0.959674110738445
-2.2530043238325286,-0.9408522477708148
-0.06048741152489523,0.2166672614764296
-0.2910669408387427,0.058540283450223246
-1.1164850276418887,-0.23458440281440424
-1.7920140368003774,-0.6145844118839474
-0.9379340226172573,-0.175499099865822
-2.083414951773938,-0.6242865712100881
-0.09969194316627816,0.23219601552954255
0.8298055806062841,0.7310570151275089
1.0148314736763704,0.7963934204762994
1.9817801096513183,1.4563503117780856
1.625627270038283,1.378258550182834
-1.3511331790029903,-0.43500061136724366
-0.9251040390984223,-0.3044458346089477
-1.9691494478443878,-0.7105188382782776
-1.3019871830700747,-0.500491946515961
-2.147416105638547,-0.7113703828889494
-0.9659547903189485,-0.20592393309080398
-0.7183453859377661,-0.11128940006029606
-0.795638282467406,-0.052061192406534416
1.6185564675896478,1.1664886226127884
1.033032644831671,0.8369404311547667
-0.06631026358477099,0.28149627467871924
-1.7056215274211388,-0.43443211023154293
0.0840383540137315,0.3488551522312325
-0.03613247936186473,0.24214331907600245
0.4695354350099423,0.7686955462580736
-0.3628197569430475,0.1884680332495704
0.9586040576675845,0.8102130658649981
-0.2856468936647749,0.23867215720542517
-0.6533272331848554,0.09641764510565937
0.12620512966485664,0.2930446644325392
-0.18659290346743868,0.18084161672291305
-0.47290645101040124,0.0958929456553125
-1.626781439563885,-0.5289875695640823
-1.6687370450371675,-0.5302041912168839
-2.372466487503395,-0.8605142703490198
-1.1661898407066098,-0.15174876810910623
-0.5485706328679752,-0.021173026278970886
-0.8997237776740135,-0.162210774941419
0.04602790430160342,0.38371911394259595
-0.8151237204602281,-0.06344570912055275
-0.3674150310993613,-0.024310351147962067
-2.0283960503280323,-0.7364079347656577
0.6559634458521055,0.9468775670498908
1.6119915750546583,1.2227932496123721
0.571104167526711,0.5707960947417219
-0.09957467713016177,0.3919235549254908
-0.12075091135131372,0.26639509997459526
1.832741890446889,1.0933157471053756
1.6590894092802935,1.181993077794965
1.170114379364837,0.8911088391350078
0.9573188574028151,0.664856832807209
2.1041358260466225,1.4650379870884658
1.8433773549079677,1.3898412589749825
1.4892147297804719,1.0811994068516289
-0.6294813673259164,-0.11886089614544407
1.1824039540690414,0.9307017281826143
0.878847258017265,0.7792274652718382
1.2006499795904073,0.8900786038511109
-0.9894073227810417,-0.1355442396368166
0.299065477201093,0.4577313768831103
0.03443032704612453,0.2259943705593268
1.4917538578434293,1.1010677303110372
3.0504274654995744,1.804180608654451
1.0275643872013234,0.8723781452127178
0.6215410272122512,0.7095241143290036
1.1613077566550263,0.9579847193457124
-1.1606507654415517,-0.455148244049044
0.19585360538009589,0.6071362413121927
-1.4349994946474203,-0.3828363716142988
-0.7905627376293981,0.020260519350065564
-1.9126688599690826,-0.6766430519606863
-1.7075305862652983,-0.5139482340783705
-0.5517351821300458,-0.04207859993923532
-2.320187376148475,-0.768961937968463
-2.288360258095776,-0.9929839540624312
-1.7984027331824164,-0.5690079367734289
-1.2326455205118798,-0.3344820391673099
-2.0946846147862335,-0.7878762921793507
-0.12563704040263313,0.4245922001440927
-1.4091383278085783,-0.36456463128684896
-1.523903439401,-0.45013574027833875
-1.775320135329301,-0.4107129367466126
-0.7990195163083882,-0.05053115317708126
0.036080177712179196,0.266287218615259
-1.2930786446250269,-0.49514000137953373
-0.6674540213810387,-0.01040463905081885
-0.7842187144926585,-0.23516185597643283
-2.2536666943646955,-0.6675393171311258
-1.1746805568152856,-0.49345153295329575
-0.698884981286455,-0.06186035764079274
0.31763256591265066,0.3574947329156188
0.6567526235037802,0.7412695266503782
1.0134124256518562,0.8683748609424418
-1.7344143588184862,-0.6450425531117829
0.15509218453703855,0.426699952320789
-0.7469590736771863,0.09212958751501188
-1.2751564356031952,-0.08763795880515021
-1.4810745934722025,-0.5311629788789474
-1.3728343271303898,-0.31773453511773847
-0.2427250824593855,0.22165850454653827
-1.401068584883852,-0.6315261862447026
-0.9394534273558777,-0.13970695043855247
-2.2631687033853636,-0.7286798722046286
-2.160428297475502,-0.8392750327784644
-1.0981341254289898,-0.3258989045848788
1.0746939165159537,0.8079801138291336
2.498581915631689,1.515275076199072
0.6368050273124662,0.7043043848861639
-0.5267902706655717,0.1451539376821759
-1.417001649506866,-0.3606551994761489
0.3836756387961743,0.5762777619687989
-0.41657170752573325,0.21663059834944198
-0.11524804355216833,0.182302575608077
0.6402249621869434,0.6926814508538398
-0.0048869479754724,0.28520685113357624
0.6978466280022939,0.3556153224215045
-0.697910257872525,-0.12243121852065991
-2.256387156465083,-0.8843336051243125
-1.3478811556991406,-0.49376366565082846
-0.23551515173964388,0.1401960885880959
-1.9059957278429982,-0.7363525994442832
0.14748440389920625,0.4523756995095848
2.558130000587764,1.6537515596444579
1.3197969732429884,1.0316851346294684
1.4359141552160217,0.999879482974171
0.9682805115790751,0.6734279464761703
1.7714148926175732,1.1425612530494016
1.7466854174327404,1.1088789555433205
2.4801812435698203,1.529115467488818
0.5576398107012766,0.5234206958366148
0.11915259468291534,0.30238795700970317
0.17144801598852588,0.4690028888081905
2.28424736884098,1.5915126346794732
2.0648816767455473,1.5081158003433555
2.27833157038142,1.4943782060061364
2.261168629573131,1.5143388933295767
-0.28375459495134603,0.04048256815194272
-1.1844658704701578,-0.4012786068603389
0.06974961760366649,0.3656322633004321
-0.4019333414093735,0.21271245286215854
-1.573118780753405,-0.6754602478865901
-2.109877847377123,-0.7120352387185827
-0.060865882884113987,0.2669076949823907
0.8886917415821219,0.7737481020909065
2.653762574520909,1.523206320960672
1.3235110719505656,1.0126733434908755
1.5393707962184278,1.045000011770622
3.7140405707900164,2.0812968092004205
1.7835060023685836,1.2278590532956675
2.7298312023538718,1.5488268121451285
0.20175999786828114,0.4672860514041682
-2.7954175452767815,-1.1508052951565535
-1.6854566074654405,-0.45641722621363867
-1.9800350531102995,-0.6636188151851462
0.011044805652005829,0.18936296411209025
0.5090739299241199,0.6380771965896126
0.9683959197983383,0.9673956033208776
-0.15944107737354862,0.0897145479361198
0.8968563235698781,0.9078654115989078
1.0528534910021305,0.7479779628439545
-0.2773459059752512,0.050954309799776665
1.6616884261403673,1.1247964928757328
0.04483575811300711,0.42508532309071195
1.434799976606416,0.981372414375503
1.0343023462955672,0.6059786214328283
1.831737814104239,1.492987038720971
3.039866893049167,1.8333577817165387
1.854451350412837,1.2985644182049232
0.5465027292824272,0.44336847881330677
-0.20119009717353686,0.19856106161629
0.606402918078722,0.5427208207877605
1.787955552077603,1.2450736954909047
2.7490087759232775,1.7252468955052531
0.2511947038534995,0.5215750867160713
0.9062031950620317,0.6704395263929179
-1.0645691016126633,-0.24171311480262683
0.19556717511644295,0.42938236318949147
-0.8389733195326083,-0.22230634597497786
-1.1346490873553847,-0.3305380737688891
-1.762998956319663,-0.6904909270620143
-1.0373103754274973,-0.2612320596070929
-2.605792536296174,-1.0009891075392052
-2.369382485003912,-1.0014638612389914
-0.9420681769047353,-0.2615747080607199
-0.9667327479998999,-0.17847509225667027
-0.31110997480992,0.2434583329444744
-1.3719695432301948,-0.3558251419176426
-0.8390689812946087,-0.07280579390694641
-1.9726200720096587,-0.5886132419622626
-2.3990214572536304,-1.0169371998528998
-2.39304934708367,-1.0213394665520308
-0.5443864835406977,0.015106762657991797
-1.0719649956902355,-0.1544897644526825
0.04789732877876607,0.24585291675364263
0.06264322530901534,0.3271242482482429
0.1337018428709627,0.4282011264947857
-0.10334771590519884,0.24808127182987902
-0.3973649368606514,-0.09867220767496584
0.0810447632912672,0.3362918363799668
-0.11303718996304396,0.028541268009585757
-0.3543220637180788,0.37308951096597887
1.8701120763025325,1.3661660562576812
0.9741654669297082,0.7762960167116427
0.44737981909272884,0.4890736460391673
0.621298839889497,0.5205213603281986
-0.8409423546215893,-0.38816845230406966
-0.7598351287079192,-0.060499155341522545
-0.05514757601934284,0.12184223812989758
0.3362471526401078,0.4162691468863111
0.8312468298059038,0.7586294422961015
1.6718322984615592,1.3118397415320036
0.8827904249071808,0.7573098445597759
0.14640003335056162,0.3958451015693306
-0.6022716947249467,0.06170997529865534
-2.195688165243591,-0.6732753120881276
-0.9064617325173312,-0.24285468115600628
-1.1995089689234526,-0.1907741168330076
-1.6382599047342254,-0.5112529125146967
-0.03910313206071547,0.2514929253589194
1.4457498028153364,0.9371676336847257
2.076787927668263,1.229656465681075
1.7465863710506468,1.097525454148893
3.1724978396062395,1.7294278260601703
0.9914285670754787,0.8196026632591312
-0.16958099312463693,0.09529336388961686
0.9756644450629695,0.7744961568698708
-0.3244721466625753,0.0013925517489643269
0.40327818189093595,0.4559127737673295
0.8619510374941339,0.8367318313323255
0.5008855922256402,0.398632677165507
-1.351919351161662,-0.3624726364520627
-1.6332755607030178,-0.44175095331892605
-1.0535906578259975,-0.19687455767339362
1.2977799274522401,1.2446190959320893
-1.0012998089371012,-0.09152792291195769
-0.31828971013094814,0.10935899649674102
-0.29610206039742104,0.17255623927836997
-1.1536673329979985,-0.30496324745910897
-0.1997288623115835,0.0903037412022841
-0.9234124656546242,-0.1752137384053925
0.2542762407989607,0.4720663762850086
1.6314637029230865,1.035766896702632
2.648541799596271,1.7062020732108276
1.269295824846055,1.0816622655539962
1.2738330097969603,0.7199019975968503
1.312789710216734,0.9498404369704064
2.047570554690141,1.3655376927704592
1.236270563523575,0.7837496685736844
1.02182345546672,0.7582733238918222
0.607910107954973,0.5584727940854257
0.5553392186732563,0.530205666322803
1.507119559933443,0.9237070231078865
2.005166225075926,1.4107495461261514
1.322963688369883,0.829471031616108
1.5498938269821458,1.0797969055344894
1.2308190287139769,0.7911189088082227
0.29151860640515503,0.4072566262727016
-0.00986120850558092,0.4836259239291928
1.1665138100819974,0.8025621223945552
-0.24370920352744085,0.3295272847871459
0.04687210374356851,0.37445271009511705
-0.6056449443528946,-0.025066436779768286
-0.5074684377714858,-0.024347014350292226
0.4591637259594462,0.6150509715490233
0.7345563930844596,0.7741229119317053
0.028600329821767523,0.30435891399407444
0.15253569352859392,0.27672732640073117
1.819579587841619,1.1474917617703635
1.1056615255695026,0.9187796170087261
0.19788430640809018,0.38210122238743693
1.3785497695502693,0.91508757863386
1.0260078665498917,0.7383970127696187
1.6654977949229832,1.2334530206413383
0.7737083513343177,0.8881131590582861
-0.1182495801944684,0.15278536665757025
0.35201441634508795,0.3943551095115965
-2.956745213537385,-0.9891999426250896
-0.982672771900963,-0.20553458057204926
0.6145929967147371,0.6062535882142724
0.9415330310329887,0.7149577416108626
-0.8176345461919915,-0.1900455881284281
-1.9253097031136261,-0.7995914687755175
-0.8837746029651907,-0.1442818850904012
-0.5916905411330549,-0.08424706830517113
-2.69021144684694,-1.391643692631461
-0.3790153056423181,0.11776768563078316
0.24583393803609827,0.44199574423358723
1.080692982169565,1.0205053834881137
1.7116534044247445,1.23680831428721
1.1752921322760908,1.0297754294320665
0.8709686574507088,0.560464149440378
0.7274876788424235,0.6502581805015503
1.5633740163531722,1.0929711376782059
1.4119394912612355,0.9961336982236416
1.2714323771159144,0.7697243698139685
-0.07749355052858986,0.230354825451011
-0.7537215229852354,-0.18029328988036153
0.08852783691658828,0.3952209882985369
0.15846655481713534,0.23546923660195115
0.2705683576141196,0.3469801272615875
-1.448203142939928,-0.41478590346936567
-0.8918429682288104,0.028567231392595427
0.09552598036791737,0.178922616585878
-0.17820802186542384,0.06715414207212095
-0.942786506725084,-0.14406640186348563
-0.9054535901280402,-0.12800088225947892
0.8698397630188835,0.764038657910536
-0.5478856276855818,-0.040455234133245505
-1.2238342957805286,-0.3799724008083567
0.5683394272894586,0.4782193474385523
-0.3715298051129655,0.17141506633456305
0.6397273861719986,0.6772958068424878
0.07008903145536888,0.2997416123252126
-0.09623989348130975,0.4691248019865263
0.9895882777895557,0.734802517460795
2.4029356062443994,1.6274968654028747
0.558025238275037,0.6253431346592536
1.1462471862923738,0.8385236798540181
1.2127571031294688,0.8087517985367214
1.5524634950853857,1.0703750244660861
1.9117702950403959,1.2939816571459755
0.6338073922572103,0.7795117970443675
2.2276172715998612,1.3067548568266292
1.4412450714213996,1.0159904944521192
1.5553063060406016,1.2294501141042575
0.8232519715739697,0.7128685020673055
2.730647654884061,1.4988153824449488
4.053005585994984,2.196421572928981
0.08333399236753336,0.29818859116835217
-0.5273270163219002,-0.00011934824509735736
-1.6181199705424238,-0.4204083620330369
-1.462403238502406,-0.36364453271651886
-1.6106046156003622,-0.6211046450845324
0.07582856001239402,0.18918591578055236
-2.1782078850358157,-0.6639538350703664
-1.8459277747531226,-0.7185422834831681
-0.4193857434861842,0.0683523719162362
-1.5970039346136267,-0.5814474515214858
-2.2060180926637716,-0.8480093779828812
-2.409383595170593,-0.8986171091195457
-1.7167661207077374,-0.6927193922650045
-0.36044562407116665,0.15540862893368623
-0.5056720423091898,0.028310286641228113
-0.7674663790101954,-0.051422512880920715
-0.6611803522351279,-0.0347227984936151
0.475712571889349,0.5406285886138489
0.5880375271596665,0.7599217269977095
1.1822268734083679,1.040385925384519
0.6557751522138657,0.6806666875306261
1.1928494463592998,0.8723773559706534
-0.7282194220539248,-0.004665581680127345
-1.305426874562615,-0.3896623059887992
-1.6313423126320572,-0.40410458472919164
-0.3245894726992392,0.3372921681703387
0.8895776835279352,0.9054282087501209
-0.7061288049314435,0.17337227022740706
-0.0014477691213947708,0.1759432268614614
1.5289580081568206,1.0361899171633886
0.7162131859185439,0.4063604298569979
1.2861637088530118,0.8881908458852785
0.5123274515886806,0.596531287526039
-0.6538677478196577,-0.1217893145341975
-1.1405311101570925,-0.28429451652435656
-1.0128779389462244,-0.0943185602879338
-2.1902243110790622,-0.7905598415589604
-0.8545428271893648,-0.19731281744517803
-1.3050205294884103,-0.37072387123963707
-0.6944206616648287,0.10873714061525977
0.13609487776225015,0.3637799089389705
0.25796657536048084,0.31985053625311216
-0.29080682026980853,0.17499280146362034
-1.2411519989017012,-0.2413669373667296
-2.1599586869993734,-0.6556171710467261
1.277348253558806,0.7806778243619263
1.6701477266600446,1.1040567253490672
0.6771392675129497,0.8175906129059731
-0.056293378216032974,0.048696715167355104
-1.2784562602333578,-0.26364197162987146
-0.6453354575458523,-0.03373599820651308
0.6049146321979721,0.49247709855659594
2.1849982783254793,1.253773558902979
1.957925666908649,1.2281640841885706
0.4720137778888194,0.6097688461739901
2.06376675979094,1.32444964059095
2.2817109041877055,1.424932875655442
1.4171521873346569,0.8837557660996349
0.8496998608377191,0.9385990128153319
1.5429040289384173,1.2450576667251896
0.6133066693728184,0.7484707799312195
1.7640694998412143,1.038621594973253
0.026800239182067864,0.31520640743228495
-2.368382838133715,-1.1596623621038453
0.8462551586211833,0.5369387198846628
0.3391602862084089,0.4063495267794598
-2.2525281410113114,-0.8915917484327435
-2.871633814665236,-1.090419091910443
-0.3140888072626504,0.14324423261083688
2.3906829891423698,1.6969732110954507
0.8175027099182703,0.6714641331849808
1.0856491998432038,0.6929688426001146
1.3400147544547365,1.1778651656060628
1.40760449361484,1.069503050557904
0.7256743100618227,0.6269246935408824
2.275485529130327,1.320698969892909
1.5586680958231116,1.1280211034801018
0.10392696767724074,0.28584450524615224
-0.07994293405840786,0.4044840516425219
0.3359287210087971,0.48344464634173834
-0.9943348681011075,-0.09058015955038522
0.4047689404386484,0.5877890414727538
1.510887581166393,0.9740182597835392
0.7278405425787069,0.7390756599982027
0.7044058053762323,0.47160652408787485
0.6965967726554343,0.6459063122404449
1.6284187369594674,1.1719863563899249
0.8693158055032926,0.5627957618359842
1.3976670348466032,1.0223948678067876
0.1607517230574188,0.2927565205906653
-1.5132607019724398,-0.49628857638837903
1.5886629199529372,1.2581845941271672
0.9667816512565136,0.8085778714755347
1.554187734119741,1.0050550305762187
2.349182914237509,1.6127058462607646
-0.14461829304607576,0.2292696204453761
1.153350977419887,1.0681468747376661
0.20826076918644376,0.3435980628948183
0.5955032617473791,0.5212722900719033
-0.3832888900790825,0.08657393710131908
-0.582322380568333,0.2137018419542114
0.17638076478677434,0.2610698289823429
0.7090914100222923,0.630641293889524
0.23695731804655829,0.3693856430475229
1.0898973097565492,0.8455098006420313
-0.41453774213762795,0.24624202199023676
-2.5938795038850024,-0.897697290380268
-2.2858574262177904,-0.7151649591074157
0.20564254502817048,0.3655002235065029
-1.274741956264349,-0.5320103795010588
0.41918083186446764,0.582828952157993
-0.5562886962279474,0.2133123962947298
-0.022160768625901883,0.24884595585303515
0.3715270058879611,0.6284450160792435
0.7187388040983287,0.7098094192267724
1.1316385898783965,0.9536595434159272
0.044968858542753565,0.34849991174018313
0.4922398483890963,0.5155811244292351
-0.18294848738177383,0.3476139975916622
0.6708882152390723,0.6357148899731054
0.9857113719277304,0.9772750816317775
1.1761439141181917,0.7755540305733466
0.17980295623409526,0.459201894012741
-0.11353108261506256,0.22911399864145005
-0.43702775223766827,-0.022164280773642436
-1.1674575522295971,-0.3235509704354944
-0.6267197675517081,-0.09254936618679323
-0.5412433983089339,0.13157078036859776
-0.19674064174466038,0.25594397399438745
0.8355189684257613,0.7122341888933197
1.2299495942186567,0.7959999828461204
0.10822398233861219,0.3090507374533903
0.8787257492182241,0.7959300214147562
1.1525101520287673,0.9928167290178642
1.6446664233738137,1.100245485984295
1.253027453013395,0.9600843889115693
2.515827462976265,1.5976065742055106
0.9985323344562665,0.7629030757109616
0.08950533751493961,0.49049741352474396
-1.1308060309028996,-0.17038191234429206
-0.8686211057447171,-0.22289152433657197
-1.9083708528888326,-0.5684969848357954
-0.5685979809032476,-0.07024537692630409
-1.5495073781627542,-0.4831588218125299
-0.60148327599215,0.05324059469558569
-0.3612292407003288,0.02327108160831659
0.9323694023762753,0.7329809607476785
0.6469760880978779,0.7074670600317374
1.4882517275492124,0.9307503350153399
1.2782702976209435,0.9260245744175287
2.5928886222589442,1.6372231525665015
2.0289751453886113,1.2873222608038155
1.714341707114988,1.162702065083823
0.7135469635793896,0.7511614039806461
0.9381571157412589,0.6600481105758793
0.6423882567205013,0.5867775075170162
-0.9922833205907032,-0.31051818545624965
0.7902378690771892,0.5384721369984664
1.806001978985385,1.1578319296925352
1.6565815203148908,1.1639559897455516
1.7693539277547439,1.3837975803147569
2.6979093539954713,1.677041231482883
0.43540701434784845,0.6811527688485124
1.668416088343109,1.1362267008819202
1.3418923276348185,1.0688553740858893
2.832040815961923,1.6065385982742273
