0.19147848099271272,0.38556917489783227
-0.6168482941052535,-0.10811127446523455
-0.7880141187466542,-0.14354062557997488
-1.4428703265348921,-0.31833308183964104
-1.6195960111308882,-0.5661569457567678
0.9246841018984853,0.7905400593674856
0.8578085795337022,0.8664496861918982
0.5992792356311898,0.5261806419291976
-0.643276484558411,0.0025527231693466407
-2.1553810285601407,-0.6958203738483301
-1.2523960345531202,-0.3175872425900898
-0.18737041266272947,0.370743357760315
0.4563725489470894,0.5584240304680643
0.0991666840820189,0.5108190330138606
0.07002382312607153,0.27288247013467853
-0.1323537546924003,0.35228283317962805
-0.8216754022249914,-0.25517414709133707
-0.25678732977688196,-0.07633135423928725
0.058228711993843385,0.3604725425424843
-0.5363424608711458,0.07905569849582339
-0.18868252767651084,0.16354219003342202
-1.3814617127497273,-0.3587234693492711
-2.241746302365209,-0.7708008283203297
-0.7230474333354471,-0.08895297503343197
-1.2665583702254732,-0.29887148444373807
-0.3018641942589242,0.157428207139159
1.4765456994518373,1.0031174915681413
-0.04839494529266275,0.28579112153949
-0.17257503603094398,0.12981944778930096
1.082803868314265,0.7620575446360514
0.0937917207720429,0.26124816534730383
-0.5787874529969126,0.0715047246705307
0.9126018943328489,0.5181426832349522
0.6955673475495927,0.5863217439377547
-0.1332466258355447,0.21657893422388344
-0.21099548081916744,0.2673357505196073
1.6491519951983002,1.2034942498285728
-0.76897661166982,0.07627849351567478
-0.5366629419283081,0.04072332146361628
-0.4999592601236896,0.15245432380563795
-2.508033853842957,-0.9996402136607657
-0.2698455156052263,0.10945723697422141
0.8941204345256564,0.658070080114031
1.0212107160961814,0.8116784481579066
0.3947431266173001,0.4014432095312427
-0.1326926264535841,0.2702801807796768
-0.7672217069374861,-0.18030067792216087
-0.9718392766140759,-0.23017185674116142
0.2929800549027921,0.5002394457113699
1.2400548934272966,0.8172669349655534
0.6204358154382796,0.5829193038385025
0.6897694166070407,0.7297648374427058
1.461707797241536,1.1550309591671446
3.070495429156975,1.8613488676527459
2.608684729460164,1.4366048194327699
1.71052112951539,1.176968159004465
1.3507985694254818,1.1859430323117541
0.5413758372521316,0.6126012263254823
-0.15462770844415996,0.23552827982242014
-0.8875239537394153,-0.29370405000864197
0.29997091450198554,0.4927064441160226
-2.880660589250415,-1.2455203536902832
0.0806070151023428,0.2169659198034009
0.7751680436583314,0.6445100039654581
1.9035569932955783,1.3949109521348282
2.5967396183113047,1.5844612570558003
0.7437463325547933,0.7801523112534968
1.0539381099082163,0.7006939430902893
1.0655991384107049,0.83845948833693
0.3995126820466516,0.54128135406702
1.4346191053655704,0.8612847266484793
2.0808935997175535,1.273751388676556
1.542486965305194,1.1424548886711139
-0.008040543194521521,0.26666163603737286
0.857494883884232,0.7857359372304846
1.6069381540461949,1.038471444017279
0.9023863646176953,0.7861646325854621
1.1564044492123524,0.7612236103859469
2.125639451697651,1.2925445349997218
2.2876259929685014,1.4614856700067826
1.6032494556554695,1.1101315510692908
-0.1700692018637704,0.23689765381371664
-0.029007520168697648,0.35562819338958374
1.0455636761172717,1.086736304177446
0.600253759967465,0.5922249036645066
0.09286884289691333,0.3967737349807048
1.4964282673360008,1.1408995910970752
0.12896849182520798,0.20395529665029993
-0.678821726554628,0.01060765910173106
-2.034568704248998,-0.5804066925972479
-1.4095130144115582,-0.4073140361495513
0.7523006370418984,0.6903503088139133
0.8214711954042713,0.7137344701942495
1.6981606804778726,1.2116005834467005
0.8161380734468319,0.575239870154931
-0.5684395351672351,0.016551278292753765
-0.25690097358956593,0.19264959925800149
1.3849174697232625,1.0824945704974525
0.8557337815362767,0.7455191989632252
0.5570924969843791,0.6439209574164277
0.3819305043613719,0.5569209649598715
1.3036891282086944,0.9298008960689169
0.15030796591225404,0.36824400256781714
-0.5505301333831376,0.0677829788650306
0.5979902667528946,0.5068616202826166
-0.29091557809109503,0.16855229837720231
-0.08074556566931956,0.23914299158685373
-0.5425644641665347,0.21855627501729943
0.003950970175628954,0.2907836663053666
-1.723598804033596,-0.6578885791977723
-1.7843859288445316,-0.5318257774067386
-0.173996678293439,0.1155897157682009
-1.6013319429681552,-0.6934719998667312
-0.024923970482974345,0.38453148224943623
0.43118812739177315,0.39740551685929004
0.8064498780288779,0.7021097662002437
0.5026044364001832,0.6240962774702473
0.359695920746638,0.6190258828738701
-0.8719689051086652,-0.13123047904927956
-1.6023716578959497,-0.5953199390144256
-0.8049810575603253,-0.15486677217792597
-3.1107289175067705,-1.1566019394063571
-1.767800032556163,-0.5047308058428323
0.7907265905330285,0.7242651234489033
0.4570185243964431,0.3613067864258074
1.4019201683662232,1.0003349611972856
0.18875280930560967,0.470999568043371
0.6878266131171501,0.5402606684084053
1.4417655905466598,1.0148266222838098
0.16012495494011447,0.32973618640856744
1.203736269809592,0.8451847847347518
2.2865399621187583,1.5944365193190755
1.8809145925335975,1.179646992864349
0.2900674614352341,0.3900755121656029
-0.2741668943354471,0.16432120029878902
-0.966690595649238,-0.07712215533307126
0.04363784978302332,0.3731876761545706
0.003047673476622083,0.4763489901113156
-0.14790207533689417,0.1326860543266527
-0.4431091597154344,-0.012832863375092027
-1.7488850345210039,-0.49468151381638914
-0.20356975236064057,-0.014234355465407245
0.13752798284311998,0.2713494650099835
-0.20875043643194444,0.1885761764464137
-0.09759565386721684,0.1884556548431282
0.03527100458834105,0.1527362654020105
1.888270028144181,1.2471451379988887
-0.11500685255632859,0.2053596871957071
-0.1603446114742616,0.2362172001722606
0.806538998995156,0.5722398969795768
1.5142418995895257,1.192448918198949
0.09982674220712351,0.17927576399552908
-0.8952426254544537,-0.05341733449736416
-0.16575565721650087,-0.02987020627207765
-0.9816453926396675,-0.1693620022320104
-3.0952923630156195,-1.2316213807240781
-0.7401703894978564,0.031121883559282595
-0.650335485822129,-0.19659807748036737
0.18912000214902203,0.48206488584713036
0.7418963739696722,0.775592872679546
-1.3741507811618496,-0.5549848881827296
-0.06327972826040484,0.341538584891461
-0.17367657198249328,0.10235643386412108
-0.5440857218705434,-0.042936158928322574
-1.2365014820174,-0.18805314549718657
-2.442742380775506,-0.9441906692136691
-1.8578240904431023,-0.6235173299379275
-0.5968595404159222,0.08995525214055669
1.1316747859080878,0.701269484214607
0.5402387189493705,0.5202833373809201
1.1889660863227616,0.9639142698208621
1.6370742272344692,1.000555527356003
0.7256569192047109,0.7140912112992915
-0.12230848002992478,0.21959383921382672
0.7244140084162478,0.9294680066947677
1.1199331763290845,0.9989339671460733
-0.15260628473614957,0.2026605983740007
0.7782465941659181,0.5981250882430711
-0.46854454952698255,0.2094044484328479
-1.311155252719704,-0.3862584951775263
-0.054903134641329676,0.21300817690569063
-1.4016443166850283,-0.44478993785198434
-1.52231316470878,-0.27620838432118605
-1.011211433513138,-0.3842336989222644
-0.891001740911607,0.047306203644326084
-0.30375814458463085,0.12630456263866768
0.8973149128404043,0.7134721625725446
1.6847313660599834,1.2032817936098912
1.7748719053512347,1.2765204578630678
1.6195807397164108,1.0079693890082044
2.4342133732832982,1.406528743789828
1.3991489584040446,1.0532191315862054
2.493204933662693,1.5426379252213915
0.358640417750382,0.4704943062853909
0.4315160023399734,0.3619303505314573
-0.13613337578597806,0.1378130224241063
0.5700957371451691,0.5756331802171213
1.3665293183232434,0.8863987679325446
1.277119024971483,1.1407145811696515
0.17860910473900038,0.4809619260745321
0.34278461498532664,0.592516300126253
2.8039731214764196,1.7124520319599148
1.0761205256321495,0.9253160209610102
0.3048075507282433,0.32485927940436937
0.13162784022666477,0.313647191516369
-0.17205249482114976,0.08894155900915104
-1.337807304875577,-0.2592420563981292
1.1809805016147745,0.9156200661303668
0.8042589295543818,0.6716759266294833
-0.36762395529054814,0.06577014074697568
-0.0955544792871475,0.10446977174057406
2.2325787394815784,1.4674626488737283
1.9779261149223135,1.442315753393561
2.305777945920488,1.3565603154033608
2.114738339757581,1.4701724527128401
1.0275653363032675,0.7932783132714802
0.6689728794315937,0.6419381706136813
-0.2178029706351211,0.036171119722155254
-0.29398889252347915,0.10035526279667488
-0.8107806656651413,-0.11526762166789332
-1.25734829358883,-0.43534172807439725
-1.30803478843105,-0.26079549263398827
-1.3535217789767535,-0.3029837144298233
0.40117367156890626,0.6432265818104659
0.5464129673028001,0.5363654056005401
1.9456007287001733,1.389121129884868
0.05407933892449823,0.3248536092884742
-0.4945819149581062,0.11934207653329802
-2.9496246339232486,-1.1131821414061456
0.13464878075858833,0.20542136276765594
0.5535066910474062,0.5872009304290478
0.6589277874780635,0.6622877459103091
-0.9263561820122779,-0.21803835220712164
-0.7422796912101025,-0.098783737883434
-0.8491510742009201,-0.2367734317215505
-0.9610368390988854,-0.16576991719125028
1.1676046496846624,0.8303978202791028
1.549041194555909,0.9278230631795246
-0.49833778881540136,0.12198630360303912
-2.2658054990949035,-0.8729087590244196
0.26223188151097676,0.549380238953682
2.154412039576133,1.3935515643708425
1.26504042414399,1.0147325075003468
1.6820769593207863,1.2370698197865484
1.4503206838192533,0.9731731395945776
0.7739105966631292,0.7687533086876932
0.9852702902418263,0.8060263797630982
1.2257767416610172,1.061828423735601
1.6911400626334239,1.1601200522183435
1.1743090849888262,1.0358389791777494
1.2176744107256265,1.1280385417570025
1.7879694089269802,1.1675402547863099
2.2520058242101864,1.4445455037272368
-1.092602615791719,-0.03819363850625629
0.48947757870618924,0.46362423107816086
2.2220828913799506,1.460395636311774
-0.3934887354453951,0.07605658207542854
-1.8376860193252913,-0.4958248251564717
-0.6204179736722669,0.09512415315377205
-1.2674925071504408,-0.26957475659953023
-2.022159836285283,-0.7321112820728944
-1.0944028341904324,-0.11851395664550288
-0.09422765659398724,0.5558114476263054
-0.6403955642887625,0.0901959777872164
-1.9196200550704705,-0.883690163846119
-2.3689933525453526,-0.924283247708885
-2.1440459434211507,-0.7440063088863125
-2.5471899622255165,-0.9740674473285856
-1.5127503697473617,-0.375932150681259
0.048660474910199314,0.2013002833947695
2.005323095584912,1.3508781916646764
1.7587419322250717,1.208773513768824
0.8826260056921396,0.6741601684623251
1.2379236502276658,0.715874562106258
2.7137345652782803,1.5486872410584929
2.841710288537625,1.5558246467516457
2.608639326306872,1.5794953880547342
0.5821555734812528,0.7463152429591875
0.3896313179379267,0.34038795104385755
1.097368689169433,0.82175021210801
1.3739409428672544,1.0383455413979994
0.773208715290651,0.5647378493690887
1.884936631636256,1.1530023789631638
2.3581580432239946,1.459367857694663
0.9774545091743186,0.6257183084180035
1.2697742358865693,0.9659537545370298
2.793462649876922,1.5995636837981848
2.439733294457656,1.5813391564160812
0.6966418628452602,0.7652939878996174
0.41755673865966847,0.630410753260782
1.7466122662811332,1.2037896266242227
0.18031267016676444,0.465256011110665
0.16566370275712045,0.13560120504193485
1.5262592510739292,1.0316162677536438
1.9170720851808782,1.2342182317778645
1.8719649552753421,1.386465002383538
0.8038713197873147,0.6986954238738406
-0.5902156302264444,0.056219384872678996
-1.5819785303942964,-0.4623618697789988
-1.8604403612204288,-0.8038705558330241
-2.1845432423310256,-0.7750425346216603
-0.8094134628947582,-0.2108156511729183
-1.5560006732891818,-0.2877533639697001
-0.9896472892826568,-0.33467054693420767
-1.6036219359316792,-0.41406012790329144
-0.1884607643530014,0.3439389127114829
-0.6597321509179654,0.1503143601005332
-0.29884844767594776,0.22531194123010828
-1.8158858497458779,-0.6540531418389564
0.36516427559910314,0.4429137190371972
-0.1020183916332531,0.061207750260928506
-1.4493554146918157,-0.5082049037649171
-0.2674388625121439,0.18455507857622547
-1.0443708649088368,-0.16215537425897789
-1.2696867204364302,-0.37251304220505865
-1.8113398344922058,-0.4720236527756235
-1.1517865559790723,-0.5921483902717993
-1.0302180709266637,-0.27107716874868104
-1.3476968068026636,-0.49234337478026935
-1.4019269583607727,-0.25721999954318586
0.09073843535064152,0.37429523819642035
0.00033735669385592804,0.12448066446670736
-0.08021500780816683,0.23696786370436124
-0.1155746072671332,0.34803672317834367
-1.2502601944207585,-0.36393470391775945
0.18205261709318732,0.3662863712058761
-0.03613364373213146,0.29070458208029404
0.011959726120247892,0.3878400358998022
0.3304152768746536,0.5066462324643728
-0.2915936956725658,0.33678850479404543
-0.5306040970201913,0.019492800813534834
0.20523343835304136,0.4193853909956556
0.6841246061412646,0.6575882654396106
-0.888036271934135,-0.0459856980863336
-1.3460883395792753,-0.4210148996573148
-1.2442071972589885,-0.3427639831385767
-1.5402356273563276,-0.5800633370538346
-2.314093064918585,-0.8481119144999113
-0.835895030086947,-0.0754150335583352
-0.6594780696794246,0.00013299924791428108
0.7361258278713068,0.5682626201726777
-0.4260886581395811,0.008053497424408015
0.13373907357252474,0.25518808520235114
1.1163859108934069,0.9172131085375571
1.0998752949888129,0.8613397165565206
1.9900620447526454,1.3564542031187208
1.7148900013284036,1.157138345269554
1.6996358799928153,1.1862039882029665
1.2110415295858188,0.8621597612881353
0.26664078865118124,0.478879142369773
-1.1307880951694158,-0.047377642943021214
-1.155597968246549,-0.008884189510770468
-0.07890645936947849,0.32192369080750266
0.505514675401191,0.44698831550546836
1.0287212543177162,0.9105016118261225
2.0124805190802864,1.3098300133736036
1.4529666615050916,0.9932655946696964
-1.532008230109747,-0.46793422146851615
-1.5693784407019622,-0.2997060943872595
-0.029226137754046477,0.38188859359384986
2.066754778862978,1.3175787410375845
0.8030183021954103,0.7548214303991619
2.344520922843315,1.5656367413915186
1.0391112328809067,0.9839291301409654
0.44336912177225873,0.5777639488519651
0.11351635295100887,0.38450332357042033
0.6364561802714117,0.6466271079820156
0.5139234452752177,0.5418991288397111
1.1153478704245683,0.972992155770717
1.1218318693134808,0.8888192690367437
0.917005819017845,0.9507760874740763
-0.1637285501568324,0.31892304898580887
0.28762185096575266,0.5471296651223091
2.2048140179351803,1.4294203062753539
2.9041478275833414,1.8610598310351243
2.0720479707783204,1.39204300978451
0.49317129712740637,0.5911123463906846
-0.4973570042155014,-0.1016250837786987
-2.2825987724188423,-0.7909452120145258
0.3010145321151474,0.4436942423736682
-0.5989312965525898,-0.02577969664661462
-1.601302517680009,-0.6329076436628281
0.2918941485627151,0.3017745414624866
2.3211874916276543,1.4525333920548835
0.6736933871613997,0.4858403029507983
-1.2291670335194276,-0.5229333673813787
-2.40009704810353,-0.971860588866964
0.726777748040855,0.4725365601133323
-0.4195246737196836,0.1383233595326945
0.6823386235303168,0.5674179468990211
-0.7366748487523224,-0.0008084186923609654
0.9270168885784618,0.8104487706151742
-0.2882547587932741,0.039271866058557495
1.2326589942473418,0.9322036523198692
1.5742021781593527,1.2001825348693536
0.893761394056735,0.6838395207450513
1.8506116791981362,1.0248974827548343
2.4310975617723107,1.6589598492214956
0.376431815301716,0.5942823449754984
-0.48320515321566226,0.11918465690107485
-1.1305703080889755,-0.44706376269887194
-3.218888179676551,-1.3142601232179467
-1.4513156904482218,-0.2564092665266854
-1.3054034885147205,-0.26971869209249383
-2.01640443104308,-0.6803795139371863
-0.9480186153536454,-0.09053319439111047
2.5102315235344603,1.4739893860644682
2.198981472107316,1.3745225184334031
-0.3003090989689008,0.025571934749675923
1.059819202971709,0.9636453120384938
2.1384176617744712,1.3806931834534861
1.690604370010136,1.0062261296949329
0.8859620850868939,0.8321253826923449
3.970211907220398,2.447527266772105
1.2601452696676632,0.9338523033558488
-0.4735811993319503,-0.16054819859941286
-1.118816072047632,-0.37379600951930786
-0.1808054368366152,0.2528433554889392
-0.38659181457426495,0.008683440256559788
0.06352115445888135,0.3826900944083802
0.4089234459812773,0.5719356226573878
0.7274266252875268,0.7151098199195935
-0.32125546128137294,0.2142247088323346
-1.854211357709877,-0.683722387354506
-0.8186524511471811,-0.133922687006198
-1.0231159532905814,-0.06303935190648394
-0.0032111930919340725,0.27389966641890584
-0.20785524611873127,0.06652476284524789
-0.39446529127325214,0.18950038539589023
-2.112750971159228,-0.9054591838883432
-0.4202276850001899,0.06867196837211353
-0.7605820714296345,-0.047548453400824316
-1.3538490021760015,-0.629569367803541
-0.8534147765874913,-0.05827305366617733
-1.0687465382177685,-0.19477353981380188
0.06941871149112622,0.3865780517270599
-0.36684392505220786,0.1436305222986656
-0.3920578594131756,0.1879963762463404
-0.5280484567430739,0.011428453650301405
-1.1257505870390196,-0.28411059405603245
-0.9318777800797982,-0.1402166846959773
-3.47703320541508,-1.3539221501440326
-1.860540231751047,-0.6287144279548293
-0.9757367702216955,-0.200851961186172
-0.8795474691975468,-0.13352218839181193
-2.1076326644061174,-0.5872397586422968
-0.2419796703719569,0.2902539004690504
-0.38078918248023264,-0.020333262125393686
-0.24716005875611552,0.02126956087068757
-0.812267813861962,-0.11433244076825443
0.5412797682863014,0.5951736851652567
0.21961018983476016,0.3699845219884484
1.4456387967183897,0.9508128500093792
1.1086674150655882,0.8737640892471672
0.43762007631452665,0.4622060420986607
0.7597120746478716,0.6247330119215144
2.2026076029953483,1.3073368494412396
0.7468498289876201,0.7005516618022791
-0.26459158030121355,0.23421682224112889
-0.14646263330635945,0.2925858160467466
-0.27204391215396984,0.24328245548376876
-1.1380111927387482,-0.3053226482076939
-1.1666711292594247,-0.23520407968576934
-0.5863693715112142,0.0422470637111886
0.4288112228394906,0.5873101746869536
2.860208917337785,1.7458700874471762
0.4897931317369727,0.428622069457946
0.24612888043246556,0.4078344542167046
-0.09425652581670879,0.25054864193334864
2.100262188103382,1.4474228700016198
0.17915638092058228,0.3896428952634757
-0.6726652488236022,-0.0029099323367080335
-0.9583131006768284,-0.28348640256983304
0.9354364086400153,0.7579610106214615
-0.22875640826444354,0.16298926332366714
0.014654647559745076,0.2316643802820018
-0.46353640481380803,0.13606174164386836
-0.7644771988790124,-0.07625648994255788
-0.8988466127073493,-0.31009026502211934
-0.13339272412869496,0.13591655759577714
1.2763847682902514,0.8010200712885076
2.3157895974365252,1.4552732236717973
0.7870405577766078,0.8889245093156739
2.5062456933954103,1.7127781549065642
0.9867868519024616,0.9351476691597858
0.9558168157413941,0.943960433269397
1.8586802759961498,1.1687660196116911
0.7119963499516,0.6321738698409068
-0.4604458749979179,0.09594543978712732
-0.39995494691123423,0.17338641817517947
-1.421106953330908,-0.29202966883376613
0.5857032735813859,0.6297879547535994
-1.0058100706214517,-0.17000504697475058
-2.585597861312715,-1.0343243364572294
-0.5678088290727236,-0.007091986121282104
-2.112302684087486,-0.825154160241279
-0.8589979298435936,-0.10458846691024526
-2.316125487811592,-1.0354514688893504
-0.5828678380698955,0.2519878709726346
-0.1115114021868982,0.36448819963826157
-0.15500989614815808,0.2210511385965775
-1.3435688879351486,-0.26529614098830817
-0.4913892445826713,0.08261627871129104
-0.012546388662158847,0.18564586641323824
0.9305038846842001,0.8857027636747333
-1.5917622327575423,-0.3907547048136935
-1.644722978047095,-0.560477669846486
-2.3606869123602134,-0.8524508087756137
-2.1425462001596327,-0.8012882989044398
-3.344361783169825,-1.3124284742045824
-0.8525422482287868,-0.1586855423608137
-1.229824042747805,-0.26651973295545434
0.053601028428091,0.22232029689496335
1.6810101007196314,1.300535847484972
1.2629727887847932,0.9699398784071578
-0.09947946358476456,0.2908397647869334
1.4081978497487881,0.8851985831578693
1.900526825595927,0.9984356697794521
0.9778476825755232,0.7236425994386732
0.946988395661298,0.7185129939642201
1.4496722756320883,1.086004933845414
1.2144246639018879,0.981763712968592
1.4859634096724568,0.9531379937385952
0.6118923060531705,0.6140567727469741
0.7513485367749747,0.4225961622348987
-0.2818849282842688,0.15708246356601005
0.36166259725770455,0.40027786209157373
-0.06321826360383376,0.32992477742957316
-0.9266232515975747,-0.18271354984141208
0.5158045321195808,0.7145541958338069
0.5552289016436732,0.6945384180325683
0.6292618872622077,0.5426680781150031
1.0168343453152784,0.8027585244047546
-0.07739723697234491,0.2012112185957683
-0.7963753158498756,-0.07224027056856293
-0.49355639891936187,0.08202964272910511
1.5787667279349462,1.0438375893622438
0.33643874363328974,0.4032705374601858
0.6820435642129586,0.5416154532744968
-0.3119167262169511,0.03736862270731987
1.2018124647785746,0.937679219490165
1.4432436934326787,0.9724170383024362
0.2605319729815557,0.5317687563285577
1.9716512784547475,1.2901603326252253
2.251585366432522,1.2157117019070363
1.905627619830764,1.2582423341165319
0.8032425459040219,0.7848566281097004
0.21737033862039373,0.25464800519519404
-0.6111474731958819,0.05581952452006475
-0.16875984649333142,0.31017614193847887
-1.9795752986215631,-0.7443182394493477
1.1338947821289491,0.9413181007645778
0.7377425627891333,0.5506026717640838
2.346523380496934,1.5080171310471961
2.051765540077953,1.4202614937784321
1.0027035519302774,0.7930660981624701
0.4525825248633528,0.4256388389674748
2.3522062404841346,1.60644359612379
1.6136505307243143,1.004400479486722
0.10172531421431708,0.36335399582714334
0.011876776950527232,0.2418149854374137
1.004214371353325,0.7964663798574592
2.033757975367656,1.4411750978244284
2.0855102105578687,1.0943630382923923
1.0163353239744273,0.948955281202703
0.10788289394392525,0.44203317178959783
0.532623187846225,0.4694986862221858
2.462013893631471,1.5248787817356189
2.781008012413631,1.8083436716968138
-0.43356670559629795,0.04112488454163508
-3.0526057466721497,-1.2094562429262867
-0.18341798425717704,0.07100362059963736
-1.3185014845080936,-0.3766911326618225
-0.6952047364762313,-0.16686339021818541
-1.2257096078367236,-0.20726647769160195
-0.7008659277115123,0.02583142618126244
-0.8118276732816564,0.05955766860786785
-0.7075375181665796,-0.1188554831419987
-0.7022790787617603,0.19047057257686967
-2.2751376993051715,-0.8220905347787663
0.2999693820768239,0.2869563772609911
-0.13431275041450103,0.26336175592754224
0.5472197100880273,0.6380971827347309
0.8672466646277636,0.796258471659585
1.2772132225503854,0.958798322289545
1.3544871689166726,0.7160655089080672
0.8162974122671763,0.5642813685911585
0.009336647355524641,0.14471590458332945
-0.8097746645939491,0.04690058120569651
-1.6891323511003664,-0.6375358586262353
-0.4744396755709568,-0.11015428143086631
-1.5734059880024172,-0.5752654952172247
0.1752894415406312,0.37367337946123674
1.1790692159618572,0.9529058571842187
3.543180781137762,2.0009091930441567
0.9749283148555619,0.8329589964103965
0.8225470627672583,0.639333149260868
-0.4705326325422303,0.17434232533003743
-0.5522310147901711,-0.0736410417569355
-2.4934455270056226,-0.981733669464983
0.3157695146865287,0.6396099965634685
0.4309004077583625,0.5145509377771668
1.576634592631196,0.9590189594947357
1.5557878119232478,1.073473095106426
1.9332296282584571,1.2687155403251464
-1.6959520589452082,-0.46634797304594167
-1.7996921109308226,-0.5003823998889514
-0.26524655123181495,0.277529131420835
-0.9385896967719746,0.023477518000347475
0.8005008886219495,0.6841816406899595
-1.2015083848587143,-0.25756198188760554
-0.800102207971542,0.11435413115339316
0.8514080164963105,0.7141859616750657
-0.09277301101573876,0.24315397584006712
0.39801973558661635,0.5680703898813919
-0.8307635945114835,-0.14196616345622853
-1.6930567142009865,-0.6077407675123433
0.21033288046006104,0.37370995227574
-0.2920910866293742,0.18470247121284195
-1.790234437325588,-0.5752790360429856
-0.9101251575436382,-0.26487518583656167
-0.6381345627661903,-0.050905889798173454
-1.2447285300408666,-0.2990369198363757
-1.2783587942767132,-0.19494045515541514
0.6979000824079108,0.6368423762441334
0.8053944605682891,0.5540115260144823
0.8872090336772476,0.7988398998619062
2.222539506089575,1.3435021632317545
1.5245061341338735,1.2771211057322112
1.2201899428278609,1.0423549521720574
0.21715597881755055,0.3405035198038592
1.1565206129230625,0.7514788914561693
1.634063610713898,1.166517861485314
1.3089604235394285,0.9931425248983342
-0.23857055841782215,0.2288316986788606
0.06935384565574287,0.36009037810962935
2.116497213780017,1.5087057512285917
1.4963417132162744,1.0298913648744452
0.02808946546823976,0.3197340804146114
2.5306237141621977,1.7402345531506123
0.6914362846465968,0.617085317119697
-0.5832231047763777,-0.02374384318108063
-0.5310372942267974,0.15930636076294952
-0.24412424358895182,0.23972450723960453
-0.9516179381948674,-0.2563340048504642
1.3835435199047845,0.870657741615154
-0.38444419859390955,0.17378828208656566
0.2072516264635234,0.36068607881768966
1.4848877839194845,1.0430409912784102
1.3322358790430207,0.9851241235109599
0.4479564749950012,0.562678746189482
0.09280055696674505,0.23118895118224325
2.4230603041940038,1.6045561254526672
1.4884642298202568,0.888236884596441
1.4884014143722126,0.996810936575229
0.602680361730364,0.7723093064434112
0.11066611672120497,0.5320251117388037
1.0799000209600724,0.9254000589379723
1.4594429275423,0.9869170730013855
-0.9537098521081956,0.0020594774459526677
-2.39338733513741,-0.774628980898839
-0.37862100839899226,0.28344025101823045
-0.9554663933070897,-0.26135804276317676
-2.019811599841752,-0.7293732679342138
-2.1023644689059307,-0.6700343909263456
-1.0029606874643886,-0.14287277999939607
-2.0362369616147387,-0.5502230691363124
-1.2714993294950243,-0.22338323578341002
-1.5103973182080521,-0.4771925280739524
-0.9615498187277192,-0.29782528679935194
-1.1683770771227313,-0.19310066517817465
-1.8420197270249399,-0.8406679448895829
0.6183451734662042,0.8879752757897994
0.5416747001295048,0.7344991288145948
-0.9899942221256917,-0.07017461091177968
-0.5773310631944684,-0.09390990411084633
-1.5520850347211734,-0.3713739658470916
-1.2861629117654036,-0.4832051547293093
-0.8802244865893896,-0.19602574928028238
0.8301471434103262,0.8502568207444018
2.331842995646388,1.5219332190498258
1.2398988045907153,0.8629868908866691
1.131548541337081,0.7420958260575533
0.11651428162960775,0.4778623624692854
-0.7690627583687213,0.01957274275345286
-1.0595195769798154,0.006230926101870121
-0.9810107017297904,-0.2360974882363897
-3.3042347965391956,-1.4504539447382316
0.1509484161763217,0.3503579322970466
0.9075070384604031,0.7292884219674646
1.4224584809084506,0.9505435677577607
0.6072810499938236,0.6198731646347204
0.27121546015520304,0.468778241227506
-0.550814281382364,0.13744660202297918
0.5910321380791254,0.5508857419081117
0.26628637065612126,0.37910358285829276
0.4019613196821469,0.3876002255087279
0.40427679692267277,0.598124257575787
0.6299243317367086,0.48508826155464524
0.3025461026931678,0.5024095167289553
-0.10508175155654143,0.21381587498785187
0.09816536541434212,0.33301074588534874
-1.2863286060609005,-0.2196486869136462
0.28605488424524106,0.5384421158252787
1.1488691501554535,0.996575669102649
2.385054316724629,1.499651862960438
1.3983821103136318,0.8849242688322566
0.7221823150748607,0.936520359272812
0.48686847641743297,0.49448374680818274
0.5150313456182033,0.43073518523120236
-0.30202538617263347,0.23649886694197023
0.23673574724305196,0.4107282138420157
-0.7777672430309799,-0.12010564664764975
1.9100749216800388,1.2779641741782526
0.4584403409768608,0.5637916546269162
2.578144670045478,1.577725343740086
1.3958902616243842,1.0174691490937149
2.016036941748839,1.5757652849324377
-0.059022848679809226,0.40660955672706134
2.3185357143697884,1.373595826166498
0.9908932366002117,0.7412102821000093
2.3967324916535753,1.440349186680371
1.1011620972138643,0.8987246165267868
-1.1699346174827416,-0.21058390513083003
-0.3726950649881332,0.10415232357697976
0.49528565168702565,0.5516288442276698
1.1630159026282167,0.9873543777812064
-0.20309837650289242,0.24483182630401343
-0.29582479430862896,-0.041201646932818636
-0.8148686148371291,-0.1296133548783617
-2.2794849498437775,-0.863890774356986
-0.9878140297885115,-0.11915128054196364
-0.6450451056754751,-0.0708038831632394
-0.5523224813777406,0.06302100746700023
0.47983549235922895,0.44735002564001913
0.17898793645428696,0.4709586877060168
0.16457839971609475,-0.03626633788592731
0.2613398990343603,0.3316696000312745
0.6398769523425104,0.6850907097035861
-0.014628903044137997,0.23385344489760798
1.3499179787108129,0.9955264321440138
-0.39136795210955777,0.16240976374701424
-1.2714538340648416,-0.11137139410813626
0.6492737765358033,0.6929097137563477
0.7229320368233657,0.5522824753043941
0.5876279689603677,0.49665420462584436
-1.2004688963152055,-0.1632787033260089
0.45077629409650355,0.43489651816260866
2.040541651606823,1.3561171293594687
2.053645847943766,1.2264921873115844
-0.5571171038552098,-0.01658794277791592
-1.6418476996628062,-0.5970926748144648
-0.3457969565593134,0.197446178985345
1.7643043655317514,1.2899357697531417
2.947720202213832,1.7397800695639398
-0.15745992670382747,0.10125848791318875
-0.9141981802252059,-0.13943804548123714
1.7081972755566257,0.9229784836935766
1.1978702690261385,0.9157347988062521
2.3366602022312293,1.4667529105945964
0.44006833657553557,0.5492726575973359
0.6762302552375578,0.6942180842193386
0.8656535165465706,0.7457764032015077
0.5718415936332641,0.6964176340581538
1.6956385216651526,1.1009171996592717
1.9868930882712545,1.3101533343689444
0.598166945414629,0.6033881775925355
2.205156605949408,1.5049656903319444
-0.837931404485375,-0.14350883259564307
-0.5632575078531986,0.0402500672647851
-0.24285184241538982,0.3198311542771972
0.4407510432513595,0.6008110192465711
0.24455643554571124,0.503005232923657
0.9909047233046061,0.6443071153808386
0.43806074333919576,0.5167272925990858
1.2964575768316409,1.016246738883461
1.6492060000804358,1.1250537570244492
1.4629761403016373,1.1131025121510834
-1.0675135614386824,-0.42453760136766716
-1.797755120731303,-0.5773665763585564
-0.3499464767121133,0.03681832469195993
0.1912849261227118,0.3452094744177932
0.9621723320413296,0.6006426442182633
0.6896072405400437,0.8435718599810916
0.26163477576995525,0.4381194871460843
2.7011775629593364,1.6287514754524177
0.9894125854267294,0.7975141282098862
0.2641478589212255,0.5072899189112587
-0.35146898927248527,0.10356576165416434
0.5473150496758996,0.5945539760647517
0.23517643393265147,0.40531622917251364
-0.5119156315783269,-0.12591051622056232
-1.518729687874433,-0.4956857746964685
-0.5212710131738267,0.23396335765678908
0.017767590601834915,0.4352331543721021
0.48784911670178555,0.4649220434290593
-0.9039905669825532,-0.0587347453300085
-0.9167045919295822,-0.18271260530203817
-0.5238095303008217,0.07422470463926414
1.208574395436782,0.9239144142205994
0.972982358972725,0.9230769360605807
-0.7516990145995192,0.1132738095107435
-0.3923646236930595,-0.0093878527094612
-1.0098316039264301,-0.1694802483468773
-1.2025720485764035,-0.25305626476985754
-1.5736215158485662,-0.4643143103789835
-2.389771235293426,-0.8656322257136145
0.18479256279857537,0.4461583832694626
0.2432621444121446,0.4589668680596569
0.40341031304343733,0.6254517137969196
1.6557923418224487,1.0051773352917257
-0.794688668054282,-0.016522416722821523
0.006985974941885464,0.25865270291120407
0.8988155305975543,0.7782781768837652
0.7365928351059515,0.7584278627396733
1.1916392841215444,0.9337431801058642
1.520775181858482,1.0915854762050412
2.0199375845047904,1.158296934644385
1.0361109976664404,0.8533291228302237
2.7539432897760032,1.7221616839865612
0.4163218631251081,0.686438140022694
0.6134205228785508,0.521501990453108
0.25355615491094335,0.3189335150198825
3.9530102591369656,2.3738485245116796
1.9266244456885322,1.2891414183065135
3.3730881204109853,1.9288022419127704
0.1121437613376044,0.23000317662521688
-0.1595514663370941,0.36336053077005176
-0.9956865403826201,-0.15738148217494058
-0.7712640105907154,-0.18380099512916073
0.46110605822830086,0.7238016403747467
-0.5546792555228726,0.024699360731536085
-0.30557841640473427,0.09845292242048152
-2.4040702285317965,-0.710613560365318
0.6377063142077757,0.5667254257705913
-0.8636349368718114,-0.06346922499137606
1.2449083266612369,0.8620076764719057
4.370154986654789,2.312287252716046
2.104591631150342,1.3510450568446548
1.9844901606702576,1.1925704922968534
0.5716624230164359,0.7311419618737245
-0.09521930645238064,0.3004832682093318
-1.2432579529600882,-0.29888222420302
-0.7384973549417033,0.05159272687641042
-0.6071608515444886,0.029917769165634288
-1.2348707426981451,-0.32080033629662463
-0.6368456839158827,-0.10143345911701498
-0.5324393989498531,0.18252772222945826
-1.2105901163263695,-0.476515885102149
-0.3201449659247002,0.15226497156486335
-1.9825816959077256,-0.5975101170885808
-0.7328734168307106,-0.06389543691922708
0.9707889296637698,0.6921387705701435
1.6851671558196823,1.175955709394026
0.15812285898766631,0.5436901476773446
0.8291214221789216,0.7777853823098906
1.2340639127550048,1.0584509824542265
1.8643671254191503,1.2476835403206552
0.7390720346134609,0.5836467092968097
1.855870987554092,1.4219534250082382
2.784080471205609,1.7931655287477115
-0.17411103519676518,0.18933987340660186
0.05329417335105244,0.16860509437851479
0.6949122761656684,0.9027488589255748
0.8655185972216938,0.6239421956484364
2.2738020276394595,1.4719604161058486
1.2710283417937105,0.8645693146412287
0.27010706333068657,0.23114845567550382
2.49809168809707,1.5644425963676556
1.7490195044311332,1.2372508475412338
0.2112403605055333,0.48116773593759693
-0.6062235079349734,-0.06918749219145297
-1.1865745573682462,-0.2600363879405567
-0.6051750429437922,-0.0033071876957275082
0.22808846071724975,0.49432293210017736
1.1603729639782885,0.8481075978671168
1.3994521147000194,1.0166265591904229
0.3279815893905673,0.5756836352695599
0.9963395256947305,0.7937118030046356
2.3458784278428144,1.4032710477314703
1.0392318502895024,0.8894477222210184
2.6264515697501714,1.5158741822669715
-0.20794846750669094,0.17807821390664977
0.5988760061477902,0.5023838227581712
-2.853072240354224,-1.1929893280267776
-2.0250133291961947,-0.7674692472980225
-1.6235071892355173,-0.543339463180089
-2.2010010753624414,-0.6637669005005731
-1.3172048309416864,-0.2225261076048138
-0.6376728070464777,0.07877618084299311
-0.7742096649739679,-0.23577943655050979
-1.2918509329138739,-0.22901646690846755
-0.901670212557973,-0.10894438325276284
-1.7354840703913283,-0.676357002608452
0.153406286165239,0.34754905051906587
1.0177276905037935,0.6855036690280566
0.43208781980640676,0.672312741002798
-2.191067395014345,-0.687184682635695
-1.1546091560612999,-0.09730783080287
-1.1413469023743865,-0.2428061360471973
-0.447866322434378,0.08222546474327365
0.37011689739295633,0.573486331442829
0.11802009099122546,0.21920401989567248
-0.5905079233886368,0.1567083117636175
-0.9271979276955535,-0.16045091978451273
-0.15294105348805376,0.24338526368250643
-1.0766535801526886,-0.3931013236567565
0.01358541507456379,0.40255606342768835
-0.16153833078480714,0.1860735489535173
-0.5724935758312407,0.11237823301904254
0.017311527182626407,0.3476719626555731
0.1954322615755005,0.5355431580663006
0.6621477025332394,0.5436282267261761
0.9763206507551906,0.8134780730353439
1.4385102058213717,1.0270082217609373
1.2509600952901667,0.7381977928402109
1.0207904943213517,0.7893719871324991
0.924211397816926,0.7973265571083772
1.450869074963425,0.9622744600217703
0.29345388443494913,0.4212107182784985
-0.16560852589470204,0.0007258194219501302
-1.4194939758334335,-0.38187950671627363
-0.937215448762064,-0.2016165947513746
-1.3028240481103555,-0.37518590096249904
-0.4312790822555367,-0.0007568461751526478
-0.9441765398633988,-0.09002899254065105
-0.6016468902279227,0.1278097987688536
0.09835892841750249,0.5088555849685457
-0.09883266174860833,0.3643053311055953
0.645585789629254,0.5567779642975681
0.6914773899906972,0.6526423262074842
1.1720429466249795,0.9198949675424617
1.593025455232501,0.9739579469926992
0.7392215019221487,0.6688936548765092
-0.41836949530551015,0.1532884787488902
-0.7606158769824309,-0.15578699113543776
-0.5726225797713527,-0.000673384305098508
-1.7730440013472861,-0.5586229042897076
0.18823135511077416,0.4297973226653553
-0.16840093012329832,0.16927736994637152
-1.466986666905336,-0.4432279134098853
-2.06981578821059,-0.8090515580930198
-1.1631600795995807,-0.3317121149565876
-1.0220180748398362,-0.14025033238012138
-0.45662013567374626,0.07959374523160363
-0.18486040990644562,0.09865377891637439
0.47029140379199474,0.44806528497014864
0.981544543581969,0.8718794583028858
1.3277409487324405,0.9501081980525037
1.2287100489625142,0.9214351072106493
1.1890732040283767,0.9069632575576427
0.14308491104748822,0.47756507073514765
-0.15188405945419461,0.28673936278642453
1.6224051346485329,1.0634600072871938
0.9208516266642245,0.8271799758872073
2.533601759256948,1.5391225005674887
0.6822736084890854,0.7118544757792692
-0.7614622297650332,-0.14382769097493708
-0.6043089326862058,-0.025963265340198716
-2.6851544758667303,-1.1958967164286207
-0.4302529604030614,0.21212462303835342
1.9145298424992268,1.2208048600364245
1.1931700732920034,0.8385293332695799
2.1149377621310217,1.29544327906945
1.0722293825534166,0.8149071195092137
1.214081056916295,0.8549017839231627
1.0446898427943514,0.7978453058236342
0.4865370139919126,0.5565451159952803
-0.3170373351203207,0.11375695955520804
0.8667853163876647,0.5461750782313186
-0.22808216975207296,0.18537833664538042
0.4205503827554369,0.4820773923854319
-0.40881284128758055,0.1121999635734706
0.18388093705238412,0.48138123460859006
0.28349368865804275,0.3888910753365932
-0.030577739412747995,0.24487479799231507
2.3143340095834364,1.5217191328713497
0.9154657426872723,0.7140008898267699
1.1272905057479061,1.0942178681020147
1.0255997830940098,0.7519512906187908
0.4185123101188539,0.7054600264088975
0.9693134350973527,0.7964788147564206
2.39615569863674,1.4852887413056164
0.44685522874787253,0.28731094556386516
-0.25791320730705775,-0.0417482281587169
0.06425444658403912,0.36091006854756863
-1.4810883017244723,-0.4455285449585159
-1.9672650354179493,-0.8527722473219207
-1.8483350922447355,-0.6542854904151058
-1.7914857867795346,-0.45351035849292487
-0.9882637592407532,-0.3022136268781557
-0.44543905175336557,0.0775721830926824
-0.09488379838506977,0.28836655849482196
-1.0045911963759193,-0.26620985311905065
2.0764313098228318,1.345133035121413
0.210052866774586,0.5124311456013515
0.0051950014876332995,0.28182113026333455
0.8390234730319843,0.7794743658563403
1.2820744092822747,0.9620487452763196
-0.020432948800716888,0.2987052334480924
